TIME,DATE(ddMMyy),LATITUDEGGA,LONGITUDEGGA,ALTITUDEGGA,NUMBERSAT,LATERR,LONGERR,ALTERR
16:11:06,210719,50.560999640,-123.536433833,751.109000000,16,0.198000000,0.151000000,0.374000000
16:11:07,210719,50.560999692,-123.536433797,751.112000000,16,0.198000000,0.151000000,0.374000000
16:11:08,210719,50.560999698,-123.536433875,751.108000000,16,0.198000000,0.151000000,0.374000000
16:11:09,210719,50.560999757,-123.536433877,751.110000000,16,0.198000000,0.151000000,0.374000000
16:11:10,210719,50.560999842,-123.536433860,751.121000000,16,0.198000000,0.151000000,0.374000000
16:11:11,210719,50.560999927,-123.536433827,751.126000000,16,0.198000000,0.151000000,0.374000000
16:11:12,210719,50.560999980,-123.536433812,751.136000000,16,0.198000000,0.151000000,0.374000000
16:11:13,210719,50.561000073,-123.536433737,751.134000000,16,0.198000000,0.151000000,0.374000000
16:11:14,210719,50.561000095,-123.536433780,751.127000000,16,0.198000000,0.151000000,0.374000000
16:11:15,210719,50.561000143,-123.536433737,751.137000000,16,0.198000000,0.151000000,0.374000000
16:11:16,210719,50.561000167,-123.536433570,751.159000000,16,0.198000000,0.151000000,0.374000000
16:11:17,210719,50.561000217,-123.536433595,751.146000000,16,0.198000000,0.151000000,0.374000000
16:11:18,210719,50.561000328,-123.536433905,751.097000000,16,0.198000000,0.151000000,0.374000000
16:11:19,210719,50.561000373,-123.536434157,751.057000000,16,0.199000000,0.151000000,0.374000000
16:11:20,210719,50.561000385,-123.536434363,751.022000000,16,0.199000000,0.151000000,0.374000000
16:11:21,210719,50.561000368,-123.536434510,751.002000000,16,0.199000000,0.151000000,0.374000000
16:11:22,210719,50.561000378,-123.536434547,750.984000000,16,0.199000000,0.151000000,0.374000000
16:11:23,210719,50.561000387,-123.536434555,750.966000000,16,0.199000000,0.151000000,0.374000000
16:11:24,210719,50.561000420,-123.536434608,750.953000000,16,0.199000000,0.151000000,0.374000000
16:11:25,210719,50.561000480,-123.536434663,750.946000000,16,0.199000000,0.151000000,0.374000000
16:11:26,210719,50.561000573,-123.536434712,750.943000000,16,0.199000000,0.151000000,0.374000000
16:11:27,210719,50.561000620,-123.536434785,750.950000000,16,0.199000000,0.151000000,0.374000000
16:11:28,210719,50.561000688,-123.536434845,750.968000000,16,0.199000000,0.151000000,0.375000000
16:11:29,210719,50.561000728,-123.536434937,750.985000000,16,0.199000000,0.151000000,0.375000000
16:11:30,210719,50.561000797,-123.536434958,750.994000000,16,0.199000000,0.151000000,0.375000000
16:11:31,210719,50.561000817,-123.536435022,750.998000000,16,0.199000000,0.151000000,0.375000000
16:11:32,210719,50.561000810,-123.536435107,751.006000000,16,0.199000000,0.151000000,0.375000000
16:11:33,210719,50.561000838,-123.536435140,751.013000000,16,0.199000000,0.151000000,0.375000000
16:11:34,210719,50.561000803,-123.536435158,751.020000000,16,0.199000000,0.151000000,0.375000000
16:11:35,210719,50.561000695,-123.536434822,751.088000000,16,0.199000000,0.151000000,0.375000000
16:11:36,210719,50.561000627,-123.536434537,751.137000000,16,0.199000000,0.151000000,0.375000000
16:11:37,210719,50.561000582,-123.536434287,751.174000000,16,0.199000000,0.151000000,0.375000000
16:11:38,210719,50.561000533,-123.536434143,751.205000000,16,0.199000000,0.151000000,0.375000000
16:11:39,210719,50.561000470,-123.536434007,751.229000000,16,0.199000000,0.151000000,0.375000000
16:11:40,210719,50.561000462,-123.536433828,751.248000000,16,0.199000000,0.151000000,0.375000000
16:11:41,210719,50.561000462,-123.536433705,751.263000000,16,0.199000000,0.151000000,0.375000000
16:11:42,210719,50.561000442,-123.536433610,751.271000000,16,0.199000000,0.151000000,0.375000000
16:11:43,210719,50.561000450,-123.536433517,751.278000000,16,0.199000000,0.152000000,0.375000000
16:11:44,210719,50.561000508,-123.536433375,751.279000000,16,0.199000000,0.152000000,0.375000000
16:11:45,210719,50.561000585,-123.536433240,751.283000000,16,0.199000000,0.152000000,0.375000000
16:11:46,210719,50.561000630,-123.536433155,751.291000000,16,0.199000000,0.152000000,0.375000000
16:11:47,210719,50.561000692,-123.536433095,751.299000000,16,0.199000000,0.152000000,0.375000000
16:11:48,210719,50.561000807,-123.536433158,751.290000000,16,0.199000000,0.152000000,0.375000000
16:11:49,210719,50.561000882,-123.536433327,751.262000000,16,0.199000000,0.152000000,0.375000000
16:11:50,210719,50.561000927,-123.536433467,751.237000000,16,0.199000000,0.152000000,0.375000000
16:11:51,210719,50.561000947,-123.536433630,751.221000000,16,0.199000000,0.152000000,0.375000000
16:11:52,210719,50.561000962,-123.536433728,751.210000000,16,0.199000000,0.152000000,0.375000000
16:11:53,210719,50.561000960,-123.536433835,751.197000000,16,0.199000000,0.152000000,0.375000000
16:11:54,210719,50.561000972,-123.536433922,751.182000000,16,0.199000000,0.152000000,0.375000000
16:11:55,210719,50.561000923,-123.536434023,751.164000000,16,0.199000000,0.152000000,0.375000000
16:11:56,210719,50.561000853,-123.536434040,751.153000000,16,0.199000000,0.152000000,0.375000000
16:11:57,210719,50.561000818,-123.536434035,751.152000000,16,0.199000000,0.152000000,0.375000000
16:11:58,210719,50.561000778,-123.536434060,751.151000000,16,0.199000000,0.152000000,0.375000000
16:11:59,210719,50.561000763,-123.536434073,751.145000000,16,0.199000000,0.152000000,0.375000000
16:12:00,210719,50.561000772,-123.536434073,751.149000000,16,0.199000000,0.152000000,0.375000000
16:12:01,210719,50.561000815,-123.536434065,751.151000000,16,0.199000000,0.152000000,0.375000000
16:12:02,210719,50.561000885,-123.536434000,751.154000000,16,0.199000000,0.152000000,0.375000000
16:12:03,210719,50.561000932,-123.536433967,751.150000000,16,0.199000000,0.152000000,0.375000000
16:12:04,210719,50.561000977,-123.536433892,751.142000000,16,0.199000000,0.152000000,0.375000000
16:12:05,210719,50.561001008,-123.536433897,751.130000000,16,0.199000000,0.152000000,0.375000000
16:12:06,210719,50.561001047,-123.536433888,751.117000000,16,0.199000000,0.152000000,0.375000000
16:12:07,210719,50.561001102,-123.536433803,751.112000000,16,0.199000000,0.152000000,0.375000000
16:12:08,210719,50.561001163,-123.536433775,751.113000000,16,0.199000000,0.152000000,0.375000000
16:12:09,210719,50.561001223,-123.536433832,751.102000000,16,0.199000000,0.152000000,0.375000000
16:12:10,210719,50.561001308,-123.536433872,751.076000000,16,0.199000000,0.152000000,0.375000000
16:12:11,210719,50.561001378,-123.536433802,751.071000000,16,0.199000000,0.152000000,0.375000000
16:12:12,210719,50.561001425,-123.536433930,751.068000000,16,0.199000000,0.152000000,0.375000000
16:12:13,210719,50.561001483,-123.536434038,751.059000000,16,0.199000000,0.152000000,0.375000000
16:12:14,210719,50.561001492,-123.536434043,751.059000000,16,0.199000000,0.152000000,0.375000000
16:12:15,210719,50.561001485,-123.536434112,751.056000000,16,0.199000000,0.152000000,0.375000000
16:12:16,210719,50.561001467,-123.536434193,751.064000000,16,0.199000000,0.152000000,0.375000000
16:12:17,210719,50.561001392,-123.536434112,751.087000000,16,0.199000000,0.152000000,0.375000000
16:12:18,210719,50.561001425,-123.536434348,751.066000000,16,0.199000000,0.152000000,0.375000000
16:12:19,210719,50.561001340,-123.536434428,751.074000000,16,0.199000000,0.152000000,0.375000000
16:12:20,210719,50.561001282,-123.536434527,751.070000000,16,0.199000000,0.152000000,0.375000000
16:12:21,210719,50.561001233,-123.536434600,751.068000000,16,0.199000000,0.152000000,0.375000000
16:12:22,210719,50.561001210,-123.536434682,751.068000000,16,0.199000000,0.152000000,0.375000000
16:12:23,210719,50.561001208,-123.536434748,751.068000000,16,0.199000000,0.152000000,0.375000000
16:12:24,210719,50.561001190,-123.536434793,751.070000000,16,0.199000000,0.152000000,0.375000000
16:12:25,210719,50.561001142,-123.536434863,751.072000000,16,0.199000000,0.152000000,0.375000000
16:12:26,210719,50.561001143,-123.536434905,751.072000000,16,0.199000000,0.152000000,0.375000000
16:12:27,210719,50.561001158,-123.536434933,751.071000000,16,0.199000000,0.152000000,0.375000000
16:12:28,210719,50.561001150,-123.536434977,751.071000000,16,0.199000000,0.152000000,0.375000000
16:12:29,210719,50.561001145,-123.536435015,751.059000000,16,0.199000000,0.152000000,0.375000000
16:12:30,210719,50.561001142,-123.536435025,751.053000000,16,0.199000000,0.152000000,0.375000000
16:12:31,210719,50.561001125,-123.536435092,751.060000000,16,0.199000000,0.152000000,0.375000000
16:12:32,210719,50.561001082,-123.536435207,751.070000000,16,0.199000000,0.152000000,0.375000000
16:12:33,210719,50.561001010,-123.536435277,751.085000000,16,0.199000000,0.152000000,0.375000000
16:12:34,210719,50.561000965,-123.536435368,751.092000000,16,0.199000000,0.152000000,0.375000000
16:12:35,210719,50.561000930,-123.536435392,751.095000000,16,0.199000000,0.152000000,0.375000000
16:12:36,210719,50.561000892,-123.536435395,751.099000000,16,0.199000000,0.152000000,0.375000000
16:12:37,210719,50.561000865,-123.536435415,751.095000000,16,0.199000000,0.152000000,0.375000000
16:12:38,210719,50.561000728,-123.536435318,751.108000000,16,0.199000000,0.152000000,0.375000000
16:12:39,210719,50.561000680,-123.536435362,751.094000000,16,0.199000000,0.152000000,0.375000000
16:12:40,210719,50.561000550,-123.536435445,751.099000000,16,0.199000000,0.152000000,0.375000000
16:12:41,210719,50.561000497,-123.536435403,751.112000000,16,0.199000000,0.152000000,0.375000000
16:12:42,210719,50.561000457,-123.536435430,751.120000000,16,0.199000000,0.152000000,0.375000000
16:12:43,210719,50.561000390,-123.536435507,751.127000000,16,0.199000000,0.152000000,0.375000000
16:12:44,210719,50.561000313,-123.536435588,751.135000000,16,0.199000000,0.152000000,0.375000000
16:12:45,210719,50.561000260,-123.536435640,751.144000000,16,0.199000000,0.152000000,0.375000000
16:12:46,210719,50.561000235,-123.536435640,751.154000000,16,0.199000000,0.152000000,0.375000000
16:12:47,210719,50.561000208,-123.536435673,751.167000000,16,0.199000000,0.152000000,0.375000000
16:12:48,210719,50.561000150,-123.536435723,751.180000000,16,0.199000000,0.152000000,0.375000000
16:12:49,210719,50.561000123,-123.536435768,751.189000000,16,0.199000000,0.152000000,0.376000000
16:12:50,210719,50.561000100,-123.536435785,751.201000000,16,0.199000000,0.152000000,0.376000000
16:12:51,210719,50.561000070,-123.536435802,751.212000000,16,0.199000000,0.152000000,0.376000000
16:12:52,210719,50.561000058,-123.536435808,751.224000000,16,0.199000000,0.152000000,0.376000000
16:12:53,210719,50.561000040,-123.536435812,751.230000000,16,0.199000000,0.152000000,0.376000000
16:12:54,210719,50.561000018,-123.536435818,751.235000000,16,0.199000000,0.152000000,0.376000000
16:12:55,210719,50.561000008,-123.536435797,751.235000000,16,0.199000000,0.152000000,0.376000000
16:12:56,210719,50.560999965,-123.536435815,751.241000000,16,0.199000000,0.152000000,0.376000000
16:12:57,210719,50.560999905,-123.536435812,751.247000000,16,0.199000000,0.152000000,0.376000000
16:12:58,210719,50.560999865,-123.536435808,751.250000000,16,0.199000000,0.152000000,0.376000000
16:12:59,210719,50.560999853,-123.536435795,751.255000000,16,0.199000000,0.152000000,0.376000000
16:13:00,210719,50.560999827,-123.536435770,751.263000000,16,0.199000000,0.152000000,0.376000000
16:13:01,210719,50.560999767,-123.536435760,751.265000000,16,0.199000000,0.152000000,0.376000000
16:13:02,210719,50.560999685,-123.536435767,751.263000000,16,0.199000000,0.152000000,0.376000000
16:13:03,210719,50.560999597,-123.536435775,751.264000000,16,0.199000000,0.152000000,0.376000000
16:13:04,210719,50.560999555,-123.536435787,751.252000000,16,0.199000000,0.152000000,0.376000000
16:13:05,210719,50.560999525,-123.536435805,751.241000000,16,0.199000000,0.152000000,0.376000000
16:13:06,210719,50.560999482,-123.536435823,751.233000000,16,0.199000000,0.152000000,0.376000000
16:13:07,210719,50.560999458,-123.536435808,751.226000000,16,0.199000000,0.152000000,0.376000000
16:13:08,210719,50.560999475,-123.536435788,751.220000000,16,0.199000000,0.152000000,0.376000000
16:13:09,210719,50.560999502,-123.536435753,751.216000000,16,0.199000000,0.152000000,0.376000000
16:13:10,210719,50.560999515,-123.536435742,751.216000000,16,0.199000000,0.152000000,0.376000000
16:13:11,210719,50.560999513,-123.536435740,751.218000000,16,0.199000000,0.152000000,0.376000000
16:13:12,210719,50.560999497,-123.536435773,751.224000000,16,0.199000000,0.152000000,0.376000000
16:13:13,210719,50.560999482,-123.536435792,751.222000000,16,0.199000000,0.152000000,0.376000000
16:13:14,210719,50.560999475,-123.536435795,751.222000000,16,0.199000000,0.152000000,0.376000000
16:13:15,210719,50.560999470,-123.536435815,751.220000000,16,0.199000000,0.152000000,0.376000000
16:13:16,210719,50.560999435,-123.536435832,751.220000000,16,0.199000000,0.152000000,0.376000000
16:13:17,210719,50.560999410,-123.536435840,751.217000000,16,0.199000000,0.152000000,0.376000000
16:13:18,210719,50.560999413,-123.536435800,751.223000000,16,0.199000000,0.152000000,0.376000000
16:13:19,210719,50.560999407,-123.536435747,751.219000000,16,0.199000000,0.152000000,0.376000000
16:13:20,210719,50.560999352,-123.536435735,751.222000000,16,0.199000000,0.152000000,0.376000000
16:13:21,210719,50.560999350,-123.536435675,751.218000000,16,0.199000000,0.152000000,0.376000000
16:13:22,210719,50.560999350,-123.536435650,751.216000000,16,0.199000000,0.153000000,0.376000000
16:13:23,210719,50.560999350,-123.536435628,751.217000000,16,0.199000000,0.153000000,0.376000000
16:13:24,210719,50.560999320,-123.536435628,751.218000000,16,0.199000000,0.153000000,0.376000000
16:13:25,210719,50.560999308,-123.536435607,751.216000000,16,0.199000000,0.153000000,0.376000000
16:13:26,210719,50.560999363,-123.536435558,751.220000000,16,0.199000000,0.153000000,0.376000000
16:13:27,210719,50.560999380,-123.536435512,751.222000000,16,0.199000000,0.153000000,0.376000000
16:13:28,210719,50.560999428,-123.536435447,751.228000000,16,0.199000000,0.153000000,0.376000000
16:13:29,210719,50.560999455,-123.536435400,751.240000000,16,0.199000000,0.153000000,0.376000000
16:13:30,210719,50.560999498,-123.536435348,751.258000000,16,0.199000000,0.153000000,0.376000000
16:13:31,210719,50.560999512,-123.536435293,751.263000000,16,0.199000000,0.153000000,0.376000000
16:13:32,210719,50.560999475,-123.536435270,751.272000000,16,0.199000000,0.153000000,0.376000000
16:13:33,210719,50.560999452,-123.536435235,751.279000000,16,0.199000000,0.153000000,0.376000000
16:13:34,210719,50.560999418,-123.536435200,751.287000000,16,0.199000000,0.153000000,0.376000000
16:13:35,210719,50.560999413,-123.536435173,751.295000000,16,0.199000000,0.153000000,0.376000000
16:13:36,210719,50.560999393,-123.536435162,751.298000000,16,0.199000000,0.153000000,0.376000000
16:13:37,210719,50.560999368,-123.536435153,751.305000000,16,0.199000000,0.153000000,0.376000000
16:13:38,210719,50.560999352,-123.536435128,751.318000000,16,0.199000000,0.153000000,0.376000000
16:13:39,210719,50.560999353,-123.536435100,751.325000000,16,0.199000000,0.153000000,0.376000000
16:13:40,210719,50.560999378,-123.536435060,751.331000000,16,0.199000000,0.153000000,0.376000000
16:13:41,210719,50.560999390,-123.536435035,751.335000000,16,0.199000000,0.153000000,0.376000000
16:13:42,210719,50.560999405,-123.536434987,751.343000000,16,0.199000000,0.153000000,0.376000000
16:13:43,210719,50.560999418,-123.536434935,751.347000000,16,0.199000000,0.153000000,0.376000000
16:13:44,210719,50.560999413,-123.536434885,751.348000000,16,0.199000000,0.153000000,0.376000000
16:13:45,210719,50.560999405,-123.536434853,751.351000000,16,0.199000000,0.153000000,0.376000000
16:13:46,210719,50.560999382,-123.536434827,751.354000000,16,0.199000000,0.153000000,0.376000000
16:13:47,210719,50.560999365,-123.536434802,751.361000000,16,0.199000000,0.153000000,0.376000000
16:13:48,210719,50.560999338,-123.536434795,751.365000000,16,0.199000000,0.153000000,0.376000000
16:13:49,210719,50.560999352,-123.536434765,751.365000000,16,0.199000000,0.153000000,0.376000000
16:13:50,210719,50.560999380,-123.536434733,751.373000000,16,0.199000000,0.153000000,0.376000000
16:13:51,210719,50.560999408,-123.536434685,751.378000000,16,0.199000000,0.153000000,0.376000000
16:13:52,210719,50.560999433,-123.536434658,751.379000000,16,0.199000000,0.153000000,0.376000000
16:13:53,210719,50.560999437,-123.536434638,751.386000000,16,0.199000000,0.153000000,0.376000000
16:13:54,210719,50.560999475,-123.536434622,751.395000000,16,0.199000000,0.153000000,0.376000000
16:13:55,210719,50.560999520,-123.536434600,751.401000000,16,0.199000000,0.153000000,0.376000000
16:13:56,210719,50.560999580,-123.536434588,751.407000000,16,0.199000000,0.153000000,0.376000000
16:13:57,210719,50.560999625,-123.536434580,751.409000000,16,0.199000000,0.153000000,0.376000000
16:13:58,210719,50.560999650,-123.536434595,751.413000000,16,0.199000000,0.153000000,0.376000000
16:13:59,210719,50.560999712,-123.536434570,751.415000000,16,0.199000000,0.153000000,0.376000000
16:14:00,210719,50.560999767,-123.536434553,751.411000000,16,0.199000000,0.153000000,0.376000000
16:14:01,210719,50.560999780,-123.536434563,751.411000000,16,0.199000000,0.153000000,0.376000000
16:14:02,210719,50.560999777,-123.536434573,751.409000000,16,0.199000000,0.153000000,0.376000000
16:14:03,210719,50.560999782,-123.536434577,751.409000000,16,0.199000000,0.153000000,0.376000000
16:14:04,210719,50.560999753,-123.536434572,751.410000000,16,0.199000000,0.153000000,0.376000000
16:14:05,210719,50.560999712,-123.536434602,751.410000000,16,0.199000000,0.153000000,0.376000000
16:14:06,210719,50.560999682,-123.536434632,751.414000000,16,0.199000000,0.153000000,0.376000000
16:14:07,210719,50.560999665,-123.536434672,751.413000000,16,0.199000000,0.153000000,0.376000000
16:14:08,210719,50.560999685,-123.536434708,751.411000000,16,0.199000000,0.153000000,0.376000000
16:14:09,210719,50.560999667,-123.536434555,751.418000000,16,0.199000000,0.153000000,0.376000000
16:14:10,210719,50.560999632,-123.536434302,751.445000000,16,0.199000000,0.153000000,0.376000000
16:14:11,210719,50.560999742,-123.536434567,751.412000000,16,0.199000000,0.153000000,0.376000000
16:14:12,210719,50.560999740,-123.536434680,751.406000000,16,0.199000000,0.153000000,0.376000000
16:14:13,210719,50.560999785,-123.536434642,751.413000000,16,0.199000000,0.153000000,0.376000000
16:14:14,210719,50.560999822,-123.536434633,751.417000000,16,0.199000000,0.153000000,0.376000000
16:14:15,210719,50.560999858,-123.536434607,751.420000000,16,0.199000000,0.153000000,0.376000000
16:14:16,210719,50.560999887,-123.536434587,751.423000000,16,0.199000000,0.153000000,0.376000000
16:14:17,210719,50.560999935,-123.536434607,751.423000000,16,0.199000000,0.153000000,0.376000000
16:14:18,210719,50.560999990,-123.536434582,751.426000000,16,0.199000000,0.153000000,0.376000000
16:14:19,210719,50.561000038,-123.536434590,751.428000000,16,0.199000000,0.153000000,0.377000000
16:14:20,210719,50.561000058,-123.536434605,751.429000000,16,0.199000000,0.153000000,0.377000000
16:14:21,210719,50.561000063,-123.536434628,751.430000000,16,0.199000000,0.153000000,0.377000000
16:14:22,210719,50.561000075,-123.536434657,751.428000000,16,0.199000000,0.153000000,0.377000000
16:14:23,210719,50.561000088,-123.536434668,751.424000000,16,0.199000000,0.153000000,0.377000000
16:14:24,210719,50.561000080,-123.536434683,751.424000000,16,0.199000000,0.153000000,0.377000000
16:14:25,210719,50.561000088,-123.536434673,751.426000000,16,0.199000000,0.153000000,0.377000000
16:14:26,210719,50.561000095,-123.536434663,751.423000000,16,0.199000000,0.153000000,0.377000000
16:14:27,210719,50.561000087,-123.536434680,751.420000000,16,0.199000000,0.153000000,0.377000000
16:14:28,210719,50.561000083,-123.536434685,751.415000000,16,0.199000000,0.153000000,0.377000000
16:14:29,210719,50.561000083,-123.536434697,751.416000000,16,0.199000000,0.153000000,0.377000000
16:14:30,210719,50.561000117,-123.536434682,751.416000000,16,0.199000000,0.153000000,0.377000000
16:14:31,210719,50.561000120,-123.536434703,751.417000000,16,0.199000000,0.153000000,0.377000000
16:14:32,210719,50.561000138,-123.536434722,751.414000000,16,0.199000000,0.153000000,0.377000000
16:14:33,210719,50.561000168,-123.536434740,751.412000000,16,0.199000000,0.153000000,0.377000000
16:14:34,210719,50.561000207,-123.536434747,751.413000000,16,0.199000000,0.153000000,0.377000000
16:14:35,210719,50.561000223,-123.536434763,751.407000000,16,0.199000000,0.153000000,0.377000000
16:14:36,210719,50.561000247,-123.536434773,751.403000000,16,0.199000000,0.153000000,0.377000000
16:14:37,210719,50.561000270,-123.536434767,751.401000000,16,0.199000000,0.153000000,0.377000000
16:14:38,210719,50.561000328,-123.536434747,751.400000000,16,0.199000000,0.153000000,0.377000000
16:14:39,210719,50.561000348,-123.536434742,751.398000000,16,0.199000000,0.153000000,0.377000000
16:14:40,210719,50.561000408,-123.536434732,751.391000000,16,0.199000000,0.153000000,0.377000000
16:14:41,210719,50.561000455,-123.536434693,751.391000000,16,0.199000000,0.153000000,0.377000000
16:14:42,210719,50.561000513,-123.536434580,751.383000000,16,0.199000000,0.153000000,0.377000000
16:14:43,210719,50.561000553,-123.536434512,751.379000000,16,0.199000000,0.153000000,0.377000000
16:14:44,210719,50.561000558,-123.536434545,751.377000000,16,0.199000000,0.153000000,0.377000000
16:14:45,210719,50.561000547,-123.536434572,751.368000000,16,0.199000000,0.153000000,0.377000000
16:14:46,210719,50.561000577,-123.536434552,751.357000000,16,0.199000000,0.153000000,0.377000000
16:14:47,210719,50.561000588,-123.536434547,751.341000000,16,0.199000000,0.153000000,0.377000000
16:14:48,210719,50.561000613,-123.536434510,751.325000000,16,0.199000000,0.153000000,0.377000000
16:14:49,210719,50.561000638,-123.536434578,751.284000000,16,0.199000000,0.153000000,0.377000000
16:14:50,210719,50.561000608,-123.536434733,751.257000000,16,0.199000000,0.153000000,0.377000000
16:14:51,210719,50.561000600,-123.536434867,751.224000000,16,0.199000000,0.153000000,0.377000000
16:14:52,210719,50.561000607,-123.536435062,751.195000000,16,0.199000000,0.154000000,0.377000000
16:14:53,210719,50.561000610,-123.536435237,751.176000000,16,0.199000000,0.154000000,0.377000000
16:14:54,210719,50.561000622,-123.536435375,751.160000000,16,0.199000000,0.154000000,0.377000000
16:14:55,210719,50.561000648,-123.536435552,751.144000000,16,0.199000000,0.154000000,0.377000000
16:14:56,210719,50.561000683,-123.536435663,751.134000000,16,0.199000000,0.154000000,0.377000000
16:14:57,210719,50.561000732,-123.536435725,751.142000000,16,0.199000000,0.154000000,0.377000000
16:14:58,210719,50.561000752,-123.536435783,751.150000000,16,0.199000000,0.154000000,0.377000000
16:14:59,210719,50.561000790,-123.536435832,751.154000000,16,0.199000000,0.154000000,0.377000000
16:15:00,210719,50.561000820,-123.536435832,751.155000000,16,0.199000000,0.154000000,0.377000000
16:15:01,210719,50.561000857,-123.536435907,751.151000000,16,0.200000000,0.154000000,0.377000000
16:15:02,210719,50.561000812,-123.536435595,751.197000000,16,0.200000000,0.154000000,0.377000000
16:15:03,210719,50.561000872,-123.536435582,751.190000000,16,0.200000000,0.154000000,0.377000000
16:15:04,210719,50.561000797,-123.536435242,751.227000000,16,0.200000000,0.154000000,0.377000000
16:15:05,210719,50.561000772,-123.536435022,751.278000000,16,0.200000000,0.154000000,0.377000000
16:15:06,210719,50.561000768,-123.536434860,751.300000000,16,0.200000000,0.154000000,0.377000000
16:15:07,210719,50.561000760,-123.536434830,751.321000000,16,0.200000000,0.154000000,0.377000000
16:15:08,210719,50.561000777,-123.536434798,751.331000000,16,0.200000000,0.154000000,0.377000000
16:15:09,210719,50.561000753,-123.536434788,751.337000000,16,0.200000000,0.154000000,0.377000000
16:15:10,210719,50.561000730,-123.536434783,751.338000000,16,0.200000000,0.154000000,0.377000000
16:15:11,210719,50.561000707,-123.536434807,751.344000000,16,0.200000000,0.154000000,0.377000000
16:15:12,210719,50.561000638,-123.536434843,751.339000000,16,0.200000000,0.154000000,0.377000000
16:15:13,210719,50.561000578,-123.536434902,751.341000000,16,0.200000000,0.154000000,0.377000000
16:15:14,210719,50.561000532,-123.536434940,751.342000000,16,0.200000000,0.154000000,0.377000000
16:15:15,210719,50.561000475,-123.536435003,751.344000000,16,0.200000000,0.154000000,0.377000000
16:15:16,210719,50.561000465,-123.536435013,751.342000000,16,0.200000000,0.154000000,0.377000000
16:15:17,210719,50.561000450,-123.536435020,751.345000000,16,0.200000000,0.154000000,0.377000000
16:15:18,210719,50.561000438,-123.536435008,751.347000000,16,0.200000000,0.154000000,0.377000000
16:15:19,210719,50.561000460,-123.536434957,751.344000000,16,0.200000000,0.154000000,0.377000000
16:15:20,210719,50.561000465,-123.536434918,751.342000000,16,0.200000000,0.154000000,0.377000000
16:15:21,210719,50.561000493,-123.536434920,751.344000000,16,0.200000000,0.154000000,0.377000000
16:15:22,210719,50.561000502,-123.536434898,751.344000000,16,0.200000000,0.154000000,0.377000000
16:15:23,210719,50.561000525,-123.536434895,751.345000000,16,0.200000000,0.154000000,0.377000000
16:15:24,210719,50.561000512,-123.536434908,751.344000000,16,0.200000000,0.154000000,0.377000000
16:15:25,210719,50.561000512,-123.536434895,751.345000000,16,0.200000000,0.154000000,0.377000000
16:15:26,210719,50.561000528,-123.536434875,751.343000000,16,0.200000000,0.154000000,0.377000000
16:15:27,210719,50.561000532,-123.536434848,751.339000000,16,0.200000000,0.154000000,0.377000000
16:15:28,210719,50.561000570,-123.536434820,751.340000000,16,0.200000000,0.154000000,0.377000000
16:15:29,210719,50.561000597,-123.536434765,751.337000000,16,0.200000000,0.154000000,0.377000000
16:15:30,210719,50.561000618,-123.536434732,751.333000000,16,0.200000000,0.154000000,0.377000000
16:15:31,210719,50.561000618,-123.536434747,751.326000000,16,0.200000000,0.154000000,0.377000000
16:15:32,210719,50.561000583,-123.536434747,751.316000000,16,0.200000000,0.154000000,0.377000000
16:15:33,210719,50.561000528,-123.536434730,751.303000000,16,0.200000000,0.154000000,0.377000000
16:15:34,210719,50.561000485,-123.536434722,751.287000000,16,0.200000000,0.154000000,0.377000000
16:15:35,210719,50.561000475,-123.536434725,751.284000000,16,0.200000000,0.154000000,0.377000000
16:15:36,210719,50.561000387,-123.536434702,751.275000000,16,0.200000000,0.154000000,0.377000000
16:15:37,210719,50.561000317,-123.536434648,751.276000000,16,0.200000000,0.154000000,0.377000000
16:15:38,210719,50.561000247,-123.536434563,751.276000000,16,0.200000000,0.154000000,0.377000000
16:15:39,210719,50.561000183,-123.536434470,751.279000000,16,0.200000000,0.154000000,0.377000000
16:15:40,210719,50.561000160,-123.536434382,751.277000000,16,0.200000000,0.154000000,0.377000000
16:15:41,210719,50.561000148,-123.536434280,751.277000000,16,0.200000000,0.154000000,0.377000000
16:15:42,210719,50.561000168,-123.536434110,751.273000000,15,0.200000000,0.154000000,0.377000000
16:15:43,210719,50.561000195,-123.536433980,751.275000000,15,0.228000000,0.161000000,0.396000000
16:15:44,210719,50.561000235,-123.536433888,751.281000000,15,0.228000000,0.161000000,0.396000000
16:15:45,210719,50.561000263,-123.536433832,751.281000000,15,0.228000000,0.161000000,0.396000000
16:15:46,210719,50.561000282,-123.536433797,751.286000000,15,0.228000000,0.161000000,0.396000000
16:15:47,210719,50.561000273,-123.536433813,751.296000000,15,0.228000000,0.161000000,0.396000000
16:15:48,210719,50.561000255,-123.536433850,751.302000000,15,0.228000000,0.161000000,0.396000000
16:15:49,210719,50.561000255,-123.536433820,751.309000000,15,0.228000000,0.161000000,0.396000000
16:15:50,210719,50.561000247,-123.536433773,751.314000000,15,0.228000000,0.161000000,0.396000000
16:15:51,210719,50.561000235,-123.536433735,751.315000000,15,0.228000000,0.161000000,0.396000000
16:15:52,210719,50.561000247,-123.536433697,751.315000000,15,0.228000000,0.161000000,0.397000000
16:15:53,210719,50.561000258,-123.536433675,751.316000000,15,0.228000000,0.161000000,0.397000000
16:15:54,210719,50.561000250,-123.536433660,751.319000000,15,0.228000000,0.161000000,0.397000000
16:15:55,210719,50.561000193,-123.536433725,751.318000000,15,0.228000000,0.161000000,0.397000000
16:15:56,210719,50.561000117,-123.536433770,751.320000000,15,0.228000000,0.161000000,0.397000000
16:15:57,210719,50.561000030,-123.536433763,751.322000000,15,0.228000000,0.161000000,0.397000000
16:15:58,210719,50.560999993,-123.536433760,751.330000000,16,0.200000000,0.154000000,0.377000000
16:15:59,210719,50.560999992,-123.536433755,751.336000000,16,0.200000000,0.154000000,0.377000000
16:16:00,210719,50.560999948,-123.536433793,751.340000000,16,0.200000000,0.154000000,0.377000000
16:16:01,210719,50.560999907,-123.536433813,751.338000000,16,0.200000000,0.154000000,0.378000000
16:16:02,210719,50.561000020,-123.536433807,751.343000000,16,0.200000000,0.154000000,0.378000000
16:16:03,210719,50.561000057,-123.536433893,751.346000000,16,0.200000000,0.154000000,0.378000000
16:16:04,210719,50.561000128,-123.536433977,751.346000000,16,0.200000000,0.154000000,0.378000000
16:16:05,210719,50.561000163,-123.536434042,751.346000000,16,0.200000000,0.154000000,0.378000000
16:16:06,210719,50.561000203,-123.536434098,751.351000000,16,0.200000000,0.154000000,0.378000000
16:16:07,210719,50.561000262,-123.536434125,751.356000000,16,0.200000000,0.154000000,0.378000000
16:16:08,210719,50.561000307,-123.536434127,751.359000000,16,0.200000000,0.154000000,0.378000000
16:16:09,210719,50.561000347,-123.536434140,751.360000000,16,0.200000000,0.154000000,0.378000000
16:16:10,210719,50.561000380,-123.536434150,751.363000000,16,0.200000000,0.154000000,0.378000000
16:16:11,210719,50.561000362,-123.536434152,751.363000000,16,0.200000000,0.154000000,0.378000000
16:16:12,210719,50.561000353,-123.536434162,751.362000000,16,0.200000000,0.154000000,0.378000000
16:16:13,210719,50.561000280,-123.536434212,751.360000000,16,0.200000000,0.155000000,0.378000000
16:16:14,210719,50.561000197,-123.536434255,751.349000000,16,0.200000000,0.155000000,0.378000000
16:16:15,210719,50.561000125,-123.536434292,751.339000000,16,0.200000000,0.155000000,0.378000000
16:16:16,210719,50.561000010,-123.536434370,751.337000000,16,0.200000000,0.155000000,0.378000000
16:16:17,210719,50.560999932,-123.536434412,751.328000000,16,0.200000000,0.155000000,0.378000000
16:16:18,210719,50.560999858,-123.536434467,751.319000000,16,0.200000000,0.155000000,0.378000000
16:16:19,210719,50.560999832,-123.536434483,751.312000000,16,0.200000000,0.155000000,0.378000000
16:16:20,210719,50.560999833,-123.536434488,751.308000000,16,0.200000000,0.155000000,0.378000000
16:16:21,210719,50.560999840,-123.536434495,751.303000000,16,0.200000000,0.155000000,0.378000000
16:16:22,210719,50.560999833,-123.536434508,751.303000000,16,0.200000000,0.155000000,0.378000000
16:16:23,210719,50.560999852,-123.536434487,751.297000000,16,0.200000000,0.155000000,0.378000000
16:16:24,210719,50.560999870,-123.536434482,751.295000000,16,0.200000000,0.155000000,0.378000000
16:16:25,210719,50.560999888,-123.536434453,751.294000000,16,0.200000000,0.155000000,0.378000000
16:16:26,210719,50.560999908,-123.536434435,751.299000000,16,0.200000000,0.155000000,0.378000000
16:16:27,210719,50.560999927,-123.536434433,751.306000000,16,0.200000000,0.155000000,0.378000000
16:16:28,210719,50.560999947,-123.536434427,751.309000000,16,0.200000000,0.155000000,0.378000000
16:16:29,210719,50.560999945,-123.536434392,751.306000000,16,0.200000000,0.155000000,0.378000000
16:16:30,210719,50.560999975,-123.536434375,751.302000000,16,0.200000000,0.155000000,0.378000000
16:16:31,210719,50.560999990,-123.536434375,751.297000000,16,0.200000000,0.155000000,0.378000000
16:16:32,210719,50.561000058,-123.536434375,751.299000000,16,0.200000000,0.155000000,0.378000000
16:16:33,210719,50.561000123,-123.536434373,751.299000000,16,0.200000000,0.155000000,0.378000000
16:16:34,210719,50.561000183,-123.536434380,751.299000000,16,0.200000000,0.155000000,0.378000000
16:16:35,210719,50.561000223,-123.536434393,751.295000000,16,0.200000000,0.155000000,0.378000000
16:16:36,210719,50.561000238,-123.536434402,751.286000000,16,0.200000000,0.155000000,0.378000000
16:16:37,210719,50.561000217,-123.536434403,751.275000000,16,0.200000000,0.155000000,0.378000000
16:16:38,210719,50.561000153,-123.536434457,751.269000000,16,0.200000000,0.155000000,0.378000000
16:16:39,210719,50.561000085,-123.536434507,751.262000000,16,0.200000000,0.155000000,0.378000000
16:16:40,210719,50.561000007,-123.536434558,751.250000000,16,0.200000000,0.155000000,0.378000000
16:16:41,210719,50.560999930,-123.536434668,751.258000000,16,0.200000000,0.155000000,0.378000000
16:16:42,210719,50.560999885,-123.536434727,751.259000000,16,0.200000000,0.155000000,0.378000000
16:16:43,210719,50.560999840,-123.536434798,751.264000000,16,0.200000000,0.155000000,0.378000000
16:16:44,210719,50.560999812,-123.536434820,751.271000000,16,0.200000000,0.155000000,0.378000000
16:16:45,210719,50.560999845,-123.536434850,751.271000000,16,0.200000000,0.155000000,0.378000000
16:16:46,210719,50.560999850,-123.536434847,751.277000000,16,0.200000000,0.155000000,0.378000000
16:16:47,210719,50.560999823,-123.536434703,751.292000000,16,0.200000000,0.155000000,0.378000000
16:16:48,210719,50.560999807,-123.536434702,751.298000000,16,0.200000000,0.155000000,0.378000000
16:16:49,210719,50.560999778,-123.536434677,751.306000000,16,0.200000000,0.155000000,0.378000000
16:16:50,210719,50.560999743,-123.536434618,751.312000000,16,0.200000000,0.155000000,0.378000000
16:16:51,210719,50.560999707,-123.536434587,751.324000000,16,0.200000000,0.155000000,0.378000000
16:16:52,210719,50.560999670,-123.536434552,751.331000000,16,0.200000000,0.155000000,0.378000000
16:16:53,210719,50.560999675,-123.536434520,751.340000000,16,0.200000000,0.155000000,0.378000000
16:16:54,210719,50.560999680,-123.536434445,751.346000000,16,0.200000000,0.155000000,0.378000000
16:16:55,210719,50.560999707,-123.536434393,751.356000000,16,0.200000000,0.155000000,0.378000000
16:16:56,210719,50.560999745,-123.536434323,751.361000000,16,0.200000000,0.155000000,0.378000000
16:16:57,210719,50.560999757,-123.536434268,751.368000000,16,0.200000000,0.155000000,0.378000000
16:16:58,210719,50.560999812,-123.536434223,751.376000000,16,0.200000000,0.155000000,0.378000000
16:16:59,210719,50.560999835,-123.536434180,751.368000000,16,0.200000000,0.155000000,0.378000000
16:17:00,210719,50.560999858,-123.536434138,751.357000000,16,0.200000000,0.155000000,0.378000000
16:17:01,210719,50.560999760,-123.536434163,751.352000000,16,0.200000000,0.155000000,0.378000000
16:17:02,210719,50.560999645,-123.536434178,751.353000000,15,0.228000000,0.161000000,0.398000000
16:17:03,210719,50.560999530,-123.536434190,751.351000000,15,0.228000000,0.161000000,0.398000000
16:17:04,210719,50.560999412,-123.536434195,751.351000000,15,0.228000000,0.161000000,0.398000000
16:17:05,210719,50.560999345,-123.536434208,751.349000000,15,0.228000000,0.161000000,0.398000000
16:17:06,210719,50.560999262,-123.536434212,751.354000000,15,0.228000000,0.161000000,0.398000000
16:17:07,210719,50.560999217,-123.536434188,751.359000000,15,0.228000000,0.161000000,0.398000000
16:17:08,210719,50.560999235,-123.536434123,751.372000000,15,0.228000000,0.161000000,0.398000000
16:17:09,210719,50.560999257,-123.536434088,751.385000000,15,0.228000000,0.161000000,0.398000000
16:17:10,210719,50.560999275,-123.536434047,751.386000000,15,0.228000000,0.161000000,0.398000000
16:17:11,210719,50.560999308,-123.536433978,751.385000000,15,0.228000000,0.161000000,0.398000000
16:17:12,210719,50.560999372,-123.536433965,751.384000000,15,0.228000000,0.161000000,0.398000000
16:17:13,210719,50.560999415,-123.536433830,751.382000000,15,0.228000000,0.161000000,0.398000000
16:17:14,210719,50.560999428,-123.536433708,751.383000000,15,0.228000000,0.161000000,0.398000000
16:17:15,210719,50.560999518,-123.536433613,751.380000000,15,0.228000000,0.161000000,0.398000000
16:17:16,210719,50.560999550,-123.536433512,751.374000000,15,0.228000000,0.161000000,0.398000000
16:17:17,210719,50.560999555,-123.536433352,751.366000000,15,0.228000000,0.161000000,0.398000000
16:17:18,210719,50.560999568,-123.536433207,751.365000000,15,0.228000000,0.161000000,0.398000000
16:17:19,210719,50.560999562,-123.536433162,751.362000000,15,0.228000000,0.161000000,0.398000000
16:17:20,210719,50.560999532,-123.536433167,751.369000000,15,0.228000000,0.161000000,0.398000000
16:17:21,210719,50.560999465,-123.536433232,751.372000000,15,0.228000000,0.161000000,0.398000000
16:17:22,210719,50.560999468,-123.536433220,751.372000000,15,0.228000000,0.161000000,0.398000000
16:17:23,210719,50.560999448,-123.536433225,751.368000000,15,0.228000000,0.161000000,0.398000000
16:17:24,210719,50.560999453,-123.536433222,751.364000000,15,0.228000000,0.161000000,0.398000000
16:17:25,210719,50.560999422,-123.536433235,751.357000000,16,0.200000000,0.155000000,0.378000000
16:17:26,210719,50.560999360,-123.536433292,751.356000000,16,0.200000000,0.155000000,0.378000000
16:17:27,210719,50.560999250,-123.536433357,751.359000000,16,0.200000000,0.155000000,0.378000000
16:17:28,210719,50.560999213,-123.536433340,751.358000000,16,0.200000000,0.156000000,0.378000000
16:17:29,210719,50.560999187,-123.536433375,751.354000000,16,0.200000000,0.156000000,0.378000000
16:17:30,210719,50.560999128,-123.536433485,751.354000000,15,0.228000000,0.162000000,0.398000000
16:17:31,210719,50.560999062,-123.536433585,751.354000000,15,0.228000000,0.162000000,0.398000000
16:17:32,210719,50.560999053,-123.536433635,751.358000000,15,0.228000000,0.162000000,0.398000000
16:17:33,210719,50.560999168,-123.536433667,751.347000000,15,0.228000000,0.162000000,0.398000000
16:17:34,210719,50.560999278,-123.536433590,751.334000000,15,0.228000000,0.162000000,0.398000000
16:17:35,210719,50.560999335,-123.536433548,751.343000000,15,0.228000000,0.162000000,0.398000000
16:17:36,210719,50.560999350,-123.536433567,751.352000000,15,0.228000000,0.162000000,0.399000000
16:17:37,210719,50.560999390,-123.536433597,751.361000000,15,0.228000000,0.162000000,0.399000000
16:17:38,210719,50.560999467,-123.536433598,751.362000000,15,0.228000000,0.162000000,0.399000000
16:17:39,210719,50.560999467,-123.536433647,751.367000000,15,0.228000000,0.162000000,0.399000000
16:17:40,210719,50.560999478,-123.536433670,751.370000000,15,0.228000000,0.162000000,0.399000000
16:17:41,210719,50.560999487,-123.536433713,751.378000000,15,0.228000000,0.162000000,0.399000000
16:17:42,210719,50.560999525,-123.536433715,751.372000000,15,0.228000000,0.162000000,0.399000000
16:17:43,210719,50.560999557,-123.536433743,751.361000000,15,0.228000000,0.162000000,0.399000000
16:17:44,210719,50.560999498,-123.536433797,751.350000000,15,0.228000000,0.162000000,0.399000000
16:17:45,210719,50.560999422,-123.536433865,751.337000000,15,0.228000000,0.162000000,0.399000000
16:17:46,210719,50.560999380,-123.536433917,751.318000000,15,0.228000000,0.162000000,0.399000000
16:17:47,210719,50.560999325,-123.536433952,751.308000000,15,0.228000000,0.162000000,0.399000000
16:17:48,210719,50.560999333,-123.536433922,751.297000000,15,0.228000000,0.162000000,0.399000000
16:17:49,210719,50.560999352,-123.536433900,751.291000000,15,0.228000000,0.162000000,0.399000000
16:17:50,210719,50.560999350,-123.536433870,751.284000000,15,0.228000000,0.162000000,0.399000000
16:17:51,210719,50.560999368,-123.536433865,751.275000000,15,0.228000000,0.162000000,0.399000000
16:17:52,210719,50.560999382,-123.536433830,751.263000000,15,0.228000000,0.162000000,0.399000000
16:17:53,210719,50.560999405,-123.536433787,751.249000000,15,0.228000000,0.162000000,0.399000000
16:17:54,210719,50.560999470,-123.536433740,751.245000000,15,0.228000000,0.162000000,0.399000000
16:17:55,210719,50.560999457,-123.536433475,751.271000000,15,0.228000000,0.162000000,0.399000000
16:17:56,210719,50.560999575,-123.536433572,751.247000000,15,0.228000000,0.162000000,0.399000000
16:17:57,210719,50.560999613,-123.536433488,751.252000000,15,0.228000000,0.162000000,0.399000000
16:17:58,210719,50.560999647,-123.536433600,751.233000000,15,0.228000000,0.162000000,0.399000000
16:17:59,210719,50.560999693,-123.536433693,751.221000000,15,0.228000000,0.162000000,0.399000000
16:18:00,210719,50.560999678,-123.536433835,751.224000000,15,0.228000000,0.162000000,0.399000000
16:18:01,210719,50.560999662,-123.536433903,751.217000000,15,0.228000000,0.162000000,0.399000000
16:18:02,210719,50.560999662,-123.536433978,751.216000000,15,0.228000000,0.162000000,0.399000000
16:18:03,210719,50.560999672,-123.536434012,751.215000000,15,0.228000000,0.162000000,0.399000000
16:18:04,210719,50.560999665,-123.536434050,751.224000000,15,0.228000000,0.162000000,0.399000000
16:18:05,210719,50.560999687,-123.536434062,751.227000000,15,0.228000000,0.162000000,0.399000000
16:18:06,210719,50.560999708,-123.536434082,751.233000000,15,0.228000000,0.162000000,0.399000000
16:18:07,210719,50.560999697,-123.536434162,751.244000000,15,0.228000000,0.162000000,0.399000000
16:18:08,210719,50.560999650,-123.536434280,751.254000000,15,0.228000000,0.162000000,0.399000000
16:18:09,210719,50.560999657,-123.536434348,751.263000000,15,0.228000000,0.162000000,0.399000000
16:18:10,210719,50.560999652,-123.536434412,751.272000000,15,0.228000000,0.162000000,0.399000000
16:18:11,210719,50.560999648,-123.536434463,751.279000000,15,0.228000000,0.162000000,0.399000000
16:18:12,210719,50.560999653,-123.536434495,751.286000000,15,0.228000000,0.162000000,0.399000000
16:18:13,210719,50.560999618,-123.536434523,751.293000000,15,0.228000000,0.162000000,0.399000000
16:18:14,210719,50.560999582,-123.536434548,751.291000000,15,0.228000000,0.162000000,0.399000000
16:18:15,210719,50.560999580,-123.536434547,751.290000000,15,0.228000000,0.162000000,0.399000000
16:18:16,210719,50.560999582,-123.536434562,751.280000000,15,0.228000000,0.162000000,0.399000000
16:18:17,210719,50.560999585,-123.536434547,751.280000000,15,0.228000000,0.162000000,0.399000000
16:18:18,210719,50.560999553,-123.536434543,751.274000000,15,0.228000000,0.162000000,0.399000000
16:18:19,210719,50.560999553,-123.536434535,751.273000000,15,0.228000000,0.162000000,0.399000000
16:18:20,210719,50.560999587,-123.536434492,751.271000000,15,0.228000000,0.162000000,0.399000000
16:18:21,210719,50.560999608,-123.536434500,751.267000000,15,0.228000000,0.162000000,0.399000000
16:18:22,210719,50.560999613,-123.536434505,751.265000000,15,0.228000000,0.162000000,0.399000000
16:18:23,210719,50.560999628,-123.536434498,751.266000000,15,0.228000000,0.162000000,0.399000000
16:18:24,210719,50.560999638,-123.536434503,751.269000000,15,0.228000000,0.162000000,0.399000000
16:18:25,210719,50.560999620,-123.536434515,751.270000000,15,0.228000000,0.162000000,0.399000000
16:18:26,210719,50.560999598,-123.536434535,751.262000000,15,0.228000000,0.162000000,0.399000000
16:18:27,210719,50.560999542,-123.536434585,751.256000000,16,0.220000000,0.156000000,0.352000000
16:18:28,210719,50.560999488,-123.536434620,751.253000000,16,0.220000000,0.156000000,0.352000000
16:18:29,210719,50.560999435,-123.536434665,751.252000000,16,0.220000000,0.156000000,0.352000000
16:18:30,210719,50.560999417,-123.536434717,751.255000000,16,0.220000000,0.156000000,0.352000000
16:18:31,210719,50.560999385,-123.536434762,751.260000000,16,0.220000000,0.156000000,0.352000000
16:18:32,210719,50.560999412,-123.536434760,751.259000000,16,0.220000000,0.156000000,0.352000000
16:18:33,210719,50.560999448,-123.536434765,751.258000000,16,0.220000000,0.156000000,0.352000000
16:18:34,210719,50.560999502,-123.536434743,751.257000000,16,0.220000000,0.156000000,0.352000000
16:18:35,210719,50.560999540,-123.536434743,751.261000000,16,0.220000000,0.156000000,0.352000000
16:18:36,210719,50.560999572,-123.536434733,751.266000000,16,0.220000000,0.156000000,0.352000000
16:18:37,210719,50.560999623,-123.536434707,751.269000000,16,0.220000000,0.156000000,0.352000000
16:18:38,210719,50.560999660,-123.536434683,751.267000000,16,0.220000000,0.156000000,0.352000000
16:18:39,210719,50.560999662,-123.536434680,751.270000000,16,0.220000000,0.156000000,0.352000000
16:18:40,210719,50.560999635,-123.536434720,751.273000000,16,0.220000000,0.156000000,0.352000000
16:18:41,210719,50.560999612,-123.536434737,751.279000000,16,0.220000000,0.156000000,0.352000000
16:18:42,210719,50.560999628,-123.536434743,751.279000000,16,0.220000000,0.156000000,0.352000000
16:18:43,210719,50.560999620,-123.536434800,751.278000000,16,0.220000000,0.156000000,0.352000000
16:18:44,210719,50.560999650,-123.536434785,751.274000000,16,0.220000000,0.156000000,0.352000000
16:18:45,210719,50.560999618,-123.536434790,751.276000000,16,0.220000000,0.156000000,0.352000000
16:18:46,210719,50.560999607,-123.536434807,751.283000000,16,0.220000000,0.156000000,0.352000000
16:18:47,210719,50.560999637,-123.536434800,751.279000000,16,0.220000000,0.156000000,0.352000000
16:18:48,210719,50.560999623,-123.536434837,751.278000000,16,0.220000000,0.156000000,0.352000000
16:18:49,210719,50.560999613,-123.536434863,751.275000000,16,0.220000000,0.156000000,0.352000000
16:18:50,210719,50.560999592,-123.536434895,751.275000000,16,0.220000000,0.156000000,0.352000000
16:18:51,210719,50.560999590,-123.536434890,751.270000000,16,0.220000000,0.156000000,0.352000000
16:18:52,210719,50.560999558,-123.536434932,751.273000000,16,0.220000000,0.156000000,0.352000000
16:18:53,210719,50.560999522,-123.536434942,751.276000000,16,0.220000000,0.156000000,0.352000000
16:18:54,210719,50.560999545,-123.536434915,751.273000000,16,0.220000000,0.156000000,0.352000000
16:18:55,210719,50.560999582,-123.536434898,751.266000000,16,0.220000000,0.156000000,0.352000000
16:18:56,210719,50.560999622,-123.536434860,751.260000000,16,0.220000000,0.156000000,0.352000000
16:18:57,210719,50.560999658,-123.536434840,751.257000000,16,0.220000000,0.156000000,0.352000000
16:18:58,210719,50.560999655,-123.536434863,751.262000000,16,0.220000000,0.156000000,0.352000000
16:18:59,210719,50.560999663,-123.536434910,751.256000000,16,0.220000000,0.156000000,0.352000000
16:19:00,210719,50.560999685,-123.536434842,751.265000000,16,0.220000000,0.156000000,0.352000000
16:19:01,210719,50.560999660,-123.536434902,751.260000000,16,0.220000000,0.156000000,0.352000000
16:19:02,210719,50.560999622,-123.536434983,751.259000000,16,0.220000000,0.156000000,0.352000000
16:19:03,210719,50.560999538,-123.536435142,751.236000000,16,0.220000000,0.156000000,0.352000000
16:19:04,210719,50.560999495,-123.536435298,751.221000000,16,0.220000000,0.156000000,0.352000000
16:19:05,210719,50.560999580,-123.536435110,751.232000000,16,0.220000000,0.156000000,0.352000000
16:19:06,210719,50.560999637,-123.536434862,751.233000000,16,0.220000000,0.156000000,0.352000000
16:19:07,210719,50.560999728,-123.536434908,751.213000000,16,0.220000000,0.156000000,0.352000000
16:19:08,210719,50.560999647,-123.536434880,751.223000000,16,0.220000000,0.156000000,0.352000000
16:19:09,210719,50.560999488,-123.536435025,751.232000000,15,0.228000000,0.162000000,0.400000000
16:19:10,210719,50.560999415,-123.536434888,751.246000000,15,0.228000000,0.162000000,0.400000000
16:19:11,210719,50.560999363,-123.536434905,751.262000000,15,0.228000000,0.162000000,0.400000000
16:19:12,210719,50.560999328,-123.536434932,751.274000000,15,0.228000000,0.162000000,0.400000000
16:19:13,210719,50.560999290,-123.536434983,751.284000000,15,0.228000000,0.162000000,0.400000000
16:19:14,210719,50.560999235,-123.536435000,751.292000000,15,0.228000000,0.162000000,0.400000000
16:19:15,210719,50.560999215,-123.536435067,751.300000000,15,0.228000000,0.162000000,0.400000000
16:19:16,210719,50.560999125,-123.536434893,751.317000000,15,0.228000000,0.162000000,0.400000000
16:19:17,210719,50.560999213,-123.536434850,751.284000000,15,0.228000000,0.162000000,0.400000000
16:19:18,210719,50.560999273,-123.536435103,751.235000000,15,0.228000000,0.162000000,0.400000000
16:19:19,210719,50.560999312,-123.536435257,751.189000000,15,0.228000000,0.162000000,0.400000000
16:19:20,210719,50.560999420,-123.536435295,751.151000000,15,0.228000000,0.162000000,0.400000000
16:19:21,210719,50.560999482,-123.536435312,751.113000000,15,0.228000000,0.162000000,0.400000000
16:19:22,210719,50.560999567,-123.536435410,751.082000000,15,0.228000000,0.162000000,0.400000000
16:19:23,210719,50.560999648,-123.536435455,751.062000000,15,0.228000000,0.162000000,0.400000000
16:19:24,210719,50.560999753,-123.536435432,751.035000000,15,0.228000000,0.162000000,0.400000000
16:19:25,210719,50.560999787,-123.536435463,751.015000000,15,0.228000000,0.162000000,0.400000000
16:19:26,210719,50.560999840,-123.536435548,751.005000000,15,0.228000000,0.162000000,0.400000000
16:19:27,210719,50.560999843,-123.536435652,751.008000000,15,0.228000000,0.162000000,0.400000000
16:19:28,210719,50.560999860,-123.536435715,751.003000000,15,0.228000000,0.162000000,0.400000000
16:19:29,210719,50.560999885,-123.536435788,751.003000000,15,0.228000000,0.163000000,0.400000000
16:19:30,210719,50.560999898,-123.536435890,750.997000000,15,0.228000000,0.163000000,0.400000000
16:19:31,210719,50.560999888,-123.536435950,750.987000000,15,0.228000000,0.163000000,0.400000000
16:19:32,210719,50.560999882,-123.536435988,750.979000000,15,0.228000000,0.163000000,0.401000000
16:19:33,210719,50.560999885,-123.536436035,750.975000000,15,0.228000000,0.163000000,0.401000000
16:19:34,210719,50.560999885,-123.536436057,750.972000000,15,0.228000000,0.163000000,0.401000000
16:19:35,210719,50.560999848,-123.536436145,750.975000000,15,0.228000000,0.163000000,0.401000000
16:19:36,210719,50.560999838,-123.536436148,750.981000000,15,0.228000000,0.163000000,0.401000000
16:19:37,210719,50.560999805,-123.536436253,750.978000000,15,0.228000000,0.163000000,0.401000000
16:19:38,210719,50.560999793,-123.536436362,750.967000000,15,0.227000000,0.163000000,0.401000000
16:19:39,210719,50.560999742,-123.536436447,750.963000000,15,0.227000000,0.163000000,0.401000000
16:19:40,210719,50.560999745,-123.536436530,750.949000000,15,0.227000000,0.163000000,0.401000000
16:19:41,210719,50.560999750,-123.536436560,750.944000000,15,0.227000000,0.163000000,0.401000000
16:19:42,210719,50.560999795,-123.536436590,750.939000000,15,0.227000000,0.163000000,0.401000000
16:19:43,210719,50.560999858,-123.536436592,750.944000000,15,0.227000000,0.163000000,0.401000000
16:19:44,210719,50.560999915,-123.536436608,750.942000000,15,0.227000000,0.163000000,0.401000000
16:19:45,210719,50.560999950,-123.536436632,750.935000000,15,0.227000000,0.163000000,0.401000000
16:19:46,210719,50.560999968,-123.536436668,750.930000000,15,0.227000000,0.163000000,0.401000000
16:19:47,210719,50.560999985,-123.536436665,750.925000000,15,0.227000000,0.163000000,0.401000000
16:19:48,210719,50.560999982,-123.536436673,750.923000000,15,0.227000000,0.163000000,0.401000000
16:19:49,210719,50.560999978,-123.536436657,750.930000000,15,0.227000000,0.163000000,0.401000000
16:19:50,210719,50.561000003,-123.536436553,750.939000000,15,0.227000000,0.163000000,0.401000000
16:19:51,210719,50.561000023,-123.536436110,750.984000000,15,0.227000000,0.163000000,0.401000000
16:19:52,210719,50.560999935,-123.536435700,751.036000000,15,0.227000000,0.163000000,0.401000000
16:19:53,210719,50.560999890,-123.536435418,751.083000000,15,0.227000000,0.163000000,0.401000000
16:19:54,210719,50.560999855,-123.536435255,751.118000000,15,0.227000000,0.163000000,0.401000000
16:19:55,210719,50.560999807,-123.536435165,751.146000000,15,0.227000000,0.163000000,0.401000000
16:19:56,210719,50.560999697,-123.536435102,751.165000000,15,0.227000000,0.163000000,0.401000000
16:19:57,210719,50.560999582,-123.536434977,751.176000000,15,0.227000000,0.163000000,0.401000000
16:19:58,210719,50.560999550,-123.536434912,751.174000000,15,0.227000000,0.163000000,0.401000000
16:19:59,210719,50.560999617,-123.536435007,751.127000000,15,0.227000000,0.163000000,0.401000000
16:20:00,210719,50.560999637,-123.536435165,751.097000000,15,0.227000000,0.163000000,0.401000000
16:20:01,210719,50.560999592,-123.536435295,751.081000000,15,0.227000000,0.163000000,0.401000000
16:20:02,210719,50.560999557,-123.536435402,751.079000000,15,0.227000000,0.163000000,0.401000000
16:20:03,210719,50.560999573,-123.536435420,751.071000000,15,0.227000000,0.163000000,0.401000000
16:20:04,210719,50.560999528,-123.536435492,751.066000000,15,0.227000000,0.163000000,0.401000000
16:20:05,210719,50.560999555,-123.536435570,751.062000000,15,0.227000000,0.163000000,0.401000000
16:20:06,210719,50.560999568,-123.536435607,751.059000000,15,0.227000000,0.163000000,0.401000000
16:20:07,210719,50.560999605,-123.536435643,751.056000000,15,0.227000000,0.163000000,0.401000000
16:20:08,210719,50.560999647,-123.536435665,751.061000000,15,0.227000000,0.163000000,0.401000000
16:20:09,210719,50.560999678,-123.536435670,751.063000000,15,0.227000000,0.163000000,0.401000000
16:20:10,210719,50.560999660,-123.536435565,751.078000000,15,0.227000000,0.163000000,0.401000000
16:20:11,210719,50.560999663,-123.536435210,751.131000000,15,0.227000000,0.163000000,0.401000000
16:20:12,210719,50.560999680,-123.536434995,751.160000000,15,0.227000000,0.163000000,0.401000000
16:20:13,210719,50.560999645,-123.536434857,751.188000000,15,0.227000000,0.163000000,0.401000000
16:20:14,210719,50.560999555,-123.536434793,751.208000000,15,0.227000000,0.163000000,0.401000000
16:20:15,210719,50.560999478,-123.536434600,751.241000000,15,0.227000000,0.163000000,0.401000000
16:20:16,210719,50.560999475,-123.536434527,751.240000000,15,0.227000000,0.163000000,0.401000000
16:20:17,210719,50.560999500,-123.536434465,751.244000000,15,0.227000000,0.163000000,0.401000000
16:20:18,210719,50.560999540,-123.536434402,751.248000000,15,0.227000000,0.163000000,0.401000000
16:20:19,210719,50.560999608,-123.536434717,751.202000000,15,0.227000000,0.163000000,0.401000000
16:20:20,210719,50.560999535,-123.536434928,751.183000000,15,0.227000000,0.163000000,0.401000000
16:20:21,210719,50.560999585,-123.536434922,751.176000000,15,0.227000000,0.163000000,0.401000000
16:20:22,210719,50.560999573,-123.536434942,751.183000000,15,0.227000000,0.163000000,0.401000000
16:20:23,210719,50.560999548,-123.536434963,751.187000000,15,0.227000000,0.163000000,0.401000000
16:20:24,210719,50.560999537,-123.536434972,751.187000000,15,0.227000000,0.163000000,0.401000000
16:20:25,210719,50.560999555,-123.536434948,751.187000000,15,0.227000000,0.163000000,0.401000000
16:20:26,210719,50.560999567,-123.536434925,751.190000000,15,0.227000000,0.163000000,0.401000000
16:20:27,210719,50.560999583,-123.536434915,751.190000000,15,0.227000000,0.163000000,0.401000000
16:20:28,210719,50.560999613,-123.536434907,751.193000000,15,0.227000000,0.163000000,0.401000000
16:20:29,210719,50.560999625,-123.536434915,751.203000000,15,0.227000000,0.163000000,0.401000000
16:20:30,210719,50.560999653,-123.536434928,751.207000000,15,0.227000000,0.163000000,0.401000000
16:20:31,210719,50.560999677,-123.536434917,751.210000000,15,0.227000000,0.163000000,0.401000000
16:20:32,210719,50.560999753,-123.536434888,751.214000000,15,0.227000000,0.163000000,0.402000000
16:20:33,210719,50.560999817,-123.536434858,751.215000000,15,0.227000000,0.163000000,0.402000000
16:20:34,210719,50.560999867,-123.536434835,751.217000000,15,0.227000000,0.163000000,0.402000000
16:20:35,210719,50.560999903,-123.536434822,751.222000000,15,0.227000000,0.163000000,0.402000000
16:20:36,210719,50.560999917,-123.536434837,751.235000000,15,0.227000000,0.163000000,0.402000000
16:20:37,210719,50.560999912,-123.536434840,751.237000000,15,0.227000000,0.163000000,0.402000000
16:20:38,210719,50.560999852,-123.536434887,751.244000000,15,0.227000000,0.163000000,0.402000000
16:20:39,210719,50.560999820,-123.536434927,751.241000000,15,0.227000000,0.163000000,0.402000000
16:20:40,210719,50.560999770,-123.536434975,751.244000000,15,0.227000000,0.163000000,0.402000000
16:20:41,210719,50.560999758,-123.536434997,751.242000000,15,0.227000000,0.163000000,0.402000000
16:20:42,210719,50.560999740,-123.536434997,751.238000000,15,0.227000000,0.163000000,0.402000000
16:20:43,210719,50.560999765,-123.536434982,751.237000000,15,0.227000000,0.163000000,0.402000000
16:20:44,210719,50.560999745,-123.536434992,751.234000000,15,0.227000000,0.163000000,0.402000000
16:20:45,210719,50.560999720,-123.536434973,751.226000000,15,0.227000000,0.163000000,0.402000000
16:20:46,210719,50.560999718,-123.536434957,751.214000000,15,0.227000000,0.163000000,0.402000000
16:20:47,210719,50.560999690,-123.536434947,751.207000000,15,0.227000000,0.163000000,0.402000000
16:20:48,210719,50.560999683,-123.536434908,751.203000000,15,0.227000000,0.163000000,0.402000000
16:20:49,210719,50.560999722,-123.536434845,751.202000000,15,0.227000000,0.163000000,0.402000000
16:20:50,210719,50.560999805,-123.536434767,751.200000000,15,0.227000000,0.163000000,0.402000000
16:20:51,210719,50.560999860,-123.536434712,751.202000000,15,0.227000000,0.163000000,0.402000000
16:20:52,210719,50.560999918,-123.536434660,751.196000000,15,0.227000000,0.163000000,0.402000000
16:20:53,210719,50.560999943,-123.536434668,751.200000000,15,0.227000000,0.163000000,0.402000000
16:20:54,210719,50.560999942,-123.536434652,751.193000000,15,0.227000000,0.163000000,0.402000000
16:20:55,210719,50.560999933,-123.536434662,751.197000000,15,0.227000000,0.163000000,0.402000000
16:20:56,210719,50.560999908,-123.536434707,751.198000000,15,0.227000000,0.163000000,0.402000000
16:20:57,210719,50.560999873,-123.536434712,751.195000000,15,0.227000000,0.163000000,0.402000000
16:20:58,210719,50.560999823,-123.536434728,751.190000000,15,0.227000000,0.163000000,0.402000000
16:20:59,210719,50.560999780,-123.536434805,751.191000000,15,0.227000000,0.163000000,0.402000000
16:21:00,210719,50.560999712,-123.536434870,751.191000000,15,0.227000000,0.163000000,0.402000000
16:21:01,210719,50.560999688,-123.536434902,751.190000000,15,0.227000000,0.163000000,0.402000000
16:21:02,210719,50.560999645,-123.536434950,751.197000000,15,0.227000000,0.163000000,0.402000000
16:21:03,210719,50.560999625,-123.536435002,751.203000000,15,0.227000000,0.163000000,0.402000000
16:21:04,210719,50.560999618,-123.536435038,751.206000000,15,0.227000000,0.163000000,0.402000000
16:21:05,210719,50.560999603,-123.536435060,751.205000000,15,0.227000000,0.163000000,0.402000000
16:21:06,210719,50.560999585,-123.536435088,751.209000000,15,0.227000000,0.163000000,0.402000000
16:21:07,210719,50.560999562,-123.536435097,751.202000000,15,0.227000000,0.163000000,0.402000000
16:21:08,210719,50.560999510,-123.536435110,751.195000000,15,0.227000000,0.163000000,0.402000000
16:21:09,210719,50.560999478,-123.536435125,751.189000000,15,0.227000000,0.163000000,0.402000000
16:21:10,210719,50.560999427,-123.536435142,751.182000000,15,0.227000000,0.163000000,0.402000000
16:21:11,210719,50.560999442,-123.536435227,751.172000000,15,0.227000000,0.163000000,0.402000000
16:21:12,210719,50.560999472,-123.536435287,751.156000000,15,0.227000000,0.163000000,0.402000000
16:21:13,210719,50.560999490,-123.536435338,751.158000000,15,0.227000000,0.163000000,0.402000000
16:21:14,210719,50.560999545,-123.536435198,751.180000000,15,0.227000000,0.163000000,0.402000000
16:21:15,210719,50.560999605,-123.536435255,751.193000000,15,0.227000000,0.164000000,0.402000000
16:21:16,210719,50.560999693,-123.536435575,751.149000000,15,0.227000000,0.164000000,0.402000000
16:21:17,210719,50.560999752,-123.536435810,751.126000000,15,0.227000000,0.164000000,0.402000000
16:21:18,210719,50.560999758,-123.536435692,751.149000000,15,0.227000000,0.164000000,0.402000000
16:21:19,210719,50.560999672,-123.536435438,751.188000000,15,0.227000000,0.164000000,0.402000000
16:21:20,210719,50.560999630,-123.536435538,751.179000000,15,0.227000000,0.164000000,0.402000000
16:21:21,210719,50.560999435,-123.536435302,751.207000000,15,0.227000000,0.164000000,0.402000000
16:21:22,210719,50.560999345,-123.536435197,751.230000000,15,0.227000000,0.164000000,0.402000000
16:21:23,210719,50.560999250,-123.536435153,751.231000000,15,0.227000000,0.164000000,0.402000000
16:21:24,210719,50.560999213,-123.536435100,751.229000000,15,0.227000000,0.164000000,0.402000000
16:21:25,210719,50.560999033,-123.536435087,751.242000000,15,0.227000000,0.164000000,0.402000000
16:21:26,210719,50.560998872,-123.536435093,751.233000000,15,0.227000000,0.164000000,0.402000000
16:21:27,210719,50.560998792,-123.536435165,751.229000000,15,0.227000000,0.164000000,0.402000000
16:21:28,210719,50.560998728,-123.536435192,751.225000000,15,0.227000000,0.164000000,0.402000000
16:21:29,210719,50.560998667,-123.536435253,751.226000000,15,0.227000000,0.164000000,0.402000000
16:21:30,210719,50.560998605,-123.536435318,751.227000000,15,0.227000000,0.164000000,0.402000000
16:21:31,210719,50.560998562,-123.536435358,751.232000000,15,0.227000000,0.164000000,0.402000000
16:21:32,210719,50.560998558,-123.536435322,751.229000000,15,0.227000000,0.164000000,0.402000000
16:21:33,210719,50.560998552,-123.536435323,751.236000000,15,0.227000000,0.164000000,0.402000000
16:21:34,210719,50.560998497,-123.536435382,751.246000000,15,0.227000000,0.164000000,0.402000000
16:21:35,210719,50.560998522,-123.536435368,751.251000000,15,0.227000000,0.164000000,0.402000000
16:21:36,210719,50.560998553,-123.536435375,751.257000000,15,0.227000000,0.164000000,0.403000000
16:21:37,210719,50.560998592,-123.536435382,751.267000000,15,0.227000000,0.164000000,0.403000000
16:21:38,210719,50.560998600,-123.536435403,751.274000000,15,0.227000000,0.164000000,0.403000000
16:21:39,210719,50.560998598,-123.536435387,751.282000000,15,0.227000000,0.164000000,0.403000000
16:21:40,210719,50.560998508,-123.536435347,751.296000000,15,0.227000000,0.164000000,0.403000000
16:21:41,210719,50.560998428,-123.536435120,751.321000000,15,0.227000000,0.164000000,0.403000000
16:21:42,210719,50.560998492,-123.536435330,751.295000000,15,0.227000000,0.164000000,0.403000000
16:21:43,210719,50.560998505,-123.536435538,751.269000000,15,0.227000000,0.164000000,0.403000000
16:21:44,210719,50.560998550,-123.536435792,751.228000000,15,0.227000000,0.164000000,0.403000000
16:21:45,210719,50.560998548,-123.536435992,751.197000000,15,0.227000000,0.164000000,0.403000000
16:21:46,210719,50.560998528,-123.536436203,751.167000000,15,0.227000000,0.164000000,0.403000000
16:21:47,210719,50.560998498,-123.536436332,751.148000000,15,0.227000000,0.164000000,0.403000000
16:21:48,210719,50.560998507,-123.536436417,751.136000000,15,0.227000000,0.164000000,0.403000000
16:21:49,210719,50.560998518,-123.536436553,751.114000000,15,0.227000000,0.164000000,0.403000000
16:21:50,210719,50.560998560,-123.536436648,751.102000000,15,0.227000000,0.164000000,0.403000000
16:21:51,210719,50.560998582,-123.536436762,751.091000000,15,0.227000000,0.164000000,0.403000000
16:21:52,210719,50.560998697,-123.536436880,751.075000000,15,0.227000000,0.164000000,0.403000000
16:21:53,210719,50.560998712,-123.536436912,751.067000000,15,0.227000000,0.164000000,0.403000000
16:21:54,210719,50.560998698,-123.536436928,751.065000000,15,0.227000000,0.164000000,0.403000000
16:21:55,210719,50.560998748,-123.536436987,751.059000000,15,0.227000000,0.164000000,0.403000000
16:21:56,210719,50.560998865,-123.536436945,751.045000000,15,0.227000000,0.164000000,0.403000000
16:21:57,210719,50.560998948,-123.536436945,751.034000000,15,0.227000000,0.164000000,0.403000000
16:21:58,210719,50.560998995,-123.536436955,751.021000000,15,0.227000000,0.164000000,0.403000000
16:21:59,210719,50.560999028,-123.536436895,751.010000000,15,0.227000000,0.164000000,0.403000000
16:22:00,210719,50.560999088,-123.536436885,751.014000000,15,0.227000000,0.164000000,0.403000000
16:22:01,210719,50.560999108,-123.536436828,751.009000000,15,0.227000000,0.164000000,0.403000000
16:22:02,210719,50.560999072,-123.536436822,751.000000000,15,0.227000000,0.164000000,0.403000000
16:22:03,210719,50.560999040,-123.536436827,750.997000000,15,0.227000000,0.164000000,0.403000000
16:22:04,210719,50.560998988,-123.536436805,751.004000000,15,0.227000000,0.164000000,0.403000000
16:22:05,210719,50.560998943,-123.536436800,751.010000000,15,0.227000000,0.164000000,0.403000000
16:22:06,210719,50.560998897,-123.536436822,751.012000000,15,0.227000000,0.164000000,0.403000000
16:22:07,210719,50.560998877,-123.536436852,751.004000000,15,0.227000000,0.164000000,0.403000000
16:22:08,210719,50.560998837,-123.536436878,750.992000000,15,0.227000000,0.164000000,0.403000000
16:22:09,210719,50.560998788,-123.536436968,750.979000000,15,0.227000000,0.164000000,0.403000000
16:22:10,210719,50.560998750,-123.536437015,750.970000000,15,0.227000000,0.164000000,0.403000000
16:22:11,210719,50.560998738,-123.536437100,750.963000000,15,0.227000000,0.164000000,0.403000000
16:22:12,210719,50.560998735,-123.536437112,750.956000000,15,0.227000000,0.164000000,0.403000000
16:22:13,210719,50.560998780,-123.536437093,750.951000000,15,0.227000000,0.164000000,0.403000000
16:22:14,210719,50.560998860,-123.536437027,750.948000000,15,0.227000000,0.164000000,0.403000000
16:22:15,210719,50.560998913,-123.536437030,750.936000000,15,0.227000000,0.164000000,0.403000000
16:22:16,210719,50.560998975,-123.536437040,750.927000000,15,0.227000000,0.164000000,0.403000000
16:22:17,210719,50.560999078,-123.536437085,750.903000000,15,0.227000000,0.164000000,0.403000000
16:22:18,210719,50.560999130,-123.536437067,750.912000000,15,0.227000000,0.164000000,0.403000000
16:22:19,210719,50.560999173,-123.536437042,750.921000000,15,0.227000000,0.164000000,0.403000000
16:22:20,210719,50.560999197,-123.536437085,750.935000000,15,0.227000000,0.164000000,0.403000000
16:22:21,210719,50.560999235,-123.536436978,750.948000000,15,0.227000000,0.164000000,0.403000000
16:22:22,210719,50.560999230,-123.536436902,750.965000000,15,0.227000000,0.164000000,0.403000000
16:22:23,210719,50.560999200,-123.536436838,750.968000000,15,0.227000000,0.164000000,0.403000000
16:22:24,210719,50.560999242,-123.536436763,750.958000000,15,0.227000000,0.164000000,0.403000000
16:22:25,210719,50.560999252,-123.536436485,751.001000000,15,0.227000000,0.164000000,0.403000000
16:22:26,210719,50.560999108,-123.536435982,751.073000000,15,0.227000000,0.164000000,0.403000000
16:22:27,210719,50.560998985,-123.536435760,751.122000000,15,0.227000000,0.164000000,0.403000000
16:22:28,210719,50.560998822,-123.536435637,751.157000000,15,0.227000000,0.164000000,0.403000000
16:22:29,210719,50.560998760,-123.536435558,751.179000000,15,0.227000000,0.164000000,0.403000000
16:22:30,210719,50.560998705,-123.536435483,751.197000000,15,0.227000000,0.164000000,0.403000000
16:22:31,210719,50.560998652,-123.536435448,751.211000000,15,0.227000000,0.164000000,0.403000000
16:22:32,210719,50.560998572,-123.536435435,751.218000000,15,0.227000000,0.164000000,0.403000000
16:22:33,210719,50.560998493,-123.536435402,751.230000000,15,0.227000000,0.164000000,0.403000000
16:22:34,210719,50.560998398,-123.536435247,751.233000000,15,0.227000000,0.164000000,0.403000000
16:22:35,210719,50.560998428,-123.536435332,751.218000000,15,0.227000000,0.164000000,0.403000000
16:22:36,210719,50.560998467,-123.536435503,751.197000000,15,0.227000000,0.164000000,0.403000000
16:22:37,210719,50.560998540,-123.536435652,751.182000000,15,0.227000000,0.164000000,0.403000000
16:22:38,210719,50.560998645,-123.536435750,751.173000000,15,0.227000000,0.164000000,0.403000000
16:22:39,210719,50.560998722,-123.536435838,751.171000000,15,0.227000000,0.164000000,0.403000000
16:22:40,210719,50.560998773,-123.536435940,751.165000000,15,0.227000000,0.164000000,0.403000000
16:22:41,210719,50.560998870,-123.536436008,751.153000000,15,0.227000000,0.164000000,0.403000000
16:22:42,210719,50.560998912,-123.536436112,751.143000000,15,0.227000000,0.164000000,0.403000000
16:22:43,210719,50.560998973,-123.536436125,751.143000000,15,0.227000000,0.164000000,0.403000000
16:22:44,210719,50.560999030,-123.536436057,751.136000000,15,0.227000000,0.164000000,0.403000000
16:22:45,210719,50.560999080,-123.536436025,751.137000000,15,0.227000000,0.164000000,0.404000000
16:22:46,210719,50.560999023,-123.536435743,751.175000000,15,0.227000000,0.164000000,0.404000000
16:22:47,210719,50.560999042,-123.536435543,751.195000000,15,0.227000000,0.164000000,0.404000000
16:22:48,210719,50.560999045,-123.536435420,751.215000000,15,0.227000000,0.165000000,0.404000000
16:22:49,210719,50.560999028,-123.536435370,751.234000000,15,0.227000000,0.165000000,0.404000000
16:22:50,210719,50.560998970,-123.536435350,751.246000000,15,0.227000000,0.165000000,0.404000000
16:22:51,210719,50.560998910,-123.536435362,751.255000000,15,0.227000000,0.165000000,0.404000000
16:22:52,210719,50.560998882,-123.536435345,751.259000000,15,0.227000000,0.165000000,0.404000000
16:22:53,210719,50.560998828,-123.536435370,751.264000000,15,0.227000000,0.165000000,0.404000000
16:22:54,210719,50.560998793,-123.536435373,751.261000000,15,0.227000000,0.165000000,0.404000000
16:22:55,210719,50.560998782,-123.536435373,751.267000000,15,0.227000000,0.165000000,0.404000000
16:22:56,210719,50.560998800,-123.536435360,751.275000000,15,0.227000000,0.165000000,0.404000000
16:22:57,210719,50.560998797,-123.536435355,751.276000000,15,0.227000000,0.165000000,0.404000000
16:22:58,210719,50.560998795,-123.536435335,751.276000000,15,0.227000000,0.165000000,0.404000000
16:22:59,210719,50.560998810,-123.536435328,751.279000000,15,0.227000000,0.165000000,0.404000000
16:23:00,210719,50.560998860,-123.536435290,751.281000000,15,0.227000000,0.165000000,0.404000000
16:23:01,210719,50.560998900,-123.536435262,751.280000000,15,0.227000000,0.165000000,0.404000000
16:23:02,210719,50.560998932,-123.536435252,751.283000000,15,0.227000000,0.165000000,0.404000000
16:23:03,210719,50.560998973,-123.536435245,751.287000000,15,0.227000000,0.165000000,0.404000000
16:23:04,210719,50.560998977,-123.536435265,751.287000000,15,0.227000000,0.165000000,0.404000000
16:23:05,210719,50.560999002,-123.536435248,751.284000000,15,0.227000000,0.165000000,0.404000000
16:23:06,210719,50.560999015,-123.536435233,751.285000000,15,0.227000000,0.165000000,0.404000000
16:23:07,210719,50.560998992,-123.536435240,751.283000000,15,0.227000000,0.165000000,0.404000000
16:23:08,210719,50.560998925,-123.536435273,751.286000000,15,0.227000000,0.165000000,0.404000000
16:23:09,210719,50.560998880,-123.536435307,751.289000000,15,0.227000000,0.165000000,0.404000000
16:23:10,210719,50.560998848,-123.536435323,751.286000000,15,0.227000000,0.165000000,0.404000000
16:23:11,210719,50.560998813,-123.536435340,751.283000000,15,0.227000000,0.165000000,0.404000000
16:23:12,210719,50.560998792,-123.536435330,751.283000000,15,0.227000000,0.165000000,0.404000000
16:23:13,210719,50.560998800,-123.536435295,751.283000000,15,0.227000000,0.165000000,0.404000000
16:23:14,210719,50.560998798,-123.536435288,751.278000000,15,0.227000000,0.165000000,0.404000000
16:23:15,210719,50.560998747,-123.536435297,751.278000000,15,0.227000000,0.165000000,0.404000000
16:23:16,210719,50.560998743,-123.536435288,751.277000000,15,0.227000000,0.165000000,0.404000000
16:23:17,210719,50.560998747,-123.536435257,751.277000000,15,0.227000000,0.165000000,0.404000000
16:23:18,210719,50.560998765,-123.536435210,751.277000000,15,0.227000000,0.165000000,0.404000000
16:23:19,210719,50.560998780,-123.536435158,751.276000000,15,0.227000000,0.165000000,0.404000000
16:23:20,210719,50.560998833,-123.536435105,751.275000000,15,0.227000000,0.165000000,0.404000000
16:23:21,210719,50.560998868,-123.536435050,751.279000000,15,0.227000000,0.165000000,0.404000000
16:23:22,210719,50.560998922,-123.536434998,751.278000000,15,0.227000000,0.165000000,0.404000000
16:23:23,210719,50.560998940,-123.536434973,751.286000000,15,0.227000000,0.165000000,0.404000000
16:23:24,210719,50.560998995,-123.536434937,751.290000000,15,0.227000000,0.165000000,0.404000000
16:23:25,210719,50.560999042,-123.536434877,751.293000000,15,0.227000000,0.165000000,0.404000000
16:23:26,210719,50.560999092,-123.536434833,751.294000000,15,0.227000000,0.165000000,0.404000000
16:23:27,210719,50.560999127,-123.536434812,751.300000000,15,0.227000000,0.165000000,0.404000000
16:23:28,210719,50.560999160,-123.536434792,751.303000000,15,0.227000000,0.165000000,0.404000000
16:23:29,210719,50.560999167,-123.536434810,751.304000000,15,0.227000000,0.165000000,0.404000000
16:23:30,210719,50.560999177,-123.536434827,751.304000000,15,0.227000000,0.165000000,0.404000000
16:23:31,210719,50.560999127,-123.536434867,751.301000000,15,0.227000000,0.165000000,0.404000000
16:23:32,210719,50.560999072,-123.536434930,751.291000000,15,0.227000000,0.165000000,0.404000000
16:23:33,210719,50.560998970,-123.536434992,751.286000000,15,0.227000000,0.165000000,0.404000000
16:23:34,210719,50.560998837,-123.536435085,751.285000000,15,0.227000000,0.165000000,0.404000000
