TIME,DATE(ddMMyy),LATITUDEGGA,LONGITUDEGGA,ALTITUDEGGA,NUMBERSAT,LATERR,LONGERR,ALTERR
18:18:48,210719,50.561731483,-123.505066972,677.075000000,12,0.238000000,0.183000000,0.468000000
18:18:49,210719,50.561731453,-123.505066975,677.074000000,12,0.238000000,0.183000000,0.468000000
18:18:50,210719,50.561731393,-123.505066975,677.066000000,12,0.238000000,0.183000000,0.468000000
18:18:51,210719,50.561731317,-123.505066960,677.057000000,12,0.238000000,0.183000000,0.468000000
18:18:52,210719,50.561731160,-123.505066858,677.031000000,12,0.238000000,0.183000000,0.468000000
18:18:53,210719,50.561730997,-123.505066753,677.006000000,12,0.238000000,0.183000000,0.468000000
18:18:54,210719,50.561730825,-123.505066653,676.976000000,12,0.238000000,0.183000000,0.468000000
18:18:55,210719,50.561730680,-123.505066568,676.950000000,12,0.238000000,0.183000000,0.468000000
18:18:56,210719,50.561730527,-123.505066505,676.924000000,12,0.238000000,0.183000000,0.468000000
18:18:57,210719,50.561730390,-123.505066420,676.898000000,12,0.238000000,0.183000000,0.468000000
18:18:58,210719,50.561730258,-123.505066335,676.871000000,12,0.238000000,0.183000000,0.468000000
18:18:59,210719,50.561730140,-123.505066268,676.845000000,12,0.238000000,0.183000000,0.468000000
18:19:00,210719,50.561729988,-123.505066198,676.818000000,12,0.238000000,0.183000000,0.468000000
18:19:01,210719,50.561729878,-123.505066127,676.791000000,12,0.238000000,0.183000000,0.468000000
18:19:02,210719,50.561729742,-123.505066068,676.763000000,12,0.238000000,0.183000000,0.468000000
18:19:03,210719,50.561729607,-123.505065992,676.728000000,12,0.238000000,0.183000000,0.468000000
18:19:04,210719,50.561729447,-123.505065932,676.685000000,12,0.238000000,0.183000000,0.468000000
18:19:05,210719,50.561729382,-123.505065927,676.674000000,12,0.238000000,0.183000000,0.468000000
18:19:06,210719,50.561729100,-123.505065790,676.623000000,12,0.238000000,0.183000000,0.468000000
18:19:07,210719,50.561728932,-123.505065750,676.582000000,12,0.238000000,0.183000000,0.468000000
18:19:08,210719,50.561728788,-123.505065753,676.550000000,12,0.238000000,0.183000000,0.468000000
18:19:09,210719,50.561728815,-123.505065838,676.552000000,12,0.238000000,0.183000000,0.468000000
18:19:10,210719,50.561728748,-123.505065803,676.542000000,12,0.238000000,0.183000000,0.468000000
18:19:11,210719,50.561728685,-123.505065803,676.533000000,12,0.238000000,0.183000000,0.468000000
18:19:12,210719,50.561728697,-123.505065805,676.529000000,12,0.238000000,0.183000000,0.468000000
18:19:13,210719,50.561728735,-123.505065853,676.530000000,12,0.238000000,0.183000000,0.468000000
18:19:14,210719,50.561728788,-123.505065870,676.538000000,12,0.238000000,0.183000000,0.468000000
18:19:15,210719,50.561728842,-123.505065902,676.547000000,12,0.238000000,0.183000000,0.468000000
18:19:16,210719,50.561728895,-123.505065928,676.553000000,12,0.238000000,0.183000000,0.468000000
18:19:17,210719,50.561728967,-123.505065928,676.559000000,12,0.238000000,0.183000000,0.468000000
18:19:18,210719,50.561729022,-123.505065935,676.570000000,12,0.238000000,0.183000000,0.468000000
18:19:19,210719,50.561729093,-123.505065952,676.581000000,12,0.238000000,0.183000000,0.468000000
18:19:20,210719,50.561729162,-123.505065983,676.593000000,12,0.238000000,0.183000000,0.468000000
18:19:21,210719,50.561729210,-123.505066000,676.599000000,12,0.238000000,0.183000000,0.468000000
18:19:22,210719,50.561729247,-123.505066000,676.609000000,12,0.238000000,0.183000000,0.468000000
18:19:23,210719,50.561729307,-123.505066018,676.616000000,12,0.238000000,0.183000000,0.468000000
18:19:24,210719,50.561729372,-123.505066003,676.626000000,12,0.238000000,0.183000000,0.468000000
18:19:25,210719,50.561729455,-123.505066020,676.637000000,12,0.238000000,0.183000000,0.468000000
18:19:26,210719,50.561729513,-123.505066025,676.646000000,12,0.238000000,0.183000000,0.468000000
18:19:27,210719,50.561729568,-123.505066042,676.661000000,12,0.238000000,0.183000000,0.468000000
18:19:28,210719,50.561729618,-123.505066043,676.673000000,12,0.238000000,0.183000000,0.468000000
18:19:29,210719,50.561729692,-123.505066055,676.688000000,12,0.238000000,0.183000000,0.468000000
18:19:30,210719,50.561729743,-123.505066062,676.708000000,12,0.238000000,0.183000000,0.468000000
18:19:31,210719,50.561729813,-123.505066080,676.722000000,12,0.238000000,0.183000000,0.468000000
18:19:32,210719,50.561729877,-123.505066065,676.713000000,12,0.238000000,0.183000000,0.468000000
18:19:33,210719,50.561730018,-123.505066127,676.739000000,12,0.238000000,0.183000000,0.468000000
18:19:34,210719,50.561730055,-123.505066087,676.752000000,13,0.217000000,0.177000000,0.452000000
18:19:35,210719,50.561730112,-123.505066068,676.767000000,13,0.217000000,0.177000000,0.452000000
18:19:36,210719,50.561730140,-123.505066037,676.775000000,13,0.217000000,0.177000000,0.452000000
18:19:37,210719,50.561730152,-123.505065978,676.776000000,13,0.217000000,0.177000000,0.452000000
18:19:38,210719,50.561730150,-123.505065943,676.775000000,13,0.217000000,0.177000000,0.452000000
18:19:39,210719,50.561730140,-123.505065942,676.777000000,13,0.217000000,0.177000000,0.452000000
18:19:40,210719,50.561730127,-123.505065928,676.773000000,13,0.217000000,0.176000000,0.453000000
18:19:41,210719,50.561730097,-123.505065943,676.773000000,13,0.217000000,0.176000000,0.453000000
18:19:42,210719,50.561730100,-123.505065813,676.795000000,13,0.217000000,0.176000000,0.453000000
18:19:43,210719,50.561730010,-123.505065838,676.766000000,13,0.217000000,0.176000000,0.453000000
18:19:44,210719,50.561730027,-123.505065807,676.752000000,13,0.217000000,0.176000000,0.453000000
18:19:45,210719,50.561730015,-123.505065775,676.758000000,13,0.217000000,0.176000000,0.453000000
18:19:46,210719,50.561730018,-123.505065780,676.757000000,12,0.224000000,0.195000000,0.590000000
18:19:47,210719,50.561730013,-123.505065742,676.740000000,12,0.224000000,0.195000000,0.590000000
18:19:48,210719,50.561730042,-123.505065742,676.734000000,12,0.224000000,0.195000000,0.590000000
18:19:49,210719,50.561730028,-123.505065707,676.733000000,12,0.224000000,0.195000000,0.590000000
18:19:50,210719,50.561730030,-123.505065708,676.728000000,12,0.224000000,0.195000000,0.590000000
18:19:51,210719,50.561730022,-123.505065678,676.730000000,12,0.224000000,0.195000000,0.590000000
18:19:52,210719,50.561730008,-123.505065662,676.728000000,12,0.224000000,0.195000000,0.590000000
18:19:53,210719,50.561730025,-123.505065668,676.725000000,12,0.224000000,0.195000000,0.590000000
18:19:54,210719,50.561730040,-123.505065693,676.720000000,12,0.224000000,0.195000000,0.590000000
18:19:55,210719,50.561730057,-123.505065693,676.728000000,11,0.238000000,0.225000000,0.709000000
18:19:56,210719,50.561730082,-123.505065718,676.726000000,11,0.238000000,0.225000000,0.709000000
18:19:57,210719,50.561730110,-123.505065705,676.727000000,11,0.238000000,0.225000000,0.709000000
18:19:58,210719,50.561730128,-123.505065733,676.724000000,11,0.238000000,0.225000000,0.709000000
18:19:59,210719,50.561730155,-123.505065742,676.720000000,11,0.238000000,0.225000000,0.709000000
18:20:00,210719,50.561730168,-123.505065752,676.718000000,11,0.238000000,0.225000000,0.709000000
18:20:01,210719,50.561730182,-123.505065767,676.715000000,11,0.238000000,0.225000000,0.709000000
18:20:02,210719,50.561730200,-123.505065780,676.713000000,11,0.238000000,0.225000000,0.709000000
18:20:03,210719,50.561730208,-123.505065800,676.711000000,11,0.238000000,0.225000000,0.709000000
18:20:04,210719,50.561730227,-123.505065817,676.711000000,11,0.238000000,0.225000000,0.709000000
18:20:05,210719,50.561730243,-123.505065803,676.717000000,11,0.238000000,0.225000000,0.709000000
18:20:06,210719,50.561730263,-123.505065798,676.726000000,11,0.238000000,0.225000000,0.709000000
18:20:07,210719,50.561730322,-123.505065745,676.737000000,11,0.238000000,0.225000000,0.708000000
18:20:08,210719,50.561730345,-123.505065718,676.750000000,11,0.238000000,0.225000000,0.708000000
18:20:09,210719,50.561730415,-123.505065703,676.763000000,11,0.238000000,0.225000000,0.708000000
18:20:10,210719,50.561730472,-123.505065660,676.784000000,11,0.238000000,0.225000000,0.708000000
18:20:11,210719,50.561730518,-123.505065572,676.791000000,11,0.238000000,0.225000000,0.708000000
18:20:12,210719,50.561730390,-123.505065520,676.786000000,11,0.238000000,0.225000000,0.708000000
18:20:13,210719,50.561730365,-123.505065447,676.762000000,11,0.238000000,0.225000000,0.708000000
18:20:14,210719,50.561730355,-123.505065433,676.755000000,11,0.238000000,0.225000000,0.708000000
18:20:15,210719,50.561730353,-123.505065410,676.744000000,12,0.238000000,0.182000000,0.468000000
18:20:16,210719,50.561730320,-123.505065360,676.734000000,12,0.238000000,0.182000000,0.468000000
18:20:17,210719,50.561730305,-123.505065305,676.727000000,12,0.238000000,0.182000000,0.468000000
18:20:18,210719,50.561730452,-123.505065298,676.717000000,12,0.238000000,0.182000000,0.468000000
18:20:19,210719,50.561730183,-123.505065368,676.643000000,12,0.238000000,0.182000000,0.468000000
18:20:20,210719,50.561730025,-123.505065320,676.609000000,12,0.238000000,0.182000000,0.468000000
18:20:21,210719,50.561729925,-123.505065257,676.592000000,12,0.238000000,0.182000000,0.468000000
18:20:22,210719,50.561729872,-123.505065228,676.577000000,13,0.217000000,0.176000000,0.453000000
18:20:23,210719,50.561729867,-123.505065238,676.578000000,13,0.217000000,0.176000000,0.453000000
18:20:24,210719,50.561729867,-123.505065215,676.583000000,13,0.217000000,0.176000000,0.453000000
18:20:25,210719,50.561729912,-123.505065195,676.596000000,13,0.217000000,0.176000000,0.453000000
18:20:26,210719,50.561729967,-123.505065190,676.606000000,13,0.217000000,0.176000000,0.453000000
18:20:27,210719,50.561730012,-123.505065172,676.623000000,13,0.217000000,0.176000000,0.453000000
18:20:28,210719,50.561729957,-123.505065183,676.624000000,12,0.223000000,0.195000000,0.590000000
18:20:29,210719,50.561730158,-123.505065140,676.689000000,12,0.223000000,0.195000000,0.590000000
18:20:30,210719,50.561730232,-123.505065297,676.687000000,12,0.223000000,0.195000000,0.590000000
18:20:31,210719,50.561730310,-123.505065285,676.713000000,12,0.223000000,0.195000000,0.590000000
18:20:32,210719,50.561730335,-123.505065282,676.719000000,13,0.217000000,0.176000000,0.453000000
18:20:33,210719,50.561730360,-123.505065297,676.729000000,13,0.217000000,0.176000000,0.453000000
18:20:34,210719,50.561730380,-123.505065320,676.739000000,12,0.223000000,0.195000000,0.590000000
18:20:35,210719,50.561730437,-123.505065340,676.740000000,12,0.223000000,0.195000000,0.590000000
18:20:36,210719,50.561730455,-123.505065363,676.753000000,12,0.223000000,0.195000000,0.590000000
18:20:37,210719,50.561730372,-123.505065315,676.746000000,12,0.223000000,0.195000000,0.590000000
18:20:38,210719,50.561730502,-123.505065337,676.801000000,12,0.223000000,0.195000000,0.590000000
18:20:39,210719,50.561730518,-123.505065313,676.810000000,12,0.223000000,0.195000000,0.590000000
18:20:40,210719,50.561730405,-123.505065375,676.760000000,12,0.223000000,0.195000000,0.590000000
18:20:41,210719,50.561730523,-123.505065618,676.762000000,12,0.223000000,0.195000000,0.590000000
18:20:42,210719,50.561730590,-123.505065583,676.779000000,13,0.217000000,0.175000000,0.453000000
18:20:43,210719,50.561730647,-123.505065570,676.819000000,12,0.223000000,0.195000000,0.589000000
18:20:44,210719,50.561730692,-123.505065465,676.845000000,12,0.223000000,0.195000000,0.589000000
18:20:45,210719,50.561730748,-123.505065470,676.862000000,12,0.223000000,0.195000000,0.589000000
18:20:46,210719,50.561730810,-123.505065463,676.884000000,12,0.223000000,0.195000000,0.589000000
18:20:47,210719,50.561730873,-123.505065438,676.904000000,12,0.223000000,0.195000000,0.589000000
18:20:48,210719,50.561730947,-123.505065443,676.928000000,12,0.223000000,0.195000000,0.589000000
18:20:49,210719,50.561731033,-123.505065465,676.954000000,12,0.223000000,0.195000000,0.589000000
18:20:50,210719,50.561731152,-123.505065467,676.983000000,12,0.223000000,0.195000000,0.589000000
18:20:51,210719,50.561731252,-123.505065497,677.007000000,12,0.223000000,0.195000000,0.589000000
18:20:52,210719,50.561731383,-123.505065517,677.040000000,12,0.223000000,0.195000000,0.589000000
18:20:53,210719,50.561731502,-123.505065568,677.074000000,12,0.223000000,0.195000000,0.589000000
18:20:54,210719,50.561731635,-123.505065590,677.107000000,12,0.223000000,0.195000000,0.589000000
18:20:55,210719,50.561731780,-123.505065630,677.141000000,12,0.223000000,0.195000000,0.589000000
18:20:56,210719,50.561731925,-123.505065640,677.179000000,12,0.223000000,0.195000000,0.589000000
18:20:57,210719,50.561732102,-123.505065680,677.213000000,12,0.223000000,0.195000000,0.589000000
18:20:58,210719,50.561732237,-123.505065687,677.247000000,12,0.223000000,0.195000000,0.589000000
18:20:59,210719,50.561732398,-123.505065675,677.285000000,12,0.223000000,0.195000000,0.589000000
18:21:00,210719,50.561732570,-123.505065688,677.324000000,12,0.223000000,0.195000000,0.589000000
18:21:01,210719,50.561732710,-123.505065670,677.366000000,12,0.223000000,0.195000000,0.589000000
18:21:02,210719,50.561732870,-123.505065683,677.404000000,12,0.223000000,0.195000000,0.589000000
18:21:03,210719,50.561733028,-123.505065703,677.443000000,12,0.223000000,0.195000000,0.589000000
18:21:04,210719,50.561733192,-123.505065675,677.488000000,12,0.223000000,0.195000000,0.589000000
18:21:05,210719,50.561733363,-123.505065732,677.525000000,12,0.223000000,0.195000000,0.589000000
18:21:06,210719,50.561733520,-123.505065713,677.565000000,12,0.223000000,0.195000000,0.589000000
18:21:07,210719,50.561733663,-123.505065707,677.596000000,12,0.223000000,0.195000000,0.589000000
18:21:08,210719,50.561733788,-123.505065745,677.627000000,12,0.223000000,0.195000000,0.589000000
18:21:09,210719,50.561733893,-123.505065760,677.651000000,12,0.223000000,0.195000000,0.589000000
18:21:10,210719,50.561734002,-123.505065763,677.671000000,12,0.222000000,0.195000000,0.589000000
18:21:11,210719,50.561734068,-123.505065753,677.685000000,12,0.222000000,0.195000000,0.589000000
18:21:12,210719,50.561734118,-123.505065773,677.686000000,12,0.222000000,0.195000000,0.589000000
18:21:13,210719,50.561734165,-123.505065788,677.689000000,12,0.222000000,0.195000000,0.589000000
18:21:14,210719,50.561734195,-123.505065730,677.705000000,12,0.222000000,0.195000000,0.589000000
18:21:15,210719,50.561734207,-123.505065708,677.701000000,12,0.222000000,0.195000000,0.589000000
18:21:16,210719,50.561734238,-123.505065698,677.705000000,12,0.222000000,0.195000000,0.589000000
18:21:17,210719,50.561734245,-123.505065680,677.702000000,12,0.222000000,0.195000000,0.589000000
18:21:18,210719,50.561734278,-123.505065635,677.698000000,12,0.222000000,0.195000000,0.589000000
18:21:19,210719,50.561734275,-123.505065603,677.703000000,12,0.222000000,0.195000000,0.589000000
18:21:20,210719,50.561734268,-123.505065650,677.698000000,12,0.222000000,0.195000000,0.589000000
18:21:21,210719,50.561734287,-123.505065633,677.688000000,12,0.222000000,0.195000000,0.589000000
18:21:22,210719,50.561734302,-123.505065572,677.683000000,12,0.222000000,0.195000000,0.589000000
18:21:23,210719,50.561734305,-123.505065603,677.679000000,12,0.222000000,0.195000000,0.589000000
18:21:24,210719,50.561734283,-123.505065590,677.677000000,12,0.222000000,0.195000000,0.589000000
18:21:25,210719,50.561734265,-123.505065578,677.673000000,12,0.222000000,0.195000000,0.589000000
18:21:26,210719,50.561734278,-123.505065553,677.669000000,12,0.222000000,0.195000000,0.589000000
18:21:27,210719,50.561734262,-123.505065547,677.663000000,12,0.222000000,0.195000000,0.589000000
18:21:28,210719,50.561734253,-123.505065540,677.660000000,12,0.222000000,0.195000000,0.589000000
18:21:29,210719,50.561734250,-123.505065550,677.653000000,12,0.222000000,0.195000000,0.589000000
18:21:30,210719,50.561734245,-123.505065542,677.647000000,12,0.222000000,0.195000000,0.589000000
18:21:31,210719,50.561734252,-123.505065537,677.652000000,12,0.222000000,0.195000000,0.589000000
18:21:32,210719,50.561734237,-123.505065520,677.657000000,12,0.222000000,0.195000000,0.589000000
18:21:33,210719,50.561734232,-123.505065522,677.664000000,12,0.222000000,0.195000000,0.589000000
18:21:34,210719,50.561734247,-123.505065557,677.672000000,12,0.222000000,0.195000000,0.589000000
18:21:35,210719,50.561734282,-123.505065540,677.687000000,12,0.222000000,0.195000000,0.589000000
18:21:36,210719,50.561734352,-123.505065565,677.698000000,12,0.222000000,0.195000000,0.589000000
18:21:37,210719,50.561734400,-123.505065582,677.709000000,12,0.222000000,0.195000000,0.589000000
18:21:38,210719,50.561734472,-123.505065542,677.736000000,12,0.222000000,0.195000000,0.589000000
18:21:39,210719,50.561734493,-123.505065597,677.743000000,12,0.222000000,0.195000000,0.589000000
18:21:40,210719,50.561734493,-123.505065548,677.765000000,12,0.222000000,0.195000000,0.589000000
18:21:41,210719,50.561734527,-123.505065570,677.763000000,13,0.217000000,0.174000000,0.453000000
18:21:42,210719,50.561734520,-123.505065602,677.759000000,13,0.217000000,0.174000000,0.453000000
18:21:43,210719,50.561734515,-123.505065568,677.767000000,13,0.217000000,0.174000000,0.453000000
18:21:44,210719,50.561734530,-123.505065510,677.781000000,13,0.217000000,0.174000000,0.453000000
18:21:45,210719,50.561734518,-123.505065518,677.780000000,13,0.217000000,0.174000000,0.453000000
18:21:46,210719,50.561734515,-123.505065530,677.781000000,13,0.217000000,0.174000000,0.453000000
18:21:47,210719,50.561734458,-123.505065553,677.780000000,13,0.217000000,0.174000000,0.453000000
18:21:48,210719,50.561734440,-123.505065602,677.785000000,13,0.217000000,0.174000000,0.453000000
18:21:49,210719,50.561734433,-123.505065570,677.785000000,13,0.217000000,0.174000000,0.453000000
18:21:50,210719,50.561734440,-123.505065580,677.793000000,13,0.217000000,0.174000000,0.453000000
18:21:51,210719,50.561734445,-123.505065597,677.800000000,13,0.217000000,0.174000000,0.453000000
18:21:52,210719,50.561734465,-123.505065623,677.804000000,13,0.217000000,0.174000000,0.453000000
18:21:53,210719,50.561734410,-123.505065572,677.797000000,13,0.216000000,0.174000000,0.453000000
18:21:54,210719,50.561734388,-123.505065578,677.806000000,13,0.216000000,0.174000000,0.453000000
18:21:55,210719,50.561734355,-123.505065558,677.800000000,13,0.216000000,0.174000000,0.453000000
18:21:56,210719,50.561734235,-123.505065492,677.790000000,13,0.216000000,0.174000000,0.453000000
18:21:57,210719,50.561734362,-123.505065470,677.792000000,13,0.216000000,0.174000000,0.453000000
18:21:58,210719,50.561734318,-123.505065435,677.824000000,13,0.216000000,0.174000000,0.453000000
18:21:59,210719,50.561734327,-123.505065535,677.812000000,13,0.216000000,0.174000000,0.453000000
18:22:00,210719,50.561734285,-123.505065503,677.812000000,13,0.216000000,0.174000000,0.453000000
18:22:01,210719,50.561734218,-123.505065513,677.814000000,13,0.216000000,0.174000000,0.453000000
18:22:02,210719,50.561734175,-123.505065555,677.809000000,13,0.216000000,0.174000000,0.453000000
18:22:03,210719,50.561734120,-123.505065547,677.807000000,13,0.216000000,0.174000000,0.453000000
18:22:04,210719,50.561734093,-123.505065567,677.804000000,13,0.216000000,0.174000000,0.453000000
18:22:05,210719,50.561734088,-123.505065387,677.831000000,13,0.216000000,0.174000000,0.453000000
18:22:06,210719,50.561734088,-123.505065330,677.849000000,13,0.216000000,0.174000000,0.453000000
18:22:07,210719,50.561734160,-123.505065248,677.852000000,13,0.216000000,0.174000000,0.453000000
18:22:08,210719,50.561734143,-123.505065277,677.843000000,12,0.222000000,0.195000000,0.588000000
18:22:09,210719,50.561734117,-123.505065293,677.824000000,12,0.222000000,0.195000000,0.588000000
18:22:10,210719,50.561734085,-123.505065323,677.809000000,12,0.222000000,0.195000000,0.588000000
18:22:11,210719,50.561734047,-123.505065315,677.793000000,12,0.222000000,0.195000000,0.588000000
18:22:12,210719,50.561733968,-123.505065348,677.773000000,12,0.222000000,0.195000000,0.588000000
18:22:13,210719,50.561733917,-123.505065377,677.757000000,12,0.222000000,0.195000000,0.588000000
18:22:14,210719,50.561733868,-123.505065413,677.735000000,12,0.221000000,0.195000000,0.588000000
18:22:15,210719,50.561733773,-123.505065432,677.711000000,12,0.221000000,0.195000000,0.588000000
18:22:16,210719,50.561733720,-123.505065452,677.695000000,12,0.221000000,0.195000000,0.588000000
18:22:17,210719,50.561733643,-123.505065455,677.673000000,12,0.221000000,0.195000000,0.588000000
18:22:18,210719,50.561733603,-123.505065453,677.657000000,12,0.221000000,0.195000000,0.588000000
18:22:19,210719,50.561733538,-123.505065448,677.636000000,12,0.221000000,0.195000000,0.588000000
18:22:20,210719,50.561733488,-123.505065467,677.617000000,12,0.221000000,0.196000000,0.588000000
18:22:21,210719,50.561733445,-123.505065453,677.604000000,12,0.221000000,0.196000000,0.588000000
18:22:22,210719,50.561733417,-123.505065493,677.599000000,12,0.221000000,0.196000000,0.588000000
18:22:23,210719,50.561733332,-123.505065322,677.609000000,12,0.221000000,0.196000000,0.588000000
18:22:24,210719,50.561733372,-123.505065387,677.584000000,12,0.221000000,0.196000000,0.588000000
18:22:25,210719,50.561733343,-123.505065380,677.580000000,12,0.221000000,0.196000000,0.588000000
18:22:26,210719,50.561733290,-123.505065388,677.566000000,13,0.216000000,0.174000000,0.453000000
18:22:27,210719,50.561733252,-123.505065398,677.558000000,13,0.216000000,0.174000000,0.453000000
18:22:28,210719,50.561733218,-123.505065407,677.549000000,13,0.216000000,0.174000000,0.453000000
18:22:29,210719,50.561733190,-123.505065407,677.540000000,13,0.216000000,0.174000000,0.453000000
18:22:30,210719,50.561733152,-123.505065408,677.536000000,13,0.216000000,0.174000000,0.453000000
18:22:31,210719,50.561733097,-123.505065390,677.526000000,13,0.216000000,0.174000000,0.453000000
18:22:32,210719,50.561733108,-123.505065360,677.521000000,13,0.216000000,0.174000000,0.453000000
18:22:33,210719,50.561733148,-123.505065210,677.575000000,13,0.216000000,0.174000000,0.453000000
18:22:34,210719,50.561733215,-123.505065160,677.579000000,13,0.216000000,0.174000000,0.453000000
18:22:35,210719,50.561733192,-123.505065130,677.569000000,12,0.221000000,0.196000000,0.588000000
18:22:36,210719,50.561733162,-123.505065117,677.552000000,12,0.221000000,0.196000000,0.588000000
18:22:37,210719,50.561733153,-123.505065138,677.539000000,12,0.221000000,0.196000000,0.588000000
18:22:38,210719,50.561733102,-123.505065167,677.528000000,12,0.221000000,0.196000000,0.588000000
18:22:39,210719,50.561733053,-123.505065168,677.517000000,12,0.221000000,0.196000000,0.588000000
18:22:40,210719,50.561733037,-123.505065187,677.518000000,12,0.221000000,0.196000000,0.588000000
18:22:41,210719,50.561732998,-123.505065213,677.481000000,13,0.221000000,0.196000000,0.588000000
18:22:42,210719,50.561732983,-123.505065262,677.473000000,13,0.216000000,0.173000000,0.453000000
18:22:43,210719,50.561732963,-123.505065277,677.475000000,13,0.216000000,0.173000000,0.453000000
18:22:44,210719,50.561732998,-123.505065288,677.477000000,13,0.216000000,0.173000000,0.453000000
18:22:45,210719,50.561732978,-123.505065298,677.470000000,13,0.216000000,0.173000000,0.453000000
18:22:46,210719,50.561732960,-123.505065313,677.470000000,13,0.216000000,0.173000000,0.453000000
18:22:47,210719,50.561732953,-123.505065333,677.464000000,13,0.216000000,0.173000000,0.453000000
18:22:48,210719,50.561732957,-123.505065360,677.458000000,13,0.216000000,0.173000000,0.453000000
18:22:49,210719,50.561732960,-123.505065378,677.452000000,13,0.216000000,0.173000000,0.453000000
18:22:50,210719,50.561732940,-123.505065393,677.450000000,13,0.216000000,0.173000000,0.453000000
18:22:51,210719,50.561732917,-123.505065435,677.453000000,13,0.216000000,0.173000000,0.453000000
18:22:52,210719,50.561732927,-123.505065453,677.446000000,13,0.216000000,0.173000000,0.453000000
18:22:53,210719,50.561732948,-123.505065502,677.434000000,13,0.216000000,0.173000000,0.453000000
18:22:54,210719,50.561732957,-123.505065507,677.430000000,13,0.216000000,0.173000000,0.453000000
18:22:55,210719,50.561732968,-123.505065530,677.426000000,13,0.216000000,0.173000000,0.453000000
18:22:56,210719,50.561732980,-123.505065562,677.419000000,13,0.216000000,0.173000000,0.453000000
18:22:57,210719,50.561733012,-123.505065637,677.410000000,13,0.216000000,0.173000000,0.453000000
18:22:58,210719,50.561732988,-123.505065682,677.396000000,12,0.216000000,0.173000000,0.453000000
18:22:59,210719,50.561732993,-123.505065665,677.396000000,12,0.221000000,0.196000000,0.588000000
18:23:00,210719,50.561732992,-123.505065647,677.394000000,12,0.221000000,0.196000000,0.588000000
18:23:01,210719,50.561732997,-123.505065655,677.388000000,12,0.221000000,0.196000000,0.588000000
18:23:02,210719,50.561732993,-123.505065670,677.388000000,12,0.221000000,0.196000000,0.587000000
18:23:03,210719,50.561732992,-123.505065668,677.385000000,12,0.221000000,0.196000000,0.587000000
18:23:04,210719,50.561732992,-123.505065663,677.380000000,12,0.221000000,0.196000000,0.587000000
18:23:05,210719,50.561732965,-123.505065683,677.382000000,12,0.221000000,0.196000000,0.587000000
18:23:06,210719,50.561732960,-123.505065707,677.381000000,12,0.221000000,0.196000000,0.587000000
18:23:07,210719,50.561732970,-123.505065770,677.382000000,12,0.221000000,0.196000000,0.587000000
18:23:08,210719,50.561732990,-123.505065788,677.378000000,12,0.221000000,0.196000000,0.587000000
18:23:09,210719,50.561733017,-123.505065797,677.376000000,12,0.221000000,0.196000000,0.587000000
18:23:10,210719,50.561733022,-123.505065792,677.373000000,12,0.221000000,0.196000000,0.587000000
18:23:11,210719,50.561732987,-123.505065795,677.373000000,12,0.221000000,0.196000000,0.587000000
18:23:12,210719,50.561732990,-123.505065817,677.372000000,12,0.221000000,0.196000000,0.587000000
18:23:13,210719,50.561732992,-123.505065843,677.376000000,14,0.215000000,0.149000000,0.394000000
18:23:14,210719,50.561732988,-123.505065873,677.370000000,13,0.216000000,0.173000000,0.453000000
18:23:15,210719,50.561732997,-123.505065908,677.356000000,14,0.215000000,0.149000000,0.394000000
18:23:16,210719,50.561732975,-123.505065930,677.343000000,13,0.216000000,0.173000000,0.453000000
18:23:17,210719,50.561732935,-123.505065955,677.339000000,13,0.216000000,0.173000000,0.453000000
18:23:18,210719,50.561732938,-123.505065960,677.340000000,13,0.216000000,0.173000000,0.453000000
18:23:19,210719,50.561732925,-123.505065942,677.335000000,13,0.216000000,0.173000000,0.453000000
18:23:20,210719,50.561732927,-123.505065918,677.333000000,13,0.216000000,0.173000000,0.453000000
18:23:21,210719,50.561732957,-123.505065883,677.336000000,13,0.216000000,0.173000000,0.453000000
18:23:22,210719,50.561732993,-123.505065860,677.327000000,13,0.216000000,0.173000000,0.453000000
18:23:23,210719,50.561732995,-123.505065853,677.318000000,13,0.216000000,0.173000000,0.453000000
18:23:24,210719,50.561733007,-123.505065840,677.318000000,13,0.216000000,0.173000000,0.453000000
18:23:25,210719,50.561733018,-123.505065845,677.313000000,13,0.216000000,0.173000000,0.453000000
18:23:26,210719,50.561733037,-123.505065872,677.316000000,13,0.216000000,0.173000000,0.453000000
18:23:27,210719,50.561733025,-123.505065835,677.321000000,12,0.220000000,0.196000000,0.587000000
18:23:28,210719,50.561733037,-123.505065858,677.324000000,12,0.220000000,0.196000000,0.587000000
18:23:29,210719,50.561733018,-123.505065847,677.320000000,12,0.220000000,0.196000000,0.587000000
18:23:30,210719,50.561732988,-123.505065840,677.311000000,13,0.220000000,0.196000000,0.587000000
18:23:31,210719,50.561732978,-123.505065828,677.311000000,13,0.216000000,0.173000000,0.453000000
18:23:32,210719,50.561732945,-123.505065845,677.305000000,13,0.216000000,0.173000000,0.453000000
18:23:33,210719,50.561732947,-123.505065787,677.305000000,13,0.216000000,0.173000000,0.453000000
18:23:34,210719,50.561732922,-123.505065760,677.302000000,13,0.216000000,0.173000000,0.453000000
18:23:35,210719,50.561732933,-123.505065775,677.289000000,13,0.216000000,0.173000000,0.453000000
18:23:36,210719,50.561732937,-123.505065760,677.289000000,13,0.216000000,0.173000000,0.453000000
18:23:37,210719,50.561732960,-123.505065752,677.294000000,13,0.216000000,0.173000000,0.453000000
18:23:38,210719,50.561732957,-123.505065765,677.303000000,13,0.216000000,0.173000000,0.453000000
18:23:39,210719,50.561732980,-123.505065762,677.311000000,13,0.216000000,0.173000000,0.453000000
18:23:40,210719,50.561733005,-123.505065770,677.318000000,13,0.216000000,0.173000000,0.453000000
18:23:41,210719,50.561733040,-123.505065752,677.332000000,13,0.216000000,0.173000000,0.453000000
18:23:42,210719,50.561733088,-123.505065738,677.338000000,13,0.216000000,0.173000000,0.453000000
18:23:43,210719,50.561733140,-123.505065728,677.349000000,13,0.216000000,0.173000000,0.453000000
18:23:44,210719,50.561733175,-123.505065713,677.356000000,13,0.216000000,0.173000000,0.453000000
18:23:45,210719,50.561733210,-123.505065667,677.366000000,13,0.216000000,0.173000000,0.453000000
18:23:46,210719,50.561733235,-123.505065622,677.380000000,13,0.216000000,0.173000000,0.453000000
18:23:47,210719,50.561733242,-123.505065600,677.401000000,13,0.216000000,0.173000000,0.453000000
18:23:48,210719,50.561733260,-123.505065593,677.411000000,13,0.216000000,0.173000000,0.453000000
18:23:49,210719,50.561733268,-123.505065558,677.426000000,13,0.216000000,0.173000000,0.453000000
18:23:50,210719,50.561733277,-123.505065518,677.432000000,13,0.216000000,0.173000000,0.453000000
18:23:51,210719,50.561733292,-123.505065500,677.433000000,13,0.216000000,0.173000000,0.453000000
18:23:52,210719,50.561733275,-123.505065493,677.435000000,13,0.216000000,0.172000000,0.453000000
18:23:53,210719,50.561733265,-123.505065460,677.437000000,13,0.216000000,0.172000000,0.453000000
18:23:54,210719,50.561733258,-123.505065478,677.436000000,13,0.216000000,0.172000000,0.453000000
18:23:55,210719,50.561733242,-123.505065502,677.435000000,13,0.216000000,0.172000000,0.453000000
18:23:56,210719,50.561733217,-123.505065483,677.434000000,13,0.216000000,0.172000000,0.453000000
18:23:57,210719,50.561733170,-123.505065468,677.440000000,13,0.216000000,0.172000000,0.453000000
18:23:58,210719,50.561733163,-123.505065450,677.450000000,13,0.216000000,0.172000000,0.453000000
18:23:59,210719,50.561733143,-123.505065408,677.449000000,13,0.216000000,0.172000000,0.453000000
18:24:00,210719,50.561733135,-123.505065378,677.457000000,13,0.216000000,0.172000000,0.453000000
18:24:01,210719,50.561733102,-123.505065363,677.457000000,13,0.216000000,0.172000000,0.453000000
18:24:02,210719,50.561733072,-123.505065375,677.453000000,13,0.216000000,0.172000000,0.453000000
18:24:03,210719,50.561733065,-123.505065420,677.453000000,13,0.216000000,0.172000000,0.453000000
18:24:04,210719,50.561733073,-123.505065412,677.446000000,13,0.216000000,0.172000000,0.453000000
18:24:05,210719,50.561733022,-123.505065382,677.440000000,13,0.216000000,0.172000000,0.453000000
18:24:06,210719,50.561733023,-123.505065368,677.437000000,13,0.216000000,0.172000000,0.453000000
18:24:07,210719,50.561733028,-123.505065373,677.439000000,13,0.216000000,0.172000000,0.453000000
18:24:08,210719,50.561732987,-123.505065390,677.439000000,13,0.216000000,0.172000000,0.453000000
18:24:09,210719,50.561732967,-123.505065378,677.445000000,13,0.216000000,0.172000000,0.453000000
18:24:10,210719,50.561732955,-123.505065428,677.448000000,13,0.216000000,0.172000000,0.453000000
18:24:11,210719,50.561732930,-123.505065417,677.453000000,13,0.216000000,0.172000000,0.453000000
18:24:12,210719,50.561732945,-123.505065382,677.452000000,13,0.216000000,0.172000000,0.453000000
18:24:13,210719,50.561732958,-123.505065365,677.447000000,13,0.216000000,0.172000000,0.453000000
18:24:14,210719,50.561732938,-123.505065373,677.454000000,13,0.216000000,0.172000000,0.453000000
18:24:15,210719,50.561732950,-123.505065350,677.460000000,13,0.216000000,0.172000000,0.453000000
18:24:16,210719,50.561732860,-123.505065257,677.488000000,13,0.216000000,0.172000000,0.453000000
18:24:17,210719,50.561732907,-123.505065397,677.462000000,13,0.215000000,0.172000000,0.453000000
18:24:18,210719,50.561732893,-123.505065377,677.461000000,13,0.215000000,0.172000000,0.453000000
18:24:19,210719,50.561732868,-123.505065333,677.460000000,13,0.215000000,0.172000000,0.453000000
18:24:20,210719,50.561732870,-123.505065288,677.461000000,13,0.215000000,0.172000000,0.453000000
18:24:21,210719,50.561732870,-123.505065148,677.499000000,13,0.215000000,0.172000000,0.453000000
18:24:22,210719,50.561732900,-123.505065115,677.505000000,13,0.215000000,0.172000000,0.453000000
18:24:23,210719,50.561732910,-123.505065025,677.512000000,13,0.215000000,0.172000000,0.453000000
18:24:24,210719,50.561732922,-123.505065053,677.511000000,13,0.215000000,0.172000000,0.453000000
18:24:25,210719,50.561732915,-123.505065015,677.508000000,13,0.215000000,0.172000000,0.453000000
18:24:26,210719,50.561732910,-123.505065008,677.507000000,13,0.215000000,0.172000000,0.453000000
18:24:27,210719,50.561732915,-123.505065023,677.509000000,13,0.215000000,0.172000000,0.453000000
18:24:28,210719,50.561732932,-123.505065055,677.509000000,13,0.215000000,0.172000000,0.453000000
18:24:29,210719,50.561732958,-123.505065062,677.504000000,13,0.215000000,0.172000000,0.453000000
18:24:30,210719,50.561732930,-123.505065067,677.509000000,13,0.215000000,0.172000000,0.453000000
18:24:31,210719,50.561732920,-123.505065085,677.516000000,13,0.215000000,0.172000000,0.453000000
18:24:32,210719,50.561732907,-123.505065090,677.517000000,13,0.215000000,0.172000000,0.453000000
18:24:33,210719,50.561732898,-123.505065120,677.513000000,13,0.215000000,0.172000000,0.453000000
18:24:34,210719,50.561732910,-123.505065195,677.512000000,13,0.215000000,0.172000000,0.453000000
18:24:35,210719,50.561732907,-123.505065177,677.515000000,13,0.215000000,0.172000000,0.453000000
18:24:36,210719,50.561732893,-123.505065205,677.517000000,13,0.215000000,0.172000000,0.453000000
18:24:37,210719,50.561732912,-123.505065218,677.518000000,13,0.215000000,0.172000000,0.453000000
18:24:38,210719,50.561732928,-123.505065227,677.521000000,13,0.215000000,0.172000000,0.453000000
18:24:39,210719,50.561732970,-123.505065235,677.532000000,13,0.215000000,0.172000000,0.453000000
18:24:40,210719,50.561732948,-123.505065240,677.526000000,13,0.215000000,0.172000000,0.453000000
18:24:41,210719,50.561732943,-123.505065218,677.540000000,13,0.215000000,0.172000000,0.453000000
18:24:42,210719,50.561733002,-123.505065217,677.556000000,13,0.215000000,0.172000000,0.453000000
18:24:43,210719,50.561733017,-123.505065170,677.560000000,12,0.219000000,0.196000000,0.586000000
18:24:44,210719,50.561733000,-123.505065115,677.563000000,12,0.219000000,0.196000000,0.586000000
18:24:45,210719,50.561733057,-123.505065108,677.574000000,12,0.219000000,0.196000000,0.586000000
18:24:46,210719,50.561733085,-123.505065112,677.577000000,12,0.219000000,0.196000000,0.586000000
18:24:47,210719,50.561733093,-123.505065108,677.575000000,12,0.219000000,0.196000000,0.586000000
18:24:48,210719,50.561733103,-123.505065110,677.572000000,12,0.219000000,0.196000000,0.586000000
18:24:49,210719,50.561733158,-123.505065073,677.570000000,13,0.215000000,0.172000000,0.453000000
18:24:50,210719,50.561733138,-123.505065077,677.565000000,13,0.215000000,0.172000000,0.453000000
18:24:51,210719,50.561733160,-123.505065070,677.563000000,13,0.215000000,0.172000000,0.453000000
18:24:52,210719,50.561733125,-123.505064973,677.579000000,13,0.215000000,0.172000000,0.453000000
18:24:53,210719,50.561733160,-123.505065122,677.562000000,13,0.215000000,0.172000000,0.453000000
18:24:54,210719,50.561733167,-123.505065103,677.564000000,13,0.215000000,0.172000000,0.453000000
18:24:55,210719,50.561733188,-123.505065062,677.570000000,13,0.215000000,0.172000000,0.453000000
18:24:56,210719,50.561733188,-123.505065033,677.577000000,13,0.215000000,0.172000000,0.453000000
18:24:57,210719,50.561733212,-123.505065015,677.584000000,13,0.215000000,0.172000000,0.453000000
18:24:58,210719,50.561733237,-123.505064987,677.590000000,13,0.215000000,0.172000000,0.453000000
18:24:59,210719,50.561733280,-123.505064977,677.595000000,13,0.215000000,0.172000000,0.453000000
18:25:00,210719,50.561733335,-123.505064955,677.607000000,13,0.215000000,0.172000000,0.453000000
18:25:01,210719,50.561733360,-123.505064930,677.611000000,13,0.215000000,0.172000000,0.453000000
18:25:02,210719,50.561733410,-123.505064940,677.619000000,13,0.215000000,0.172000000,0.453000000
18:25:03,210719,50.561733440,-123.505064935,677.624000000,13,0.215000000,0.172000000,0.453000000
18:25:04,210719,50.561733482,-123.505064927,677.626000000,13,0.215000000,0.172000000,0.453000000
18:25:05,210719,50.561733483,-123.505064923,677.626000000,13,0.215000000,0.172000000,0.453000000
18:25:06,210719,50.561733502,-123.505064910,677.626000000,13,0.215000000,0.172000000,0.453000000
18:25:07,210719,50.561733505,-123.505064917,677.634000000,13,0.215000000,0.172000000,0.453000000
18:25:08,210719,50.561733512,-123.505064932,677.638000000,13,0.215000000,0.172000000,0.453000000
18:25:09,210719,50.561733540,-123.505064905,677.635000000,13,0.215000000,0.172000000,0.453000000
18:25:10,210719,50.561733528,-123.505064885,677.639000000,13,0.215000000,0.171000000,0.453000000
18:25:11,210719,50.561733520,-123.505064865,677.645000000,13,0.215000000,0.171000000,0.453000000
18:25:12,210719,50.561733508,-123.505064852,677.648000000,13,0.215000000,0.171000000,0.453000000
18:25:13,210719,50.561733523,-123.505064850,677.650000000,13,0.215000000,0.171000000,0.453000000
18:25:14,210719,50.561733527,-123.505064845,677.653000000,13,0.215000000,0.171000000,0.453000000
18:25:15,210719,50.561733543,-123.505064847,677.653000000,13,0.215000000,0.171000000,0.453000000
18:25:16,210719,50.561733598,-123.505064838,677.658000000,13,0.215000000,0.171000000,0.453000000
18:25:17,210719,50.561733618,-123.505064853,677.656000000,13,0.215000000,0.171000000,0.453000000
18:25:18,210719,50.561733645,-123.505064865,677.652000000,13,0.215000000,0.171000000,0.453000000
18:25:19,210719,50.561733652,-123.505064838,677.657000000,13,0.215000000,0.171000000,0.453000000
18:25:20,210719,50.561733655,-123.505064815,677.663000000,13,0.215000000,0.171000000,0.453000000
18:25:21,210719,50.561733663,-123.505064778,677.664000000,13,0.215000000,0.171000000,0.453000000
18:25:22,210719,50.561733667,-123.505064765,677.669000000,13,0.215000000,0.171000000,0.453000000
18:25:23,210719,50.561733685,-123.505064760,677.666000000,13,0.215000000,0.171000000,0.453000000
18:25:24,210719,50.561733695,-123.505064743,677.663000000,13,0.215000000,0.171000000,0.453000000
18:25:25,210719,50.561733692,-123.505064730,677.667000000,13,0.215000000,0.171000000,0.453000000
18:25:26,210719,50.561733685,-123.505064710,677.663000000,13,0.215000000,0.171000000,0.453000000
18:25:27,210719,50.561733707,-123.505064680,677.668000000,13,0.215000000,0.171000000,0.453000000
18:25:28,210719,50.561733715,-123.505064652,677.670000000,13,0.215000000,0.171000000,0.453000000
18:25:29,210719,50.561733735,-123.505064595,677.683000000,13,0.215000000,0.171000000,0.453000000
18:25:30,210719,50.561733757,-123.505064588,677.686000000,13,0.215000000,0.171000000,0.453000000
18:25:31,210719,50.561733792,-123.505064585,677.688000000,13,0.215000000,0.171000000,0.453000000
18:25:32,210719,50.561733813,-123.505064602,677.691000000,13,0.215000000,0.171000000,0.453000000
18:25:33,210719,50.561733840,-123.505064597,677.696000000,13,0.215000000,0.171000000,0.453000000
18:25:34,210719,50.561733867,-123.505064577,677.696000000,13,0.215000000,0.171000000,0.453000000
18:25:35,210719,50.561733825,-123.505064528,677.702000000,13,0.215000000,0.171000000,0.453000000
18:25:36,210719,50.561733812,-123.505064487,677.704000000,13,0.215000000,0.171000000,0.453000000
18:25:37,210719,50.561733793,-123.505064493,677.705000000,13,0.215000000,0.171000000,0.453000000
18:25:38,210719,50.561733773,-123.505064460,677.706000000,13,0.215000000,0.171000000,0.453000000
18:25:39,210719,50.561733757,-123.505064437,677.706000000,13,0.215000000,0.171000000,0.453000000
18:25:40,210719,50.561733782,-123.505064440,677.707000000,13,0.215000000,0.171000000,0.453000000
18:25:41,210719,50.561733777,-123.505064462,677.710000000,13,0.215000000,0.171000000,0.453000000
18:25:42,210719,50.561733793,-123.505064465,677.708000000,13,0.215000000,0.171000000,0.453000000
18:25:43,210719,50.561733727,-123.505064485,677.712000000,13,0.215000000,0.171000000,0.453000000
18:25:44,210719,50.561733815,-123.505064610,677.706000000,13,0.215000000,0.171000000,0.453000000
18:25:45,210719,50.561733827,-123.505064602,677.702000000,13,0.215000000,0.171000000,0.453000000
18:25:46,210719,50.561733827,-123.505064590,677.699000000,13,0.215000000,0.171000000,0.453000000
18:25:47,210719,50.561733832,-123.505064573,677.701000000,13,0.215000000,0.171000000,0.453000000
18:25:48,210719,50.561733850,-123.505064578,677.697000000,13,0.215000000,0.171000000,0.453000000
18:25:49,210719,50.561733828,-123.505064455,677.720000000,13,0.215000000,0.171000000,0.452000000
18:25:50,210719,50.561733878,-123.505064640,677.684000000,13,0.215000000,0.171000000,0.452000000
18:25:51,210719,50.561733902,-123.505064575,677.699000000,13,0.215000000,0.171000000,0.452000000
18:25:52,210719,50.561733903,-123.505064650,677.696000000,13,0.215000000,0.171000000,0.452000000
18:25:53,210719,50.561733923,-123.505064695,677.701000000,13,0.215000000,0.171000000,0.452000000
18:25:54,210719,50.561733888,-123.505064655,677.706000000,13,0.215000000,0.171000000,0.452000000
18:25:55,210719,50.561733897,-123.505064678,677.708000000,13,0.215000000,0.171000000,0.452000000
18:25:56,210719,50.561733897,-123.505064687,677.708000000,13,0.215000000,0.171000000,0.452000000
18:25:57,210719,50.561733882,-123.505064713,677.713000000,13,0.215000000,0.171000000,0.452000000
18:25:58,210719,50.561733878,-123.505064762,677.716000000,13,0.215000000,0.171000000,0.452000000
18:25:59,210719,50.561733905,-123.505064752,677.714000000,13,0.215000000,0.171000000,0.452000000
18:26:00,210719,50.561733930,-123.505064760,677.723000000,13,0.215000000,0.171000000,0.452000000
18:26:01,210719,50.561733932,-123.505064722,677.724000000,13,0.215000000,0.171000000,0.452000000
18:26:02,210719,50.561733945,-123.505064700,677.729000000,13,0.215000000,0.171000000,0.452000000
18:26:03,210719,50.561733933,-123.505064720,677.732000000,13,0.215000000,0.171000000,0.452000000
18:26:04,210719,50.561733928,-123.505064710,677.738000000,13,0.215000000,0.171000000,0.452000000
18:26:05,210719,50.561733910,-123.505064688,677.748000000,13,0.215000000,0.171000000,0.452000000
18:26:06,210719,50.561733885,-123.505064697,677.743000000,13,0.215000000,0.171000000,0.452000000
18:26:07,210719,50.561733873,-123.505064690,677.743000000,13,0.215000000,0.171000000,0.452000000
18:26:08,210719,50.561733878,-123.505064682,677.736000000,13,0.215000000,0.171000000,0.452000000
18:26:09,210719,50.561733812,-123.505064632,677.752000000,13,0.215000000,0.171000000,0.452000000
18:26:10,210719,50.561733822,-123.505064643,677.744000000,13,0.215000000,0.171000000,0.452000000
18:26:11,210719,50.561733802,-123.505064627,677.738000000,13,0.215000000,0.171000000,0.452000000
18:26:12,210719,50.561733783,-123.505064622,677.734000000,13,0.215000000,0.171000000,0.452000000
18:26:13,210719,50.561733760,-123.505064650,677.727000000,13,0.215000000,0.171000000,0.452000000
18:26:14,210719,50.561733722,-123.505064683,677.720000000,13,0.215000000,0.171000000,0.452000000
18:26:15,210719,50.561733682,-123.505064667,677.710000000,13,0.215000000,0.171000000,0.452000000
18:26:16,210719,50.561733687,-123.505064627,677.707000000,13,0.215000000,0.171000000,0.452000000
18:26:17,210719,50.561733643,-123.505064613,677.701000000,13,0.215000000,0.171000000,0.452000000
18:26:18,210719,50.561733592,-123.505064467,677.696000000,13,0.215000000,0.171000000,0.452000000
18:26:19,210719,50.561733648,-123.505064512,677.714000000,13,0.215000000,0.171000000,0.452000000
18:26:20,210719,50.561733575,-123.505064472,677.708000000,13,0.215000000,0.171000000,0.452000000
18:26:21,210719,50.561733488,-123.505064478,677.683000000,13,0.215000000,0.171000000,0.452000000
18:26:22,210719,50.561733588,-123.505064498,677.696000000,13,0.214000000,0.171000000,0.452000000
18:26:23,210719,50.561733553,-123.505064515,677.701000000,13,0.214000000,0.171000000,0.452000000
18:26:24,210719,50.561733570,-123.505064540,677.680000000,13,0.214000000,0.171000000,0.452000000
18:26:25,210719,50.561733540,-123.505064547,677.671000000,13,0.214000000,0.171000000,0.452000000
18:26:26,210719,50.561733500,-123.505064538,677.664000000,12,0.218000000,0.197000000,0.584000000
18:26:27,210719,50.561733465,-123.505064498,677.665000000,12,0.218000000,0.197000000,0.584000000
18:26:28,210719,50.561733442,-123.505064505,677.665000000,12,0.218000000,0.197000000,0.584000000
18:26:29,210719,50.561733412,-123.505064483,677.661000000,12,0.217000000,0.197000000,0.583000000
18:26:30,210719,50.561733372,-123.505064488,677.646000000,12,0.217000000,0.197000000,0.583000000
18:26:31,210719,50.561733355,-123.505064500,677.636000000,12,0.217000000,0.197000000,0.583000000
18:26:32,210719,50.561733343,-123.505064497,677.635000000,12,0.217000000,0.197000000,0.583000000
18:26:33,210719,50.561733345,-123.505064518,677.632000000,12,0.217000000,0.197000000,0.583000000
18:26:34,210719,50.561733335,-123.505064543,677.629000000,12,0.217000000,0.197000000,0.583000000
18:26:35,210719,50.561733327,-123.505064552,677.625000000,12,0.217000000,0.197000000,0.583000000
18:26:36,210719,50.561733298,-123.505064587,677.614000000,12,0.217000000,0.197000000,0.583000000
