TIME,DATE(ddMMyy),LATITUDEGGA,LONGITUDEGGA,ALTITUDEGGA,NUMBERSAT,LATERR,LONGERR,ALTERR
14:32:26,210719,50.637635892,-123.527805267,1946.574000000,22,0.133000000,0.138000000,0.370000000
14:32:27,210719,50.637635887,-123.527805275,1946.575000000,22,0.133000000,0.138000000,0.370000000
14:32:28,210719,50.637635890,-123.527805278,1946.578000000,22,0.133000000,0.138000000,0.370000000
14:32:29,210719,50.637635887,-123.527805262,1946.580000000,22,0.133000000,0.138000000,0.369000000
14:32:30,210719,50.637635875,-123.527805268,1946.586000000,22,0.133000000,0.138000000,0.369000000
14:32:31,210719,50.637635867,-123.527805265,1946.590000000,23,0.132000000,0.123000000,0.349000000
14:32:32,210719,50.637635868,-123.527805248,1946.588000000,23,0.132000000,0.123000000,0.349000000
14:32:33,210719,50.637635858,-123.527805223,1946.590000000,23,0.132000000,0.123000000,0.349000000
14:32:34,210719,50.637635850,-123.527805225,1946.594000000,23,0.132000000,0.123000000,0.349000000
14:32:35,210719,50.637635833,-123.527805230,1946.596000000,23,0.132000000,0.123000000,0.349000000
14:32:36,210719,50.637635838,-123.527805232,1946.600000000,23,0.132000000,0.123000000,0.349000000
14:32:37,210719,50.637635848,-123.527805243,1946.606000000,23,0.132000000,0.123000000,0.349000000
14:32:38,210719,50.637635857,-123.527805253,1946.610000000,23,0.132000000,0.123000000,0.349000000
14:32:39,210719,50.637635847,-123.527805242,1946.607000000,23,0.132000000,0.123000000,0.349000000
14:32:40,210719,50.637635820,-123.527805222,1946.606000000,23,0.132000000,0.123000000,0.349000000
14:32:41,210719,50.637635803,-123.527805185,1946.603000000,23,0.132000000,0.123000000,0.349000000
14:32:42,210719,50.637635813,-123.527805182,1946.608000000,23,0.132000000,0.123000000,0.349000000
14:32:43,210719,50.637635820,-123.527805183,1946.612000000,23,0.132000000,0.123000000,0.349000000
14:32:44,210719,50.637635828,-123.527805210,1946.618000000,23,0.132000000,0.123000000,0.349000000
14:32:45,210719,50.637635832,-123.527805218,1946.619000000,23,0.132000000,0.123000000,0.349000000
14:32:46,210719,50.637635843,-123.527805220,1946.620000000,23,0.132000000,0.123000000,0.349000000
14:32:47,210719,50.637635847,-123.527805227,1946.622000000,23,0.132000000,0.123000000,0.349000000
14:32:48,210719,50.637635867,-123.527805215,1946.621000000,23,0.132000000,0.123000000,0.349000000
14:32:49,210719,50.637635888,-123.527805190,1946.618000000,23,0.132000000,0.122000000,0.349000000
14:32:50,210719,50.637635908,-123.527805177,1946.613000000,23,0.132000000,0.122000000,0.349000000
14:32:51,210719,50.637635930,-123.527805160,1946.611000000,23,0.132000000,0.122000000,0.349000000
14:32:52,210719,50.637635955,-123.527805123,1946.609000000,23,0.132000000,0.122000000,0.349000000
14:32:53,210719,50.637635962,-123.527805085,1946.603000000,23,0.132000000,0.122000000,0.349000000
14:32:54,210719,50.637635967,-123.527805050,1946.593000000,23,0.132000000,0.122000000,0.349000000
14:32:55,210719,50.637635963,-123.527805012,1946.587000000,23,0.132000000,0.122000000,0.349000000
14:32:56,210719,50.637635973,-123.527804975,1946.580000000,23,0.132000000,0.122000000,0.349000000
14:32:57,210719,50.637636007,-123.527804953,1946.581000000,23,0.132000000,0.122000000,0.349000000
14:32:58,210719,50.637636005,-123.527804925,1946.579000000,23,0.132000000,0.122000000,0.349000000
14:32:59,210719,50.637636002,-123.527804905,1946.575000000,23,0.132000000,0.122000000,0.349000000
14:33:00,210719,50.637636003,-123.527804882,1946.572000000,23,0.132000000,0.122000000,0.349000000
14:33:01,210719,50.637635997,-123.527804867,1946.569000000,23,0.132000000,0.122000000,0.349000000
14:33:02,210719,50.637635985,-123.527804840,1946.563000000,23,0.132000000,0.122000000,0.349000000
14:33:03,210719,50.637635983,-123.527804840,1946.563000000,23,0.132000000,0.122000000,0.349000000
14:33:04,210719,50.637635960,-123.527804832,1946.557000000,23,0.132000000,0.122000000,0.349000000
14:33:05,210719,50.637635958,-123.527804818,1946.557000000,23,0.132000000,0.122000000,0.349000000
14:33:06,210719,50.637635960,-123.527804835,1946.558000000,23,0.132000000,0.122000000,0.349000000
14:33:07,210719,50.637635957,-123.527804818,1946.554000000,23,0.132000000,0.122000000,0.349000000
14:33:08,210719,50.637635968,-123.527804830,1946.555000000,23,0.132000000,0.122000000,0.349000000
14:33:09,210719,50.637635988,-123.527804865,1946.558000000,23,0.132000000,0.122000000,0.349000000
14:33:10,210719,50.637636012,-123.527804868,1946.557000000,23,0.132000000,0.122000000,0.349000000
14:33:11,210719,50.637636035,-123.527804885,1946.557000000,23,0.132000000,0.122000000,0.349000000
14:33:12,210719,50.637636068,-123.527804897,1946.562000000,23,0.132000000,0.122000000,0.349000000
14:33:13,210719,50.637636097,-123.527804922,1946.565000000,23,0.132000000,0.122000000,0.349000000
14:33:14,210719,50.637636110,-123.527804967,1946.566000000,23,0.132000000,0.122000000,0.349000000
14:33:15,210719,50.637636135,-123.527804970,1946.572000000,23,0.132000000,0.122000000,0.349000000
14:33:16,210719,50.637636137,-123.527804962,1946.567000000,23,0.132000000,0.122000000,0.349000000
14:33:17,210719,50.637636167,-123.527804990,1946.574000000,23,0.132000000,0.122000000,0.349000000
14:33:18,210719,50.637636187,-123.527805002,1946.572000000,23,0.132000000,0.122000000,0.349000000
14:33:19,210719,50.637636192,-123.527805010,1946.573000000,23,0.132000000,0.122000000,0.349000000
14:33:20,210719,50.637636203,-123.527804993,1946.572000000,23,0.132000000,0.122000000,0.349000000
14:33:21,210719,50.637636202,-123.527804982,1946.570000000,23,0.132000000,0.122000000,0.349000000
14:33:22,210719,50.637636192,-123.527804933,1946.564000000,23,0.132000000,0.122000000,0.349000000
14:33:23,210719,50.637636168,-123.527804907,1946.558000000,23,0.132000000,0.122000000,0.349000000
14:33:24,210719,50.637636157,-123.527804880,1946.553000000,23,0.132000000,0.122000000,0.349000000
14:33:25,210719,50.637636158,-123.527804868,1946.556000000,23,0.132000000,0.122000000,0.349000000
14:33:26,210719,50.637636152,-123.527804852,1946.552000000,23,0.132000000,0.122000000,0.349000000
14:33:27,210719,50.637636153,-123.527804843,1946.552000000,23,0.132000000,0.122000000,0.349000000
14:33:28,210719,50.637636158,-123.527804838,1946.552000000,23,0.132000000,0.122000000,0.349000000
14:33:29,210719,50.637636160,-123.527804820,1946.548000000,23,0.132000000,0.122000000,0.349000000
14:33:30,210719,50.637636160,-123.527804803,1946.547000000,23,0.132000000,0.122000000,0.349000000
14:33:31,210719,50.637636153,-123.527804813,1946.548000000,23,0.132000000,0.122000000,0.349000000
14:33:32,210719,50.637636150,-123.527804830,1946.550000000,23,0.132000000,0.122000000,0.349000000
14:33:33,210719,50.637636160,-123.527804845,1946.555000000,23,0.132000000,0.122000000,0.349000000
14:33:34,210719,50.637636177,-123.527804827,1946.557000000,23,0.132000000,0.122000000,0.349000000
14:33:35,210719,50.637636188,-123.527804810,1946.560000000,23,0.132000000,0.122000000,0.349000000
14:33:36,210719,50.637636188,-123.527804788,1946.558000000,23,0.132000000,0.122000000,0.349000000
14:33:37,210719,50.637636185,-123.527804772,1946.559000000,23,0.132000000,0.122000000,0.349000000
14:33:38,210719,50.637636190,-123.527804772,1946.562000000,23,0.132000000,0.122000000,0.349000000
14:33:39,210719,50.637636212,-123.527804735,1946.564000000,23,0.132000000,0.122000000,0.349000000
14:33:40,210719,50.637636227,-123.527804730,1946.565000000,23,0.133000000,0.122000000,0.349000000
14:33:41,210719,50.637636210,-123.527804760,1946.570000000,23,0.133000000,0.122000000,0.349000000
14:33:42,210719,50.637636195,-123.527804773,1946.576000000,23,0.133000000,0.122000000,0.349000000
14:33:43,210719,50.637636167,-123.527804785,1946.577000000,23,0.133000000,0.122000000,0.349000000
14:33:44,210719,50.637636147,-123.527804778,1946.579000000,23,0.133000000,0.122000000,0.349000000
14:33:45,210719,50.637636128,-123.527804797,1946.582000000,23,0.133000000,0.122000000,0.349000000
14:33:46,210719,50.637636107,-123.527804802,1946.585000000,23,0.133000000,0.122000000,0.349000000
14:33:47,210719,50.637636082,-123.527804827,1946.580000000,24,0.132000000,0.121000000,0.334000000
14:33:48,210719,50.637636058,-123.527804818,1946.575000000,24,0.132000000,0.121000000,0.334000000
14:33:49,210719,50.637636045,-123.527804797,1946.569000000,24,0.132000000,0.121000000,0.334000000
14:33:50,210719,50.637636028,-123.527804760,1946.559000000,24,0.132000000,0.121000000,0.334000000
14:33:51,210719,50.637636017,-123.527804735,1946.549000000,24,0.132000000,0.121000000,0.334000000
14:33:52,210719,50.637635978,-123.527804707,1946.545000000,24,0.132000000,0.121000000,0.334000000
14:33:53,210719,50.637635955,-123.527804678,1946.537000000,24,0.132000000,0.121000000,0.334000000
14:33:54,210719,50.637635943,-123.527804647,1946.532000000,24,0.132000000,0.121000000,0.334000000
14:33:55,210719,50.637635948,-123.527804643,1946.532000000,24,0.132000000,0.121000000,0.334000000
14:33:56,210719,50.637635952,-123.527804652,1946.530000000,24,0.132000000,0.121000000,0.334000000
14:33:57,210719,50.637635948,-123.527804653,1946.528000000,24,0.132000000,0.121000000,0.334000000
14:33:58,210719,50.637635952,-123.527804658,1946.528000000,24,0.132000000,0.121000000,0.334000000
14:33:59,210719,50.637635967,-123.527804700,1946.536000000,24,0.132000000,0.121000000,0.334000000
14:34:00,210719,50.637635990,-123.527804710,1946.536000000,24,0.132000000,0.121000000,0.334000000
14:34:01,210719,50.637635998,-123.527804737,1946.538000000,24,0.132000000,0.121000000,0.334000000
14:34:02,210719,50.637636008,-123.527804767,1946.542000000,24,0.132000000,0.121000000,0.334000000
14:34:03,210719,50.637636013,-123.527804790,1946.544000000,24,0.132000000,0.121000000,0.334000000
14:34:04,210719,50.637636020,-123.527804775,1946.542000000,24,0.132000000,0.121000000,0.334000000
14:34:05,210719,50.637636028,-123.527804762,1946.538000000,24,0.132000000,0.121000000,0.334000000
14:34:06,210719,50.637636018,-123.527804785,1946.534000000,24,0.132000000,0.121000000,0.334000000
14:34:07,210719,50.637636027,-123.527804803,1946.533000000,24,0.132000000,0.121000000,0.334000000
14:34:08,210719,50.637636032,-123.527804797,1946.531000000,24,0.132000000,0.121000000,0.334000000
14:34:09,210719,50.637636040,-123.527804760,1946.528000000,24,0.132000000,0.121000000,0.334000000
14:34:10,210719,50.637636055,-123.527804742,1946.524000000,24,0.132000000,0.121000000,0.334000000
14:34:11,210719,50.637636053,-123.527804745,1946.523000000,24,0.132000000,0.121000000,0.334000000
14:34:12,210719,50.637636073,-123.527804748,1946.523000000,24,0.132000000,0.121000000,0.334000000
14:34:13,210719,50.637636075,-123.527804777,1946.524000000,24,0.132000000,0.121000000,0.334000000
14:34:14,210719,50.637636087,-123.527804812,1946.526000000,24,0.132000000,0.121000000,0.334000000
14:34:15,210719,50.637636090,-123.527804798,1946.523000000,24,0.132000000,0.121000000,0.334000000
14:34:16,210719,50.637636088,-123.527804828,1946.522000000,24,0.132000000,0.121000000,0.334000000
14:34:17,210719,50.637636097,-123.527804872,1946.528000000,24,0.132000000,0.121000000,0.334000000
14:34:18,210719,50.637636098,-123.527804878,1946.527000000,24,0.132000000,0.121000000,0.334000000
14:34:19,210719,50.637636105,-123.527804915,1946.532000000,24,0.132000000,0.121000000,0.334000000
14:34:20,210719,50.637636127,-123.527804937,1946.534000000,24,0.132000000,0.121000000,0.334000000
14:34:21,210719,50.637636143,-123.527804962,1946.536000000,24,0.132000000,0.121000000,0.334000000
14:34:22,210719,50.637636158,-123.527804970,1946.536000000,24,0.132000000,0.121000000,0.334000000
14:34:23,210719,50.637636183,-123.527805005,1946.543000000,24,0.132000000,0.121000000,0.334000000
14:34:24,210719,50.637636213,-123.527804993,1946.542000000,24,0.132000000,0.121000000,0.334000000
14:34:25,210719,50.637636250,-123.527805003,1946.545000000,24,0.132000000,0.121000000,0.334000000
14:34:26,210719,50.637636295,-123.527805028,1946.546000000,24,0.132000000,0.121000000,0.334000000
14:34:27,210719,50.637636318,-123.527805065,1946.548000000,24,0.132000000,0.121000000,0.334000000
14:34:28,210719,50.637636325,-123.527805088,1946.548000000,24,0.132000000,0.121000000,0.334000000
14:34:29,210719,50.637636343,-123.527805098,1946.546000000,24,0.132000000,0.121000000,0.334000000
14:34:30,210719,50.637636372,-123.527805122,1946.549000000,24,0.132000000,0.121000000,0.334000000
14:34:31,210719,50.637636408,-123.527805145,1946.549000000,24,0.132000000,0.121000000,0.334000000
14:34:32,210719,50.637636447,-123.527805157,1946.552000000,24,0.132000000,0.121000000,0.334000000
14:34:33,210719,50.637636472,-123.527805155,1946.552000000,24,0.132000000,0.121000000,0.334000000
14:34:34,210719,50.637636475,-123.527805155,1946.550000000,24,0.132000000,0.121000000,0.334000000
14:34:35,210719,50.637636490,-123.527805135,1946.548000000,24,0.132000000,0.121000000,0.334000000
14:34:36,210719,50.637636500,-123.527805122,1946.548000000,24,0.132000000,0.121000000,0.334000000
14:34:37,210719,50.637636498,-123.527805110,1946.548000000,24,0.132000000,0.121000000,0.334000000
14:34:38,210719,50.637636492,-123.527805097,1946.547000000,24,0.132000000,0.121000000,0.334000000
14:34:39,210719,50.637636487,-123.527805075,1946.540000000,24,0.132000000,0.121000000,0.334000000
14:34:40,210719,50.637636483,-123.527805063,1946.536000000,24,0.132000000,0.121000000,0.334000000
14:34:41,210719,50.637636473,-123.527805082,1946.540000000,24,0.132000000,0.121000000,0.334000000
14:34:42,210719,50.637636453,-123.527805112,1946.541000000,24,0.132000000,0.121000000,0.334000000
14:34:43,210719,50.637636453,-123.527805118,1946.540000000,24,0.132000000,0.121000000,0.334000000
14:34:44,210719,50.637636498,-123.527805145,1946.544000000,24,0.132000000,0.121000000,0.334000000
14:34:45,210719,50.637636547,-123.527805153,1946.548000000,24,0.132000000,0.121000000,0.334000000
14:34:46,210719,50.637636577,-123.527805178,1946.556000000,24,0.132000000,0.121000000,0.334000000
14:34:47,210719,50.637636582,-123.527805193,1946.556000000,24,0.132000000,0.121000000,0.334000000
14:34:48,210719,50.637636612,-123.527805198,1946.558000000,24,0.132000000,0.121000000,0.334000000
14:34:49,210719,50.637636630,-123.527805222,1946.561000000,24,0.132000000,0.121000000,0.334000000
14:34:50,210719,50.637636628,-123.527805232,1946.559000000,24,0.132000000,0.121000000,0.334000000
14:34:51,210719,50.637636617,-123.527805242,1946.557000000,24,0.132000000,0.121000000,0.334000000
14:34:52,210719,50.637636600,-123.527805252,1946.554000000,24,0.132000000,0.121000000,0.334000000
14:34:53,210719,50.637636583,-123.527805262,1946.551000000,24,0.132000000,0.121000000,0.334000000
14:34:54,210719,50.637636573,-123.527805270,1946.551000000,24,0.132000000,0.121000000,0.334000000
14:34:55,210719,50.637636558,-123.527805280,1946.552000000,24,0.132000000,0.121000000,0.334000000
14:34:56,210719,50.637636540,-123.527805288,1946.554000000,24,0.133000000,0.121000000,0.334000000
14:34:57,210719,50.637636540,-123.527805275,1946.553000000,24,0.133000000,0.121000000,0.334000000
14:34:58,210719,50.637636573,-123.527805265,1946.556000000,24,0.133000000,0.121000000,0.334000000
14:34:59,210719,50.637636607,-123.527805275,1946.560000000,24,0.133000000,0.121000000,0.334000000
14:35:00,210719,50.637636615,-123.527805263,1946.560000000,24,0.133000000,0.121000000,0.334000000
14:35:01,210719,50.637636620,-123.527805260,1946.560000000,24,0.133000000,0.121000000,0.334000000
14:35:02,210719,50.637636635,-123.527805263,1946.560000000,24,0.133000000,0.121000000,0.334000000
14:35:03,210719,50.637636643,-123.527805247,1946.561000000,24,0.133000000,0.121000000,0.334000000
14:35:04,210719,50.637636652,-123.527805228,1946.560000000,24,0.133000000,0.121000000,0.334000000
14:35:05,210719,50.637636643,-123.527805210,1946.554000000,24,0.133000000,0.121000000,0.334000000
14:35:06,210719,50.637636628,-123.527805220,1946.551000000,24,0.133000000,0.121000000,0.334000000
14:35:07,210719,50.637636625,-123.527805220,1946.551000000,24,0.133000000,0.121000000,0.334000000
14:35:08,210719,50.637636632,-123.527805222,1946.549000000,24,0.133000000,0.121000000,0.334000000
14:35:09,210719,50.637636660,-123.527805232,1946.550000000,24,0.133000000,0.121000000,0.334000000
14:35:10,210719,50.637636673,-123.527805237,1946.552000000,24,0.133000000,0.121000000,0.334000000
14:35:11,210719,50.637636685,-123.527805248,1946.552000000,24,0.133000000,0.121000000,0.334000000
14:35:12,210719,50.637636690,-123.527805260,1946.556000000,24,0.133000000,0.121000000,0.334000000
14:35:13,210719,50.637636678,-123.527805272,1946.558000000,24,0.133000000,0.121000000,0.334000000
14:35:14,210719,50.637636667,-123.527805267,1946.554000000,24,0.133000000,0.121000000,0.334000000
14:35:15,210719,50.637636658,-123.527805280,1946.552000000,24,0.133000000,0.121000000,0.334000000
14:35:16,210719,50.637636673,-123.527805288,1946.552000000,24,0.133000000,0.121000000,0.334000000
14:35:17,210719,50.637636682,-123.527805287,1946.546000000,24,0.133000000,0.121000000,0.334000000
14:35:18,210719,50.637636695,-123.527805293,1946.542000000,24,0.133000000,0.121000000,0.334000000
14:35:19,210719,50.637636700,-123.527805313,1946.539000000,24,0.133000000,0.121000000,0.334000000
14:35:20,210719,50.637636710,-123.527805323,1946.538000000,24,0.133000000,0.121000000,0.334000000
14:35:21,210719,50.637636720,-123.527805305,1946.537000000,24,0.133000000,0.121000000,0.334000000
14:35:22,210719,50.637636747,-123.527805300,1946.540000000,24,0.133000000,0.121000000,0.334000000
14:35:23,210719,50.637636770,-123.527805307,1946.540000000,24,0.133000000,0.121000000,0.334000000
14:35:24,210719,50.637636785,-123.527805308,1946.542000000,24,0.133000000,0.121000000,0.334000000
14:35:25,210719,50.637636790,-123.527805293,1946.539000000,24,0.133000000,0.121000000,0.334000000
14:35:26,210719,50.637636805,-123.527805305,1946.540000000,24,0.133000000,0.121000000,0.334000000
14:35:27,210719,50.637636828,-123.527805317,1946.541000000,24,0.133000000,0.121000000,0.334000000
14:35:28,210719,50.637636857,-123.527805342,1946.545000000,24,0.133000000,0.121000000,0.334000000
14:35:29,210719,50.637636882,-123.527805348,1946.541000000,24,0.133000000,0.121000000,0.334000000
14:35:30,210719,50.637636898,-123.527805383,1946.546000000,24,0.133000000,0.121000000,0.334000000
14:35:31,210719,50.637636903,-123.527805412,1946.549000000,24,0.133000000,0.121000000,0.334000000
14:35:32,210719,50.637636902,-123.527805420,1946.547000000,24,0.133000000,0.121000000,0.334000000
14:35:33,210719,50.637636905,-123.527805413,1946.547000000,24,0.133000000,0.121000000,0.334000000
14:35:34,210719,50.637636895,-123.527805417,1946.544000000,24,0.133000000,0.121000000,0.334000000
14:35:35,210719,50.637636883,-123.527805388,1946.540000000,24,0.133000000,0.121000000,0.334000000
14:35:36,210719,50.637636870,-123.527805375,1946.539000000,24,0.133000000,0.121000000,0.334000000
14:35:37,210719,50.637636860,-123.527805373,1946.540000000,24,0.133000000,0.121000000,0.334000000
14:35:38,210719,50.637636852,-123.527805353,1946.542000000,24,0.133000000,0.121000000,0.334000000
14:35:39,210719,50.637636845,-123.527805352,1946.542000000,24,0.133000000,0.121000000,0.334000000
14:35:40,210719,50.637636830,-123.527805337,1946.539000000,24,0.133000000,0.121000000,0.334000000
14:35:41,210719,50.637636798,-123.527805333,1946.540000000,24,0.133000000,0.121000000,0.333000000
14:35:42,210719,50.637636777,-123.527805308,1946.541000000,24,0.133000000,0.121000000,0.333000000
14:35:43,210719,50.637636787,-123.527805295,1946.548000000,24,0.133000000,0.121000000,0.333000000
14:35:44,210719,50.637636808,-123.527805300,1946.557000000,24,0.133000000,0.121000000,0.333000000
14:35:45,210719,50.637636823,-123.527805295,1946.563000000,24,0.133000000,0.121000000,0.333000000
14:35:46,210719,50.637636832,-123.527805292,1946.569000000,24,0.133000000,0.121000000,0.333000000
14:35:47,210719,50.637636843,-123.527805280,1946.574000000,24,0.133000000,0.121000000,0.333000000
14:35:48,210719,50.637636850,-123.527805280,1946.574000000,24,0.133000000,0.121000000,0.333000000
14:35:49,210719,50.637636865,-123.527805257,1946.579000000,24,0.133000000,0.121000000,0.333000000
14:35:50,210719,50.637636875,-123.527805243,1946.586000000,24,0.133000000,0.121000000,0.333000000
14:35:51,210719,50.637636887,-123.527805237,1946.592000000,24,0.133000000,0.121000000,0.333000000
14:35:52,210719,50.637636905,-123.527805200,1946.595000000,24,0.133000000,0.121000000,0.333000000
14:35:53,210719,50.637636923,-123.527805188,1946.596000000,24,0.133000000,0.121000000,0.333000000
14:35:54,210719,50.637636932,-123.527805160,1946.599000000,24,0.133000000,0.121000000,0.333000000
14:35:55,210719,50.637636928,-123.527805160,1946.604000000,24,0.133000000,0.121000000,0.333000000
14:35:56,210719,50.637636930,-123.527805183,1946.610000000,24,0.133000000,0.121000000,0.333000000
14:35:57,210719,50.637636942,-123.527805195,1946.609000000,24,0.133000000,0.121000000,0.333000000
14:35:58,210719,50.637636953,-123.527805212,1946.609000000,24,0.133000000,0.121000000,0.333000000
14:35:59,210719,50.637636947,-123.527805240,1946.612000000,24,0.133000000,0.121000000,0.333000000
14:36:00,210719,50.637636948,-123.527805272,1946.615000000,24,0.133000000,0.121000000,0.333000000
14:36:01,210719,50.637636942,-123.527805265,1946.612000000,24,0.133000000,0.121000000,0.333000000
14:36:02,210719,50.637636928,-123.527805257,1946.610000000,24,0.133000000,0.121000000,0.333000000
14:36:03,210719,50.637636923,-123.527805230,1946.603000000,24,0.133000000,0.121000000,0.333000000
14:36:04,210719,50.637636902,-123.527805210,1946.599000000,24,0.133000000,0.121000000,0.333000000
14:36:05,210719,50.637636900,-123.527805203,1946.596000000,24,0.133000000,0.121000000,0.333000000
14:36:06,210719,50.637636900,-123.527805192,1946.596000000,24,0.133000000,0.121000000,0.333000000
14:36:07,210719,50.637636932,-123.527805177,1946.597000000,24,0.133000000,0.121000000,0.333000000
14:36:08,210719,50.637636967,-123.527805158,1946.599000000,24,0.133000000,0.121000000,0.333000000
14:36:09,210719,50.637636988,-123.527805177,1946.602000000,24,0.133000000,0.121000000,0.333000000
14:36:10,210719,50.637637007,-123.527805177,1946.605000000,24,0.133000000,0.121000000,0.333000000
14:36:11,210719,50.637637027,-123.527805167,1946.605000000,24,0.133000000,0.121000000,0.333000000
14:36:12,210719,50.637637057,-123.527805143,1946.604000000,24,0.133000000,0.121000000,0.333000000
14:36:13,210719,50.637637097,-123.527805130,1946.602000000,24,0.133000000,0.121000000,0.333000000
14:36:14,210719,50.637637107,-123.527805142,1946.599000000,24,0.133000000,0.121000000,0.333000000
14:36:15,210719,50.637637110,-123.527805118,1946.597000000,24,0.133000000,0.121000000,0.333000000
14:36:16,210719,50.637637115,-123.527805122,1946.597000000,24,0.133000000,0.121000000,0.333000000
14:36:17,210719,50.637637120,-123.527805107,1946.594000000,24,0.133000000,0.121000000,0.333000000
14:36:18,210719,50.637637123,-123.527805108,1946.595000000,24,0.133000000,0.121000000,0.333000000
14:36:19,210719,50.637637110,-123.527805143,1946.598000000,24,0.133000000,0.121000000,0.333000000
14:36:20,210719,50.637637080,-123.527805137,1946.598000000,24,0.133000000,0.121000000,0.333000000
14:36:21,210719,50.637637057,-123.527805118,1946.591000000,24,0.133000000,0.121000000,0.333000000
14:36:22,210719,50.637637032,-123.527805108,1946.587000000,24,0.133000000,0.121000000,0.333000000
14:36:23,210719,50.637637007,-123.527805083,1946.584000000,24,0.133000000,0.121000000,0.333000000
14:36:24,210719,50.637636988,-123.527805063,1946.580000000,24,0.133000000,0.121000000,0.333000000
14:36:25,210719,50.637636980,-123.527805033,1946.575000000,24,0.133000000,0.121000000,0.333000000
14:36:26,210719,50.637636980,-123.527805030,1946.571000000,24,0.133000000,0.121000000,0.333000000
14:36:27,210719,50.637636987,-123.527805010,1946.567000000,24,0.133000000,0.121000000,0.333000000
14:36:28,210719,50.637636995,-123.527805010,1946.566000000,24,0.133000000,0.121000000,0.333000000
14:36:29,210719,50.637636980,-123.527805000,1946.564000000,24,0.133000000,0.121000000,0.333000000
14:36:30,210719,50.637636970,-123.527804987,1946.562000000,24,0.133000000,0.121000000,0.333000000
14:36:31,210719,50.637636967,-123.527804962,1946.557000000,24,0.133000000,0.121000000,0.333000000
14:36:32,210719,50.637636982,-123.527804963,1946.559000000,24,0.133000000,0.121000000,0.333000000
14:36:33,210719,50.637636995,-123.527804957,1946.559000000,24,0.133000000,0.121000000,0.333000000
14:36:34,210719,50.637637022,-123.527804943,1946.560000000,24,0.133000000,0.121000000,0.333000000
14:36:35,210719,50.637637048,-123.527804965,1946.565000000,24,0.133000000,0.121000000,0.333000000
14:36:36,210719,50.637637052,-123.527804950,1946.565000000,24,0.133000000,0.121000000,0.333000000
14:36:37,210719,50.637637053,-123.527804958,1946.566000000,24,0.133000000,0.121000000,0.333000000
14:36:38,210719,50.637637043,-123.527804960,1946.564000000,24,0.133000000,0.121000000,0.333000000
14:36:39,210719,50.637637040,-123.527804938,1946.562000000,24,0.133000000,0.121000000,0.333000000
14:36:40,210719,50.637637028,-123.527804943,1946.561000000,24,0.133000000,0.121000000,0.333000000
14:36:41,210719,50.637637027,-123.527804965,1946.561000000,24,0.133000000,0.121000000,0.333000000
14:36:42,210719,50.637637023,-123.527804992,1946.561000000,24,0.133000000,0.121000000,0.333000000
14:36:43,210719,50.637637015,-123.527805023,1946.564000000,24,0.133000000,0.121000000,0.333000000
14:36:44,210719,50.637637015,-123.527805047,1946.565000000,24,0.133000000,0.121000000,0.333000000
14:36:45,210719,50.637637008,-123.527805043,1946.565000000,24,0.133000000,0.121000000,0.333000000
14:36:46,210719,50.637637008,-123.527805047,1946.566000000,24,0.133000000,0.121000000,0.333000000
14:36:47,210719,50.637637012,-123.527805042,1946.567000000,24,0.133000000,0.121000000,0.333000000
14:36:48,210719,50.637637010,-123.527805037,1946.567000000,24,0.133000000,0.121000000,0.333000000
14:36:49,210719,50.637637010,-123.527805035,1946.569000000,24,0.133000000,0.121000000,0.333000000
14:36:50,210719,50.637637022,-123.527805028,1946.570000000,24,0.133000000,0.121000000,0.333000000
14:36:51,210719,50.637637035,-123.527805035,1946.572000000,24,0.133000000,0.121000000,0.333000000
14:36:52,210719,50.637637060,-123.527805032,1946.573000000,24,0.133000000,0.121000000,0.333000000
14:36:53,210719,50.637637070,-123.527805042,1946.575000000,24,0.133000000,0.121000000,0.333000000
14:36:54,210719,50.637637085,-123.527805060,1946.574000000,24,0.133000000,0.121000000,0.333000000
14:36:55,210719,50.637637113,-123.527805087,1946.575000000,24,0.133000000,0.121000000,0.333000000
14:36:56,210719,50.637637143,-123.527805092,1946.574000000,24,0.133000000,0.121000000,0.333000000
14:36:57,210719,50.637637163,-123.527805095,1946.576000000,24,0.133000000,0.121000000,0.333000000
14:36:58,210719,50.637637180,-123.527805100,1946.578000000,24,0.133000000,0.121000000,0.333000000
14:36:59,210719,50.637637195,-123.527805102,1946.581000000,24,0.133000000,0.121000000,0.333000000
14:37:00,210719,50.637637217,-123.527805125,1946.583000000,24,0.133000000,0.121000000,0.333000000
14:37:01,210719,50.637637250,-123.527805120,1946.582000000,24,0.133000000,0.121000000,0.333000000
14:37:02,210719,50.637637257,-123.527805117,1946.581000000,24,0.133000000,0.121000000,0.333000000
14:37:03,210719,50.637637253,-123.527805092,1946.580000000,24,0.133000000,0.121000000,0.333000000
14:37:04,210719,50.637637257,-123.527805060,1946.576000000,24,0.133000000,0.121000000,0.333000000
14:37:05,210719,50.637637253,-123.527805047,1946.575000000,24,0.133000000,0.121000000,0.333000000
14:37:06,210719,50.637637248,-123.527805032,1946.575000000,24,0.133000000,0.121000000,0.333000000
14:37:07,210719,50.637637233,-123.527805040,1946.576000000,24,0.133000000,0.121000000,0.333000000
14:37:08,210719,50.637637205,-123.527805070,1946.574000000,24,0.133000000,0.121000000,0.333000000
14:37:09,210719,50.637637185,-123.527805075,1946.571000000,24,0.133000000,0.121000000,0.333000000
14:37:10,210719,50.637637172,-123.527805077,1946.570000000,24,0.133000000,0.121000000,0.333000000
14:37:11,210719,50.637637172,-123.527805095,1946.575000000,24,0.133000000,0.121000000,0.333000000
14:37:12,210719,50.637637162,-123.527805113,1946.576000000,24,0.133000000,0.121000000,0.333000000
14:37:13,210719,50.637637152,-123.527805115,1946.573000000,24,0.133000000,0.121000000,0.333000000
14:37:14,210719,50.637637158,-123.527805115,1946.572000000,24,0.133000000,0.121000000,0.332000000
14:37:15,210719,50.637637178,-123.527805130,1946.574000000,24,0.133000000,0.121000000,0.332000000
14:37:16,210719,50.637637188,-123.527805147,1946.580000000,24,0.133000000,0.121000000,0.332000000
14:37:17,210719,50.637637183,-123.527805152,1946.583000000,24,0.133000000,0.121000000,0.332000000
14:37:18,210719,50.637637183,-123.527805152,1946.582000000,24,0.133000000,0.121000000,0.332000000
14:37:19,210719,50.637637197,-123.527805190,1946.586000000,24,0.133000000,0.121000000,0.332000000
14:37:20,210719,50.637637217,-123.527805193,1946.590000000,24,0.133000000,0.121000000,0.332000000
14:37:21,210719,50.637637235,-123.527805198,1946.594000000,24,0.133000000,0.121000000,0.332000000
14:37:22,210719,50.637637248,-123.527805210,1946.594000000,24,0.133000000,0.121000000,0.332000000
14:37:23,210719,50.637637237,-123.527805202,1946.590000000,24,0.133000000,0.121000000,0.332000000
14:37:24,210719,50.637637240,-123.527805195,1946.588000000,24,0.133000000,0.121000000,0.332000000
14:37:25,210719,50.637637230,-123.527805192,1946.586000000,24,0.133000000,0.121000000,0.332000000
14:37:26,210719,50.637637227,-123.527805178,1946.583000000,24,0.133000000,0.121000000,0.332000000
14:37:27,210719,50.637637212,-123.527805175,1946.582000000,24,0.133000000,0.121000000,0.332000000
14:37:28,210719,50.637637203,-123.527805155,1946.580000000,24,0.133000000,0.121000000,0.332000000
14:37:29,210719,50.637637180,-123.527805132,1946.578000000,24,0.133000000,0.121000000,0.332000000
14:37:30,210719,50.637637153,-123.527805117,1946.578000000,24,0.133000000,0.121000000,0.332000000
14:37:31,210719,50.637637127,-123.527805120,1946.583000000,24,0.133000000,0.121000000,0.332000000
14:37:32,210719,50.637637115,-123.527805100,1946.586000000,24,0.133000000,0.121000000,0.332000000
14:37:33,210719,50.637637108,-123.527805077,1946.586000000,24,0.133000000,0.121000000,0.332000000
14:37:34,210719,50.637637098,-123.527805070,1946.586000000,24,0.133000000,0.121000000,0.332000000
14:37:35,210719,50.637637092,-123.527805058,1946.586000000,24,0.133000000,0.121000000,0.332000000
14:37:36,210719,50.637637090,-123.527805033,1946.584000000,24,0.133000000,0.121000000,0.332000000
14:37:37,210719,50.637637097,-123.527805018,1946.584000000,24,0.133000000,0.121000000,0.332000000
14:37:38,210719,50.637637123,-123.527805002,1946.586000000,24,0.133000000,0.121000000,0.332000000
14:37:39,210719,50.637637150,-123.527804993,1946.588000000,24,0.133000000,0.121000000,0.332000000
14:37:40,210719,50.637637172,-123.527804982,1946.590000000,24,0.133000000,0.121000000,0.332000000
14:37:41,210719,50.637637197,-123.527804968,1946.592000000,24,0.133000000,0.121000000,0.332000000
14:37:42,210719,50.637637220,-123.527804935,1946.590000000,24,0.133000000,0.121000000,0.332000000
14:37:43,210719,50.637637232,-123.527804948,1946.592000000,24,0.133000000,0.121000000,0.332000000
14:37:44,210719,50.637637235,-123.527804962,1946.597000000,24,0.133000000,0.121000000,0.332000000
14:37:45,210719,50.637637242,-123.527804960,1946.596000000,24,0.133000000,0.121000000,0.332000000
14:37:46,210719,50.637637242,-123.527804950,1946.602000000,24,0.133000000,0.121000000,0.332000000
14:37:47,210719,50.637637258,-123.527804942,1946.602000000,24,0.133000000,0.121000000,0.332000000
14:37:48,210719,50.637637267,-123.527804940,1946.602000000,24,0.133000000,0.121000000,0.332000000
14:37:49,210719,50.637637275,-123.527804917,1946.601000000,24,0.133000000,0.121000000,0.332000000
14:37:50,210719,50.637637253,-123.527804897,1946.602000000,24,0.133000000,0.121000000,0.332000000
14:37:51,210719,50.637637250,-123.527804863,1946.597000000,24,0.133000000,0.121000000,0.332000000
14:37:52,210719,50.637637227,-123.527804845,1946.590000000,24,0.133000000,0.121000000,0.332000000
14:37:53,210719,50.637637197,-123.527804798,1946.581000000,24,0.133000000,0.121000000,0.332000000
14:37:54,210719,50.637637188,-123.527804773,1946.578000000,24,0.133000000,0.121000000,0.332000000
14:37:55,210719,50.637637172,-123.527804758,1946.573000000,24,0.133000000,0.121000000,0.332000000
14:37:56,210719,50.637637153,-123.527804752,1946.567000000,24,0.133000000,0.120000000,0.332000000
14:37:57,210719,50.637637142,-123.527804755,1946.568000000,24,0.133000000,0.120000000,0.332000000
14:37:58,210719,50.637637125,-123.527804742,1946.567000000,24,0.133000000,0.120000000,0.332000000
14:37:59,210719,50.637637127,-123.527804748,1946.565000000,24,0.133000000,0.120000000,0.332000000
14:38:00,210719,50.637637122,-123.527804738,1946.563000000,24,0.133000000,0.120000000,0.332000000
14:38:01,210719,50.637637138,-123.527804740,1946.567000000,24,0.133000000,0.120000000,0.332000000
14:38:02,210719,50.637637170,-123.527804737,1946.569000000,24,0.133000000,0.120000000,0.332000000
14:38:03,210719,50.637637207,-123.527804732,1946.575000000,24,0.133000000,0.120000000,0.332000000
14:38:04,210719,50.637637212,-123.527804710,1946.580000000,24,0.133000000,0.120000000,0.332000000
14:38:05,210719,50.637637222,-123.527804687,1946.579000000,24,0.133000000,0.120000000,0.332000000
14:38:06,210719,50.637637228,-123.527804663,1946.574000000,24,0.133000000,0.120000000,0.332000000
14:38:07,210719,50.637637223,-123.527804648,1946.571000000,24,0.133000000,0.120000000,0.332000000
14:38:08,210719,50.637637195,-123.527804615,1946.567000000,24,0.133000000,0.120000000,0.332000000
14:38:09,210719,50.637637178,-123.527804600,1946.568000000,24,0.133000000,0.120000000,0.332000000
14:38:10,210719,50.637637172,-123.527804602,1946.566000000,24,0.133000000,0.120000000,0.332000000
14:38:11,210719,50.637637167,-123.527804608,1946.561000000,24,0.133000000,0.120000000,0.332000000
14:38:12,210719,50.637637172,-123.527804607,1946.559000000,24,0.133000000,0.120000000,0.332000000
14:38:13,210719,50.637637177,-123.527804607,1946.557000000,24,0.133000000,0.120000000,0.332000000
14:38:14,210719,50.637637170,-123.527804612,1946.554000000,24,0.133000000,0.120000000,0.332000000
14:38:15,210719,50.637637163,-123.527804630,1946.551000000,24,0.133000000,0.120000000,0.332000000
14:38:16,210719,50.637637173,-123.527804630,1946.549000000,24,0.133000000,0.120000000,0.332000000
14:38:17,210719,50.637637195,-123.527804643,1946.549000000,24,0.133000000,0.120000000,0.332000000
14:38:18,210719,50.637637202,-123.527804663,1946.551000000,24,0.133000000,0.120000000,0.332000000
14:38:19,210719,50.637637205,-123.527804683,1946.551000000,24,0.133000000,0.120000000,0.332000000
14:38:20,210719,50.637637217,-123.527804683,1946.550000000,24,0.133000000,0.120000000,0.332000000
14:38:21,210719,50.637637220,-123.527804687,1946.547000000,24,0.133000000,0.120000000,0.332000000
14:38:22,210719,50.637637233,-123.527804702,1946.544000000,24,0.133000000,0.120000000,0.332000000
14:38:23,210719,50.637637253,-123.527804690,1946.541000000,24,0.133000000,0.120000000,0.331000000
14:38:24,210719,50.637637280,-123.527804683,1946.542000000,24,0.133000000,0.120000000,0.331000000
14:38:25,210719,50.637637288,-123.527804680,1946.543000000,24,0.133000000,0.120000000,0.331000000
14:38:26,210719,50.637637288,-123.527804685,1946.542000000,24,0.133000000,0.120000000,0.331000000
14:38:27,210719,50.637637263,-123.527804685,1946.539000000,24,0.133000000,0.120000000,0.331000000
14:38:28,210719,50.637637245,-123.527804690,1946.535000000,24,0.133000000,0.120000000,0.331000000
14:38:29,210719,50.637637247,-123.527804687,1946.534000000,24,0.133000000,0.120000000,0.331000000
14:38:30,210719,50.637637250,-123.527804663,1946.531000000,24,0.133000000,0.120000000,0.331000000
14:38:31,210719,50.637637253,-123.527804658,1946.532000000,24,0.133000000,0.120000000,0.331000000
14:38:32,210719,50.637637248,-123.527804648,1946.532000000,24,0.133000000,0.120000000,0.331000000
14:38:33,210719,50.637637265,-123.527804655,1946.531000000,24,0.133000000,0.120000000,0.331000000
14:38:34,210719,50.637637268,-123.527804645,1946.527000000,24,0.133000000,0.120000000,0.331000000
14:38:35,210719,50.637637270,-123.527804635,1946.524000000,24,0.133000000,0.120000000,0.331000000
14:38:36,210719,50.637637267,-123.527804642,1946.528000000,24,0.133000000,0.120000000,0.331000000
14:38:37,210719,50.637637275,-123.527804655,1946.530000000,24,0.133000000,0.120000000,0.331000000
14:38:38,210719,50.637637287,-123.527804650,1946.530000000,24,0.133000000,0.120000000,0.331000000
14:38:39,210719,50.637637293,-123.527804643,1946.527000000,24,0.133000000,0.120000000,0.331000000
14:38:40,210719,50.637637297,-123.527804630,1946.523000000,24,0.133000000,0.120000000,0.331000000
14:38:41,210719,50.637637292,-123.527804628,1946.524000000,24,0.133000000,0.120000000,0.331000000
14:38:42,210719,50.637637283,-123.527804602,1946.520000000,24,0.133000000,0.120000000,0.331000000
14:38:43,210719,50.637637265,-123.527804605,1946.518000000,24,0.133000000,0.120000000,0.331000000
14:38:44,210719,50.637637268,-123.527804582,1946.514000000,24,0.133000000,0.120000000,0.331000000
14:38:45,210719,50.637637287,-123.527804590,1946.517000000,24,0.133000000,0.120000000,0.331000000
14:38:46,210719,50.637637297,-123.527804602,1946.521000000,24,0.133000000,0.120000000,0.331000000
14:38:47,210719,50.637637310,-123.527804603,1946.521000000,24,0.133000000,0.120000000,0.331000000
14:38:48,210719,50.637637318,-123.527804613,1946.524000000,24,0.133000000,0.120000000,0.331000000
14:38:49,210719,50.637637308,-123.527804608,1946.522000000,24,0.133000000,0.120000000,0.331000000
14:38:50,210719,50.637637287,-123.527804618,1946.523000000,24,0.133000000,0.120000000,0.331000000
14:38:51,210719,50.637637287,-123.527804605,1946.522000000,24,0.133000000,0.120000000,0.331000000
14:38:52,210719,50.637637280,-123.527804575,1946.519000000,24,0.133000000,0.120000000,0.331000000
14:38:53,210719,50.637637283,-123.527804565,1946.520000000,24,0.133000000,0.120000000,0.331000000
14:38:54,210719,50.637637293,-123.527804573,1946.522000000,24,0.133000000,0.120000000,0.331000000
14:38:55,210719,50.637637283,-123.527804560,1946.519000000,24,0.133000000,0.120000000,0.331000000
14:38:56,210719,50.637637292,-123.527804568,1946.519000000,24,0.133000000,0.120000000,0.331000000
14:38:57,210719,50.637637305,-123.527804558,1946.520000000,24,0.133000000,0.120000000,0.331000000
14:38:58,210719,50.637637308,-123.527804550,1946.523000000,24,0.133000000,0.120000000,0.331000000
14:38:59,210719,50.637637300,-123.527804557,1946.524000000,24,0.133000000,0.120000000,0.331000000
14:39:00,210719,50.637637297,-123.527804572,1946.527000000,24,0.133000000,0.120000000,0.331000000
14:39:01,210719,50.637637307,-123.527804575,1946.527000000,24,0.133000000,0.120000000,0.331000000
14:39:02,210719,50.637637315,-123.527804583,1946.528000000,24,0.133000000,0.120000000,0.331000000
14:39:03,210719,50.637637307,-123.527804552,1946.525000000,24,0.133000000,0.120000000,0.331000000
14:39:04,210719,50.637637298,-123.527804540,1946.522000000,24,0.133000000,0.120000000,0.331000000
14:39:05,210719,50.637637283,-123.527804533,1946.520000000,24,0.133000000,0.120000000,0.331000000
14:39:06,210719,50.637637287,-123.527804510,1946.517000000,24,0.133000000,0.120000000,0.331000000
14:39:07,210719,50.637637302,-123.527804560,1946.520000000,24,0.133000000,0.120000000,0.331000000
14:39:08,210719,50.637637325,-123.527804598,1946.527000000,24,0.133000000,0.120000000,0.331000000
14:39:09,210719,50.637637348,-123.527804597,1946.531000000,24,0.133000000,0.120000000,0.331000000
14:39:10,210719,50.637637360,-123.527804620,1946.533000000,24,0.133000000,0.120000000,0.331000000
14:39:11,210719,50.637637372,-123.527804625,1946.529000000,24,0.133000000,0.120000000,0.331000000
14:39:12,210719,50.637637375,-123.527804610,1946.527000000,24,0.133000000,0.120000000,0.331000000
14:39:13,210719,50.637637368,-123.527804598,1946.527000000,24,0.133000000,0.120000000,0.331000000
14:39:14,210719,50.637637350,-123.527804582,1946.522000000,24,0.133000000,0.120000000,0.331000000
14:39:15,210719,50.637637345,-123.527804560,1946.515000000,24,0.133000000,0.120000000,0.331000000
14:39:16,210719,50.637637333,-123.527804562,1946.512000000,24,0.133000000,0.120000000,0.331000000
14:39:17,210719,50.637637328,-123.527804560,1946.511000000,24,0.133000000,0.120000000,0.330000000
14:39:18,210719,50.637637333,-123.527804552,1946.508000000,24,0.133000000,0.120000000,0.330000000
14:39:19,210719,50.637637335,-123.527804558,1946.507000000,24,0.133000000,0.120000000,0.330000000
14:39:20,210719,50.637637340,-123.527804567,1946.507000000,24,0.133000000,0.120000000,0.330000000
14:39:21,210719,50.637637338,-123.527804590,1946.507000000,24,0.133000000,0.120000000,0.330000000
14:39:22,210719,50.637637365,-123.527804612,1946.510000000,24,0.133000000,0.120000000,0.330000000
14:39:23,210719,50.637637368,-123.527804605,1946.513000000,24,0.133000000,0.120000000,0.330000000
14:39:24,210719,50.637637370,-123.527804587,1946.506000000,24,0.133000000,0.120000000,0.330000000
14:39:25,210719,50.637637365,-123.527804573,1946.499000000,24,0.133000000,0.120000000,0.330000000
14:39:26,210719,50.637637368,-123.527804570,1946.492000000,24,0.133000000,0.120000000,0.330000000
14:39:27,210719,50.637637362,-123.527804548,1946.489000000,24,0.133000000,0.120000000,0.330000000
14:39:28,210719,50.637637350,-123.527804510,1946.480000000,24,0.133000000,0.120000000,0.330000000
14:39:29,210719,50.637637348,-123.527804503,1946.477000000,24,0.133000000,0.120000000,0.330000000
14:39:30,210719,50.637637342,-123.527804462,1946.473000000,24,0.133000000,0.120000000,0.330000000
14:39:31,210719,50.637637358,-123.527804473,1946.482000000,24,0.133000000,0.120000000,0.330000000
14:39:32,210719,50.637637383,-123.527804470,1946.492000000,24,0.133000000,0.120000000,0.330000000
14:39:33,210719,50.637637392,-123.527804470,1946.496000000,24,0.133000000,0.120000000,0.330000000
14:39:34,210719,50.637637408,-123.527804462,1946.499000000,24,0.133000000,0.120000000,0.330000000
14:39:35,210719,50.637637415,-123.527804462,1946.501000000,24,0.133000000,0.120000000,0.330000000
14:39:36,210719,50.637637417,-123.527804463,1946.503000000,24,0.133000000,0.120000000,0.330000000
14:39:37,210719,50.637637407,-123.527804455,1946.501000000,24,0.133000000,0.120000000,0.330000000
14:39:38,210719,50.637637400,-123.527804460,1946.502000000,24,0.133000000,0.120000000,0.330000000
14:39:39,210719,50.637637390,-123.527804442,1946.497000000,24,0.133000000,0.120000000,0.330000000
14:39:40,210719,50.637637377,-123.527804420,1946.498000000,24,0.133000000,0.120000000,0.330000000
14:39:41,210719,50.637637372,-123.527804423,1946.497000000,24,0.133000000,0.120000000,0.330000000
14:39:42,210719,50.637637375,-123.527804407,1946.495000000,24,0.133000000,0.120000000,0.330000000
14:39:43,210719,50.637637388,-123.527804412,1946.497000000,24,0.133000000,0.120000000,0.330000000
14:39:44,210719,50.637637402,-123.527804400,1946.500000000,24,0.133000000,0.120000000,0.330000000
14:39:45,210719,50.637637413,-123.527804405,1946.500000000,24,0.133000000,0.120000000,0.330000000
14:39:46,210719,50.637637428,-123.527804388,1946.502000000,24,0.133000000,0.120000000,0.330000000
14:39:47,210719,50.637637440,-123.527804392,1946.498000000,24,0.133000000,0.120000000,0.330000000
14:39:48,210719,50.637637447,-123.527804382,1946.497000000,24,0.133000000,0.120000000,0.330000000
14:39:49,210719,50.637637427,-123.527804352,1946.490000000,24,0.133000000,0.120000000,0.330000000
14:39:50,210719,50.637637405,-123.527804337,1946.489000000,24,0.133000000,0.120000000,0.330000000
14:39:51,210719,50.637637403,-123.527804323,1946.490000000,24,0.133000000,0.120000000,0.330000000
14:39:52,210719,50.637637412,-123.527804307,1946.488000000,24,0.133000000,0.120000000,0.330000000
14:39:53,210719,50.637637435,-123.527804302,1946.489000000,24,0.133000000,0.120000000,0.330000000
14:39:54,210719,50.637637453,-123.527804325,1946.495000000,24,0.133000000,0.120000000,0.330000000
14:39:55,210719,50.637637487,-123.527804357,1946.504000000,24,0.133000000,0.120000000,0.330000000
14:39:56,210719,50.637637522,-123.527804392,1946.513000000,24,0.133000000,0.120000000,0.330000000
14:39:57,210719,50.637637535,-123.527804392,1946.516000000,24,0.133000000,0.120000000,0.330000000
14:39:58,210719,50.637637540,-123.527804395,1946.521000000,24,0.133000000,0.120000000,0.330000000
14:39:59,210719,50.637637540,-123.527804408,1946.526000000,24,0.133000000,0.120000000,0.330000000
14:40:00,210719,50.637637557,-123.527804410,1946.528000000,24,0.133000000,0.120000000,0.330000000
14:40:01,210719,50.637637568,-123.527804402,1946.529000000,24,0.133000000,0.120000000,0.330000000
14:40:02,210719,50.637637542,-123.527804387,1946.529000000,24,0.133000000,0.120000000,0.330000000
14:40:03,210719,50.637637523,-123.527804390,1946.529000000,24,0.133000000,0.120000000,0.330000000
14:40:04,210719,50.637637497,-123.527804445,1946.539000000,24,0.133000000,0.120000000,0.330000000
14:40:05,210719,50.637637490,-123.527804467,1946.544000000,24,0.133000000,0.120000000,0.329000000
14:40:06,210719,50.637637477,-123.527804480,1946.547000000,24,0.133000000,0.120000000,0.329000000
14:40:07,210719,50.637637465,-123.527804503,1946.552000000,24,0.133000000,0.120000000,0.329000000
14:40:08,210719,50.637637462,-123.527804493,1946.559000000,24,0.133000000,0.120000000,0.329000000
14:40:09,210719,50.637637467,-123.527804475,1946.561000000,24,0.133000000,0.120000000,0.329000000
14:40:10,210719,50.637637475,-123.527804473,1946.563000000,24,0.133000000,0.120000000,0.329000000
14:40:11,210719,50.637637462,-123.527804435,1946.560000000,24,0.133000000,0.120000000,0.329000000
14:40:12,210719,50.637637458,-123.527804422,1946.562000000,24,0.133000000,0.120000000,0.329000000
14:40:13,210719,50.637637472,-123.527804408,1946.563000000,24,0.133000000,0.120000000,0.329000000
14:40:14,210719,50.637637492,-123.527804417,1946.569000000,24,0.133000000,0.120000000,0.329000000
14:40:15,210719,50.637637512,-123.527804423,1946.577000000,24,0.133000000,0.120000000,0.329000000
14:40:16,210719,50.637637512,-123.527804432,1946.580000000,24,0.133000000,0.120000000,0.329000000
14:40:17,210719,50.637637512,-123.527804438,1946.580000000,24,0.133000000,0.120000000,0.329000000
14:40:18,210719,50.637637518,-123.527804440,1946.579000000,24,0.133000000,0.120000000,0.329000000
14:40:19,210719,50.637637533,-123.527804445,1946.584000000,24,0.133000000,0.120000000,0.329000000
14:40:20,210719,50.637637538,-123.527804448,1946.585000000,24,0.133000000,0.120000000,0.329000000
14:40:21,210719,50.637637538,-123.527804452,1946.588000000,24,0.133000000,0.120000000,0.329000000
14:40:22,210719,50.637637537,-123.527804448,1946.592000000,24,0.133000000,0.120000000,0.329000000
14:40:23,210719,50.637637545,-123.527804450,1946.595000000,24,0.133000000,0.120000000,0.329000000
14:40:24,210719,50.637637533,-123.527804463,1946.593000000,24,0.133000000,0.120000000,0.329000000
14:40:25,210719,50.637637532,-123.527804475,1946.592000000,24,0.133000000,0.120000000,0.329000000
14:40:26,210719,50.637637518,-123.527804487,1946.593000000,24,0.133000000,0.120000000,0.329000000
14:40:27,210719,50.637637517,-123.527804488,1946.594000000,24,0.133000000,0.120000000,0.329000000
14:40:28,210719,50.637637512,-123.527804497,1946.592000000,24,0.133000000,0.120000000,0.329000000
14:40:29,210719,50.637637508,-123.527804505,1946.595000000,24,0.133000000,0.120000000,0.329000000
14:40:30,210719,50.637637500,-123.527804500,1946.595000000,24,0.133000000,0.120000000,0.329000000
14:40:31,210719,50.637637502,-123.527804492,1946.594000000,24,0.133000000,0.120000000,0.329000000
14:40:32,210719,50.637637520,-123.527804483,1946.597000000,24,0.133000000,0.120000000,0.329000000
14:40:33,210719,50.637637550,-123.527804475,1946.600000000,24,0.133000000,0.120000000,0.329000000
14:40:34,210719,50.637637563,-123.527804473,1946.601000000,24,0.133000000,0.120000000,0.329000000
14:40:35,210719,50.637637550,-123.527804455,1946.598000000,24,0.134000000,0.120000000,0.329000000
14:40:36,210719,50.637637523,-123.527804445,1946.597000000,24,0.134000000,0.120000000,0.329000000
14:40:37,210719,50.637637527,-123.527804460,1946.600000000,24,0.134000000,0.120000000,0.329000000
14:40:38,210719,50.637637538,-123.527804465,1946.601000000,24,0.134000000,0.120000000,0.329000000
14:40:39,210719,50.637637557,-123.527804477,1946.601000000,24,0.134000000,0.120000000,0.329000000
14:40:40,210719,50.637637577,-123.527804490,1946.605000000,24,0.134000000,0.120000000,0.329000000
14:40:41,210719,50.637637590,-123.527804508,1946.607000000,24,0.134000000,0.120000000,0.329000000
14:40:42,210719,50.637637607,-123.527804520,1946.603000000,24,0.134000000,0.120000000,0.329000000
14:40:43,210719,50.637637622,-123.527804515,1946.608000000,24,0.134000000,0.120000000,0.329000000
14:40:44,210719,50.637637598,-123.527804505,1946.609000000,24,0.134000000,0.120000000,0.329000000
14:40:45,210719,50.637637578,-123.527804512,1946.605000000,24,0.134000000,0.120000000,0.329000000
14:40:46,210719,50.637637572,-123.527804522,1946.606000000,24,0.134000000,0.120000000,0.329000000
14:40:47,210719,50.637637567,-123.527804515,1946.606000000,24,0.134000000,0.120000000,0.328000000
14:40:48,210719,50.637637545,-123.527804517,1946.610000000,24,0.134000000,0.120000000,0.328000000
14:40:49,210719,50.637637513,-123.527804522,1946.612000000,24,0.134000000,0.120000000,0.328000000
14:40:50,210719,50.637637485,-123.527804550,1946.610000000,24,0.134000000,0.120000000,0.328000000
14:40:51,210719,50.637637492,-123.527804560,1946.608000000,24,0.134000000,0.120000000,0.328000000
14:40:52,210719,50.637637507,-123.527804578,1946.611000000,24,0.134000000,0.120000000,0.328000000
14:40:53,210719,50.637637503,-123.527804582,1946.615000000,24,0.134000000,0.120000000,0.328000000
14:40:54,210719,50.637637497,-123.527804578,1946.617000000,24,0.134000000,0.120000000,0.328000000
14:40:55,210719,50.637637505,-123.527804577,1946.619000000,24,0.134000000,0.120000000,0.328000000
14:40:56,210719,50.637637522,-123.527804587,1946.622000000,24,0.134000000,0.120000000,0.328000000
14:40:57,210719,50.637637542,-123.527804588,1946.625000000,24,0.134000000,0.120000000,0.328000000
14:40:58,210719,50.637637550,-123.527804613,1946.633000000,24,0.134000000,0.120000000,0.328000000
14:40:59,210719,50.637637555,-123.527804617,1946.639000000,24,0.134000000,0.120000000,0.328000000
14:41:00,210719,50.637637557,-123.527804617,1946.636000000,24,0.134000000,0.120000000,0.328000000
14:41:01,210719,50.637637560,-123.527804632,1946.637000000,24,0.134000000,0.120000000,0.328000000
14:41:02,210719,50.637637538,-123.527804642,1946.635000000,24,0.134000000,0.120000000,0.328000000
14:41:03,210719,50.637637537,-123.527804660,1946.635000000,24,0.134000000,0.120000000,0.328000000
14:41:04,210719,50.637637552,-123.527804678,1946.637000000,24,0.134000000,0.120000000,0.328000000
14:41:05,210719,50.637637540,-123.527804665,1946.635000000,24,0.134000000,0.120000000,0.328000000
14:41:06,210719,50.637637510,-123.527804653,1946.631000000,24,0.134000000,0.120000000,0.328000000
14:41:07,210719,50.637637485,-123.527804655,1946.630000000,24,0.134000000,0.120000000,0.328000000
14:41:08,210719,50.637637478,-123.527804680,1946.632000000,24,0.134000000,0.120000000,0.328000000
14:41:09,210719,50.637637500,-123.527804675,1946.638000000,24,0.134000000,0.120000000,0.328000000
14:41:10,210719,50.637637512,-123.527804675,1946.640000000,24,0.134000000,0.120000000,0.328000000
14:41:11,210719,50.637637497,-123.527804717,1946.650000000,24,0.134000000,0.120000000,0.328000000
14:41:12,210719,50.637637468,-123.527804760,1946.658000000,24,0.134000000,0.120000000,0.328000000
14:41:13,210719,50.637637460,-123.527804795,1946.663000000,24,0.134000000,0.120000000,0.328000000
14:41:14,210719,50.637637452,-123.527804808,1946.666000000,24,0.134000000,0.120000000,0.328000000
14:41:15,210719,50.637637460,-123.527804822,1946.669000000,24,0.134000000,0.120000000,0.328000000
14:41:16,210719,50.637637473,-123.527804847,1946.672000000,24,0.134000000,0.120000000,0.328000000
14:41:17,210719,50.637637498,-123.527804862,1946.676000000,24,0.134000000,0.120000000,0.328000000
14:41:18,210719,50.637637537,-123.527804858,1946.681000000,24,0.134000000,0.120000000,0.328000000
14:41:19,210719,50.637637560,-123.527804847,1946.684000000,24,0.134000000,0.120000000,0.328000000
14:41:20,210719,50.637637582,-123.527804835,1946.690000000,24,0.134000000,0.120000000,0.328000000
14:41:21,210719,50.637637608,-123.527804822,1946.694000000,24,0.134000000,0.120000000,0.328000000
14:41:22,210719,50.637637645,-123.527804812,1946.696000000,24,0.134000000,0.120000000,0.328000000
14:41:23,210719,50.637637683,-123.527804803,1946.696000000,24,0.134000000,0.120000000,0.328000000
14:41:24,210719,50.637637692,-123.527804817,1946.694000000,24,0.134000000,0.120000000,0.328000000
14:41:25,210719,50.637637672,-123.527804838,1946.693000000,24,0.134000000,0.120000000,0.328000000
14:41:26,210719,50.637637640,-123.527804857,1946.689000000,24,0.134000000,0.120000000,0.327000000
14:41:27,210719,50.637637633,-123.527804863,1946.683000000,24,0.134000000,0.120000000,0.327000000
14:41:28,210719,50.637637620,-123.527804877,1946.674000000,24,0.134000000,0.120000000,0.327000000
14:41:29,210719,50.637637618,-123.527804872,1946.671000000,24,0.134000000,0.120000000,0.327000000
14:41:30,210719,50.637637625,-123.527804863,1946.667000000,24,0.134000000,0.120000000,0.327000000
14:41:31,210719,50.637637628,-123.527804862,1946.664000000,24,0.134000000,0.120000000,0.327000000
14:41:32,210719,50.637637627,-123.527804843,1946.657000000,24,0.134000000,0.120000000,0.327000000
14:41:33,210719,50.637637637,-123.527804838,1946.655000000,24,0.134000000,0.120000000,0.327000000
14:41:34,210719,50.637637630,-123.527804847,1946.655000000,24,0.134000000,0.120000000,0.327000000
14:41:35,210719,50.637637628,-123.527804858,1946.654000000,24,0.134000000,0.120000000,0.327000000
14:41:36,210719,50.637637628,-123.527804867,1946.649000000,24,0.134000000,0.120000000,0.327000000
14:41:37,210719,50.637637625,-123.527804910,1946.652000000,24,0.134000000,0.120000000,0.327000000
14:41:38,210719,50.637637630,-123.527804938,1946.654000000,24,0.134000000,0.120000000,0.327000000
14:41:39,210719,50.637637647,-123.527804945,1946.653000000,24,0.134000000,0.120000000,0.327000000
14:41:40,210719,50.637637672,-123.527804943,1946.655000000,24,0.134000000,0.120000000,0.327000000
14:41:41,210719,50.637637695,-123.527804942,1946.652000000,24,0.134000000,0.120000000,0.327000000
14:41:42,210719,50.637637712,-123.527804935,1946.652000000,24,0.134000000,0.120000000,0.327000000
14:41:43,210719,50.637637702,-123.527804927,1946.655000000,24,0.134000000,0.120000000,0.327000000
14:41:44,210719,50.637637693,-123.527804923,1946.653000000,24,0.134000000,0.119000000,0.327000000
14:41:45,210719,50.637637702,-123.527804925,1946.648000000,24,0.134000000,0.119000000,0.327000000
14:41:46,210719,50.637637707,-123.527804917,1946.645000000,24,0.134000000,0.119000000,0.327000000
14:41:47,210719,50.637637708,-123.527804913,1946.643000000,24,0.134000000,0.119000000,0.327000000
14:41:48,210719,50.637637702,-123.527804900,1946.644000000,24,0.134000000,0.119000000,0.327000000
14:41:49,210719,50.637637707,-123.527804918,1946.646000000,24,0.134000000,0.119000000,0.327000000
14:41:50,210719,50.637637707,-123.527804928,1946.641000000,24,0.134000000,0.119000000,0.327000000
14:41:51,210719,50.637637687,-123.527804932,1946.639000000,24,0.134000000,0.119000000,0.327000000
14:41:52,210719,50.637637677,-123.527804937,1946.637000000,24,0.134000000,0.119000000,0.327000000
14:41:53,210719,50.637637680,-123.527804942,1946.641000000,24,0.134000000,0.119000000,0.327000000
14:41:54,210719,50.637637685,-123.527804927,1946.638000000,24,0.134000000,0.119000000,0.327000000
14:41:55,210719,50.637637687,-123.527804903,1946.636000000,24,0.134000000,0.119000000,0.327000000
14:41:56,210719,50.637637695,-123.527804910,1946.641000000,24,0.134000000,0.119000000,0.327000000
14:41:57,210719,50.637637703,-123.527804903,1946.645000000,24,0.134000000,0.119000000,0.327000000
14:41:58,210719,50.637637715,-123.527804880,1946.647000000,24,0.134000000,0.119000000,0.327000000
14:41:59,210719,50.637637717,-123.527804868,1946.647000000,24,0.134000000,0.119000000,0.327000000
14:42:00,210719,50.637637720,-123.527804890,1946.654000000,24,0.134000000,0.119000000,0.327000000
14:42:01,210719,50.637637695,-123.527804890,1946.655000000,24,0.134000000,0.119000000,0.327000000
14:42:02,210719,50.637637697,-123.527804907,1946.656000000,24,0.134000000,0.119000000,0.327000000
14:42:03,210719,50.637637700,-123.527804932,1946.659000000,24,0.134000000,0.119000000,0.327000000
14:42:04,210719,50.637637692,-123.527804947,1946.659000000,24,0.134000000,0.119000000,0.327000000
14:42:05,210719,50.637637645,-123.527804978,1946.662000000,24,0.134000000,0.119000000,0.326000000
14:42:06,210719,50.637637607,-123.527804992,1946.666000000,24,0.134000000,0.119000000,0.326000000
14:42:07,210719,50.637637592,-123.527805015,1946.668000000,24,0.134000000,0.119000000,0.326000000
14:42:08,210719,50.637637585,-123.527805058,1946.675000000,24,0.134000000,0.119000000,0.326000000
14:42:09,210719,50.637637553,-123.527805098,1946.684000000,24,0.134000000,0.119000000,0.326000000
14:42:10,210719,50.637637540,-123.527805132,1946.690000000,24,0.134000000,0.119000000,0.326000000
14:42:11,210719,50.637637527,-123.527805165,1946.694000000,24,0.134000000,0.119000000,0.326000000
14:42:12,210719,50.637637520,-123.527805183,1946.694000000,24,0.134000000,0.119000000,0.326000000
14:42:13,210719,50.637637510,-123.527805215,1946.699000000,24,0.134000000,0.119000000,0.326000000
14:42:14,210719,50.637637502,-123.527805238,1946.708000000,24,0.134000000,0.119000000,0.326000000
14:42:15,210719,50.637637515,-123.527805235,1946.710000000,24,0.134000000,0.119000000,0.326000000
14:42:16,210719,50.637637508,-123.527805267,1946.714000000,24,0.134000000,0.119000000,0.326000000
14:42:17,210719,50.637637513,-123.527805268,1946.719000000,24,0.134000000,0.119000000,0.326000000
14:42:18,210719,50.637637498,-123.527805292,1946.724000000,24,0.134000000,0.119000000,0.326000000
14:42:19,210719,50.637637497,-123.527805313,1946.729000000,24,0.134000000,0.119000000,0.326000000
14:42:20,210719,50.637637485,-123.527805330,1946.733000000,24,0.134000000,0.119000000,0.326000000
14:42:21,210719,50.637637472,-123.527805327,1946.734000000,24,0.134000000,0.119000000,0.326000000
14:42:22,210719,50.637637460,-123.527805323,1946.736000000,24,0.134000000,0.119000000,0.326000000
14:42:23,210719,50.637637453,-123.527805342,1946.740000000,24,0.134000000,0.119000000,0.326000000
14:42:24,210719,50.637637462,-123.527805345,1946.742000000,24,0.134000000,0.119000000,0.326000000
14:42:25,210719,50.637637460,-123.527805347,1946.740000000,24,0.134000000,0.119000000,0.326000000
14:42:26,210719,50.637637428,-123.527805357,1946.740000000,24,0.134000000,0.119000000,0.326000000
14:42:27,210719,50.637637420,-123.527805355,1946.741000000,24,0.134000000,0.119000000,0.326000000
14:42:28,210719,50.637637400,-123.527805350,1946.740000000,24,0.134000000,0.119000000,0.326000000
14:42:29,210719,50.637637400,-123.527805360,1946.742000000,24,0.134000000,0.119000000,0.326000000
14:42:30,210719,50.637637390,-123.527805358,1946.743000000,24,0.134000000,0.119000000,0.326000000
14:42:31,210719,50.637637358,-123.527805363,1946.747000000,24,0.134000000,0.119000000,0.326000000
14:42:32,210719,50.637637347,-123.527805343,1946.748000000,23,0.134000000,0.119000000,0.326000000
14:42:33,210719,50.637637338,-123.527805352,1946.751000000,23,0.135000000,0.132000000,0.341000000
14:42:34,210719,50.637637327,-123.527805342,1946.748000000,23,0.135000000,0.132000000,0.341000000
14:42:35,210719,50.637637322,-123.527805343,1946.750000000,23,0.135000000,0.132000000,0.341000000
14:42:36,210719,50.637637308,-123.527805330,1946.747000000,23,0.135000000,0.132000000,0.341000000
14:42:37,210719,50.637637307,-123.527805343,1946.746000000,23,0.135000000,0.132000000,0.341000000
14:42:38,210719,50.637637302,-123.527805322,1946.739000000,23,0.135000000,0.132000000,0.341000000
14:42:39,210719,50.637637290,-123.527805318,1946.736000000,23,0.135000000,0.132000000,0.341000000
14:42:40,210719,50.637637283,-123.527805308,1946.734000000,23,0.135000000,0.132000000,0.341000000
14:42:41,210719,50.637637275,-123.527805312,1946.733000000,23,0.135000000,0.132000000,0.341000000
14:42:42,210719,50.637637280,-123.527805283,1946.732000000,23,0.135000000,0.132000000,0.341000000
14:42:43,210719,50.637637277,-123.527805297,1946.735000000,23,0.135000000,0.132000000,0.341000000
14:42:44,210719,50.637637283,-123.527805277,1946.734000000,23,0.135000000,0.132000000,0.341000000
14:42:45,210719,50.637637283,-123.527805273,1946.731000000,23,0.135000000,0.132000000,0.341000000
14:42:46,210719,50.637637293,-123.527805253,1946.728000000,23,0.135000000,0.132000000,0.341000000
14:42:47,210719,50.637637312,-123.527805245,1946.724000000,23,0.135000000,0.132000000,0.341000000
14:42:48,210719,50.637637320,-123.527805262,1946.724000000,23,0.135000000,0.132000000,0.341000000
14:42:49,210719,50.637637312,-123.527805252,1946.721000000,23,0.135000000,0.132000000,0.341000000
14:42:50,210719,50.637637300,-123.527805243,1946.718000000,23,0.135000000,0.132000000,0.341000000
14:42:51,210719,50.637637290,-123.527805230,1946.716000000,23,0.135000000,0.132000000,0.341000000
14:42:52,210719,50.637637273,-123.527805230,1946.713000000,23,0.135000000,0.132000000,0.341000000
14:42:53,210719,50.637637252,-123.527805232,1946.715000000,23,0.135000000,0.132000000,0.341000000
14:42:54,210719,50.637637250,-123.527805223,1946.711000000,23,0.135000000,0.132000000,0.340000000
14:42:55,210719,50.637637260,-123.527805240,1946.709000000,23,0.135000000,0.132000000,0.340000000
14:42:56,210719,50.637637263,-123.527805235,1946.711000000,23,0.135000000,0.132000000,0.340000000
14:42:57,210719,50.637637268,-123.527805213,1946.710000000,23,0.135000000,0.132000000,0.340000000
14:42:58,210719,50.637637282,-123.527805225,1946.711000000,23,0.135000000,0.132000000,0.340000000
14:42:59,210719,50.637637287,-123.527805230,1946.711000000,23,0.135000000,0.132000000,0.340000000
14:43:00,210719,50.637637282,-123.527805205,1946.702000000,23,0.135000000,0.132000000,0.340000000
14:43:01,210719,50.637637290,-123.527805193,1946.702000000,23,0.135000000,0.132000000,0.340000000
14:43:02,210719,50.637637295,-123.527805177,1946.699000000,23,0.135000000,0.132000000,0.340000000
14:43:03,210719,50.637637305,-123.527805152,1946.699000000,23,0.135000000,0.132000000,0.340000000
14:43:04,210719,50.637637322,-123.527805120,1946.695000000,23,0.135000000,0.132000000,0.340000000
14:43:05,210719,50.637637335,-123.527805103,1946.696000000,23,0.135000000,0.132000000,0.340000000
14:43:06,210719,50.637637357,-123.527805067,1946.692000000,23,0.135000000,0.132000000,0.340000000
14:43:07,210719,50.637637350,-123.527805052,1946.689000000,23,0.135000000,0.132000000,0.340000000
14:43:08,210719,50.637637343,-123.527805045,1946.687000000,23,0.135000000,0.132000000,0.340000000
14:43:09,210719,50.637637353,-123.527805058,1946.684000000,23,0.135000000,0.132000000,0.340000000
14:43:10,210719,50.637637355,-123.527805072,1946.681000000,23,0.135000000,0.132000000,0.340000000
14:43:11,210719,50.637637353,-123.527805088,1946.676000000,23,0.135000000,0.132000000,0.340000000
14:43:12,210719,50.637637348,-123.527805090,1946.670000000,23,0.135000000,0.132000000,0.340000000
14:43:13,210719,50.637637353,-123.527805085,1946.669000000,23,0.135000000,0.132000000,0.340000000
14:43:14,210719,50.637637362,-123.527805073,1946.664000000,23,0.135000000,0.132000000,0.340000000
14:43:15,210719,50.637637377,-123.527805067,1946.663000000,23,0.135000000,0.132000000,0.340000000
14:43:16,210719,50.637637375,-123.527805045,1946.660000000,23,0.135000000,0.132000000,0.340000000
14:43:17,210719,50.637637392,-123.527805038,1946.657000000,23,0.135000000,0.132000000,0.340000000
14:43:18,210719,50.637637410,-123.527805017,1946.657000000,23,0.135000000,0.132000000,0.340000000
14:43:19,210719,50.637637422,-123.527805032,1946.656000000,23,0.135000000,0.132000000,0.340000000
14:43:20,210719,50.637637432,-123.527805040,1946.659000000,23,0.135000000,0.132000000,0.340000000
14:43:21,210719,50.637637435,-123.527805042,1946.661000000,23,0.135000000,0.132000000,0.339000000
14:43:22,210719,50.637637457,-123.527805035,1946.659000000,23,0.135000000,0.132000000,0.339000000
14:43:23,210719,50.637637463,-123.527805023,1946.658000000,23,0.135000000,0.132000000,0.339000000
14:43:24,210719,50.637637468,-123.527805017,1946.657000000,24,0.134000000,0.119000000,0.324000000
14:43:25,210719,50.637637470,-123.527804997,1946.654000000,24,0.134000000,0.119000000,0.324000000
14:43:26,210719,50.637637480,-123.527805003,1946.652000000,24,0.134000000,0.119000000,0.324000000
14:43:27,210719,50.637637497,-123.527804983,1946.651000000,24,0.134000000,0.119000000,0.324000000
14:43:28,210719,50.637637483,-123.527804955,1946.649000000,24,0.134000000,0.119000000,0.324000000
14:43:29,210719,50.637637485,-123.527804928,1946.645000000,24,0.134000000,0.119000000,0.324000000
14:43:30,210719,50.637637503,-123.527804913,1946.647000000,24,0.134000000,0.119000000,0.324000000
14:43:31,210719,50.637637517,-123.527804912,1946.645000000,24,0.134000000,0.119000000,0.324000000
14:43:32,210719,50.637637518,-123.527804898,1946.646000000,24,0.134000000,0.119000000,0.324000000
14:43:33,210719,50.637637515,-123.527804888,1946.645000000,24,0.134000000,0.119000000,0.324000000
14:43:34,210719,50.637637522,-123.527804872,1946.644000000,24,0.134000000,0.119000000,0.324000000
14:43:35,210719,50.637637535,-123.527804843,1946.643000000,24,0.134000000,0.119000000,0.324000000
14:43:36,210719,50.637637537,-123.527804840,1946.641000000,24,0.134000000,0.119000000,0.324000000
14:43:37,210719,50.637637545,-123.527804827,1946.636000000,24,0.134000000,0.119000000,0.324000000
14:43:38,210719,50.637637565,-123.527804808,1946.634000000,24,0.134000000,0.119000000,0.324000000
14:43:39,210719,50.637637587,-123.527804778,1946.629000000,24,0.134000000,0.119000000,0.324000000
14:43:40,210719,50.637637602,-123.527804762,1946.631000000,24,0.134000000,0.119000000,0.324000000
14:43:41,210719,50.637637603,-123.527804758,1946.629000000,24,0.134000000,0.119000000,0.324000000
14:43:42,210719,50.637637622,-123.527804742,1946.631000000,24,0.134000000,0.119000000,0.323000000
14:43:43,210719,50.637637648,-123.527804743,1946.631000000,24,0.134000000,0.119000000,0.323000000
14:43:44,210719,50.637637657,-123.527804742,1946.626000000,24,0.134000000,0.119000000,0.323000000
14:43:45,210719,50.637637668,-123.527804750,1946.624000000,24,0.134000000,0.119000000,0.323000000
14:43:46,210719,50.637637680,-123.527804722,1946.621000000,24,0.134000000,0.119000000,0.323000000
14:43:47,210719,50.637637687,-123.527804715,1946.620000000,24,0.134000000,0.119000000,0.323000000
14:43:48,210719,50.637637682,-123.527804710,1946.621000000,24,0.134000000,0.119000000,0.323000000
14:43:49,210719,50.637637658,-123.527804687,1946.621000000,24,0.134000000,0.119000000,0.323000000
14:43:50,210719,50.637637645,-123.527804705,1946.621000000,24,0.134000000,0.119000000,0.323000000
14:43:51,210719,50.637637632,-123.527804717,1946.619000000,24,0.134000000,0.119000000,0.323000000
14:43:52,210719,50.637637638,-123.527804718,1946.617000000,24,0.134000000,0.119000000,0.323000000
14:43:53,210719,50.637637633,-123.527804703,1946.619000000,24,0.134000000,0.119000000,0.323000000
14:43:54,210719,50.637637622,-123.527804697,1946.617000000,24,0.134000000,0.119000000,0.323000000
14:43:55,210719,50.637637632,-123.527804692,1946.616000000,24,0.134000000,0.119000000,0.323000000
14:43:56,210719,50.637637637,-123.527804707,1946.619000000,24,0.134000000,0.119000000,0.323000000
14:43:57,210719,50.637637647,-123.527804703,1946.620000000,24,0.134000000,0.119000000,0.323000000
14:43:58,210719,50.637637642,-123.527804717,1946.624000000,24,0.134000000,0.119000000,0.323000000
14:43:59,210719,50.637637647,-123.527804725,1946.626000000,24,0.134000000,0.119000000,0.323000000
14:44:00,210719,50.637637658,-123.527804718,1946.630000000,24,0.134000000,0.119000000,0.323000000
14:44:01,210719,50.637637665,-123.527804712,1946.633000000,24,0.134000000,0.119000000,0.323000000
14:44:02,210719,50.637637678,-123.527804722,1946.634000000,24,0.134000000,0.119000000,0.323000000
14:44:03,210719,50.637637677,-123.527804705,1946.632000000,24,0.134000000,0.119000000,0.323000000
