TIME,DATE(ddMMyy),LATITUDEGGA,LONGITUDEGGA,ALTITUDEGGA,NUMBERSAT,LATERR,LONGERR,ALTERR
21:47:54,210719,50.568692090,-123.474704340,605.814000000,15,0.197000000,0.127000000,0.429000000
21:47:55,210719,50.568692155,-123.474704360,605.805000000,15,0.197000000,0.127000000,0.429000000
21:47:56,210719,50.568692215,-123.474704362,605.790000000,15,0.197000000,0.127000000,0.429000000
21:47:57,210719,50.568692248,-123.474704350,605.785000000,15,0.197000000,0.127000000,0.429000000
21:47:58,210719,50.568692268,-123.474704322,605.783000000,15,0.197000000,0.127000000,0.429000000
21:47:59,210719,50.568692282,-123.474704253,605.784000000,15,0.197000000,0.127000000,0.429000000
21:48:00,210719,50.568692258,-123.474704213,605.784000000,15,0.197000000,0.127000000,0.429000000
21:48:01,210719,50.568692270,-123.474704148,605.780000000,15,0.197000000,0.127000000,0.429000000
21:48:02,210719,50.568692257,-123.474704065,605.780000000,14,0.198000000,0.138000000,0.455000000
21:48:03,210719,50.568692258,-123.474704042,605.782000000,14,0.198000000,0.138000000,0.455000000
21:48:04,210719,50.568692225,-123.474703962,605.785000000,14,0.198000000,0.138000000,0.455000000
21:48:05,210719,50.568692202,-123.474703890,605.784000000,15,0.191000000,0.131000000,0.443000000
21:48:06,210719,50.568692157,-123.474703818,605.793000000,14,0.198000000,0.138000000,0.454000000
21:48:07,210719,50.568692150,-123.474703792,605.795000000,14,0.198000000,0.138000000,0.454000000
21:48:08,210719,50.568692145,-123.474703730,605.801000000,14,0.198000000,0.138000000,0.454000000
21:48:09,210719,50.568692163,-123.474703668,605.794000000,14,0.198000000,0.138000000,0.454000000
21:48:10,210719,50.568692155,-123.474703633,605.796000000,14,0.198000000,0.138000000,0.454000000
21:48:11,210719,50.568692125,-123.474703550,605.802000000,14,0.198000000,0.138000000,0.454000000
21:48:12,210719,50.568692100,-123.474703492,605.803000000,14,0.198000000,0.138000000,0.454000000
21:48:13,210719,50.568692035,-123.474703448,605.812000000,14,0.198000000,0.138000000,0.454000000
21:48:14,210719,50.568691953,-123.474703370,605.810000000,14,0.198000000,0.138000000,0.454000000
21:48:15,210719,50.568691882,-123.474703298,605.809000000,14,0.198000000,0.138000000,0.454000000
21:48:16,210719,50.568691810,-123.474703190,605.807000000,14,0.198000000,0.138000000,0.454000000
21:48:17,210719,50.568691717,-123.474703108,605.808000000,15,0.197000000,0.127000000,0.428000000
21:48:18,210719,50.568691648,-123.474703053,605.804000000,15,0.197000000,0.127000000,0.428000000
21:48:19,210719,50.568691625,-123.474702992,605.795000000,15,0.197000000,0.127000000,0.428000000
21:48:20,210719,50.568691638,-123.474702922,605.787000000,16,0.190000000,0.120000000,0.416000000
21:48:21,210719,50.568691620,-123.474702865,605.778000000,15,0.197000000,0.127000000,0.428000000
21:48:22,210719,50.568691622,-123.474702837,605.770000000,16,0.190000000,0.120000000,0.416000000
21:48:23,210719,50.568691628,-123.474702820,605.761000000,16,0.190000000,0.120000000,0.416000000
21:48:24,210719,50.568691615,-123.474702822,605.755000000,16,0.190000000,0.120000000,0.416000000
21:48:25,210719,50.568691575,-123.474702827,605.757000000,16,0.190000000,0.120000000,0.416000000
21:48:26,210719,50.568691537,-123.474702782,605.755000000,16,0.190000000,0.120000000,0.416000000
21:48:27,210719,50.568691518,-123.474702773,605.750000000,16,0.190000000,0.120000000,0.416000000
21:48:28,210719,50.568691502,-123.474702765,605.745000000,16,0.190000000,0.120000000,0.416000000
21:48:29,210719,50.568691473,-123.474702737,605.744000000,16,0.190000000,0.120000000,0.416000000
21:48:30,210719,50.568691433,-123.474702688,605.741000000,16,0.190000000,0.120000000,0.416000000
21:48:31,210719,50.568691393,-123.474702643,605.740000000,15,0.197000000,0.127000000,0.427000000
21:48:32,210719,50.568691373,-123.474702637,605.738000000,16,0.197000000,0.127000000,0.427000000
21:48:33,210719,50.568691368,-123.474702607,605.734000000,16,0.187000000,0.120000000,0.413000000
21:48:34,210719,50.568691318,-123.474702547,605.732000000,16,0.187000000,0.120000000,0.413000000
21:48:35,210719,50.568691327,-123.474702537,605.726000000,16,0.187000000,0.120000000,0.413000000
21:48:36,210719,50.568691335,-123.474702540,605.727000000,16,0.187000000,0.120000000,0.413000000
21:48:37,210719,50.568691278,-123.474702558,605.729000000,16,0.187000000,0.120000000,0.413000000
21:48:38,210719,50.568691235,-123.474702562,605.731000000,16,0.187000000,0.120000000,0.413000000
21:48:39,210719,50.568691185,-123.474702560,605.731000000,16,0.187000000,0.120000000,0.413000000
21:48:40,210719,50.568691163,-123.474702577,605.731000000,16,0.187000000,0.120000000,0.413000000
21:48:41,210719,50.568691150,-123.474702557,605.727000000,16,0.187000000,0.120000000,0.413000000
21:48:42,210719,50.568691127,-123.474702555,605.727000000,16,0.187000000,0.120000000,0.413000000
21:48:43,210719,50.568691137,-123.474702583,605.726000000,16,0.187000000,0.120000000,0.413000000
21:48:44,210719,50.568691152,-123.474702592,605.729000000,16,0.187000000,0.120000000,0.413000000
21:48:45,210719,50.568691123,-123.474702582,605.735000000,16,0.187000000,0.120000000,0.413000000
21:48:46,210719,50.568691123,-123.474702572,605.738000000,16,0.187000000,0.120000000,0.413000000
21:48:47,210719,50.568691132,-123.474702568,605.738000000,15,0.197000000,0.127000000,0.426000000
21:48:48,210719,50.568691147,-123.474702570,605.742000000,15,0.197000000,0.127000000,0.426000000
21:48:49,210719,50.568691143,-123.474702575,605.754000000,16,0.190000000,0.120000000,0.414000000
21:48:50,210719,50.568691123,-123.474702573,605.763000000,16,0.190000000,0.120000000,0.414000000
21:48:51,210719,50.568691125,-123.474702593,605.769000000,16,0.190000000,0.120000000,0.414000000
21:48:52,210719,50.568691108,-123.474702593,605.770000000,15,0.190000000,0.120000000,0.414000000
21:48:53,210719,50.568691113,-123.474702637,605.776000000,15,0.195000000,0.127000000,0.420000000
21:48:54,210719,50.568691112,-123.474702678,605.775000000,15,0.195000000,0.127000000,0.420000000
21:48:55,210719,50.568691120,-123.474702698,605.776000000,15,0.195000000,0.127000000,0.420000000
21:48:56,210719,50.568691107,-123.474702707,605.775000000,15,0.195000000,0.127000000,0.420000000
21:48:57,210719,50.568691110,-123.474702762,605.768000000,15,0.195000000,0.127000000,0.420000000
21:48:58,210719,50.568691128,-123.474702802,605.763000000,15,0.195000000,0.127000000,0.420000000
21:48:59,210719,50.568691095,-123.474702805,605.763000000,15,0.195000000,0.127000000,0.420000000
21:49:00,210719,50.568691077,-123.474702835,605.761000000,15,0.195000000,0.127000000,0.420000000
21:49:01,210719,50.568691050,-123.474702865,605.763000000,15,0.195000000,0.127000000,0.420000000
21:49:02,210719,50.568691033,-123.474702912,605.764000000,16,0.186000000,0.120000000,0.408000000
21:49:03,210719,50.568691008,-123.474702943,605.761000000,15,0.191000000,0.128000000,0.418000000
21:49:04,210719,50.568690983,-123.474702992,605.749000000,15,0.191000000,0.128000000,0.418000000
21:49:05,210719,50.568690973,-123.474703052,605.744000000,15,0.191000000,0.128000000,0.418000000
21:49:06,210719,50.568690940,-123.474703097,605.735000000,15,0.191000000,0.128000000,0.417000000
21:49:07,210719,50.568690930,-123.474703173,605.726000000,15,0.191000000,0.128000000,0.417000000
21:49:08,210719,50.568690937,-123.474703232,605.717000000,15,0.191000000,0.128000000,0.417000000
21:49:09,210719,50.568690903,-123.474703258,605.713000000,15,0.191000000,0.128000000,0.417000000
21:49:10,210719,50.568690913,-123.474703268,605.698000000,16,0.190000000,0.122000000,0.393000000
21:49:11,210719,50.568690943,-123.474703288,605.692000000,16,0.190000000,0.122000000,0.393000000
21:49:12,210719,50.568690947,-123.474703292,605.685000000,16,0.190000000,0.122000000,0.393000000
21:49:13,210719,50.568690968,-123.474703335,605.679000000,16,0.190000000,0.122000000,0.393000000
21:49:14,210719,50.568690997,-123.474703313,605.677000000,16,0.190000000,0.122000000,0.393000000
21:49:15,210719,50.568691043,-123.474703342,605.676000000,15,0.191000000,0.128000000,0.417000000
21:49:16,210719,50.568691118,-123.474703340,605.665000000,15,0.191000000,0.128000000,0.417000000
21:49:17,210719,50.568691145,-123.474703345,605.661000000,15,0.191000000,0.128000000,0.417000000
21:49:18,210719,50.568691182,-123.474703362,605.652000000,15,0.191000000,0.128000000,0.417000000
21:49:19,210719,50.568691203,-123.474703355,605.647000000,15,0.191000000,0.128000000,0.417000000
21:49:20,210719,50.568691247,-123.474703395,605.633000000,15,0.191000000,0.128000000,0.417000000
21:49:21,210719,50.568691287,-123.474703415,605.621000000,15,0.191000000,0.128000000,0.417000000
21:49:22,210719,50.568691337,-123.474703447,605.601000000,15,0.191000000,0.128000000,0.417000000
21:49:23,210719,50.568691360,-123.474703480,605.589000000,15,0.191000000,0.128000000,0.417000000
21:49:24,210719,50.568691402,-123.474703527,605.578000000,15,0.191000000,0.128000000,0.417000000
21:49:25,210719,50.568691433,-123.474703572,605.570000000,15,0.191000000,0.128000000,0.417000000
21:49:26,210719,50.568691470,-123.474703622,605.557000000,15,0.191000000,0.128000000,0.417000000
21:49:27,210719,50.568691490,-123.474703617,605.551000000,15,0.191000000,0.128000000,0.417000000
21:49:28,210719,50.568691493,-123.474703598,605.546000000,15,0.191000000,0.128000000,0.417000000
21:49:29,210719,50.568691492,-123.474703552,605.544000000,15,0.191000000,0.128000000,0.417000000
21:49:30,210719,50.568691502,-123.474703492,605.539000000,14,0.191000000,0.128000000,0.417000000
21:49:31,210719,50.568691512,-123.474703460,605.538000000,14,0.206000000,0.140000000,0.436000000
21:49:32,210719,50.568691497,-123.474703427,605.539000000,14,0.206000000,0.140000000,0.436000000
21:49:33,210719,50.568691463,-123.474703393,605.548000000,15,0.197000000,0.127000000,0.423000000
21:49:34,210719,50.568691442,-123.474703340,605.550000000,15,0.197000000,0.127000000,0.423000000
21:49:35,210719,50.568691442,-123.474703308,605.550000000,15,0.197000000,0.127000000,0.423000000
21:49:36,210719,50.568691460,-123.474703282,605.546000000,15,0.197000000,0.127000000,0.423000000
21:49:37,210719,50.568691518,-123.474703290,605.541000000,15,0.197000000,0.127000000,0.423000000
21:49:38,210719,50.568691565,-123.474703307,605.537000000,15,0.197000000,0.127000000,0.423000000
21:49:39,210719,50.568691632,-123.474703340,605.528000000,15,0.197000000,0.128000000,0.423000000
21:49:40,210719,50.568691668,-123.474703382,605.526000000,15,0.197000000,0.128000000,0.423000000
21:49:41,210719,50.568691742,-123.474703452,605.513000000,15,0.197000000,0.128000000,0.423000000
21:49:42,210719,50.568691803,-123.474703530,605.502000000,15,0.197000000,0.128000000,0.423000000
21:49:43,210719,50.568691823,-123.474703565,605.496000000,15,0.197000000,0.128000000,0.423000000
21:49:44,210719,50.568691912,-123.474703715,605.484000000,15,0.197000000,0.128000000,0.423000000
21:49:45,210719,50.568692065,-123.474703952,605.469000000,15,0.197000000,0.128000000,0.423000000
21:49:46,210719,50.568692125,-123.474704065,605.460000000,15,0.197000000,0.128000000,0.423000000
21:49:47,210719,50.568692103,-123.474704080,605.465000000,15,0.197000000,0.128000000,0.422000000
21:49:48,210719,50.568692188,-123.474704207,605.450000000,15,0.197000000,0.128000000,0.422000000
21:49:49,210719,50.568692233,-123.474704300,605.440000000,15,0.197000000,0.128000000,0.422000000
21:49:50,210719,50.568692213,-123.474704293,605.444000000,15,0.197000000,0.128000000,0.422000000
21:49:51,210719,50.568692110,-123.474704168,605.455000000,15,0.197000000,0.128000000,0.422000000
21:49:52,210719,50.568692000,-123.474704063,605.465000000,15,0.197000000,0.128000000,0.422000000
21:49:53,210719,50.568691875,-123.474703892,605.478000000,15,0.197000000,0.128000000,0.422000000
21:49:54,210719,50.568691753,-123.474703723,605.484000000,15,0.197000000,0.128000000,0.422000000
21:49:55,210719,50.568691672,-123.474703570,605.494000000,14,0.205000000,0.138000000,0.426000000
21:49:56,210719,50.568691600,-123.474703450,605.502000000,14,0.205000000,0.138000000,0.426000000
21:49:57,210719,50.568691573,-123.474703382,605.505000000,14,0.205000000,0.138000000,0.426000000
21:49:58,210719,50.568691540,-123.474703273,605.510000000,14,0.205000000,0.138000000,0.426000000
21:49:59,210719,50.568691487,-123.474703193,605.514000000,14,0.205000000,0.138000000,0.426000000
21:50:00,210719,50.568691457,-123.474703165,605.522000000,14,0.205000000,0.138000000,0.426000000
21:50:01,210719,50.568691457,-123.474703132,605.522000000,14,0.205000000,0.138000000,0.426000000
21:50:02,210719,50.568691455,-123.474703097,605.524000000,14,0.205000000,0.138000000,0.426000000
21:50:03,210719,50.568691448,-123.474703065,605.523000000,15,0.191000000,0.127000000,0.411000000
21:50:04,210719,50.568691470,-123.474703068,605.523000000,15,0.191000000,0.127000000,0.411000000
21:50:05,210719,50.568691453,-123.474703047,605.527000000,15,0.191000000,0.127000000,0.411000000
21:50:06,210719,50.568691435,-123.474703032,605.523000000,15,0.191000000,0.127000000,0.411000000
21:50:07,210719,50.568691422,-123.474703037,605.526000000,15,0.191000000,0.127000000,0.411000000
21:50:08,210719,50.568691390,-123.474703058,605.532000000,15,0.191000000,0.127000000,0.411000000
21:50:09,210719,50.568691343,-123.474703008,605.538000000,15,0.191000000,0.127000000,0.411000000
21:50:10,210719,50.568691283,-123.474702962,605.548000000,15,0.191000000,0.127000000,0.411000000
21:50:11,210719,50.568691255,-123.474702965,605.552000000,15,0.191000000,0.127000000,0.411000000
21:50:12,210719,50.568691240,-123.474702988,605.555000000,15,0.191000000,0.127000000,0.410000000
21:50:13,210719,50.568691247,-123.474703003,605.557000000,15,0.191000000,0.127000000,0.410000000
21:50:14,210719,50.568691283,-123.474703055,605.559000000,15,0.191000000,0.127000000,0.410000000
21:50:15,210719,50.568691275,-123.474703063,605.570000000,15,0.191000000,0.127000000,0.410000000
21:50:16,210719,50.568691277,-123.474703065,605.573000000,15,0.191000000,0.127000000,0.410000000
21:50:17,210719,50.568691283,-123.474703050,605.568000000,16,0.191000000,0.127000000,0.410000000
21:50:18,210719,50.568691283,-123.474703050,605.571000000,15,0.191000000,0.127000000,0.410000000
21:50:19,210719,50.568691320,-123.474703050,605.564000000,16,0.186000000,0.120000000,0.409000000
21:50:20,210719,50.568691377,-123.474703055,605.561000000,16,0.186000000,0.120000000,0.409000000
21:50:21,210719,50.568691415,-123.474703047,605.558000000,16,0.186000000,0.120000000,0.409000000
21:50:22,210719,50.568691457,-123.474703017,605.548000000,15,0.196000000,0.128000000,0.420000000
21:50:23,210719,50.568691475,-123.474702983,605.547000000,16,0.186000000,0.120000000,0.409000000
21:50:24,210719,50.568691512,-123.474702968,605.542000000,16,0.186000000,0.120000000,0.409000000
21:50:25,210719,50.568691535,-123.474702915,605.538000000,16,0.186000000,0.120000000,0.409000000
21:50:26,210719,50.568691528,-123.474702885,605.533000000,16,0.186000000,0.120000000,0.409000000
21:50:27,210719,50.568691545,-123.474702842,605.523000000,16,0.186000000,0.120000000,0.409000000
21:50:28,210719,50.568691537,-123.474702808,605.519000000,15,0.191000000,0.127000000,0.410000000
21:50:29,210719,50.568691533,-123.474702790,605.513000000,15,0.191000000,0.127000000,0.410000000
21:50:30,210719,50.568691522,-123.474702775,605.508000000,15,0.191000000,0.127000000,0.410000000
21:50:31,210719,50.568691532,-123.474702745,605.500000000,15,0.190000000,0.127000000,0.410000000
21:50:32,210719,50.568691530,-123.474702735,605.496000000,15,0.190000000,0.127000000,0.410000000
21:50:33,210719,50.568691550,-123.474702700,605.493000000,15,0.190000000,0.127000000,0.410000000
21:50:34,210719,50.568691543,-123.474702658,605.494000000,15,0.190000000,0.127000000,0.409000000
21:50:35,210719,50.568691560,-123.474702633,605.488000000,15,0.190000000,0.127000000,0.409000000
21:50:36,210719,50.568691602,-123.474702625,605.485000000,15,0.190000000,0.127000000,0.409000000
21:50:37,210719,50.568691632,-123.474702647,605.482000000,15,0.190000000,0.127000000,0.409000000
21:50:38,210719,50.568691680,-123.474702643,605.477000000,15,0.190000000,0.127000000,0.409000000
21:50:39,210719,50.568691713,-123.474702655,605.475000000,15,0.190000000,0.127000000,0.409000000
21:50:40,210719,50.568691758,-123.474702657,605.470000000,15,0.190000000,0.127000000,0.409000000
21:50:41,210719,50.568691780,-123.474702672,605.466000000,15,0.190000000,0.127000000,0.409000000
21:50:42,210719,50.568691793,-123.474702693,605.461000000,15,0.190000000,0.127000000,0.409000000
21:50:44,210719,50.568691823,-123.474702730,605.450000000,15,0.190000000,0.127000000,0.409000000
21:50:45,210719,50.568691867,-123.474702768,605.445000000,14,0.197000000,0.138000000,0.416000000
21:50:46,210719,50.568691888,-123.474702800,605.438000000,14,0.197000000,0.138000000,0.416000000
21:50:47,210719,50.568691903,-123.474702840,605.439000000,14,0.197000000,0.138000000,0.416000000
21:50:48,210719,50.568691915,-123.474702890,605.440000000,14,0.197000000,0.138000000,0.416000000
21:50:49,210719,50.568691930,-123.474702923,605.441000000,14,0.197000000,0.138000000,0.416000000
21:50:50,210719,50.568691925,-123.474702955,605.444000000,14,0.197000000,0.138000000,0.416000000
21:50:51,210719,50.568691913,-123.474702970,605.448000000,14,0.197000000,0.138000000,0.416000000
21:50:52,210719,50.568691925,-123.474702992,605.448000000,15,0.189000000,0.127000000,0.404000000
21:50:53,210719,50.568691945,-123.474703008,605.448000000,15,0.189000000,0.127000000,0.404000000
21:50:54,210719,50.568691927,-123.474703008,605.452000000,14,0.202000000,0.137000000,0.416000000
21:50:55,210719,50.568691920,-123.474702998,605.448000000,15,0.189000000,0.127000000,0.404000000
21:50:56,210719,50.568691928,-123.474702993,605.449000000,15,0.189000000,0.127000000,0.404000000
21:50:57,210719,50.568691935,-123.474702992,605.452000000,16,0.185000000,0.120000000,0.403000000
21:50:58,210719,50.568691945,-123.474702990,605.449000000,15,0.189000000,0.127000000,0.404000000
21:50:59,210719,50.568691930,-123.474702987,605.451000000,14,0.189000000,0.127000000,0.404000000
21:51:00,210719,50.568691923,-123.474702985,605.451000000,15,0.195000000,0.127000000,0.412000000
21:51:01,210719,50.568691947,-123.474702972,605.453000000,15,0.195000000,0.127000000,0.412000000
21:51:02,210719,50.568691975,-123.474702980,605.449000000,14,0.202000000,0.137000000,0.415000000
21:51:03,210719,50.568692005,-123.474702998,605.450000000,15,0.195000000,0.127000000,0.412000000
21:51:04,210719,50.568692002,-123.474702997,605.456000000,14,0.202000000,0.137000000,0.415000000
21:51:05,210719,50.568692017,-123.474703013,605.459000000,15,0.195000000,0.127000000,0.412000000
21:51:06,210719,50.568692025,-123.474703038,605.459000000,15,0.195000000,0.127000000,0.412000000
21:51:07,210719,50.568692010,-123.474703078,605.459000000,15,0.195000000,0.127000000,0.412000000
21:51:08,210719,50.568691947,-123.474703093,605.457000000,15,0.195000000,0.127000000,0.412000000
21:51:09,210719,50.568691897,-123.474703105,605.456000000,14,0.205000000,0.141000000,0.429000000
21:51:10,210719,50.568691860,-123.474703120,605.449000000,14,0.205000000,0.141000000,0.429000000
21:51:11,210719,50.568691552,-123.474702753,605.479000000,14,0.205000000,0.141000000,0.429000000
21:51:12,210719,50.568691130,-123.474702258,605.519000000,14,0.205000000,0.141000000,0.429000000
21:51:13,210719,50.568690728,-123.474701828,605.562000000,14,0.205000000,0.141000000,0.429000000
21:51:14,210719,50.568690455,-123.474701527,605.591000000,14,0.205000000,0.141000000,0.429000000
21:51:15,210719,50.568690247,-123.474701295,605.608000000,14,0.205000000,0.141000000,0.429000000
21:51:16,210719,50.568690077,-123.474701142,605.614000000,14,0.205000000,0.141000000,0.429000000
21:51:17,210719,50.568689930,-123.474701000,605.624000000,14,0.205000000,0.141000000,0.428000000
21:51:18,210719,50.568689948,-123.474701092,605.615000000,14,0.205000000,0.141000000,0.428000000
21:51:19,210719,50.568690062,-123.474701322,605.597000000,14,0.205000000,0.141000000,0.428000000
21:51:20,210719,50.568690228,-123.474701587,605.574000000,14,0.205000000,0.141000000,0.428000000
21:51:21,210719,50.568690405,-123.474701838,605.545000000,14,0.205000000,0.141000000,0.428000000
21:51:22,210719,50.568690528,-123.474702063,605.527000000,14,0.205000000,0.141000000,0.428000000
21:51:23,210719,50.568690637,-123.474702233,605.509000000,13,0.222000000,0.162000000,0.439000000
21:51:24,210719,50.568690733,-123.474702383,605.498000000,13,0.222000000,0.162000000,0.439000000
21:51:25,210719,50.568690793,-123.474702533,605.488000000,13,0.222000000,0.162000000,0.439000000
21:51:26,210719,50.568690865,-123.474702650,605.480000000,13,0.222000000,0.162000000,0.439000000
21:51:27,210719,50.568690922,-123.474702735,605.470000000,14,0.197000000,0.139000000,0.414000000
21:51:28,210719,50.568690982,-123.474702813,605.461000000,14,0.197000000,0.139000000,0.414000000
21:51:29,210719,50.568691022,-123.474702877,605.460000000,14,0.197000000,0.139000000,0.414000000
21:51:30,210719,50.568691078,-123.474702932,605.452000000,13,0.222000000,0.162000000,0.439000000
21:51:31,210719,50.568691128,-123.474702977,605.445000000,14,0.197000000,0.139000000,0.414000000
21:51:32,210719,50.568691175,-123.474703005,605.439000000,14,0.197000000,0.139000000,0.414000000
21:51:33,210719,50.568691228,-123.474703038,605.435000000,14,0.197000000,0.139000000,0.414000000
21:51:34,210719,50.568691287,-123.474703077,605.433000000,14,0.197000000,0.139000000,0.414000000
21:51:35,210719,50.568691323,-123.474703092,605.432000000,14,0.197000000,0.139000000,0.414000000
21:51:36,210719,50.568691345,-123.474703120,605.432000000,14,0.197000000,0.139000000,0.414000000
21:51:37,210719,50.568691353,-123.474703168,605.427000000,15,0.190000000,0.128000000,0.411000000
21:51:38,210719,50.568691300,-123.474703168,605.430000000,15,0.190000000,0.128000000,0.411000000
21:51:39,210719,50.568691223,-123.474703128,605.436000000,15,0.190000000,0.128000000,0.411000000
21:51:40,210719,50.568691165,-123.474703102,605.437000000,15,0.190000000,0.128000000,0.411000000
21:51:41,210719,50.568691102,-123.474703062,605.436000000,14,0.190000000,0.128000000,0.411000000
21:51:42,210719,50.568691083,-123.474703058,605.434000000,14,0.196000000,0.139000000,0.413000000
21:51:43,210719,50.568691073,-123.474703068,605.433000000,13,0.222000000,0.162000000,0.438000000
21:51:44,210719,50.568691088,-123.474703057,605.428000000,13,0.222000000,0.162000000,0.438000000
21:51:45,210719,50.568691110,-123.474703072,605.419000000,13,0.222000000,0.162000000,0.438000000
21:51:46,210719,50.568691128,-123.474703092,605.418000000,13,0.221000000,0.162000000,0.437000000
21:51:47,210719,50.568691138,-123.474703083,605.418000000,13,0.221000000,0.162000000,0.437000000
21:51:48,210719,50.568691158,-123.474703073,605.410000000,13,0.221000000,0.162000000,0.437000000
21:51:49,210719,50.568691203,-123.474703062,605.409000000,13,0.221000000,0.162000000,0.437000000
21:51:50,210719,50.568691257,-123.474703053,605.409000000,13,0.221000000,0.162000000,0.437000000
21:51:51,210719,50.568691288,-123.474703047,605.404000000,13,0.221000000,0.162000000,0.437000000
21:51:52,210719,50.568691320,-123.474703037,605.405000000,13,0.221000000,0.162000000,0.437000000
21:51:53,210719,50.568691370,-123.474703057,605.410000000,14,0.221000000,0.162000000,0.437000000
21:51:54,210719,50.568691408,-123.474703068,605.408000000,14,0.202000000,0.138000000,0.412000000
21:51:55,210719,50.568691438,-123.474703087,605.403000000,14,0.202000000,0.138000000,0.412000000
21:51:56,210719,50.568691477,-123.474703132,605.397000000,14,0.202000000,0.138000000,0.412000000
21:51:57,210719,50.568691490,-123.474703157,605.397000000,15,0.189000000,0.127000000,0.401000000
21:51:58,210719,50.568691512,-123.474703192,605.392000000,14,0.202000000,0.138000000,0.411000000
21:51:59,210719,50.568691545,-123.474703213,605.390000000,14,0.189000000,0.127000000,0.401000000
21:52:00,210719,50.568691575,-123.474703213,605.388000000,14,0.202000000,0.138000000,0.411000000
21:52:01,210719,50.568691590,-123.474703205,605.391000000,13,0.221000000,0.162000000,0.436000000
21:52:02,210719,50.568691602,-123.474703218,605.393000000,13,0.221000000,0.162000000,0.436000000
21:52:03,210719,50.568691598,-123.474703195,605.398000000,14,0.204000000,0.139000000,0.418000000
21:52:04,210719,50.568691622,-123.474703188,605.400000000,13,0.221000000,0.162000000,0.436000000
21:52:05,210719,50.568691640,-123.474703185,605.396000000,14,0.204000000,0.139000000,0.418000000
21:52:06,210719,50.568691675,-123.474703203,605.397000000,14,0.204000000,0.139000000,0.418000000
21:52:07,210719,50.568691675,-123.474703208,605.393000000,14,0.204000000,0.139000000,0.418000000
21:52:08,210719,50.568691680,-123.474703210,605.388000000,14,0.204000000,0.139000000,0.417000000
21:52:09,210719,50.568691697,-123.474703228,605.382000000,14,0.204000000,0.139000000,0.417000000
21:52:10,210719,50.568691698,-123.474703240,605.382000000,14,0.204000000,0.139000000,0.417000000
21:52:11,210719,50.568691668,-123.474703215,605.371000000,14,0.204000000,0.139000000,0.417000000
21:52:12,210719,50.568691637,-123.474703210,605.364000000,14,0.204000000,0.139000000,0.417000000
21:52:13,210719,50.568691650,-123.474703198,605.357000000,14,0.204000000,0.139000000,0.417000000
21:52:14,210719,50.568691678,-123.474703158,605.353000000,14,0.204000000,0.139000000,0.417000000
21:52:15,210719,50.568691723,-123.474703165,605.354000000,14,0.204000000,0.139000000,0.417000000
21:52:16,210719,50.568691757,-123.474703132,605.349000000,14,0.204000000,0.139000000,0.417000000
21:52:17,210719,50.568691798,-123.474703115,605.351000000,14,0.190000000,0.127000000,0.404000000
21:52:18,210719,50.568691823,-123.474703107,605.350000000,15,0.204000000,0.139000000,0.417000000
21:52:19,210719,50.568691865,-123.474703123,605.347000000,15,0.190000000,0.127000000,0.404000000
21:52:20,210719,50.568691890,-123.474703123,605.345000000,15,0.190000000,0.127000000,0.404000000
21:52:21,210719,50.568691882,-123.474703118,605.344000000,15,0.190000000,0.127000000,0.404000000
21:52:22,210719,50.568691888,-123.474703130,605.340000000,15,0.190000000,0.127000000,0.404000000
21:52:23,210719,50.568691895,-123.474703150,605.333000000,15,0.190000000,0.127000000,0.404000000
21:52:24,210719,50.568691902,-123.474703143,605.328000000,15,0.190000000,0.127000000,0.404000000
21:52:25,210719,50.568691913,-123.474703123,605.329000000,15,0.190000000,0.127000000,0.404000000
21:52:26,210719,50.568691918,-123.474703120,605.328000000,16,0.186000000,0.121000000,0.403000000
21:52:27,210719,50.568691898,-123.474703080,605.327000000,15,0.190000000,0.129000000,0.408000000
21:52:28,210719,50.568691888,-123.474703072,605.323000000,15,0.190000000,0.129000000,0.408000000
21:52:29,210719,50.568691875,-123.474703052,605.319000000,15,0.190000000,0.129000000,0.408000000
21:52:30,210719,50.568691890,-123.474703025,605.314000000,15,0.190000000,0.129000000,0.408000000
21:52:31,210719,50.568691903,-123.474702998,605.306000000,15,0.190000000,0.129000000,0.408000000
21:52:32,210719,50.568691910,-123.474702990,605.305000000,15,0.190000000,0.129000000,0.408000000
21:52:33,210719,50.568691922,-123.474702957,605.302000000,15,0.190000000,0.129000000,0.408000000
21:52:34,210719,50.568691962,-123.474702945,605.300000000,16,0.186000000,0.121000000,0.403000000
21:52:35,210719,50.568691983,-123.474702922,605.299000000,15,0.190000000,0.129000000,0.408000000
21:52:36,210719,50.568691993,-123.474702905,605.291000000,16,0.190000000,0.129000000,0.408000000
21:52:37,210719,50.568692020,-123.474702882,605.288000000,16,0.186000000,0.121000000,0.402000000
21:52:38,210719,50.568692070,-123.474702863,605.285000000,16,0.186000000,0.121000000,0.402000000
21:52:39,210719,50.568692095,-123.474702843,605.289000000,16,0.186000000,0.121000000,0.402000000
21:52:40,210719,50.568692123,-123.474702810,605.286000000,16,0.186000000,0.121000000,0.402000000
21:52:41,210719,50.568692123,-123.474702798,605.283000000,16,0.186000000,0.121000000,0.402000000
21:52:42,210719,50.568692137,-123.474702778,605.286000000,16,0.186000000,0.121000000,0.402000000
21:52:43,210719,50.568692148,-123.474702780,605.286000000,16,0.186000000,0.121000000,0.402000000
21:52:44,210719,50.568692157,-123.474702763,605.284000000,16,0.186000000,0.121000000,0.402000000
21:52:45,210719,50.568692145,-123.474702740,605.282000000,16,0.186000000,0.121000000,0.402000000
21:52:46,210719,50.568692125,-123.474702718,605.284000000,16,0.186000000,0.121000000,0.402000000
21:52:47,210719,50.568692118,-123.474702695,605.284000000,17,0.186000000,0.121000000,0.402000000
21:52:48,210719,50.568692117,-123.474702662,605.282000000,17,0.182000000,0.115000000,0.395000000
21:52:49,210719,50.568692118,-123.474702647,605.275000000,16,0.182000000,0.115000000,0.395000000
21:52:50,210719,50.568692078,-123.474702598,605.274000000,16,0.186000000,0.121000000,0.402000000
21:52:51,210719,50.568692047,-123.474702598,605.271000000,16,0.186000000,0.121000000,0.402000000
21:52:52,210719,50.568692015,-123.474702578,605.274000000,16,0.186000000,0.121000000,0.402000000
21:52:53,210719,50.568691992,-123.474702570,605.272000000,16,0.186000000,0.121000000,0.402000000
21:52:54,210719,50.568691975,-123.474702545,605.270000000,15,0.186000000,0.132000000,0.430000000
21:52:55,210719,50.568691915,-123.474702502,605.273000000,15,0.186000000,0.132000000,0.430000000
21:52:56,210719,50.568691888,-123.474702445,605.281000000,16,0.177000000,0.132000000,0.409000000
21:52:57,210719,50.568691863,-123.474702400,605.278000000,16,0.177000000,0.132000000,0.409000000
21:52:58,210719,50.568691795,-123.474702355,605.279000000,16,0.177000000,0.132000000,0.409000000
21:52:59,210719,50.568691758,-123.474702337,605.280000000,16,0.177000000,0.132000000,0.409000000
21:53:00,210719,50.568691698,-123.474702303,605.279000000,16,0.177000000,0.132000000,0.409000000
21:53:01,210719,50.568691675,-123.474702292,605.280000000,16,0.177000000,0.132000000,0.409000000
21:53:02,210719,50.568691680,-123.474702288,605.282000000,16,0.177000000,0.132000000,0.409000000
21:53:03,210719,50.568691663,-123.474702278,605.286000000,17,0.177000000,0.132000000,0.409000000
21:53:04,210719,50.568691673,-123.474702253,605.287000000,17,0.176000000,0.120000000,0.385000000
21:53:05,210719,50.568691645,-123.474702248,605.296000000,15,0.189000000,0.138000000,0.417000000
21:53:06,210719,50.568691637,-123.474702275,605.301000000,17,0.176000000,0.120000000,0.385000000
21:53:07,210719,50.568691635,-123.474702290,605.298000000,16,0.176000000,0.120000000,0.385000000
21:53:08,210719,50.568691623,-123.474702323,605.298000000,16,0.177000000,0.132000000,0.409000000
21:53:09,210719,50.568691603,-123.474702328,605.296000000,17,0.176000000,0.120000000,0.385000000
21:53:10,210719,50.568691597,-123.474702343,605.299000000,16,0.177000000,0.132000000,0.409000000
21:53:11,210719,50.568691597,-123.474702340,605.301000000,16,0.177000000,0.132000000,0.409000000
21:53:12,210719,50.568691618,-123.474702378,605.302000000,15,0.189000000,0.138000000,0.416000000
21:53:13,210719,50.568691647,-123.474702387,605.298000000,16,0.177000000,0.132000000,0.409000000
21:53:14,210719,50.568691687,-123.474702387,605.297000000,16,0.177000000,0.132000000,0.409000000
21:53:15,210719,50.568691738,-123.474702422,605.295000000,16,0.177000000,0.132000000,0.409000000
21:53:16,210719,50.568691762,-123.474702427,605.301000000,16,0.177000000,0.132000000,0.409000000
21:53:17,210719,50.568691795,-123.474702440,605.298000000,16,0.177000000,0.132000000,0.409000000
21:53:18,210719,50.568691817,-123.474702475,605.298000000,16,0.177000000,0.132000000,0.409000000
21:53:19,210719,50.568691832,-123.474702475,605.294000000,15,0.189000000,0.138000000,0.416000000
21:53:20,210719,50.568691825,-123.474702475,605.291000000,15,0.189000000,0.138000000,0.416000000
21:53:21,210719,50.568691848,-123.474702493,605.291000000,15,0.189000000,0.138000000,0.416000000
21:53:22,210719,50.568691842,-123.474702490,605.297000000,15,0.189000000,0.139000000,0.416000000
21:53:23,210719,50.568691832,-123.474702493,605.297000000,15,0.189000000,0.139000000,0.416000000
21:53:24,210719,50.568691850,-123.474702497,605.289000000,15,0.189000000,0.139000000,0.416000000
21:53:25,210719,50.568691875,-123.474702512,605.287000000,15,0.186000000,0.138000000,0.411000000
21:53:26,210719,50.568691918,-123.474702553,605.281000000,15,0.186000000,0.138000000,0.411000000
21:53:27,210719,50.568691953,-123.474702560,605.277000000,14,0.199000000,0.151000000,0.423000000
21:53:28,210719,50.568691993,-123.474702612,605.272000000,14,0.199000000,0.151000000,0.423000000
21:53:29,210719,50.568692030,-123.474702652,605.274000000,15,0.199000000,0.139000000,0.400000000
21:53:30,210719,50.568692042,-123.474702670,605.267000000,14,0.199000000,0.151000000,0.423000000
21:53:31,210719,50.568692088,-123.474702693,605.268000000,14,0.199000000,0.151000000,0.423000000
21:53:32,210719,50.568692112,-123.474702710,605.262000000,14,0.199000000,0.151000000,0.423000000
21:53:33,210719,50.568692167,-123.474702770,605.259000000,14,0.199000000,0.151000000,0.422000000
21:53:34,210719,50.568692198,-123.474702790,605.260000000,14,0.199000000,0.151000000,0.422000000
21:53:35,210719,50.568692242,-123.474702840,605.255000000,15,0.186000000,0.138000000,0.411000000
21:53:36,210719,50.568692265,-123.474702865,605.256000000,15,0.186000000,0.138000000,0.411000000
21:53:37,210719,50.568692258,-123.474702870,605.256000000,15,0.186000000,0.138000000,0.411000000
21:53:38,210719,50.568692278,-123.474702902,605.259000000,15,0.186000000,0.138000000,0.411000000
21:53:39,210719,50.568692283,-123.474702903,605.259000000,15,0.186000000,0.138000000,0.411000000
21:53:40,210719,50.568692283,-123.474702922,605.256000000,15,0.186000000,0.138000000,0.411000000
21:53:41,210719,50.568692272,-123.474702942,605.256000000,14,0.202000000,0.139000000,0.427000000
21:53:42,210719,50.568692275,-123.474702977,605.260000000,14,0.202000000,0.139000000,0.427000000
21:53:43,210719,50.568692260,-123.474702980,605.262000000,14,0.202000000,0.139000000,0.427000000
21:53:44,210719,50.568692250,-123.474703010,605.261000000,14,0.202000000,0.139000000,0.427000000
21:53:45,210719,50.568692227,-123.474703025,605.261000000,14,0.202000000,0.139000000,0.427000000
21:53:46,210719,50.568692212,-123.474703010,605.263000000,14,0.202000000,0.139000000,0.427000000
21:53:47,210719,50.568692193,-123.474703022,605.258000000,14,0.202000000,0.139000000,0.427000000
21:53:48,210719,50.568692157,-123.474703013,605.262000000,14,0.202000000,0.139000000,0.427000000
21:53:49,210719,50.568692168,-123.474703018,605.254000000,15,0.191000000,0.133000000,0.422000000
21:53:50,210719,50.568692167,-123.474703015,605.252000000,14,0.202000000,0.139000000,0.426000000
21:53:51,210719,50.568692188,-123.474703020,605.246000000,15,0.191000000,0.133000000,0.422000000
21:53:52,210719,50.568692177,-123.474703008,605.248000000,14,0.202000000,0.139000000,0.426000000
21:53:53,210719,50.568692197,-123.474703033,605.246000000,14,0.202000000,0.139000000,0.426000000
21:53:54,210719,50.568692205,-123.474703050,605.242000000,14,0.202000000,0.139000000,0.426000000
21:53:55,210719,50.568692235,-123.474703077,605.243000000,14,0.202000000,0.139000000,0.426000000
21:53:56,210719,50.568692270,-123.474703067,605.239000000,14,0.202000000,0.139000000,0.426000000
21:53:57,210719,50.568692320,-123.474703085,605.239000000,14,0.202000000,0.139000000,0.426000000
21:53:58,210719,50.568692353,-123.474703065,605.240000000,14,0.202000000,0.139000000,0.426000000
21:53:59,210719,50.568692375,-123.474703078,605.238000000,14,0.202000000,0.139000000,0.426000000
21:54:00,210719,50.568692395,-123.474703082,605.240000000,14,0.202000000,0.139000000,0.426000000
21:54:01,210719,50.568692415,-123.474703117,605.238000000,14,0.202000000,0.139000000,0.426000000
21:54:02,210719,50.568692365,-123.474703082,605.237000000,14,0.202000000,0.139000000,0.426000000
21:54:03,210719,50.568692352,-123.474703087,605.242000000,14,0.202000000,0.139000000,0.426000000
21:54:04,210719,50.568692333,-123.474703062,605.242000000,13,0.213000000,0.152000000,0.438000000
21:54:05,210719,50.568692313,-123.474703060,605.245000000,13,0.213000000,0.152000000,0.438000000
21:54:06,210719,50.568692292,-123.474703052,605.245000000,13,0.213000000,0.152000000,0.438000000
21:54:07,210719,50.568692320,-123.474703050,605.241000000,13,0.213000000,0.152000000,0.438000000
21:54:08,210719,50.568692340,-123.474703028,605.242000000,13,0.213000000,0.152000000,0.438000000
21:54:09,210719,50.568692367,-123.474703047,605.239000000,13,0.213000000,0.152000000,0.438000000
21:54:10,210719,50.568692377,-123.474703047,605.240000000,13,0.213000000,0.152000000,0.438000000
21:54:11,210719,50.568692403,-123.474703062,605.231000000,12,0.231000000,0.173000000,0.441000000
21:54:12,210719,50.568692432,-123.474703073,605.224000000,12,0.231000000,0.173000000,0.441000000
21:54:13,210719,50.568692462,-123.474703068,605.219000000,12,0.231000000,0.173000000,0.441000000
21:54:14,210719,50.568692517,-123.474703083,605.222000000,12,0.231000000,0.173000000,0.441000000
21:54:15,210719,50.568692530,-123.474703108,605.227000000,12,0.231000000,0.173000000,0.441000000
21:54:16,210719,50.568692542,-123.474703115,605.229000000,12,0.231000000,0.173000000,0.441000000
21:54:17,210719,50.568692547,-123.474703127,605.228000000,12,0.230000000,0.173000000,0.441000000
21:54:18,210719,50.568692555,-123.474703122,605.234000000,13,0.210000000,0.150000000,0.427000000
21:54:19,210719,50.568692557,-123.474703123,605.238000000,13,0.210000000,0.150000000,0.427000000
21:54:20,210719,50.568692550,-123.474703143,605.236000000,13,0.210000000,0.150000000,0.427000000
21:54:21,210719,50.568692567,-123.474703170,605.233000000,13,0.210000000,0.150000000,0.427000000
21:54:22,210719,50.568692558,-123.474703157,605.232000000,13,0.210000000,0.150000000,0.426000000
21:54:23,210719,50.568692548,-123.474703180,605.232000000,14,0.202000000,0.139000000,0.423000000
21:54:24,210719,50.568692540,-123.474703197,605.235000000,15,0.197000000,0.132000000,0.423000000
21:54:25,210719,50.568692538,-123.474703197,605.234000000,15,0.197000000,0.132000000,0.423000000
21:54:26,210719,50.568692552,-123.474703198,605.232000000,15,0.197000000,0.132000000,0.423000000
21:54:27,210719,50.568692577,-123.474703217,605.229000000,15,0.197000000,0.132000000,0.423000000
21:54:28,210719,50.568692568,-123.474703222,605.228000000,15,0.197000000,0.132000000,0.423000000
21:54:29,210719,50.568692537,-123.474703213,605.229000000,16,0.188000000,0.128000000,0.420000000
21:54:30,210719,50.568692517,-123.474703203,605.227000000,16,0.188000000,0.128000000,0.420000000
21:54:31,210719,50.568692523,-123.474703217,605.225000000,16,0.188000000,0.128000000,0.420000000
21:54:32,210719,50.568692515,-123.474703215,605.218000000,16,0.188000000,0.128000000,0.420000000
21:54:33,210719,50.568692472,-123.474703215,605.216000000,16,0.188000000,0.128000000,0.420000000
21:54:34,210719,50.568692465,-123.474703210,605.215000000,16,0.188000000,0.128000000,0.420000000
21:54:35,210719,50.568692445,-123.474703187,605.212000000,15,0.197000000,0.132000000,0.423000000
21:54:36,210719,50.568692445,-123.474703150,605.209000000,15,0.197000000,0.132000000,0.423000000
21:54:37,210719,50.568692392,-123.474703027,605.214000000,15,0.197000000,0.132000000,0.423000000
21:54:38,210719,50.568692318,-123.474702862,605.228000000,15,0.196000000,0.132000000,0.423000000
21:54:39,210719,50.568692032,-123.474702452,605.253000000,15,0.196000000,0.132000000,0.423000000
21:54:40,210719,50.568691495,-123.474701803,605.302000000,15,0.196000000,0.132000000,0.423000000
21:54:41,210719,50.568690928,-123.474701127,605.348000000,15,0.196000000,0.132000000,0.423000000
21:54:42,210719,50.568690393,-123.474700507,605.394000000,15,0.196000000,0.132000000,0.423000000
21:54:43,210719,50.568689947,-123.474700007,605.426000000,15,0.196000000,0.132000000,0.423000000
21:54:44,210719,50.568689370,-123.474699378,605.470000000,15,0.196000000,0.132000000,0.423000000
21:54:45,210719,50.568688793,-123.474698723,605.520000000,14,0.203000000,0.140000000,0.431000000
21:54:46,210719,50.568688450,-123.474698392,605.548000000,15,0.196000000,0.132000000,0.423000000
21:54:47,210719,50.568688188,-123.474698150,605.574000000,15,0.196000000,0.132000000,0.423000000
21:54:48,210719,50.568688013,-123.474697992,605.592000000,15,0.203000000,0.140000000,0.431000000
21:54:49,210719,50.568687943,-123.474697960,605.600000000,15,0.192000000,0.133000000,0.426000000
21:54:50,210719,50.568688162,-123.474698262,605.592000000,15,0.192000000,0.133000000,0.426000000
21:54:51,210719,50.568688553,-123.474698777,605.567000000,15,0.192000000,0.133000000,0.426000000
21:54:52,210719,50.568688997,-123.474699302,605.531000000,15,0.192000000,0.133000000,0.426000000
21:54:53,210719,50.568689435,-123.474699762,605.492000000,15,0.192000000,0.133000000,0.426000000
21:54:54,210719,50.568689818,-123.474700197,605.458000000,15,0.192000000,0.133000000,0.426000000
21:54:55,210719,50.568690180,-123.474700598,605.432000000,15,0.192000000,0.133000000,0.426000000
21:54:56,210719,50.568690520,-123.474700933,605.401000000,15,0.192000000,0.133000000,0.426000000
21:54:57,210719,50.568690818,-123.474701232,605.368000000,15,0.192000000,0.133000000,0.426000000
21:54:58,210719,50.568691078,-123.474701500,605.342000000,14,0.192000000,0.133000000,0.426000000
21:54:59,210719,50.568691308,-123.474701710,605.319000000,14,0.203000000,0.140000000,0.431000000
21:55:00,210719,50.568691522,-123.474701920,605.305000000,14,0.203000000,0.140000000,0.431000000
21:55:01,210719,50.568691695,-123.474702098,605.283000000,14,0.203000000,0.140000000,0.431000000
21:55:02,210719,50.568691843,-123.474702220,605.268000000,14,0.203000000,0.140000000,0.431000000
21:55:03,210719,50.568692008,-123.474702365,605.255000000,14,0.203000000,0.140000000,0.431000000
21:55:04,210719,50.568692162,-123.474702512,605.240000000,14,0.203000000,0.140000000,0.431000000
21:55:05,210719,50.568692278,-123.474702600,605.230000000,14,0.203000000,0.140000000,0.431000000
21:55:06,210719,50.568692368,-123.474702687,605.222000000,14,0.203000000,0.140000000,0.431000000
21:55:07,210719,50.568692438,-123.474702775,605.214000000,14,0.203000000,0.140000000,0.431000000
21:55:08,210719,50.568692562,-123.474702943,605.205000000,14,0.203000000,0.140000000,0.431000000
21:55:09,210719,50.568692707,-123.474703118,605.187000000,14,0.203000000,0.140000000,0.431000000
21:55:10,210719,50.568692825,-123.474703250,605.172000000,14,0.203000000,0.140000000,0.431000000
21:55:11,210719,50.568692890,-123.474703343,605.162000000,14,0.203000000,0.140000000,0.431000000
21:55:12,210719,50.568692920,-123.474703372,605.163000000,14,0.203000000,0.140000000,0.431000000
21:55:13,210719,50.568692923,-123.474703375,605.159000000,14,0.203000000,0.140000000,0.431000000
21:55:14,210719,50.568692888,-123.474703368,605.159000000,15,0.192000000,0.133000000,0.426000000
21:55:15,210719,50.568692855,-123.474703355,605.160000000,14,0.203000000,0.140000000,0.430000000
21:55:16,210719,50.568692847,-123.474703362,605.162000000,15,0.192000000,0.133000000,0.426000000
21:55:17,210719,50.568692822,-123.474703340,605.163000000,15,0.192000000,0.133000000,0.426000000
21:55:18,210719,50.568692793,-123.474703313,605.162000000,16,0.188000000,0.128000000,0.420000000
21:55:19,210719,50.568692747,-123.474703268,605.163000000,16,0.188000000,0.128000000,0.420000000
21:55:20,210719,50.568692705,-123.474703227,605.167000000,16,0.188000000,0.128000000,0.420000000
21:55:21,210719,50.568692668,-123.474703145,605.170000000,16,0.188000000,0.128000000,0.420000000
21:55:22,210719,50.568692612,-123.474703073,605.178000000,16,0.188000000,0.128000000,0.420000000
21:55:23,210719,50.568692560,-123.474702993,605.182000000,16,0.188000000,0.128000000,0.420000000
21:55:24,210719,50.568692485,-123.474702897,605.189000000,16,0.188000000,0.128000000,0.420000000
21:55:25,210719,50.568692377,-123.474702708,605.207000000,16,0.188000000,0.128000000,0.420000000
21:55:26,210719,50.568692223,-123.474702508,605.228000000,15,0.192000000,0.133000000,0.426000000
21:55:27,210719,50.568692032,-123.474702278,605.266000000,15,0.192000000,0.133000000,0.426000000
21:55:28,210719,50.568691817,-123.474702022,605.301000000,15,0.192000000,0.133000000,0.426000000
21:55:29,210719,50.568691647,-123.474701768,605.328000000,15,0.191000000,0.133000000,0.426000000
21:55:30,210719,50.568691463,-123.474701558,605.357000000,15,0.191000000,0.133000000,0.426000000
21:55:31,210719,50.568691370,-123.474701435,605.366000000,15,0.191000000,0.133000000,0.426000000
21:55:32,210719,50.568691297,-123.474701370,605.367000000,15,0.191000000,0.133000000,0.426000000
21:55:33,210719,50.568691275,-123.474701363,605.361000000,15,0.191000000,0.133000000,0.426000000
21:55:34,210719,50.568691303,-123.474701388,605.354000000,15,0.191000000,0.133000000,0.426000000
21:55:35,210719,50.568691298,-123.474701403,605.346000000,15,0.191000000,0.133000000,0.426000000
21:55:36,210719,50.568691330,-123.474701447,605.339000000,15,0.191000000,0.133000000,0.426000000
21:55:37,210719,50.568691373,-123.474701482,605.335000000,15,0.191000000,0.133000000,0.426000000
21:55:38,210719,50.568691437,-123.474701502,605.329000000,15,0.191000000,0.133000000,0.426000000
21:55:39,210719,50.568691518,-123.474701577,605.322000000,16,0.191000000,0.120000000,0.393000000
21:55:40,210719,50.568691602,-123.474701648,605.316000000,16,0.191000000,0.120000000,0.393000000
21:55:41,210719,50.568691663,-123.474701703,605.310000000,16,0.188000000,0.128000000,0.420000000
21:55:42,210719,50.568691718,-123.474701763,605.308000000,16,0.188000000,0.128000000,0.420000000
21:55:43,210719,50.568691808,-123.474701842,605.304000000,16,0.188000000,0.128000000,0.420000000
21:55:44,210719,50.568691890,-123.474701925,605.299000000,15,0.188000000,0.128000000,0.420000000
21:55:45,210719,50.568691973,-123.474702005,605.297000000,15,0.196000000,0.132000000,0.422000000
21:55:46,210719,50.568692047,-123.474702095,605.291000000,15,0.196000000,0.132000000,0.422000000
21:55:47,210719,50.568692118,-123.474702177,605.287000000,15,0.196000000,0.132000000,0.422000000
21:55:48,210719,50.568692168,-123.474702253,605.282000000,15,0.196000000,0.132000000,0.422000000
21:55:49,210719,50.568692207,-123.474702295,605.280000000,15,0.196000000,0.132000000,0.422000000
21:55:50,210719,50.568692232,-123.474702353,605.282000000,15,0.196000000,0.132000000,0.422000000
21:55:51,210719,50.568692268,-123.474702390,605.279000000,15,0.196000000,0.132000000,0.422000000
21:55:52,210719,50.568692313,-123.474702425,605.275000000,15,0.196000000,0.132000000,0.422000000
21:55:53,210719,50.568692370,-123.474702508,605.270000000,16,0.188000000,0.128000000,0.420000000
21:55:54,210719,50.568692418,-123.474702533,605.262000000,16,0.188000000,0.128000000,0.420000000
21:55:55,210719,50.568692442,-123.474702578,605.260000000,15,0.196000000,0.132000000,0.422000000
21:55:56,210719,50.568692445,-123.474702603,605.255000000,16,0.188000000,0.128000000,0.420000000
21:55:57,210719,50.568692472,-123.474702637,605.247000000,16,0.188000000,0.128000000,0.420000000
21:55:58,210719,50.568692482,-123.474702647,605.243000000,16,0.188000000,0.128000000,0.420000000
21:55:59,210719,50.568692510,-123.474702698,605.236000000,16,0.188000000,0.128000000,0.420000000
21:56:00,210719,50.568692552,-123.474702732,605.236000000,16,0.188000000,0.128000000,0.420000000
21:56:01,210719,50.568692582,-123.474702765,605.233000000,16,0.188000000,0.128000000,0.420000000
21:56:02,210719,50.568692602,-123.474702748,605.231000000,15,0.196000000,0.133000000,0.422000000
21:56:03,210719,50.568692662,-123.474702772,605.227000000,16,0.188000000,0.128000000,0.420000000
21:56:04,210719,50.568692693,-123.474702787,605.223000000,16,0.188000000,0.128000000,0.420000000
21:56:05,210719,50.568692760,-123.474702800,605.219000000,16,0.188000000,0.128000000,0.420000000
21:56:06,210719,50.568692800,-123.474702825,605.215000000,15,0.196000000,0.133000000,0.422000000
21:56:07,210719,50.568692798,-123.474702808,605.213000000,15,0.196000000,0.133000000,0.422000000
21:56:08,210719,50.568692788,-123.474702782,605.209000000,15,0.196000000,0.133000000,0.422000000
21:56:09,210719,50.568692807,-123.474702790,605.207000000,15,0.196000000,0.133000000,0.422000000
21:56:10,210719,50.568692788,-123.474702772,605.202000000,15,0.196000000,0.133000000,0.422000000
21:56:11,210719,50.568692788,-123.474702787,605.198000000,15,0.196000000,0.133000000,0.422000000
21:56:12,210719,50.568692740,-123.474702737,605.202000000,15,0.196000000,0.133000000,0.422000000
21:56:13,210719,50.568692670,-123.474702663,605.208000000,15,0.196000000,0.133000000,0.422000000
21:56:14,210719,50.568692622,-123.474702628,605.211000000,16,0.196000000,0.119000000,0.389000000
21:56:15,210719,50.568692578,-123.474702638,605.213000000,15,0.196000000,0.133000000,0.422000000
21:56:16,210719,50.568692563,-123.474702655,605.214000000,16,0.196000000,0.119000000,0.389000000
21:56:17,210719,50.568692538,-123.474702677,605.220000000,16,0.196000000,0.119000000,0.389000000
21:56:18,210719,50.568692500,-123.474702667,605.226000000,15,0.196000000,0.133000000,0.422000000
21:56:19,210719,50.568692483,-123.474702662,605.227000000,15,0.196000000,0.133000000,0.422000000
21:56:20,210719,50.568692488,-123.474702672,605.232000000,16,0.188000000,0.128000000,0.420000000
21:56:21,210719,50.568692468,-123.474702672,605.236000000,16,0.188000000,0.128000000,0.420000000
21:56:22,210719,50.568692480,-123.474702712,605.238000000,16,0.188000000,0.128000000,0.420000000
21:56:23,210719,50.568692517,-123.474702753,605.239000000,15,0.196000000,0.133000000,0.422000000
21:56:24,210719,50.568692567,-123.474702813,605.241000000,16,0.196000000,0.119000000,0.389000000
21:56:25,210719,50.568692613,-123.474702862,605.238000000,16,0.196000000,0.119000000,0.389000000
21:56:26,210719,50.568692675,-123.474702895,605.240000000,14,0.201000000,0.140000000,0.424000000
21:56:27,210719,50.568692723,-123.474702937,605.246000000,15,0.201000000,0.126000000,0.392000000
21:56:28,210719,50.568692748,-123.474702985,605.244000000,14,0.201000000,0.126000000,0.392000000
21:56:29,210719,50.568692768,-123.474703008,605.243000000,14,0.201000000,0.140000000,0.424000000
21:56:30,210719,50.568692782,-123.474703025,605.244000000,14,0.201000000,0.140000000,0.424000000
21:56:31,210719,50.568692785,-123.474703013,605.246000000,14,0.201000000,0.140000000,0.424000000
21:56:32,210719,50.568692767,-123.474703050,605.244000000,14,0.201000000,0.140000000,0.424000000
21:56:33,210719,50.568692747,-123.474703070,605.244000000,14,0.201000000,0.140000000,0.424000000
21:56:34,210719,50.568692695,-123.474703068,605.248000000,14,0.201000000,0.140000000,0.424000000
21:56:35,210719,50.568692668,-123.474703037,605.247000000,14,0.201000000,0.140000000,0.424000000
21:56:36,210719,50.568692653,-123.474703007,605.250000000,14,0.201000000,0.140000000,0.424000000
21:56:37,210719,50.568692642,-123.474702982,605.251000000,14,0.201000000,0.140000000,0.424000000
21:56:38,210719,50.568692647,-123.474702965,605.253000000,14,0.201000000,0.140000000,0.424000000
21:56:39,210719,50.568692627,-123.474702952,605.257000000,14,0.201000000,0.140000000,0.424000000
21:56:40,210719,50.568692587,-123.474702928,605.256000000,14,0.201000000,0.140000000,0.424000000
21:56:41,210719,50.568692572,-123.474702883,605.258000000,15,0.190000000,0.134000000,0.421000000
21:56:42,210719,50.568692585,-123.474702908,605.261000000,15,0.190000000,0.134000000,0.421000000
21:56:43,210719,50.568692578,-123.474702932,605.260000000,15,0.190000000,0.134000000,0.421000000
21:56:44,210719,50.568692605,-123.474702938,605.259000000,15,0.190000000,0.134000000,0.421000000
21:56:45,210719,50.568692610,-123.474702952,605.261000000,15,0.190000000,0.134000000,0.421000000
21:56:46,210719,50.568692605,-123.474702957,605.263000000,15,0.190000000,0.134000000,0.421000000
21:56:47,210719,50.568692580,-123.474702932,605.266000000,15,0.190000000,0.134000000,0.421000000
21:56:48,210719,50.568692568,-123.474702922,605.267000000,15,0.190000000,0.134000000,0.421000000
21:56:49,210719,50.568692590,-123.474702898,605.267000000,15,0.190000000,0.134000000,0.421000000
21:56:50,210719,50.568692587,-123.474702868,605.264000000,15,0.190000000,0.134000000,0.421000000
21:56:51,210719,50.568692612,-123.474702848,605.265000000,15,0.190000000,0.134000000,0.421000000
21:56:52,210719,50.568692628,-123.474702848,605.266000000,15,0.190000000,0.134000000,0.421000000
21:56:53,210719,50.568692660,-123.474702842,605.261000000,15,0.190000000,0.134000000,0.421000000
21:56:54,210719,50.568692657,-123.474702845,605.264000000,15,0.190000000,0.134000000,0.421000000
21:56:55,210719,50.568692630,-123.474702818,605.265000000,15,0.190000000,0.134000000,0.421000000
21:56:56,210719,50.568692592,-123.474702840,605.262000000,15,0.190000000,0.134000000,0.421000000
21:56:57,210719,50.568692558,-123.474702828,605.259000000,15,0.190000000,0.134000000,0.421000000
21:56:58,210719,50.568692543,-123.474702810,605.261000000,15,0.190000000,0.134000000,0.421000000
21:56:59,210719,50.568692505,-123.474702787,605.261000000,15,0.190000000,0.134000000,0.421000000
21:57:00,210719,50.568692528,-123.474702765,605.256000000,15,0.190000000,0.134000000,0.421000000
21:57:01,210719,50.568692527,-123.474702743,605.253000000,15,0.190000000,0.134000000,0.421000000
21:57:02,210719,50.568692540,-123.474702730,605.248000000,15,0.190000000,0.134000000,0.421000000
21:57:03,210719,50.568692518,-123.474702712,605.250000000,14,0.195000000,0.141000000,0.429000000
21:57:04,210719,50.568692513,-123.474702702,605.252000000,14,0.195000000,0.141000000,0.429000000
21:57:05,210719,50.568692515,-123.474702687,605.254000000,14,0.195000000,0.141000000,0.429000000
21:57:06,210719,50.568692528,-123.474702698,605.250000000,14,0.195000000,0.141000000,0.429000000
21:57:07,210719,50.568692545,-123.474702677,605.249000000,14,0.195000000,0.141000000,0.429000000
21:57:08,210719,50.568692573,-123.474702713,605.248000000,14,0.195000000,0.141000000,0.429000000
21:57:09,210719,50.568692590,-123.474702705,605.246000000,14,0.195000000,0.141000000,0.429000000
21:57:10,210719,50.568692615,-123.474702722,605.246000000,14,0.195000000,0.141000000,0.429000000
21:57:11,210719,50.568692635,-123.474702697,605.241000000,14,0.195000000,0.141000000,0.429000000
21:57:12,210719,50.568692643,-123.474702665,605.245000000,14,0.195000000,0.141000000,0.429000000
21:57:13,210719,50.568692675,-123.474702632,605.244000000,14,0.195000000,0.141000000,0.429000000
21:57:14,210719,50.568692693,-123.474702630,605.244000000,14,0.195000000,0.141000000,0.429000000
21:57:15,210719,50.568692705,-123.474702627,605.244000000,14,0.195000000,0.141000000,0.429000000
21:57:16,210719,50.568692710,-123.474702603,605.246000000,14,0.195000000,0.141000000,0.429000000
21:57:17,210719,50.568692718,-123.474702598,605.249000000,14,0.195000000,0.141000000,0.429000000
21:57:18,210719,50.568692730,-123.474702617,605.246000000,15,0.190000000,0.134000000,0.421000000
21:57:19,210719,50.568692717,-123.474702597,605.244000000,15,0.190000000,0.134000000,0.421000000
21:57:20,210719,50.568692672,-123.474702605,605.243000000,15,0.190000000,0.134000000,0.421000000
21:57:21,210719,50.568692637,-123.474702592,605.243000000,15,0.190000000,0.134000000,0.421000000
21:57:22,210719,50.568692587,-123.474702600,605.245000000,15,0.190000000,0.134000000,0.421000000
21:57:23,210719,50.568692583,-123.474702587,605.237000000,15,0.190000000,0.134000000,0.421000000
21:57:24,210719,50.568692570,-123.474702582,605.238000000,15,0.190000000,0.134000000,0.421000000
21:57:25,210719,50.568692587,-123.474702555,605.234000000,15,0.190000000,0.134000000,0.421000000
21:57:26,210719,50.568692620,-123.474702540,605.235000000,15,0.190000000,0.134000000,0.421000000
21:57:27,210719,50.568692637,-123.474702528,605.235000000,15,0.190000000,0.134000000,0.421000000
21:57:28,210719,50.568692653,-123.474702508,605.236000000,15,0.190000000,0.134000000,0.421000000
21:57:29,210719,50.568692670,-123.474702505,605.235000000,15,0.190000000,0.134000000,0.421000000
21:57:30,210719,50.568692687,-123.474702500,605.233000000,15,0.190000000,0.134000000,0.421000000
21:57:31,210719,50.568692708,-123.474702480,605.235000000,15,0.190000000,0.134000000,0.421000000
21:57:32,210719,50.568692745,-123.474702517,605.236000000,15,0.190000000,0.134000000,0.421000000
21:57:33,210719,50.568692772,-123.474702527,605.238000000,15,0.190000000,0.134000000,0.421000000
21:57:34,210719,50.568692800,-123.474702543,605.237000000,15,0.190000000,0.134000000,0.421000000
21:57:35,210719,50.568692817,-123.474702520,605.241000000,15,0.190000000,0.134000000,0.421000000
21:57:36,210719,50.568692837,-123.474702497,605.245000000,15,0.190000000,0.134000000,0.421000000
21:57:37,210719,50.568692832,-123.474702477,605.246000000,15,0.190000000,0.134000000,0.421000000
21:57:38,210719,50.568692820,-123.474702455,605.246000000,15,0.190000000,0.134000000,0.421000000
21:57:39,210719,50.568692813,-123.474702460,605.241000000,15,0.190000000,0.134000000,0.421000000
21:57:40,210719,50.568692818,-123.474702455,605.239000000,15,0.190000000,0.134000000,0.421000000
21:57:41,210719,50.568692797,-123.474702480,605.235000000,15,0.190000000,0.134000000,0.421000000
21:57:42,210719,50.568692780,-123.474702493,605.237000000,15,0.190000000,0.134000000,0.421000000
21:57:43,210719,50.568692787,-123.474702465,605.233000000,15,0.190000000,0.134000000,0.421000000
21:57:44,210719,50.568692793,-123.474702448,605.234000000,14,0.194000000,0.141000000,0.421000000
21:57:45,210719,50.568692812,-123.474702477,605.233000000,14,0.194000000,0.141000000,0.421000000
21:57:46,210719,50.568692815,-123.474702460,605.232000000,14,0.194000000,0.141000000,0.421000000
21:57:47,210719,50.568692820,-123.474702468,605.229000000,14,0.194000000,0.141000000,0.421000000
21:57:48,210719,50.568692833,-123.474702470,605.223000000,14,0.194000000,0.141000000,0.421000000
21:57:49,210719,50.568692858,-123.474702492,605.218000000,14,0.194000000,0.141000000,0.421000000
21:57:50,210719,50.568692868,-123.474702497,605.216000000,14,0.193000000,0.141000000,0.421000000
21:57:51,210719,50.568692867,-123.474702495,605.213000000,14,0.193000000,0.141000000,0.421000000
21:57:52,210719,50.568692858,-123.474702507,605.207000000,14,0.193000000,0.141000000,0.421000000
21:57:53,210719,50.568692838,-123.474702477,605.204000000,14,0.193000000,0.141000000,0.421000000
21:57:54,210719,50.568692842,-123.474702472,605.203000000,14,0.193000000,0.141000000,0.421000000
21:57:55,210719,50.568692877,-123.474702468,605.202000000,14,0.193000000,0.141000000,0.421000000
21:57:56,210719,50.568692908,-123.474702512,605.198000000,15,0.190000000,0.134000000,0.421000000
21:57:57,210719,50.568692933,-123.474702525,605.193000000,15,0.190000000,0.134000000,0.421000000
21:57:58,210719,50.568692968,-123.474702568,605.195000000,14,0.193000000,0.141000000,0.421000000
21:57:59,210719,50.568693013,-123.474702593,605.188000000,14,0.195000000,0.142000000,0.428000000
21:58:00,210719,50.568693063,-123.474702603,605.185000000,14,0.195000000,0.142000000,0.428000000
21:58:01,210719,50.568693093,-123.474702620,605.186000000,14,0.195000000,0.142000000,0.428000000
21:58:02,210719,50.568693125,-123.474702632,605.184000000,13,0.201000000,0.153000000,0.429000000
21:58:03,210719,50.568693147,-123.474702623,605.183000000,14,0.195000000,0.142000000,0.428000000
21:58:04,210719,50.568693168,-123.474702645,605.177000000,13,0.201000000,0.153000000,0.429000000
21:58:05,210719,50.568693172,-123.474702640,605.180000000,14,0.195000000,0.142000000,0.428000000
21:58:06,210719,50.568693168,-123.474702643,605.178000000,14,0.195000000,0.142000000,0.428000000
21:58:07,210719,50.568693152,-123.474702623,605.179000000,13,0.201000000,0.153000000,0.429000000
21:58:08,210719,50.568693138,-123.474702633,605.179000000,14,0.195000000,0.142000000,0.428000000
21:58:09,210719,50.568693127,-123.474702635,605.179000000,13,0.201000000,0.154000000,0.429000000
21:58:10,210719,50.568693120,-123.474702623,605.173000000,14,0.195000000,0.142000000,0.428000000
21:58:11,210719,50.568693128,-123.474702633,605.171000000,14,0.195000000,0.142000000,0.428000000
21:58:12,210719,50.568693120,-123.474702635,605.173000000,14,0.195000000,0.142000000,0.428000000
21:58:13,210719,50.568693103,-123.474702643,605.168000000,14,0.195000000,0.142000000,0.428000000
21:58:14,210719,50.568693053,-123.474702657,605.176000000,14,0.195000000,0.142000000,0.428000000
21:58:15,210719,50.568693037,-123.474702637,605.171000000,14,0.195000000,0.142000000,0.428000000
21:58:16,210719,50.568693012,-123.474702628,605.173000000,13,0.201000000,0.154000000,0.429000000
21:58:17,210719,50.568692997,-123.474702633,605.174000000,13,0.201000000,0.154000000,0.429000000
21:58:18,210719,50.568692993,-123.474702647,605.175000000,13,0.201000000,0.154000000,0.429000000
21:58:19,210719,50.568693020,-123.474702645,605.175000000,13,0.201000000,0.154000000,0.429000000
21:58:20,210719,50.568693057,-123.474702640,605.171000000,13,0.201000000,0.154000000,0.429000000
21:58:21,210719,50.568693097,-123.474702632,605.171000000,13,0.201000000,0.154000000,0.429000000
21:58:22,210719,50.568693132,-123.474702645,605.171000000,13,0.200000000,0.154000000,0.429000000
21:58:23,210719,50.568693158,-123.474702635,605.171000000,13,0.200000000,0.154000000,0.429000000
21:58:24,210719,50.568693188,-123.474702615,605.171000000,13,0.200000000,0.154000000,0.429000000
21:58:25,210719,50.568693187,-123.474702620,605.170000000,13,0.200000000,0.154000000,0.428000000
21:58:26,210719,50.568693157,-123.474702597,605.171000000,14,0.193000000,0.142000000,0.420000000
21:58:27,210719,50.568693148,-123.474702595,605.170000000,14,0.193000000,0.142000000,0.420000000
21:58:28,210719,50.568693125,-123.474702595,605.168000000,13,0.200000000,0.154000000,0.428000000
21:58:29,210719,50.568693108,-123.474702582,605.168000000,14,0.193000000,0.142000000,0.420000000
21:58:30,210719,50.568693063,-123.474702570,605.171000000,14,0.193000000,0.142000000,0.420000000
21:58:31,210719,50.568693055,-123.474702545,605.168000000,15,0.193000000,0.142000000,0.420000000
21:58:32,210719,50.568693063,-123.474702528,605.163000000,15,0.190000000,0.134000000,0.420000000
21:58:33,210719,50.568693050,-123.474702510,605.157000000,15,0.190000000,0.134000000,0.420000000
21:58:34,210719,50.568693037,-123.474702503,605.154000000,15,0.190000000,0.134000000,0.420000000
21:58:35,210719,50.568693022,-123.474702490,605.155000000,15,0.190000000,0.134000000,0.420000000
21:58:36,210719,50.568692997,-123.474702475,605.153000000,15,0.190000000,0.134000000,0.420000000
21:58:37,210719,50.568692968,-123.474702477,605.153000000,15,0.190000000,0.134000000,0.420000000
21:58:38,210719,50.568692955,-123.474702490,605.153000000,15,0.190000000,0.134000000,0.420000000
21:58:39,210719,50.568692925,-123.474702470,605.155000000,15,0.190000000,0.134000000,0.420000000
21:58:40,210719,50.568692933,-123.474702492,605.153000000,15,0.190000000,0.134000000,0.420000000
21:58:41,210719,50.568692938,-123.474702512,605.154000000,15,0.190000000,0.134000000,0.420000000
21:58:42,210719,50.568692957,-123.474702538,605.154000000,14,0.190000000,0.134000000,0.420000000
21:58:43,210719,50.568692998,-123.474702575,605.153000000,14,0.194000000,0.142000000,0.428000000
21:58:44,210719,50.568693035,-123.474702608,605.153000000,14,0.194000000,0.142000000,0.428000000
21:58:45,210719,50.568693077,-123.474702630,605.151000000,14,0.194000000,0.142000000,0.428000000
21:58:46,210719,50.568693090,-123.474702648,605.155000000,14,0.194000000,0.142000000,0.428000000
21:58:47,210719,50.568693102,-123.474702648,605.156000000,15,0.190000000,0.134000000,0.425000000
21:58:48,210719,50.568693120,-123.474702658,605.156000000,15,0.190000000,0.134000000,0.425000000
21:58:49,210719,50.568693145,-123.474702653,605.154000000,15,0.190000000,0.134000000,0.425000000
21:58:50,210719,50.568693143,-123.474702640,605.153000000,15,0.190000000,0.134000000,0.425000000
21:58:51,210719,50.568693108,-123.474702638,605.152000000,15,0.190000000,0.134000000,0.425000000
21:58:52,210719,50.568693070,-123.474702633,605.149000000,15,0.190000000,0.134000000,0.425000000
21:58:53,210719,50.568693048,-123.474702637,605.148000000,15,0.190000000,0.134000000,0.425000000
21:58:54,210719,50.568693043,-123.474702662,605.147000000,15,0.195000000,0.133000000,0.420000000
21:58:55,210719,50.568693047,-123.474702673,605.147000000,15,0.195000000,0.133000000,0.420000000
21:58:56,210719,50.568693065,-123.474702687,605.142000000,15,0.195000000,0.133000000,0.420000000
21:58:57,210719,50.568693072,-123.474702700,605.138000000,15,0.195000000,0.133000000,0.420000000
21:58:58,210719,50.568693067,-123.474702692,605.138000000,15,0.195000000,0.133000000,0.420000000
21:58:59,210719,50.568693055,-123.474702703,605.136000000,15,0.195000000,0.133000000,0.420000000
21:59:00,210719,50.568693065,-123.474702730,605.132000000,15,0.195000000,0.133000000,0.420000000
21:59:01,210719,50.568693088,-123.474702688,605.128000000,15,0.195000000,0.133000000,0.420000000
21:59:02,210719,50.568693085,-123.474702650,605.129000000,15,0.195000000,0.133000000,0.420000000
21:59:03,210719,50.568693090,-123.474702632,605.129000000,15,0.195000000,0.133000000,0.419000000
21:59:04,210719,50.568693097,-123.474702622,605.128000000,14,0.200000000,0.141000000,0.422000000
21:59:05,210719,50.568693103,-123.474702638,605.121000000,15,0.190000000,0.134000000,0.420000000
21:59:06,210719,50.568693107,-123.474702655,605.124000000,15,0.190000000,0.134000000,0.420000000
21:59:07,210719,50.568693130,-123.474702693,605.125000000,15,0.190000000,0.134000000,0.420000000
21:59:08,210719,50.568693153,-123.474702697,605.125000000,15,0.190000000,0.134000000,0.420000000
21:59:09,210719,50.568693153,-123.474702695,605.124000000,15,0.190000000,0.134000000,0.420000000
21:59:10,210719,50.568693160,-123.474702688,605.123000000,15,0.190000000,0.134000000,0.420000000
21:59:11,210719,50.568693167,-123.474702673,605.129000000,15,0.190000000,0.134000000,0.420000000
21:59:12,210719,50.568693175,-123.474702652,605.127000000,15,0.190000000,0.134000000,0.420000000
21:59:13,210719,50.568693163,-123.474702635,605.124000000,15,0.190000000,0.134000000,0.420000000
21:59:14,210719,50.568693170,-123.474702615,605.126000000,15,0.189000000,0.134000000,0.420000000
21:59:15,210719,50.568693180,-123.474702605,605.126000000,14,0.189000000,0.134000000,0.420000000
21:59:16,210719,50.568693180,-123.474702602,605.127000000,15,0.194000000,0.142000000,0.428000000
21:59:17,210719,50.568693162,-123.474702613,605.128000000,15,0.189000000,0.134000000,0.420000000
21:59:18,210719,50.568693145,-123.474702605,605.130000000,13,0.194000000,0.142000000,0.428000000
21:59:19,210719,50.568693137,-123.474702613,605.131000000,14,0.200000000,0.141000000,0.421000000
21:59:20,210719,50.568693145,-123.474702602,605.134000000,15,0.189000000,0.134000000,0.420000000
21:59:21,210719,50.568693150,-123.474702608,605.133000000,15,0.189000000,0.134000000,0.420000000
21:59:22,210719,50.568693142,-123.474702597,605.136000000,15,0.189000000,0.134000000,0.420000000
21:59:23,210719,50.568693125,-123.474702590,605.137000000,14,0.194000000,0.142000000,0.428000000
21:59:24,210719,50.568693127,-123.474702562,605.138000000,14,0.200000000,0.141000000,0.421000000
21:59:25,210719,50.568693112,-123.474702525,605.138000000,13,0.200000000,0.141000000,0.421000000
21:59:26,210719,50.568693098,-123.474702512,605.138000000,14,0.210000000,0.154000000,0.432000000
21:59:27,210719,50.568693113,-123.474702487,605.140000000,14,0.200000000,0.141000000,0.421000000
21:59:28,210719,50.568693122,-123.474702468,605.140000000,13,0.210000000,0.154000000,0.432000000
21:59:29,210719,50.568693113,-123.474702472,605.145000000,13,0.210000000,0.154000000,0.432000000
21:59:30,210719,50.568693108,-123.474702460,605.147000000,13,0.210000000,0.154000000,0.432000000
21:59:31,210719,50.568693110,-123.474702443,605.148000000,13,0.210000000,0.154000000,0.432000000
21:59:32,210719,50.568693120,-123.474702438,605.145000000,13,0.210000000,0.154000000,0.432000000
21:59:33,210719,50.568693118,-123.474702422,605.153000000,13,0.210000000,0.154000000,0.432000000
21:59:34,210719,50.568693113,-123.474702417,605.148000000,13,0.210000000,0.154000000,0.432000000
21:59:35,210719,50.568693105,-123.474702402,605.154000000,13,0.210000000,0.154000000,0.432000000
21:59:36,210719,50.568693090,-123.474702378,605.156000000,13,0.210000000,0.154000000,0.432000000
21:59:37,210719,50.568693087,-123.474702373,605.160000000,13,0.210000000,0.155000000,0.432000000
21:59:38,210719,50.568693062,-123.474702343,605.168000000,13,0.210000000,0.155000000,0.432000000
21:59:39,210719,50.568693043,-123.474702325,605.172000000,13,0.210000000,0.155000000,0.432000000
21:59:40,210719,50.568693030,-123.474702297,605.177000000,13,0.210000000,0.155000000,0.432000000
21:59:41,210719,50.568693020,-123.474702280,605.179000000,13,0.210000000,0.155000000,0.432000000
21:59:42,210719,50.568693042,-123.474702280,605.181000000,13,0.210000000,0.155000000,0.432000000
21:59:43,210719,50.568693015,-123.474702258,605.191000000,13,0.210000000,0.155000000,0.432000000
21:59:44,210719,50.568692997,-123.474702235,605.193000000,13,0.210000000,0.155000000,0.432000000
21:59:45,210719,50.568692980,-123.474702208,605.197000000,13,0.210000000,0.155000000,0.432000000
21:59:46,210719,50.568692985,-123.474702217,605.199000000,13,0.210000000,0.155000000,0.432000000
21:59:47,210719,50.568692988,-123.474702223,605.203000000,14,0.200000000,0.141000000,0.421000000
21:59:48,210719,50.568692987,-123.474702198,605.203000000,14,0.200000000,0.141000000,0.421000000
21:59:49,210719,50.568692967,-123.474702187,605.205000000,15,0.189000000,0.134000000,0.419000000
21:59:50,210719,50.568692935,-123.474702185,605.213000000,14,0.200000000,0.141000000,0.421000000
21:59:51,210719,50.568692902,-123.474702150,605.221000000,15,0.189000000,0.134000000,0.419000000
21:59:52,210719,50.568692855,-123.474702117,605.226000000,15,0.189000000,0.134000000,0.419000000
21:59:53,210719,50.568692835,-123.474702103,605.228000000,15,0.189000000,0.134000000,0.419000000
21:59:54,210719,50.568692820,-123.474702110,605.233000000,15,0.189000000,0.134000000,0.419000000
21:59:55,210719,50.568692800,-123.474702100,605.231000000,15,0.189000000,0.134000000,0.419000000
21:59:56,210719,50.568692775,-123.474702110,605.232000000,15,0.189000000,0.134000000,0.419000000
21:59:57,210719,50.568692763,-123.474702135,605.235000000,15,0.189000000,0.134000000,0.419000000
21:59:58,210719,50.568692765,-123.474702152,605.233000000,15,0.189000000,0.134000000,0.419000000
21:59:59,210719,50.568692755,-123.474702173,605.233000000,15,0.189000000,0.134000000,0.419000000
22:00:00,210719,50.568692738,-123.474702178,605.236000000,15,0.189000000,0.134000000,0.419000000
22:00:01,210719,50.568692707,-123.474702160,605.245000000,15,0.189000000,0.134000000,0.419000000
22:00:02,210719,50.568692695,-123.474702173,605.246000000,15,0.189000000,0.134000000,0.419000000
22:00:03,210719,50.568692715,-123.474702155,605.248000000,15,0.189000000,0.134000000,0.419000000
22:00:04,210719,50.568692710,-123.474702152,605.248000000,15,0.189000000,0.134000000,0.419000000
22:00:05,210719,50.568692707,-123.474702148,605.248000000,15,0.189000000,0.134000000,0.419000000
22:00:06,210719,50.568692670,-123.474702112,605.254000000,15,0.189000000,0.134000000,0.419000000
22:00:07,210719,50.568692630,-123.474702047,605.253000000,15,0.189000000,0.134000000,0.419000000
22:00:08,210719,50.568692535,-123.474701940,605.256000000,15,0.189000000,0.134000000,0.419000000
22:00:09,210719,50.568692458,-123.474701840,605.253000000,15,0.189000000,0.134000000,0.419000000
22:00:10,210719,50.568692337,-123.474701672,605.260000000,15,0.189000000,0.134000000,0.419000000
22:00:11,210719,50.568692243,-123.474701575,605.262000000,15,0.189000000,0.134000000,0.419000000
22:00:12,210719,50.568692188,-123.474701500,605.266000000,15,0.189000000,0.134000000,0.419000000
22:00:13,210719,50.568692170,-123.474701515,605.263000000,14,0.189000000,0.134000000,0.419000000
22:00:14,210719,50.568692173,-123.474701548,605.261000000,14,0.194000000,0.142000000,0.427000000
22:00:15,210719,50.568692188,-123.474701602,605.260000000,14,0.194000000,0.142000000,0.427000000
22:00:16,210719,50.568692215,-123.474701670,605.260000000,14,0.194000000,0.142000000,0.427000000
22:00:17,210719,50.568692253,-123.474701730,605.260000000,14,0.194000000,0.142000000,0.427000000
22:00:18,210719,50.568692280,-123.474701795,605.257000000,14,0.194000000,0.142000000,0.427000000
22:00:19,210719,50.568692315,-123.474701858,605.257000000,14,0.194000000,0.142000000,0.427000000
22:00:20,210719,50.568692377,-123.474701903,605.255000000,14,0.194000000,0.142000000,0.427000000
22:00:21,210719,50.568692395,-123.474701908,605.259000000,14,0.194000000,0.142000000,0.427000000
22:00:22,210719,50.568692337,-123.474701790,605.263000000,14,0.194000000,0.142000000,0.427000000
22:00:23,210719,50.568692250,-123.474701657,605.274000000,14,0.194000000,0.142000000,0.427000000
22:00:24,210719,50.568692173,-123.474701553,605.280000000,14,0.194000000,0.142000000,0.427000000
22:00:25,210719,50.568692097,-123.474701450,605.288000000,14,0.194000000,0.142000000,0.427000000
22:00:26,210719,50.568691990,-123.474701345,605.298000000,14,0.194000000,0.142000000,0.427000000
22:00:27,210719,50.568691903,-123.474701233,605.305000000,14,0.194000000,0.142000000,0.427000000
22:00:28,210719,50.568691823,-123.474701148,605.312000000,14,0.194000000,0.142000000,0.427000000
22:00:29,210719,50.568691768,-123.474701100,605.315000000,14,0.194000000,0.142000000,0.427000000
22:00:30,210719,50.568691748,-123.474701050,605.315000000,14,0.194000000,0.142000000,0.427000000
22:00:31,210719,50.568691753,-123.474701053,605.319000000,15,0.190000000,0.134000000,0.424000000
22:00:32,210719,50.568691748,-123.474701053,605.313000000,14,0.194000000,0.143000000,0.427000000
22:00:33,210719,50.568691745,-123.474701083,605.307000000,15,0.190000000,0.134000000,0.424000000
22:00:34,210719,50.568691767,-123.474701127,605.303000000,15,0.190000000,0.134000000,0.424000000
22:00:35,210719,50.568691808,-123.474701130,605.297000000,15,0.190000000,0.134000000,0.424000000
22:00:36,210719,50.568691837,-123.474701158,605.293000000,15,0.190000000,0.134000000,0.424000000
22:00:37,210719,50.568691843,-123.474701165,605.295000000,15,0.190000000,0.134000000,0.424000000
22:00:38,210719,50.568691852,-123.474701160,605.296000000,15,0.190000000,0.134000000,0.424000000
22:00:39,210719,50.568691878,-123.474701157,605.296000000,15,0.190000000,0.134000000,0.424000000
22:00:40,210719,50.568691935,-123.474701188,605.295000000,16,0.187000000,0.129000000,0.417000000
22:00:41,210719,50.568691967,-123.474701220,605.291000000,16,0.187000000,0.129000000,0.417000000
22:00:42,210719,50.568691993,-123.474701255,605.293000000,15,0.187000000,0.129000000,0.417000000
22:00:43,210719,50.568692015,-123.474701297,605.291000000,15,0.190000000,0.134000000,0.424000000
22:00:44,210719,50.568692023,-123.474701338,605.288000000,15,0.190000000,0.134000000,0.424000000
22:00:45,210719,50.568692033,-123.474701377,605.287000000,15,0.190000000,0.134000000,0.424000000
22:00:46,210719,50.568692035,-123.474701395,605.287000000,15,0.190000000,0.134000000,0.423000000
22:00:47,210719,50.568692018,-123.474701390,605.292000000,15,0.190000000,0.134000000,0.423000000
22:00:48,210719,50.568692023,-123.474701382,605.291000000,15,0.190000000,0.134000000,0.423000000
22:00:49,210719,50.568691997,-123.474701380,605.292000000,15,0.190000000,0.134000000,0.423000000
22:00:50,210719,50.568691953,-123.474701367,605.294000000,15,0.190000000,0.134000000,0.423000000
22:00:51,210719,50.568691925,-123.474701378,605.299000000,15,0.190000000,0.134000000,0.423000000
22:00:52,210719,50.568691887,-123.474701397,605.298000000,15,0.190000000,0.134000000,0.423000000
22:00:53,210719,50.568691873,-123.474701417,605.301000000,15,0.190000000,0.134000000,0.423000000
22:00:54,210719,50.568691868,-123.474701423,605.298000000,15,0.190000000,0.134000000,0.423000000
