TIME,DATE(ddMMyy),LATITUDEGGA,LONGITUDEGGA,ALTITUDEGGA,NUMBERSAT,LATERR,LONGERR,ALTERR
16:27:56,110719,50.577712473,-123.519648392,1366.848000000,13,0.528000000,0.408000000,0.878000000
16:27:57,110719,50.577712512,-123.519648403,1366.856000000,13,0.491000000,0.379000000,0.815000000
16:27:58,110719,50.577712545,-123.519648427,1366.884000000,13,0.491000000,0.379000000,0.815000000
16:27:59,110719,50.577712603,-123.519648395,1366.898000000,13,0.491000000,0.379000000,0.815000000
16:28:00,110719,50.577712827,-123.519648117,1366.880000000,12,0.467000000,0.361000000,0.776000000
16:28:01,110719,50.577712862,-123.519648123,1366.860000000,12,0.649000000,0.459000000,0.801000000
16:28:02,110719,50.577712735,-123.519648293,1366.890000000,12,0.649000000,0.459000000,0.801000000
16:28:03,110719,50.577712612,-123.519648422,1366.913000000,12,0.649000000,0.459000000,0.801000000
16:28:04,110719,50.577712528,-123.519648513,1366.931000000,12,0.683000000,0.482000000,0.843000000
16:28:05,110719,50.577712437,-123.519648557,1366.944000000,12,0.683000000,0.482000000,0.843000000
16:28:06,110719,50.577712377,-123.519648613,1366.958000000,12,0.683000000,0.482000000,0.843000000
16:28:07,110719,50.577712348,-123.519648605,1366.963000000,12,0.667000000,0.471000000,0.823000000
16:28:08,110719,50.577712243,-123.519648732,1366.967000000,12,0.667000000,0.471000000,0.823000000
16:28:09,110719,50.577712227,-123.519648768,1366.950000000,12,0.667000000,0.471000000,0.823000000
16:28:10,110719,50.577712413,-123.519648507,1366.900000000,12,0.644000000,0.455000000,0.794000000
16:28:11,110719,50.577712350,-123.519648253,1366.876000000,12,0.644000000,0.455000000,0.794000000
16:28:12,110719,50.577712417,-123.519648093,1366.868000000,13,0.469000000,0.352000000,0.728000000
16:28:13,110719,50.577712387,-123.519648368,1366.922000000,13,0.469000000,0.352000000,0.728000000
16:28:14,110719,50.577712363,-123.519648707,1366.986000000,13,0.469000000,0.352000000,0.728000000
16:28:15,110719,50.577712395,-123.519648763,1366.988000000,14,0.323000000,0.264000000,0.613000000
16:28:16,110719,50.577712413,-123.519648715,1366.979000000,14,0.323000000,0.264000000,0.613000000
16:28:17,110719,50.577712400,-123.519648690,1366.975000000,14,0.323000000,0.264000000,0.613000000
16:28:18,110719,50.577712407,-123.519648772,1366.981000000,14,0.291000000,0.237000000,0.552000000
16:28:19,110719,50.577712458,-123.519648748,1366.979000000,14,0.291000000,0.237000000,0.552000000
16:28:20,110719,50.577712497,-123.519648895,1367.007000000,14,0.291000000,0.237000000,0.552000000
16:28:21,110719,50.577712533,-123.519649017,1367.039000000,14,0.281000000,0.229000000,0.533000000
16:28:22,110719,50.577712617,-123.519649103,1367.064000000,14,0.281000000,0.229000000,0.533000000
16:28:23,110719,50.577712682,-123.519649038,1367.050000000,14,0.281000000,0.229000000,0.533000000
16:28:24,110719,50.577712793,-123.519648758,1367.009000000,14,0.265000000,0.216000000,0.502000000
16:28:25,110719,50.577712967,-123.519648343,1366.968000000,14,0.265000000,0.216000000,0.502000000
16:28:26,110719,50.577713160,-123.519648045,1366.941000000,14,0.265000000,0.216000000,0.502000000
16:28:27,110719,50.577713332,-123.519647767,1366.915000000,14,0.251000000,0.205000000,0.476000000
16:28:28,110719,50.577713478,-123.519647513,1366.899000000,14,0.251000000,0.205000000,0.476000000
16:28:29,110719,50.577713630,-123.519647253,1366.878000000,14,0.251000000,0.205000000,0.476000000
16:28:30,110719,50.577713713,-123.519647042,1366.858000000,14,0.252000000,0.206000000,0.479000000
16:28:31,110719,50.577713757,-123.519646617,1366.805000000,13,0.293000000,0.226000000,0.486000000
16:28:32,110719,50.577713728,-123.519646315,1366.756000000,13,0.293000000,0.226000000,0.486000000
16:28:33,110719,50.577713612,-123.519646117,1366.706000000,13,0.293000000,0.226000000,0.486000000
16:28:34,110719,50.577713460,-123.519646022,1366.652000000,13,0.341000000,0.263000000,0.567000000
16:28:35,110719,50.577713392,-123.519645902,1366.645000000,13,0.341000000,0.263000000,0.567000000
16:28:36,110719,50.577713177,-123.519646013,1366.652000000,13,0.341000000,0.263000000,0.567000000
16:28:37,110719,50.577712885,-123.519646183,1366.660000000,13,0.432000000,0.333000000,0.717000000
16:28:38,110719,50.577712670,-123.519646262,1366.667000000,13,0.432000000,0.333000000,0.717000000
16:28:39,110719,50.577712502,-123.519646347,1366.671000000,13,0.432000000,0.333000000,0.717000000
16:28:40,110719,50.577712310,-123.519646735,1366.650000000,13,0.487000000,0.375000000,0.809000000
16:28:41,110719,50.577712285,-123.519646912,1366.626000000,14,0.415000000,0.338000000,0.788000000
16:28:42,110719,50.577712253,-123.519646935,1366.648000000,13,0.465000000,0.358000000,0.773000000
16:28:43,110719,50.577712080,-123.519647172,1366.690000000,14,0.400000000,0.326000000,0.759000000
16:28:44,110719,50.577711973,-123.519647312,1366.720000000,14,0.400000000,0.326000000,0.759000000
16:28:45,110719,50.577711943,-123.519647378,1366.748000000,13,0.459000000,0.353000000,0.762000000
16:28:46,110719,50.577711840,-123.519647527,1366.768000000,14,0.397000000,0.323000000,0.753000000
16:28:47,110719,50.577711762,-123.519647560,1366.768000000,13,0.457000000,0.352000000,0.760000000
16:28:48,110719,50.577711712,-123.519647588,1366.771000000,13,0.457000000,0.352000000,0.760000000
16:28:49,110719,50.577711667,-123.519647593,1366.780000000,13,0.457000000,0.352000000,0.760000000
16:28:50,110719,50.577711597,-123.519647570,1366.788000000,13,0.457000000,0.352000000,0.760000000
16:28:51,110719,50.577711567,-123.519647535,1366.787000000,13,0.457000000,0.352000000,0.760000000
16:28:52,110719,50.577711582,-123.519647410,1366.785000000,13,0.457000000,0.352000000,0.760000000
16:28:53,110719,50.577711608,-123.519647380,1366.784000000,13,0.460000000,0.354000000,0.764000000
16:28:54,110719,50.577711600,-123.519647405,1366.782000000,13,0.460000000,0.354000000,0.764000000
16:28:55,110719,50.577711573,-123.519647430,1366.776000000,13,0.460000000,0.354000000,0.764000000
16:28:56,110719,50.577711470,-123.519647495,1366.768000000,13,0.456000000,0.351000000,0.757000000
16:28:57,110719,50.577711433,-123.519647490,1366.762000000,13,0.456000000,0.351000000,0.757000000
16:28:58,110719,50.577711372,-123.519647548,1366.759000000,13,0.456000000,0.351000000,0.757000000
16:28:59,110719,50.577711310,-123.519647582,1366.746000000,13,0.452000000,0.348000000,0.751000000
16:29:00,110719,50.577711223,-123.519647687,1366.735000000,13,0.452000000,0.348000000,0.751000000
16:29:01,110719,50.577711170,-123.519647695,1366.719000000,13,0.452000000,0.348000000,0.751000000
16:29:02,110719,50.577711132,-123.519647743,1366.709000000,13,0.456000000,0.351000000,0.757000000
16:29:03,110719,50.577711112,-123.519647785,1366.697000000,13,0.456000000,0.351000000,0.757000000
16:29:04,110719,50.577711123,-123.519647852,1366.697000000,14,0.398000000,0.324000000,0.757000000
16:29:05,110719,50.577711192,-123.519647858,1366.699000000,14,0.398000000,0.324000000,0.757000000
16:29:06,110719,50.577711268,-123.519647630,1366.685000000,14,0.398000000,0.324000000,0.757000000
16:29:07,110719,50.577711317,-123.519647463,1366.677000000,14,0.409000000,0.334000000,0.779000000
16:29:08,110719,50.577711428,-123.519647312,1366.664000000,14,0.409000000,0.334000000,0.779000000
16:29:09,110719,50.577711620,-123.519647132,1366.655000000,14,0.409000000,0.334000000,0.779000000
16:29:10,110719,50.577711853,-123.519646937,1366.611000000,14,0.422000000,0.344000000,0.803000000
16:29:11,110719,50.577712218,-123.519646760,1366.542000000,14,0.422000000,0.344000000,0.803000000
16:29:12,110719,50.577712547,-123.519646582,1366.490000000,14,0.422000000,0.344000000,0.803000000
16:29:13,110719,50.577712815,-123.519646473,1366.459000000,14,0.410000000,0.334000000,0.779000000
16:29:14,110719,50.577713130,-123.519646212,1366.397000000,14,0.410000000,0.334000000,0.779000000
16:29:15,110719,50.577713447,-123.519646063,1366.351000000,14,0.410000000,0.334000000,0.779000000
16:29:16,110719,50.577713730,-123.519645887,1366.310000000,14,0.390000000,0.318000000,0.743000000
16:29:17,110719,50.577713755,-123.519646033,1366.347000000,14,0.390000000,0.318000000,0.743000000
16:29:18,110719,50.577713722,-123.519646092,1366.380000000,14,0.390000000,0.318000000,0.743000000
16:29:19,110719,50.577713722,-123.519646238,1366.405000000,14,0.369000000,0.300000000,0.702000000
16:29:20,110719,50.577713690,-123.519646445,1366.431000000,14,0.369000000,0.300000000,0.702000000
16:29:21,110719,50.577713643,-123.519646632,1366.457000000,14,0.369000000,0.300000000,0.702000000
16:29:22,110719,50.577713597,-123.519646873,1366.475000000,14,0.346000000,0.282000000,0.659000000
16:29:23,110719,50.577713543,-123.519647018,1366.502000000,14,0.346000000,0.282000000,0.659000000
16:29:24,110719,50.577713557,-123.519647117,1366.515000000,14,0.346000000,0.282000000,0.659000000
16:29:25,110719,50.577713573,-123.519647237,1366.535000000,14,0.330000000,0.269000000,0.627000000
16:29:26,110719,50.577713547,-123.519647338,1366.549000000,14,0.330000000,0.269000000,0.627000000
16:29:27,110719,50.577713533,-123.519647410,1366.565000000,14,0.330000000,0.269000000,0.627000000
16:29:28,110719,50.577713550,-123.519647523,1366.578000000,14,0.317000000,0.258000000,0.603000000
16:29:29,110719,50.577713612,-123.519647545,1366.589000000,14,0.317000000,0.258000000,0.603000000
16:29:30,110719,50.577713625,-123.519647558,1366.596000000,14,0.317000000,0.258000000,0.603000000
16:29:31,110719,50.577713593,-123.519647597,1366.600000000,14,0.306000000,0.249000000,0.583000000
16:29:32,110719,50.577713647,-123.519647628,1366.603000000,14,0.306000000,0.249000000,0.583000000
16:29:33,110719,50.577713753,-123.519647467,1366.588000000,14,0.306000000,0.249000000,0.583000000
16:29:34,110719,50.577713907,-123.519647398,1366.574000000,14,0.300000000,0.244000000,0.571000000
16:29:35,110719,50.577714005,-123.519647288,1366.563000000,14,0.300000000,0.244000000,0.571000000
16:29:36,110719,50.577714077,-123.519647293,1366.565000000,14,0.300000000,0.244000000,0.571000000
16:29:37,110719,50.577714127,-123.519647447,1366.569000000,13,0.344000000,0.264000000,0.571000000
16:29:38,110719,50.577713967,-123.519647648,1366.573000000,13,0.344000000,0.264000000,0.571000000
16:29:39,110719,50.577713782,-123.519647810,1366.567000000,13,0.344000000,0.264000000,0.571000000
16:29:40,110719,50.577713498,-123.519648108,1366.571000000,13,0.339000000,0.260000000,0.563000000
16:29:41,110719,50.577713025,-123.519648655,1366.592000000,13,0.339000000,0.260000000,0.563000000
16:29:42,110719,50.577712568,-123.519649172,1366.605000000,13,0.339000000,0.260000000,0.563000000
16:29:43,110719,50.577712265,-123.519649447,1366.594000000,13,0.342000000,0.262000000,0.568000000
16:29:44,110719,50.577712012,-123.519649677,1366.588000000,13,0.342000000,0.262000000,0.568000000
16:29:45,110719,50.577711805,-123.519649985,1366.598000000,13,0.342000000,0.262000000,0.568000000
16:29:46,110719,50.577711615,-123.519650352,1366.610000000,13,0.353000000,0.271000000,0.586000000
16:29:47,110719,50.577711437,-123.519650582,1366.616000000,13,0.353000000,0.271000000,0.586000000
16:29:48,110719,50.577711423,-123.519650660,1366.630000000,13,0.353000000,0.271000000,0.586000000
16:29:49,110719,50.577711463,-123.519650713,1366.633000000,13,0.360000000,0.276000000,0.597000000
16:29:50,110719,50.577711500,-123.519650797,1366.655000000,13,0.360000000,0.276000000,0.597000000
16:29:51,110719,50.577711585,-123.519650748,1366.666000000,13,0.360000000,0.276000000,0.597000000
16:29:52,110719,50.577711647,-123.519650717,1366.665000000,13,0.361000000,0.276000000,0.599000000
16:29:53,110719,50.577711772,-123.519650617,1366.666000000,13,0.361000000,0.276000000,0.599000000
16:29:54,110719,50.577711938,-123.519650467,1366.655000000,13,0.361000000,0.276000000,0.599000000
16:29:55,110719,50.577711992,-123.519650447,1366.660000000,13,0.356000000,0.273000000,0.591000000
16:29:56,110719,50.577712042,-123.519650488,1366.670000000,14,0.304000000,0.248000000,0.580000000
16:29:57,110719,50.577712008,-123.519650550,1366.674000000,13,0.348000000,0.266000000,0.577000000
16:29:58,110719,50.577712058,-123.519650445,1366.658000000,14,0.297000000,0.242000000,0.565000000
16:29:59,110719,50.577712113,-123.519650325,1366.648000000,14,0.297000000,0.242000000,0.565000000
16:30:00,110719,50.577712155,-123.519650297,1366.653000000,14,0.297000000,0.242000000,0.565000000
16:30:01,110719,50.577712150,-123.519650285,1366.643000000,14,0.293000000,0.239000000,0.559000000
16:30:02,110719,50.577712107,-123.519650260,1366.635000000,14,0.293000000,0.239000000,0.559000000
16:30:03,110719,50.577712093,-123.519650310,1366.629000000,14,0.293000000,0.239000000,0.559000000
16:30:04,110719,50.577712025,-123.519650437,1366.636000000,14,0.293000000,0.239000000,0.559000000
16:30:05,110719,50.577711938,-123.519650610,1366.656000000,14,0.293000000,0.239000000,0.559000000
16:30:06,110719,50.577711885,-123.519650682,1366.667000000,14,0.293000000,0.239000000,0.559000000
16:30:07,110719,50.577712008,-123.519650602,1366.666000000,12,0.340000000,0.260000000,0.565000000
16:30:08,110719,50.577712278,-123.519650173,1366.625000000,12,0.470000000,0.331000000,0.576000000
16:30:09,110719,50.577712295,-123.519650020,1366.612000000,12,0.470000000,0.331000000,0.576000000
16:30:10,110719,50.577712263,-123.519649950,1366.593000000,12,0.470000000,0.331000000,0.576000000
16:30:11,110719,50.577712295,-123.519649772,1366.585000000,12,0.474000000,0.333000000,0.581000000
16:30:12,110719,50.577712473,-123.519649552,1366.571000000,12,0.474000000,0.333000000,0.581000000
16:30:13,110719,50.577712523,-123.519649328,1366.563000000,12,0.474000000,0.333000000,0.581000000
16:30:14,110719,50.577712527,-123.519649178,1366.558000000,12,0.495000000,0.348000000,0.606000000
16:30:15,110719,50.577712668,-123.519648968,1366.545000000,12,0.495000000,0.348000000,0.606000000
16:30:16,110719,50.577712822,-123.519648702,1366.569000000,12,0.495000000,0.348000000,0.606000000
16:30:17,110719,50.577712942,-123.519648573,1366.593000000,12,0.513000000,0.360000000,0.627000000
16:30:18,110719,50.577712987,-123.519648545,1366.619000000,12,0.513000000,0.360000000,0.627000000
16:30:19,110719,50.577713057,-123.519648413,1366.639000000,12,0.513000000,0.360000000,0.627000000
16:30:20,110719,50.577713047,-123.519648383,1366.654000000,12,0.528000000,0.371000000,0.646000000
16:30:21,110719,50.577713052,-123.519648352,1366.670000000,12,0.528000000,0.371000000,0.646000000
16:30:22,110719,50.577713048,-123.519648348,1366.689000000,12,0.528000000,0.371000000,0.646000000
16:30:23,110719,50.577713042,-123.519648328,1366.706000000,12,0.536000000,0.377000000,0.656000000
16:30:24,110719,50.577713000,-123.519648388,1366.710000000,12,0.536000000,0.377000000,0.656000000
16:30:25,110719,50.577712945,-123.519648490,1366.721000000,12,0.536000000,0.377000000,0.656000000
16:30:26,110719,50.577712872,-123.519648598,1366.733000000,12,0.542000000,0.381000000,0.663000000
16:30:27,110719,50.577712812,-123.519648658,1366.724000000,12,0.542000000,0.381000000,0.663000000
16:30:28,110719,50.577712668,-123.519648793,1366.719000000,12,0.542000000,0.381000000,0.663000000
16:30:29,110719,50.577712555,-123.519648858,1366.714000000,12,0.542000000,0.381000000,0.663000000
16:30:30,110719,50.577712343,-123.519648963,1366.693000000,12,0.542000000,0.381000000,0.663000000
16:30:31,110719,50.577712317,-123.519648970,1366.675000000,12,0.542000000,0.381000000,0.663000000
16:30:32,110719,50.577712368,-123.519648987,1366.650000000,12,0.541000000,0.380000000,0.662000000
16:30:33,110719,50.577712395,-123.519648845,1366.631000000,12,0.541000000,0.380000000,0.662000000
16:30:34,110719,50.577712477,-123.519648602,1366.628000000,13,0.418000000,0.315000000,0.653000000
16:30:35,110719,50.577712502,-123.519648583,1366.621000000,13,0.418000000,0.315000000,0.653000000
16:30:36,110719,50.577712555,-123.519648605,1366.617000000,13,0.418000000,0.315000000,0.653000000
16:30:37,110719,50.577712475,-123.519648778,1366.634000000,13,0.411000000,0.310000000,0.643000000
16:30:38,110719,50.577712353,-123.519649070,1366.657000000,13,0.411000000,0.310000000,0.643000000
16:30:39,110719,50.577712302,-123.519649230,1366.677000000,13,0.411000000,0.310000000,0.643000000
16:30:40,110719,50.577712245,-123.519649358,1366.693000000,13,0.401000000,0.302000000,0.626000000
16:30:41,110719,50.577712102,-123.519649523,1366.705000000,13,0.401000000,0.302000000,0.626000000
16:30:42,110719,50.577712022,-123.519649692,1366.723000000,13,0.401000000,0.302000000,0.626000000
16:30:43,110719,50.577711967,-123.519649792,1366.740000000,13,0.393000000,0.296000000,0.614000000
16:30:44,110719,50.577711975,-123.519649812,1366.751000000,13,0.393000000,0.296000000,0.614000000
16:30:45,110719,50.577712013,-123.519649873,1366.759000000,13,0.393000000,0.296000000,0.614000000
16:30:46,110719,50.577712023,-123.519649940,1366.759000000,13,0.385000000,0.291000000,0.602000000
16:30:47,110719,50.577711985,-123.519650073,1366.762000000,13,0.385000000,0.291000000,0.602000000
16:30:48,110719,50.577711952,-123.519650190,1366.766000000,13,0.385000000,0.291000000,0.602000000
16:30:49,110719,50.577711882,-123.519650290,1366.768000000,13,0.378000000,0.285000000,0.591000000
16:30:50,110719,50.577711890,-123.519650318,1366.772000000,13,0.378000000,0.285000000,0.591000000
16:30:51,110719,50.577711917,-123.519650337,1366.776000000,13,0.378000000,0.285000000,0.591000000
16:30:52,110719,50.577711980,-123.519650310,1366.775000000,13,0.372000000,0.281000000,0.582000000
16:30:53,110719,50.577712025,-123.519650317,1366.791000000,13,0.372000000,0.281000000,0.582000000
16:30:54,110719,50.577712087,-123.519650338,1366.804000000,13,0.372000000,0.281000000,0.582000000
16:30:55,110719,50.577712123,-123.519650385,1366.813000000,13,0.364000000,0.275000000,0.570000000
16:30:56,110719,50.577712142,-123.519650463,1366.827000000,13,0.364000000,0.275000000,0.570000000
16:30:57,110719,50.577712110,-123.519650513,1366.836000000,13,0.364000000,0.275000000,0.570000000
16:30:58,110719,50.577712132,-123.519650458,1366.829000000,13,0.356000000,0.269000000,0.558000000
16:30:59,110719,50.577712160,-123.519650470,1366.833000000,13,0.356000000,0.269000000,0.558000000
16:31:00,110719,50.577712147,-123.519650493,1366.838000000,13,0.356000000,0.269000000,0.558000000
16:31:01,110719,50.577712130,-123.519650582,1366.837000000,13,0.354000000,0.267000000,0.554000000
16:31:02,110719,50.577712128,-123.519650582,1366.838000000,13,0.354000000,0.267000000,0.554000000
16:31:03,110719,50.577712158,-123.519650530,1366.827000000,13,0.354000000,0.267000000,0.554000000
16:31:04,110719,50.577712160,-123.519650478,1366.812000000,13,0.352000000,0.266000000,0.551000000
16:31:05,110719,50.577712217,-123.519650485,1366.807000000,13,0.352000000,0.266000000,0.551000000
16:31:06,110719,50.577712298,-123.519650478,1366.805000000,13,0.352000000,0.266000000,0.551000000
16:31:07,110719,50.577712348,-123.519650427,1366.811000000,13,0.350000000,0.265000000,0.548000000
16:31:08,110719,50.577712422,-123.519650383,1366.811000000,13,0.350000000,0.265000000,0.548000000
16:31:09,110719,50.577712448,-123.519650398,1366.803000000,13,0.350000000,0.265000000,0.548000000
16:31:10,110719,50.577712482,-123.519650383,1366.796000000,13,0.344000000,0.260000000,0.538000000
16:31:11,110719,50.577712477,-123.519650370,1366.794000000,13,0.344000000,0.260000000,0.538000000
16:31:12,110719,50.577712473,-123.519650355,1366.798000000,13,0.344000000,0.260000000,0.538000000
16:31:13,110719,50.577712433,-123.519650360,1366.808000000,13,0.340000000,0.257000000,0.533000000
16:31:14,110719,50.577712380,-123.519650363,1366.807000000,13,0.340000000,0.257000000,0.533000000
16:31:15,110719,50.577712370,-123.519650283,1366.804000000,13,0.340000000,0.257000000,0.533000000
16:31:16,110719,50.577712388,-123.519650218,1366.805000000,13,0.341000000,0.258000000,0.534000000
16:31:17,110719,50.577712415,-123.519650177,1366.812000000,13,0.341000000,0.258000000,0.534000000
16:31:18,110719,50.577712453,-123.519649977,1366.794000000,13,0.341000000,0.258000000,0.534000000
16:31:19,110719,50.577712392,-123.519649733,1366.774000000,13,0.343000000,0.260000000,0.538000000
16:31:20,110719,50.577712297,-123.519649598,1366.757000000,13,0.343000000,0.260000000,0.538000000
16:31:21,110719,50.577712230,-123.519649535,1366.737000000,13,0.343000000,0.260000000,0.538000000
16:31:22,110719,50.577712168,-123.519649365,1366.744000000,12,0.469000000,0.329000000,0.573000000
16:31:23,110719,50.577712148,-123.519649233,1366.769000000,12,0.469000000,0.329000000,0.573000000
16:31:24,110719,50.577712135,-123.519649145,1366.782000000,12,0.469000000,0.329000000,0.573000000
16:31:25,110719,50.577712102,-123.519649087,1366.795000000,13,0.380000000,0.289000000,0.630000000
16:31:26,110719,50.577712025,-123.519649057,1366.796000000,13,0.380000000,0.289000000,0.630000000
16:31:27,110719,50.577711855,-123.519649097,1366.794000000,12,0.539000000,0.378000000,0.657000000
16:31:28,110719,50.577711750,-123.519648975,1366.773000000,13,0.394000000,0.300000000,0.653000000
16:31:29,110719,50.577711617,-123.519648877,1366.733000000,13,0.394000000,0.300000000,0.653000000
16:31:30,110719,50.577711492,-123.519648832,1366.704000000,13,0.394000000,0.300000000,0.653000000
16:31:31,110719,50.577711407,-123.519648822,1366.681000000,12,0.565000000,0.396000000,0.688000000
16:31:32,110719,50.577711363,-123.519648817,1366.672000000,13,0.410000000,0.312000000,0.680000000
16:31:33,110719,50.577711393,-123.519648795,1366.664000000,13,0.410000000,0.312000000,0.680000000
16:31:34,110719,50.577711407,-123.519648773,1366.656000000,12,0.572000000,0.402000000,0.698000000
16:31:35,110719,50.577711395,-123.519648765,1366.661000000,13,0.414000000,0.315000000,0.687000000
16:31:36,110719,50.577711405,-123.519648722,1366.665000000,12,0.578000000,0.406000000,0.705000000
16:31:37,110719,50.577711398,-123.519648738,1366.667000000,13,0.451000000,0.342000000,0.707000000
16:31:38,110719,50.577711363,-123.519648765,1366.682000000,13,0.451000000,0.342000000,0.708000000
16:31:39,110719,50.577711317,-123.519648718,1366.719000000,12,0.586000000,0.411000000,0.714000000
16:31:40,110719,50.577711502,-123.519648475,1366.716000000,13,0.459000000,0.347000000,0.719000000
16:31:41,110719,50.577711547,-123.519648497,1366.725000000,13,0.459000000,0.347000000,0.719000000
16:31:42,110719,50.577711545,-123.519648528,1366.735000000,13,0.459000000,0.347000000,0.719000000
16:31:43,110719,50.577711527,-123.519648572,1366.751000000,13,0.438000000,0.332000000,0.687000000
16:31:44,110719,50.577711537,-123.519648555,1366.760000000,13,0.438000000,0.332000000,0.687000000
16:31:45,110719,50.577711540,-123.519648592,1366.763000000,13,0.438000000,0.332000000,0.687000000
16:31:46,110719,50.577711533,-123.519648580,1366.766000000,13,0.424000000,0.321000000,0.664000000
16:31:47,110719,50.577711457,-123.519648633,1366.771000000,13,0.424000000,0.321000000,0.664000000
16:31:48,110719,50.577711432,-123.519648745,1366.774000000,13,0.424000000,0.321000000,0.664000000
16:31:49,110719,50.577711370,-123.519648918,1366.772000000,13,0.417000000,0.316000000,0.655000000
16:31:50,110719,50.577711225,-123.519648970,1366.769000000,13,0.417000000,0.316000000,0.655000000
16:31:51,110719,50.577711242,-123.519648875,1366.742000000,13,0.417000000,0.316000000,0.655000000
16:31:52,110719,50.577711320,-123.519648780,1366.712000000,13,0.417000000,0.315000000,0.653000000
16:31:53,110719,50.577711405,-123.519648635,1366.693000000,13,0.417000000,0.315000000,0.653000000
16:31:54,110719,50.577711445,-123.519648365,1366.675000000,13,0.417000000,0.315000000,0.653000000
16:31:55,110719,50.577711612,-123.519648042,1366.635000000,13,0.420000000,0.318000000,0.659000000
16:31:56,110719,50.577711662,-123.519647903,1366.607000000,13,0.420000000,0.318000000,0.659000000
16:31:57,110719,50.577711678,-123.519647947,1366.615000000,13,0.420000000,0.318000000,0.659000000
16:31:58,110719,50.577711778,-123.519647907,1366.613000000,13,0.433000000,0.328000000,0.679000000
16:31:59,110719,50.577711847,-123.519647942,1366.610000000,13,0.433000000,0.328000000,0.679000000
16:32:00,110719,50.577711887,-123.519647972,1366.611000000,13,0.433000000,0.328000000,0.679000000
16:32:01,110719,50.577711822,-123.519648033,1366.626000000,13,0.433000000,0.328000000,0.680000000
16:32:02,110719,50.577711897,-123.519647938,1366.622000000,13,0.433000000,0.328000000,0.680000000
16:32:03,110719,50.577712012,-123.519647597,1366.613000000,13,0.433000000,0.328000000,0.680000000
16:32:04,110719,50.577711965,-123.519647483,1366.615000000,13,0.434000000,0.329000000,0.681000000
16:32:05,110719,50.577711818,-123.519647407,1366.617000000,13,0.434000000,0.329000000,0.681000000
16:32:06,110719,50.577711713,-123.519647315,1366.617000000,13,0.434000000,0.329000000,0.681000000
16:32:07,110719,50.577711625,-123.519647227,1366.629000000,13,0.444000000,0.336000000,0.696000000
16:32:08,110719,50.577711565,-123.519647152,1366.640000000,13,0.444000000,0.336000000,0.696000000
16:32:09,110719,50.577711630,-123.519646970,1366.635000000,13,0.444000000,0.336000000,0.696000000
16:32:10,110719,50.577711807,-123.519646738,1366.615000000,13,0.453000000,0.344000000,0.712000000
16:32:11,110719,50.577711955,-123.519646543,1366.603000000,13,0.453000000,0.344000000,0.712000000
16:32:12,110719,50.577712155,-123.519646253,1366.587000000,13,0.453000000,0.344000000,0.712000000
16:32:13,110719,50.577712298,-123.519645995,1366.581000000,13,0.453000000,0.343000000,0.711000000
16:32:14,110719,50.577712297,-123.519645937,1366.575000000,13,0.453000000,0.343000000,0.711000000
16:32:15,110719,50.577712273,-123.519646182,1366.557000000,13,0.453000000,0.343000000,0.711000000
16:32:16,110719,50.577712177,-123.519646387,1366.560000000,13,0.453000000,0.344000000,0.712000000
16:32:17,110719,50.577712127,-123.519646642,1366.570000000,13,0.453000000,0.344000000,0.712000000
16:32:18,110719,50.577712030,-123.519646838,1366.592000000,13,0.453000000,0.344000000,0.712000000
16:32:19,110719,50.577711972,-123.519646977,1366.602000000,13,0.450000000,0.341000000,0.707000000
16:32:20,110719,50.577711793,-123.519647002,1366.619000000,13,0.450000000,0.341000000,0.707000000
16:32:21,110719,50.577711758,-123.519646652,1366.612000000,13,0.450000000,0.341000000,0.707000000
16:32:22,110719,50.577711717,-123.519646292,1366.611000000,13,0.455000000,0.345000000,0.715000000
16:32:23,110719,50.577711738,-123.519646315,1366.620000000,13,0.455000000,0.345000000,0.715000000
16:32:24,110719,50.577711785,-123.519646413,1366.638000000,13,0.455000000,0.345000000,0.715000000
16:32:25,110719,50.577711700,-123.519646253,1366.687000000,13,0.467000000,0.355000000,0.734000000
16:32:26,110719,50.577711740,-123.519645952,1366.720000000,13,0.467000000,0.355000000,0.734000000
16:32:27,110719,50.577711640,-123.519646193,1366.742000000,13,0.467000000,0.355000000,0.734000000
16:32:28,110719,50.577711750,-123.519646632,1366.718000000,13,0.479000000,0.363000000,0.752000000
16:32:29,110719,50.577711733,-123.519647132,1366.729000000,13,0.479000000,0.363000000,0.752000000
16:32:30,110719,50.577711650,-123.519647508,1366.737000000,13,0.479000000,0.363000000,0.752000000
16:32:31,110719,50.577711658,-123.519647798,1366.741000000,13,0.457000000,0.346000000,0.718000000
16:32:32,110719,50.577711658,-123.519648083,1366.749000000,13,0.457000000,0.346000000,0.718000000
16:32:33,110719,50.577711632,-123.519648417,1366.761000000,13,0.457000000,0.346000000,0.718000000
16:32:34,110719,50.577711597,-123.519648702,1366.772000000,13,0.431000000,0.327000000,0.678000000
16:32:35,110719,50.577711613,-123.519648907,1366.784000000,13,0.431000000,0.327000000,0.678000000
16:32:36,110719,50.577711648,-123.519649118,1366.798000000,13,0.431000000,0.327000000,0.678000000
16:32:37,110719,50.577711687,-123.519649188,1366.793000000,13,0.404000000,0.307000000,0.636000000
16:32:38,110719,50.577711722,-123.519649217,1366.794000000,13,0.404000000,0.307000000,0.636000000
16:32:39,110719,50.577711817,-123.519649273,1366.800000000,13,0.404000000,0.307000000,0.636000000
16:32:40,110719,50.577711903,-123.519649225,1366.798000000,13,0.380000000,0.288000000,0.597000000
16:32:41,110719,50.577712185,-123.519648640,1366.735000000,13,0.380000000,0.288000000,0.597000000
16:32:42,110719,50.577712407,-123.519648263,1366.689000000,13,0.380000000,0.288000000,0.597000000
16:32:43,110719,50.577712587,-123.519648035,1366.656000000,14,0.371000000,0.282000000,0.584000000
16:32:44,110719,50.577712668,-123.519647803,1366.636000000,14,0.296000000,0.241000000,0.568000000
16:32:45,110719,50.577712632,-123.519647877,1366.639000000,14,0.296000000,0.241000000,0.568000000
16:32:46,110719,50.577712675,-123.519647768,1366.628000000,14,0.296000000,0.241000000,0.568000000
16:32:47,110719,50.577712787,-123.519647607,1366.618000000,14,0.296000000,0.242000000,0.570000000
16:32:48,110719,50.577712873,-123.519647452,1366.601000000,14,0.296000000,0.242000000,0.570000000
16:32:49,110719,50.577712848,-123.519647427,1366.600000000,14,0.296000000,0.242000000,0.570000000
16:32:50,110719,50.577712750,-123.519647552,1366.616000000,14,0.296000000,0.242000000,0.569000000
16:32:51,110719,50.577712668,-123.519647733,1366.634000000,14,0.296000000,0.242000000,0.569000000
16:32:52,110719,50.577712610,-123.519647938,1366.655000000,14,0.296000000,0.242000000,0.569000000
16:32:53,110719,50.577712552,-123.519648058,1366.671000000,14,0.292000000,0.239000000,0.563000000
16:32:54,110719,50.577712448,-123.519648137,1366.687000000,14,0.292000000,0.239000000,0.563000000
16:32:55,110719,50.577712335,-123.519648290,1366.699000000,14,0.292000000,0.239000000,0.563000000
16:32:56,110719,50.577712312,-123.519648335,1366.719000000,14,0.286000000,0.234000000,0.551000000
16:32:57,110719,50.577712273,-123.519648207,1366.707000000,14,0.286000000,0.234000000,0.551000000
16:32:58,110719,50.577712333,-123.519648080,1366.697000000,14,0.286000000,0.234000000,0.551000000
16:32:59,110719,50.577712405,-123.519647933,1366.678000000,14,0.288000000,0.235000000,0.555000000
16:33:00,110719,50.577712502,-123.519647747,1366.663000000,14,0.288000000,0.235000000,0.555000000
16:33:01,110719,50.577712515,-123.519647687,1366.654000000,14,0.288000000,0.235000000,0.555000000
16:33:02,110719,50.577712432,-123.519647700,1366.660000000,14,0.291000000,0.238000000,0.560000000
16:33:03,110719,50.577712495,-123.519647620,1366.658000000,14,0.291000000,0.238000000,0.560000000
16:33:04,110719,50.577712522,-123.519647542,1366.656000000,14,0.291000000,0.238000000,0.560000000
16:33:05,110719,50.577712402,-123.519647758,1366.677000000,14,0.291000000,0.238000000,0.561000000
16:33:06,110719,50.577712303,-123.519647895,1366.694000000,14,0.291000000,0.238000000,0.561000000
16:33:07,110719,50.577712303,-123.519647730,1366.691000000,14,0.291000000,0.238000000,0.561000000
16:33:08,110719,50.577712290,-123.519647577,1366.673000000,14,0.290000000,0.237000000,0.559000000
16:33:09,110719,50.577712102,-123.519647723,1366.700000000,13,0.345000000,0.261000000,0.572000000
16:33:10,110719,50.577711930,-123.519647815,1366.709000000,13,0.345000000,0.261000000,0.572000000
16:33:11,110719,50.577712075,-123.519647447,1366.681000000,13,0.345000000,0.261000000,0.572000000
16:33:12,110719,50.577712225,-123.519647108,1366.651000000,13,0.361000000,0.273000000,0.598000000
16:33:13,110719,50.577712433,-123.519646958,1366.643000000,13,0.361000000,0.273000000,0.598000000
16:33:14,110719,50.577712398,-123.519647022,1366.645000000,13,0.361000000,0.273000000,0.598000000
16:33:15,110719,50.577712255,-123.519647215,1366.652000000,13,0.369000000,0.279000000,0.611000000
16:33:16,110719,50.577712158,-123.519647338,1366.661000000,14,0.313000000,0.256000000,0.603000000
16:33:17,110719,50.577712148,-123.519647468,1366.668000000,14,0.313000000,0.256000000,0.603000000
16:33:18,110719,50.577712068,-123.519647477,1366.670000000,14,0.313000000,0.256000000,0.603000000
16:33:19,110719,50.577711902,-123.519647583,1366.683000000,12,0.369000000,0.279000000,0.612000000
16:33:20,110719,50.577711898,-123.519647572,1366.680000000,13,0.399000000,0.304000000,0.629000000
16:33:21,110719,50.577711903,-123.519647550,1366.681000000,13,0.399000000,0.304000000,0.629000000
16:33:22,110719,50.577711905,-123.519647498,1366.681000000,12,0.525000000,0.368000000,0.637000000
16:33:23,110719,50.577711883,-123.519647452,1366.680000000,13,0.406000000,0.309000000,0.640000000
16:33:24,110719,50.577711883,-123.519647403,1366.677000000,12,0.406000000,0.309000000,0.640000000
16:33:25,110719,50.577711893,-123.519647382,1366.681000000,13,0.532000000,0.372000000,0.646000000
16:33:26,110719,50.577711927,-123.519647343,1366.684000000,13,0.410000000,0.312000000,0.646000000
16:33:27,110719,50.577711995,-123.519647292,1366.684000000,12,0.535000000,0.374000000,0.649000000
16:33:28,110719,50.577712053,-123.519647195,1366.682000000,13,0.410000000,0.313000000,0.647000000
16:33:29,110719,50.577712092,-123.519647133,1366.676000000,13,0.410000000,0.313000000,0.647000000
16:33:30,110719,50.577712108,-123.519647080,1366.675000000,12,0.535000000,0.374000000,0.649000000
16:33:31,110719,50.577712115,-123.519647038,1366.685000000,13,0.411000000,0.313000000,0.648000000
16:33:32,110719,50.577712015,-123.519647162,1366.696000000,12,0.538000000,0.377000000,0.653000000
16:33:33,110719,50.577711847,-123.519647305,1366.711000000,12,0.538000000,0.377000000,0.653000000
16:33:34,110719,50.577711722,-123.519647388,1366.716000000,13,0.416000000,0.317000000,0.655000000
16:33:35,110719,50.577711660,-123.519647502,1366.719000000,13,0.416000000,0.317000000,0.655000000
16:33:36,110719,50.577711673,-123.519647578,1366.726000000,12,0.544000000,0.381000000,0.660000000
16:33:37,110719,50.577711703,-123.519647663,1366.741000000,13,0.416000000,0.317000000,0.657000000
16:33:38,110719,50.577711733,-123.519647797,1366.753000000,13,0.416000000,0.317000000,0.657000000
16:33:39,110719,50.577711797,-123.519647813,1366.762000000,13,0.416000000,0.317000000,0.657000000
16:33:40,110719,50.577711863,-123.519647843,1366.761000000,13,0.401000000,0.306000000,0.633000000
16:33:41,110719,50.577711925,-123.519647785,1366.755000000,13,0.401000000,0.306000000,0.633000000
16:33:42,110719,50.577711962,-123.519647705,1366.759000000,13,0.401000000,0.306000000,0.633000000
16:33:43,110719,50.577711972,-123.519647638,1366.760000000,13,0.393000000,0.299000000,0.619000000
16:33:44,110719,50.577712058,-123.519647468,1366.752000000,13,0.393000000,0.299000000,0.619000000
16:33:45,110719,50.577712188,-123.519647315,1366.739000000,13,0.393000000,0.299000000,0.619000000
16:33:46,110719,50.577712287,-123.519647248,1366.738000000,13,0.397000000,0.302000000,0.626000000
16:33:47,110719,50.577712378,-123.519647207,1366.737000000,13,0.397000000,0.302000000,0.626000000
16:33:48,110719,50.577712450,-123.519647200,1366.734000000,13,0.397000000,0.302000000,0.626000000
16:33:49,110719,50.577712535,-123.519647058,1366.726000000,13,0.394000000,0.300000000,0.621000000
16:33:50,110719,50.577712538,-123.519647128,1366.737000000,13,0.394000000,0.300000000,0.621000000
16:33:51,110719,50.577712548,-123.519647115,1366.728000000,13,0.394000000,0.300000000,0.621000000
16:33:52,110719,50.577712502,-123.519647190,1366.734000000,13,0.387000000,0.295000000,0.611000000
16:33:53,110719,50.577712453,-123.519647208,1366.727000000,13,0.387000000,0.295000000,0.611000000
16:33:54,110719,50.577712393,-123.519647225,1366.720000000,13,0.387000000,0.295000000,0.611000000
16:33:55,110719,50.577712342,-123.519647362,1366.735000000,13,0.386000000,0.294000000,0.609000000
16:33:56,110719,50.577712195,-123.519647462,1366.745000000,13,0.386000000,0.294000000,0.609000000
16:33:57,110719,50.577712110,-123.519647520,1366.749000000,13,0.386000000,0.294000000,0.609000000
16:33:58,110719,50.577711965,-123.519647652,1366.761000000,14,0.390000000,0.297000000,0.615000000
16:33:59,110719,50.577711862,-123.519647752,1366.769000000,14,0.312000000,0.255000000,0.601000000
16:34:00,110719,50.577711777,-123.519647928,1366.788000000,14,0.312000000,0.255000000,0.601000000
16:34:01,110719,50.577711562,-123.519648255,1366.826000000,14,0.312000000,0.255000000,0.601000000
16:34:02,110719,50.577711325,-123.519648480,1366.832000000,13,0.369000000,0.279000000,0.612000000
16:34:03,110719,50.577711208,-123.519648525,1366.847000000,13,0.369000000,0.279000000,0.612000000
16:34:04,110719,50.577711092,-123.519648587,1366.831000000,13,0.369000000,0.279000000,0.612000000
16:34:05,110719,50.577710938,-123.519648627,1366.828000000,13,0.366000000,0.276000000,0.607000000
16:34:06,110719,50.577710883,-123.519648657,1366.828000000,14,0.312000000,0.255000000,0.602000000
16:34:07,110719,50.577710872,-123.519648668,1366.831000000,14,0.312000000,0.255000000,0.602000000
16:34:08,110719,50.577710895,-123.519648677,1366.841000000,14,0.312000000,0.255000000,0.602000000
16:34:09,110719,50.577710897,-123.519648698,1366.848000000,14,0.316000000,0.258000000,0.610000000
16:34:10,110719,50.577710853,-123.519648707,1366.856000000,14,0.316000000,0.258000000,0.610000000
16:34:11,110719,50.577710780,-123.519648765,1366.861000000,14,0.316000000,0.258000000,0.610000000
16:34:12,110719,50.577710690,-123.519648838,1366.878000000,14,0.317000000,0.259000000,0.613000000
16:34:13,110719,50.577710563,-123.519648977,1366.884000000,13,0.399000000,0.304000000,0.630000000
16:34:14,110719,50.577710540,-123.519649133,1366.898000000,13,0.399000000,0.304000000,0.630000000
16:34:15,110719,50.577710537,-123.519649150,1366.912000000,13,0.399000000,0.304000000,0.630000000
16:34:16,110719,50.577710563,-123.519649207,1366.932000000,13,0.393000000,0.300000000,0.621000000
16:34:17,110719,50.577710635,-123.519649250,1366.944000000,13,0.393000000,0.300000000,0.621000000
16:34:18,110719,50.577710717,-123.519649225,1366.946000000,13,0.393000000,0.300000000,0.621000000
16:34:19,110719,50.577710767,-123.519649212,1366.940000000,13,0.382000000,0.292000000,0.603000000
16:34:20,110719,50.577710762,-123.519649228,1366.933000000,13,0.382000000,0.292000000,0.603000000
16:34:21,110719,50.577710632,-123.519649255,1366.927000000,13,0.382000000,0.292000000,0.603000000
16:34:22,110719,50.577710597,-123.519649257,1366.922000000,13,0.377000000,0.288000000,0.597000000
16:34:23,110719,50.577710628,-123.519649150,1366.915000000,13,0.377000000,0.288000000,0.597000000
16:34:24,110719,50.577710705,-123.519649042,1366.907000000,13,0.377000000,0.288000000,0.597000000
16:34:25,110719,50.577710747,-123.519648933,1366.899000000,13,0.380000000,0.290000000,0.601000000
16:34:26,110719,50.577710733,-123.519648858,1366.886000000,13,0.380000000,0.290000000,0.601000000
16:34:27,110719,50.577710668,-123.519648810,1366.886000000,13,0.380000000,0.290000000,0.601000000
16:34:28,110719,50.577710555,-123.519648842,1366.884000000,13,0.381000000,0.291000000,0.602000000
16:34:29,110719,50.577710463,-123.519648877,1366.880000000,13,0.381000000,0.291000000,0.602000000
16:34:30,110719,50.577710305,-123.519648827,1366.872000000,13,0.381000000,0.291000000,0.602000000
16:34:31,110719,50.577710155,-123.519648898,1366.868000000,13,0.388000000,0.297000000,0.614000000
16:34:32,110719,50.577710113,-123.519648847,1366.860000000,13,0.388000000,0.297000000,0.614000000
16:34:33,110719,50.577710068,-123.519648830,1366.863000000,13,0.388000000,0.297000000,0.614000000
16:34:34,110719,50.577710095,-123.519648832,1366.865000000,13,0.401000000,0.307000000,0.635000000
16:34:35,110719,50.577710098,-123.519648840,1366.869000000,14,0.323000000,0.264000000,0.624000000
16:34:36,110719,50.577710140,-123.519648903,1366.868000000,14,0.323000000,0.264000000,0.624000000
16:34:37,110719,50.577710165,-123.519648947,1366.876000000,14,0.323000000,0.264000000,0.624000000
16:34:38,110719,50.577710233,-123.519649013,1366.881000000,14,0.322000000,0.263000000,0.622000000
16:34:39,110719,50.577710388,-123.519648953,1366.883000000,14,0.322000000,0.263000000,0.622000000
16:34:40,110719,50.577710508,-123.519648918,1366.883000000,14,0.322000000,0.263000000,0.622000000
16:34:41,110719,50.577710647,-123.519648947,1366.885000000,13,0.399000000,0.305000000,0.631000000
16:34:42,110719,50.577710742,-123.519649007,1366.889000000,14,0.316000000,0.258000000,0.611000000
16:34:43,110719,50.577710795,-123.519649012,1366.892000000,14,0.316000000,0.258000000,0.611000000
16:34:44,110719,50.577710792,-123.519649135,1366.895000000,14,0.316000000,0.258000000,0.611000000
16:34:45,110719,50.577710697,-123.519649227,1366.898000000,14,0.311000000,0.254000000,0.602000000
16:34:46,110719,50.577710645,-123.519649290,1366.886000000,14,0.311000000,0.254000000,0.602000000
16:34:47,110719,50.577710643,-123.519649238,1366.877000000,14,0.311000000,0.254000000,0.602000000
16:34:48,110719,50.577710572,-123.519649220,1366.870000000,14,0.310000000,0.253000000,0.599000000
16:34:49,110719,50.577710475,-123.519649222,1366.873000000,14,0.310000000,0.253000000,0.599000000
16:34:50,110719,50.577710547,-123.519649215,1366.858000000,14,0.310000000,0.253000000,0.599000000
16:34:51,110719,50.577710602,-123.519649033,1366.840000000,14,0.311000000,0.254000000,0.601000000
16:34:52,110719,50.577710602,-123.519649253,1366.864000000,13,0.368000000,0.277000000,0.610000000
16:34:53,110719,50.577710613,-123.519649532,1366.884000000,13,0.368000000,0.277000000,0.610000000
16:34:54,110719,50.577710548,-123.519649763,1366.900000000,13,0.368000000,0.277000000,0.610000000
16:34:55,110719,50.577710570,-123.519649857,1366.915000000,13,0.352000000,0.265000000,0.583000000
16:34:56,110719,50.577710670,-123.519649852,1366.920000000,13,0.352000000,0.265000000,0.583000000
16:34:57,110719,50.577710900,-123.519649568,1366.909000000,13,0.352000000,0.265000000,0.583000000
16:34:58,110719,50.577711233,-123.519649330,1366.895000000,13,0.341000000,0.256000000,0.564000000
16:34:59,110719,50.577711480,-123.519649083,1366.893000000,13,0.341000000,0.256000000,0.564000000
16:35:00,110719,50.577711637,-123.519649013,1366.889000000,13,0.341000000,0.256000000,0.564000000
16:35:01,110719,50.577711635,-123.519648923,1366.885000000,13,0.327000000,0.246000000,0.541000000
16:35:02,110719,50.577711572,-123.519648923,1366.897000000,13,0.327000000,0.246000000,0.541000000
16:35:03,110719,50.577711600,-123.519648852,1366.884000000,13,0.327000000,0.246000000,0.541000000
16:35:04,110719,50.577711723,-123.519648670,1366.869000000,14,0.272000000,0.223000000,0.526000000
16:35:05,110719,50.577711708,-123.519648578,1366.857000000,14,0.272000000,0.223000000,0.526000000
16:35:06,110719,50.577711638,-123.519648455,1366.838000000,13,0.324000000,0.244000000,0.536000000
16:35:07,110719,50.577711603,-123.519648317,1366.818000000,14,0.277000000,0.227000000,0.536000000
16:35:08,110719,50.577711618,-123.519648322,1366.820000000,13,0.335000000,0.252000000,0.555000000
16:35:09,110719,50.577711583,-123.519648372,1366.840000000,14,0.284000000,0.233000000,0.550000000
16:35:10,110719,50.577711598,-123.519648273,1366.829000000,14,0.284000000,0.233000000,0.550000000
16:35:11,110719,50.577711713,-123.519648122,1366.825000000,13,0.339000000,0.255000000,0.561000000
16:35:12,110719,50.577711745,-123.519648093,1366.819000000,14,0.286000000,0.234000000,0.553000000
16:35:13,110719,50.577711682,-123.519647997,1366.809000000,14,0.286000000,0.234000000,0.553000000
16:35:14,110719,50.577711628,-123.519647930,1366.795000000,14,0.286000000,0.234000000,0.553000000
16:35:15,110719,50.577711533,-123.519647920,1366.785000000,14,0.289000000,0.237000000,0.560000000
16:35:16,110719,50.577711338,-123.519648263,1366.824000000,14,0.289000000,0.237000000,0.560000000
16:35:17,110719,50.577711168,-123.519648132,1366.841000000,14,0.289000000,0.237000000,0.560000000
16:35:18,110719,50.577711075,-123.519648073,1366.874000000,14,0.293000000,0.240000000,0.568000000
16:35:19,110719,50.577710988,-123.519647820,1366.891000000,14,0.293000000,0.240000000,0.568000000
16:35:20,110719,50.577710832,-123.519647598,1366.881000000,14,0.293000000,0.240000000,0.568000000
16:35:21,110719,50.577710698,-123.519647695,1366.885000000,14,0.308000000,0.252000000,0.596000000
16:35:22,110719,50.577710732,-123.519648057,1366.916000000,14,0.308000000,0.252000000,0.596000000
16:35:23,110719,50.577710733,-123.519648237,1366.954000000,14,0.308000000,0.252000000,0.596000000
16:35:24,110719,50.577710642,-123.519648417,1366.961000000,14,0.313000000,0.256000000,0.606000000
16:35:25,110719,50.577710673,-123.519648633,1366.964000000,14,0.313000000,0.256000000,0.606000000
16:35:26,110719,50.577710743,-123.519648812,1366.965000000,14,0.313000000,0.256000000,0.606000000
16:35:27,110719,50.577710803,-123.519648898,1366.967000000,14,0.302000000,0.248000000,0.586000000
16:35:28,110719,50.577710782,-123.519648900,1366.958000000,14,0.302000000,0.248000000,0.586000000
16:35:29,110719,50.577710798,-123.519648905,1366.955000000,14,0.302000000,0.248000000,0.586000000
16:35:30,110719,50.577710867,-123.519648837,1366.953000000,14,0.294000000,0.241000000,0.570000000
16:35:31,110719,50.577710970,-123.519648762,1366.970000000,14,0.294000000,0.241000000,0.570000000
16:35:32,110719,50.577710958,-123.519648862,1366.969000000,14,0.294000000,0.241000000,0.570000000
16:35:33,110719,50.577710863,-123.519648948,1366.975000000,14,0.288000000,0.236000000,0.558000000
16:35:34,110719,50.577710925,-123.519648840,1366.958000000,14,0.288000000,0.236000000,0.558000000
16:35:35,110719,50.577711042,-123.519648678,1366.935000000,14,0.288000000,0.236000000,0.558000000
16:35:36,110719,50.577711038,-123.519648682,1366.929000000,14,0.287000000,0.235000000,0.556000000
16:35:37,110719,50.577710962,-123.519648703,1366.933000000,14,0.287000000,0.235000000,0.556000000
16:35:38,110719,50.577711010,-123.519648635,1366.918000000,14,0.287000000,0.235000000,0.556000000
16:35:39,110719,50.577711087,-123.519648523,1366.916000000,14,0.286000000,0.234000000,0.555000000
16:35:40,110719,50.577711100,-123.519648548,1366.920000000,14,0.286000000,0.234000000,0.555000000
16:35:41,110719,50.577711098,-123.519648577,1366.920000000,14,0.286000000,0.234000000,0.555000000
16:35:42,110719,50.577711068,-123.519648603,1366.929000000,14,0.283000000,0.232000000,0.549000000
16:35:43,110719,50.577711082,-123.519648650,1366.941000000,14,0.283000000,0.232000000,0.549000000
16:35:44,110719,50.577711040,-123.519648705,1366.957000000,14,0.283000000,0.232000000,0.549000000
16:35:45,110719,50.577710990,-123.519648730,1366.961000000,14,0.281000000,0.230000000,0.545000000
16:35:46,110719,50.577710923,-123.519648792,1366.966000000,14,0.281000000,0.230000000,0.545000000
16:35:47,110719,50.577710897,-123.519648815,1366.963000000,14,0.281000000,0.230000000,0.545000000
16:35:48,110719,50.577710897,-123.519648777,1366.960000000,14,0.280000000,0.230000000,0.543000000
16:35:49,110719,50.577710918,-123.519648737,1366.951000000,14,0.280000000,0.230000000,0.543000000
16:35:50,110719,50.577710985,-123.519648730,1366.952000000,14,0.280000000,0.230000000,0.543000000
16:35:51,110719,50.577711070,-123.519648670,1366.946000000,14,0.279000000,0.228000000,0.540000000
16:35:52,110719,50.577711173,-123.519648528,1366.934000000,14,0.279000000,0.228000000,0.540000000
16:35:53,110719,50.577711302,-123.519648340,1366.925000000,14,0.279000000,0.228000000,0.540000000
16:35:54,110719,50.577711410,-123.519648112,1366.907000000,14,0.278000000,0.228000000,0.539000000
16:35:55,110719,50.577711445,-123.519648018,1366.909000000,14,0.278000000,0.228000000,0.539000000
16:35:56,110719,50.577711410,-123.519647935,1366.907000000,14,0.278000000,0.228000000,0.539000000
16:35:57,110719,50.577711308,-123.519647943,1366.902000000,14,0.280000000,0.229000000,0.543000000
16:35:58,110719,50.577711145,-123.519648082,1366.917000000,14,0.280000000,0.229000000,0.543000000
16:35:59,110719,50.577711028,-123.519648160,1366.923000000,14,0.280000000,0.229000000,0.543000000
16:36:00,110719,50.577710973,-123.519648278,1366.923000000,14,0.284000000,0.233000000,0.551000000
16:36:01,110719,50.577710845,-123.519648488,1366.949000000,14,0.284000000,0.233000000,0.551000000
16:36:02,110719,50.577710775,-123.519648660,1366.957000000,14,0.284000000,0.233000000,0.551000000
16:36:03,110719,50.577710797,-123.519648738,1366.971000000,14,0.281000000,0.230000000,0.545000000
16:36:04,110719,50.577710837,-123.519648833,1366.978000000,14,0.281000000,0.230000000,0.545000000
16:36:05,110719,50.577710877,-123.519648837,1366.986000000,14,0.281000000,0.230000000,0.545000000
16:36:06,110719,50.577710962,-123.519648825,1366.993000000,14,0.271000000,0.222000000,0.526000000
16:36:07,110719,50.577711060,-123.519648735,1366.995000000,14,0.271000000,0.222000000,0.526000000
16:36:08,110719,50.577711075,-123.519648682,1366.989000000,14,0.271000000,0.222000000,0.526000000
16:36:09,110719,50.577711108,-123.519648652,1366.985000000,14,0.266000000,0.218000000,0.516000000
16:36:10,110719,50.577711147,-123.519648597,1366.980000000,14,0.266000000,0.218000000,0.516000000
16:36:11,110719,50.577711225,-123.519648570,1366.977000000,14,0.266000000,0.218000000,0.516000000
16:36:12,110719,50.577711278,-123.519648522,1366.984000000,14,0.264000000,0.217000000,0.512000000
16:36:13,110719,50.577711322,-123.519648482,1366.976000000,14,0.264000000,0.217000000,0.512000000
16:36:14,110719,50.577711287,-123.519648442,1366.953000000,14,0.264000000,0.217000000,0.512000000
16:36:15,110719,50.577711215,-123.519648280,1366.924000000,14,0.263000000,0.216000000,0.511000000
16:36:16,110719,50.577711145,-123.519648197,1366.892000000,14,0.263000000,0.216000000,0.511000000
16:36:17,110719,50.577711025,-123.519648363,1366.895000000,14,0.263000000,0.216000000,0.511000000
16:36:18,110719,50.577710805,-123.519648452,1366.902000000,14,0.270000000,0.222000000,0.525000000
16:36:19,110719,50.577710572,-123.519648428,1366.903000000,14,0.270000000,0.222000000,0.525000000
16:36:20,110719,50.577710532,-123.519648390,1366.895000000,14,0.270000000,0.222000000,0.525000000
16:36:21,110719,50.577710570,-123.519648325,1366.888000000,14,0.283000000,0.232000000,0.550000000
16:36:22,110719,50.577710610,-123.519648240,1366.872000000,14,0.283000000,0.232000000,0.550000000
16:36:23,110719,50.577710588,-123.519647990,1366.840000000,14,0.283000000,0.232000000,0.550000000
16:36:24,110719,50.577710655,-123.519647668,1366.801000000,14,0.296000000,0.243000000,0.575000000
16:36:25,110719,50.577710737,-123.519647390,1366.770000000,14,0.296000000,0.243000000,0.575000000
16:36:26,110719,50.577710778,-123.519647115,1366.747000000,14,0.296000000,0.243000000,0.575000000
16:36:27,110719,50.577710855,-123.519647037,1366.741000000,14,0.318000000,0.261000000,0.618000000
16:36:28,110719,50.577710897,-123.519647065,1366.730000000,14,0.318000000,0.261000000,0.618000000
16:36:29,110719,50.577710835,-123.519647268,1366.754000000,14,0.318000000,0.261000000,0.618000000
16:36:30,110719,50.577710858,-123.519647388,1366.775000000,14,0.322000000,0.264000000,0.626000000
16:36:31,110719,50.577710832,-123.519647502,1366.796000000,14,0.322000000,0.264000000,0.626000000
16:36:32,110719,50.577710860,-123.519647588,1366.810000000,14,0.322000000,0.264000000,0.626000000
16:36:33,110719,50.577710842,-123.519647652,1366.828000000,14,0.318000000,0.261000000,0.618000000
16:36:34,110719,50.577710843,-123.519647747,1366.841000000,14,0.318000000,0.261000000,0.618000000
16:36:35,110719,50.577710810,-123.519647758,1366.847000000,14,0.318000000,0.261000000,0.618000000
16:36:36,110719,50.577710802,-123.519647757,1366.857000000,14,0.314000000,0.258000000,0.610000000
16:36:37,110719,50.577710863,-123.519647817,1366.853000000,14,0.314000000,0.258000000,0.610000000
16:36:38,110719,50.577710812,-123.519647743,1366.841000000,14,0.314000000,0.258000000,0.610000000
16:36:39,110719,50.577710742,-123.519647573,1366.814000000,14,0.309000000,0.254000000,0.601000000
16:36:40,110719,50.577710617,-123.519647537,1366.803000000,14,0.309000000,0.254000000,0.601000000
16:36:41,110719,50.577710477,-123.519647523,1366.791000000,14,0.309000000,0.254000000,0.601000000
16:36:42,110719,50.577710380,-123.519647487,1366.785000000,14,0.320000000,0.262000000,0.621000000
16:36:43,110719,50.577710355,-123.519647400,1366.776000000,14,0.320000000,0.262000000,0.621000000
16:36:44,110719,50.577710378,-123.519647185,1366.758000000,14,0.320000000,0.262000000,0.621000000
16:36:45,110719,50.577710445,-123.519646953,1366.739000000,14,0.334000000,0.275000000,0.650000000
16:36:46,110719,50.577710495,-123.519646738,1366.713000000,14,0.334000000,0.275000000,0.650000000
16:36:47,110719,50.577710508,-123.519646575,1366.700000000,14,0.334000000,0.275000000,0.650000000
16:36:48,110719,50.577710512,-123.519646420,1366.690000000,14,0.350000000,0.288000000,0.681000000
16:36:49,110719,50.577710468,-123.519646322,1366.684000000,14,0.350000000,0.288000000,0.681000000
16:36:50,110719,50.577710418,-123.519646272,1366.677000000,14,0.350000000,0.288000000,0.681000000
16:36:51,110719,50.577710387,-123.519646143,1366.667000000,14,0.359000000,0.295000000,0.699000000
16:36:52,110719,50.577710367,-123.519646198,1366.652000000,14,0.359000000,0.295000000,0.699000000
16:36:53,110719,50.577710367,-123.519646110,1366.653000000,14,0.359000000,0.295000000,0.699000000
16:36:54,110719,50.577710345,-123.519646073,1366.663000000,14,0.367000000,0.302000000,0.714000000
16:36:55,110719,50.577710270,-123.519646052,1366.680000000,14,0.367000000,0.302000000,0.714000000
16:36:56,110719,50.577710290,-123.519645890,1366.677000000,14,0.367000000,0.302000000,0.714000000
16:36:57,110719,50.577710335,-123.519645617,1366.666000000,14,0.370000000,0.304000000,0.719000000
16:36:58,110719,50.577710280,-123.519645625,1366.681000000,14,0.370000000,0.304000000,0.719000000
16:36:59,110719,50.577710333,-123.519645492,1366.683000000,14,0.370000000,0.304000000,0.719000000
16:37:00,110719,50.577710277,-123.519645520,1366.707000000,14,0.374000000,0.307000000,0.727000000
16:37:01,110719,50.577710245,-123.519645463,1366.718000000,14,0.374000000,0.307000000,0.727000000
16:37:02,110719,50.577710245,-123.519645385,1366.730000000,14,0.374000000,0.307000000,0.727000000
16:37:03,110719,50.577710327,-123.519645308,1366.744000000,14,0.375000000,0.308000000,0.730000000
16:37:04,110719,50.577710275,-123.519645668,1366.771000000,14,0.375000000,0.308000000,0.730000000
16:37:05,110719,50.577710253,-123.519645957,1366.792000000,14,0.375000000,0.308000000,0.730000000
16:37:06,110719,50.577710282,-123.519646082,1366.801000000,14,0.369000000,0.303000000,0.717000000
16:37:07,110719,50.577710322,-123.519646275,1366.808000000,14,0.369000000,0.303000000,0.717000000
16:37:08,110719,50.577710275,-123.519646508,1366.812000000,14,0.369000000,0.303000000,0.717000000
16:37:09,110719,50.577710342,-123.519646557,1366.825000000,14,0.361000000,0.297000000,0.703000000
16:37:10,110719,50.577710442,-123.519646550,1366.830000000,14,0.361000000,0.297000000,0.703000000
16:37:11,110719,50.577710507,-123.519646600,1366.837000000,14,0.361000000,0.297000000,0.703000000
16:37:12,110719,50.577710538,-123.519646775,1366.832000000,14,0.350000000,0.288000000,0.682000000
16:37:13,110719,50.577710505,-123.519646958,1366.826000000,14,0.350000000,0.288000000,0.682000000
16:37:14,110719,50.577710427,-123.519647102,1366.826000000,14,0.350000000,0.288000000,0.682000000
16:37:15,110719,50.577710230,-123.519647407,1366.820000000,14,0.343000000,0.282000000,0.669000000
16:37:16,110719,50.577710057,-123.519647612,1366.834000000,14,0.343000000,0.282000000,0.669000000
16:37:17,110719,50.577709900,-123.519647840,1366.859000000,14,0.343000000,0.282000000,0.669000000
16:37:18,110719,50.577709795,-123.519648055,1366.884000000,14,0.340000000,0.280000000,0.662000000
16:37:19,110719,50.577709780,-123.519648015,1366.889000000,14,0.340000000,0.280000000,0.662000000
16:37:20,110719,50.577709813,-123.519648100,1366.881000000,14,0.340000000,0.280000000,0.662000000
16:37:21,110719,50.577709827,-123.519648178,1366.879000000,14,0.336000000,0.276000000,0.654000000
16:37:22,110719,50.577709853,-123.519648208,1366.882000000,14,0.336000000,0.276000000,0.654000000
16:37:23,110719,50.577709895,-123.519648188,1366.877000000,14,0.336000000,0.276000000,0.654000000
16:37:24,110719,50.577709922,-123.519648233,1366.872000000,14,0.334000000,0.275000000,0.650000000
16:37:25,110719,50.577709963,-123.519648310,1366.871000000,14,0.334000000,0.275000000,0.650000000
16:37:26,110719,50.577709982,-123.519648390,1366.871000000,14,0.334000000,0.275000000,0.650000000
16:37:27,110719,50.577710018,-123.519648422,1366.867000000,14,0.329000000,0.271000000,0.640000000
16:37:28,110719,50.577710080,-123.519648447,1366.862000000,14,0.329000000,0.271000000,0.640000000
16:37:29,110719,50.577710105,-123.519648543,1366.852000000,14,0.329000000,0.271000000,0.640000000
16:37:30,110719,50.577710167,-123.519648597,1366.853000000,14,0.324000000,0.267000000,0.631000000
16:37:31,110719,50.577710212,-123.519648633,1366.846000000,14,0.324000000,0.267000000,0.631000000
16:37:32,110719,50.577710252,-123.519648642,1366.834000000,14,0.324000000,0.267000000,0.631000000
16:37:33,110719,50.577710250,-123.519648655,1366.821000000,14,0.318000000,0.262000000,0.620000000
16:37:34,110719,50.577710208,-123.519648507,1366.810000000,14,0.318000000,0.262000000,0.620000000
16:37:35,110719,50.577710162,-123.519648352,1366.798000000,14,0.318000000,0.262000000,0.620000000
16:37:36,110719,50.577710160,-123.519648252,1366.797000000,14,0.317000000,0.261000000,0.618000000
16:37:37,110719,50.577710198,-123.519648060,1366.794000000,14,0.317000000,0.261000000,0.618000000
16:37:38,110719,50.577710298,-123.519647685,1366.760000000,13,0.317000000,0.261000000,0.618000000
16:37:39,110719,50.577710408,-123.519647300,1366.735000000,13,0.384000000,0.287000000,0.635000000
16:37:40,110719,50.577710605,-123.519647177,1366.725000000,13,0.384000000,0.287000000,0.635000000
16:37:41,110719,50.577710738,-123.519647217,1366.732000000,13,0.384000000,0.287000000,0.635000000
16:37:42,110719,50.577710825,-123.519647193,1366.738000000,13,0.404000000,0.302000000,0.668000000
16:37:43,110719,50.577710843,-123.519647210,1366.752000000,14,0.334000000,0.275000000,0.651000000
16:37:44,110719,50.577710912,-123.519647333,1366.759000000,14,0.334000000,0.275000000,0.651000000
16:37:45,110719,50.577710992,-123.519647365,1366.762000000,14,0.383000000,0.253000000,0.587000000
16:37:46,110719,50.577711070,-123.519647380,1366.761000000,15,0.329000000,0.239000000,0.572000000
16:37:47,110719,50.577711113,-123.519647385,1366.753000000,15,0.329000000,0.239000000,0.572000000
16:37:48,110719,50.577711070,-123.519647347,1366.745000000,15,0.329000000,0.239000000,0.572000000
16:37:49,110719,50.577711077,-123.519647253,1366.730000000,15,0.357000000,0.258000000,0.619000000
16:37:50,110719,50.577710983,-123.519647273,1366.732000000,15,0.357000000,0.258000000,0.619000000
16:37:51,110719,50.577710930,-123.519647252,1366.726000000,15,0.357000000,0.258000000,0.619000000
16:37:52,110719,50.577710880,-123.519647235,1366.712000000,15,0.352000000,0.255000000,0.612000000
16:37:53,110719,50.577710780,-123.519647137,1366.692000000,15,0.352000000,0.255000000,0.612000000
16:37:54,110719,50.577710637,-123.519647163,1366.680000000,15,0.352000000,0.255000000,0.612000000
16:37:55,110719,50.577710560,-123.519647055,1366.672000000,15,0.359000000,0.261000000,0.624000000
16:37:56,110719,50.577710640,-123.519646983,1366.684000000,15,0.359000000,0.261000000,0.624000000
16:37:57,110719,50.577710762,-123.519646950,1366.699000000,15,0.359000000,0.261000000,0.624000000
16:37:58,110719,50.577710843,-123.519646885,1366.708000000,15,0.381000000,0.276000000,0.662000000
16:37:59,110719,50.577710937,-123.519646662,1366.700000000,15,0.381000000,0.276000000,0.662000000
16:38:00,110719,50.577711058,-123.519646540,1366.700000000,15,0.381000000,0.276000000,0.662000000
16:38:01,110719,50.577711187,-123.519646388,1366.701000000,15,0.390000000,0.283000000,0.677000000
16:38:02,110719,50.577711293,-123.519646177,1366.687000000,15,0.390000000,0.283000000,0.677000000
16:38:03,110719,50.577711330,-123.519645977,1366.682000000,15,0.390000000,0.283000000,0.677000000
16:38:04,110719,50.577711305,-123.519645913,1366.689000000,15,0.398000000,0.288000000,0.691000000
16:38:05,110719,50.577711292,-123.519645930,1366.706000000,15,0.398000000,0.288000000,0.691000000
16:38:06,110719,50.577711295,-123.519645907,1366.701000000,15,0.398000000,0.288000000,0.691000000
16:38:07,110719,50.577711397,-123.519646038,1366.708000000,15,0.405000000,0.293000000,0.702000000
16:38:08,110719,50.577711485,-123.519646210,1366.721000000,15,0.405000000,0.293000000,0.702000000
16:38:09,110719,50.577711495,-123.519646390,1366.729000000,15,0.405000000,0.293000000,0.702000000
16:38:10,110719,50.577711507,-123.519646505,1366.742000000,15,0.398000000,0.289000000,0.691000000
16:38:11,110719,50.577711322,-123.519646760,1366.762000000,15,0.398000000,0.289000000,0.691000000
16:38:12,110719,50.577711072,-123.519647370,1366.816000000,15,0.398000000,0.289000000,0.691000000
16:38:13,110719,50.577710927,-123.519647865,1366.856000000,15,0.388000000,0.281000000,0.672000000
16:38:14,110719,50.577710867,-123.519648247,1366.891000000,15,0.388000000,0.281000000,0.672000000
16:38:15,110719,50.577710772,-123.519648512,1366.916000000,15,0.388000000,0.281000000,0.672000000
16:38:16,110719,50.577710645,-123.519648705,1366.942000000,15,0.358000000,0.260000000,0.621000000
16:38:17,110719,50.577710520,-123.519648688,1366.922000000,15,0.358000000,0.260000000,0.621000000
16:38:18,110719,50.577710400,-123.519648682,1366.912000000,15,0.358000000,0.260000000,0.621000000
16:38:19,110719,50.577710323,-123.519648952,1366.942000000,15,0.343000000,0.248000000,0.594000000
16:38:20,110719,50.577710325,-123.519649207,1366.967000000,13,0.408000000,0.304000000,0.674000000
