TIME,DATE(ddMMyy),LATITUDEGGA,LONGITUDEGGA,ALTITUDEGGA,NUMBERSAT,LATERR,LONGERR,ALTERR
21:12:18,110719,50.683488938,-123.492291712,674.453000000,18,0.266000000,0.179000000,0.481000000
21:12:19,110719,50.683488768,-123.492291725,674.448000000,18,0.266000000,0.179000000,0.481000000
21:12:20,110719,50.683488822,-123.492291715,674.446000000,19,0.221000000,0.179000000,0.462000000
21:12:21,110719,50.683487865,-123.492291052,674.310000000,19,0.221000000,0.179000000,0.462000000
21:12:22,110719,50.683487342,-123.492290528,674.192000000,19,0.221000000,0.179000000,0.462000000
21:12:23,110719,50.683488037,-123.492290758,674.252000000,20,0.223000000,0.196000000,0.504000000
21:12:24,110719,50.683488830,-123.492291105,674.343000000,20,0.223000000,0.196000000,0.504000000
21:12:25,110719,50.683489472,-123.492291402,674.419000000,20,0.223000000,0.196000000,0.504000000
21:12:26,110719,50.683490125,-123.492291733,674.502000000,20,0.219000000,0.192000000,0.495000000
21:12:27,110719,50.683490712,-123.492292028,674.584000000,20,0.219000000,0.192000000,0.495000000
21:12:28,110719,50.683491235,-123.492292305,674.641000000,20,0.219000000,0.192000000,0.495000000
21:12:29,110719,50.683491400,-123.492292307,674.640000000,20,0.219000000,0.192000000,0.495000000
21:12:30,110719,50.683491207,-123.492292253,674.615000000,20,0.219000000,0.192000000,0.495000000
21:12:31,110719,50.683491190,-123.492292267,674.632000000,20,0.219000000,0.193000000,0.496000000
21:12:32,110719,50.683491212,-123.492292248,674.634000000,20,0.219000000,0.193000000,0.496000000
21:12:33,110719,50.683491070,-123.492292233,674.632000000,20,0.220000000,0.193000000,0.498000000
21:12:34,110719,50.683491135,-123.492292163,674.622000000,20,0.220000000,0.193000000,0.498000000
21:12:35,110719,50.683491350,-123.492292132,674.609000000,20,0.220000000,0.193000000,0.498000000
21:12:36,110719,50.683491520,-123.492292060,674.587000000,20,0.231000000,0.203000000,0.523000000
21:12:37,110719,50.683491648,-123.492292018,674.576000000,20,0.231000000,0.203000000,0.523000000
21:12:38,110719,50.683491695,-123.492292030,674.590000000,20,0.231000000,0.203000000,0.523000000
21:12:39,110719,50.683491978,-123.492292208,674.639000000,20,0.237000000,0.208000000,0.537000000
21:12:40,110719,50.683492107,-123.492292270,674.663000000,20,0.237000000,0.208000000,0.537000000
21:12:41,110719,50.683492003,-123.492292200,674.655000000,20,0.237000000,0.208000000,0.537000000
21:12:42,110719,50.683491857,-123.492292135,674.648000000,20,0.240000000,0.211000000,0.544000000
21:12:43,110719,50.683491695,-123.492292050,674.632000000,20,0.240000000,0.211000000,0.544000000
21:12:44,110719,50.683491608,-123.492291978,674.628000000,20,0.240000000,0.211000000,0.544000000
21:12:45,110719,50.683491533,-123.492291910,674.619000000,20,0.238000000,0.209000000,0.538000000
21:12:46,110719,50.683491527,-123.492291860,674.612000000,20,0.238000000,0.209000000,0.538000000
21:12:47,110719,50.683491545,-123.492291837,674.607000000,20,0.238000000,0.209000000,0.538000000
21:12:48,110719,50.683491680,-123.492291887,674.618000000,20,0.244000000,0.214000000,0.552000000
21:12:49,110719,50.683491988,-123.492291958,674.622000000,20,0.244000000,0.214000000,0.552000000
21:12:50,110719,50.683492083,-123.492292028,674.645000000,20,0.246000000,0.216000000,0.557000000
21:12:51,110719,50.683492618,-123.492292392,674.740000000,20,0.246000000,0.216000000,0.557000000
21:12:52,110719,50.683493010,-123.492292690,674.811000000,19,0.278000000,0.224000000,0.582000000
21:12:53,110719,50.683492850,-123.492292633,674.789000000,19,0.278000000,0.224000000,0.582000000
21:12:54,110719,50.683492673,-123.492292548,674.758000000,19,0.278000000,0.224000000,0.582000000
21:12:55,110719,50.683492468,-123.492292463,674.735000000,19,0.274000000,0.222000000,0.575000000
21:12:56,110719,50.683492255,-123.492292365,674.712000000,19,0.274000000,0.221000000,0.573000000
21:12:57,110719,50.683492082,-123.492292285,674.696000000,19,0.274000000,0.221000000,0.573000000
21:12:58,110719,50.683491928,-123.492292207,674.678000000,19,0.274000000,0.221000000,0.573000000
21:12:59,110719,50.683491805,-123.492292130,674.661000000,19,0.272000000,0.220000000,0.570000000
21:13:00,110719,50.683491672,-123.492292057,674.643000000,19,0.272000000,0.220000000,0.570000000
21:13:01,110719,50.683491597,-123.492292000,674.629000000,19,0.272000000,0.220000000,0.570000000
21:13:02,110719,50.683491530,-123.492291982,674.624000000,19,0.273000000,0.220000000,0.572000000
21:13:03,110719,50.683491600,-123.492292048,674.635000000,20,0.242000000,0.212000000,0.547000000
21:13:04,110719,50.683491650,-123.492292125,674.645000000,20,0.242000000,0.212000000,0.547000000
21:13:05,110719,50.683491617,-123.492292130,674.638000000,20,0.242000000,0.212000000,0.547000000
21:13:06,110719,50.683491580,-123.492292135,674.635000000,20,0.246000000,0.215000000,0.556000000
21:13:07,110719,50.683491565,-123.492292145,674.636000000,20,0.246000000,0.215000000,0.556000000
21:13:08,110719,50.683491538,-123.492292162,674.636000000,20,0.246000000,0.215000000,0.556000000
21:13:09,110719,50.683491530,-123.492292140,674.632000000,20,0.248000000,0.218000000,0.563000000
21:13:10,110719,50.683491447,-123.492292120,674.623000000,20,0.248000000,0.218000000,0.563000000
21:13:11,110719,50.683491405,-123.492292175,674.619000000,20,0.248000000,0.218000000,0.563000000
21:13:12,110719,50.683491370,-123.492292212,674.620000000,20,0.251000000,0.220000000,0.568000000
21:13:13,110719,50.683491377,-123.492292240,674.621000000,20,0.251000000,0.220000000,0.568000000
21:13:14,110719,50.683491380,-123.492292243,674.619000000,20,0.251000000,0.220000000,0.568000000
21:13:15,110719,50.683491363,-123.492292283,674.621000000,20,0.243000000,0.213000000,0.552000000
21:13:16,110719,50.683491392,-123.492292293,674.615000000,20,0.243000000,0.213000000,0.552000000
21:13:17,110719,50.683491338,-123.492292323,674.616000000,18,0.333000000,0.223000000,0.604000000
21:13:18,110719,50.683491127,-123.492292345,674.605000000,18,0.333000000,0.223000000,0.604000000
21:13:19,110719,50.683490902,-123.492292395,674.606000000,18,0.333000000,0.223000000,0.604000000
21:13:20,110719,50.683490688,-123.492292450,674.602000000,18,0.300000000,0.201000000,0.544000000
21:13:21,110719,50.683490683,-123.492292450,674.599000000,18,0.300000000,0.201000000,0.544000000
21:13:22,110719,50.683490708,-123.492292418,674.585000000,18,0.300000000,0.201000000,0.544000000
21:13:23,110719,50.683490677,-123.492292353,674.567000000,18,0.286000000,0.191000000,0.519000000
21:13:24,110719,50.683490690,-123.492292325,674.557000000,18,0.286000000,0.191000000,0.519000000
21:13:25,110719,50.683490713,-123.492292330,674.552000000,19,0.286000000,0.191000000,0.519000000
21:13:26,110719,50.683490705,-123.492292318,674.544000000,19,0.226000000,0.182000000,0.474000000
21:13:27,110719,50.683490683,-123.492292325,674.537000000,18,0.291000000,0.195000000,0.529000000
21:13:28,110719,50.683490633,-123.492292323,674.532000000,18,0.291000000,0.195000000,0.529000000
21:13:29,110719,50.683490602,-123.492292302,674.527000000,18,0.291000000,0.195000000,0.529000000
21:13:30,110719,50.683490665,-123.492292270,674.511000000,18,0.278000000,0.186000000,0.505000000
21:13:31,110719,50.683490690,-123.492292235,674.503000000,18,0.277000000,0.185000000,0.503000000
21:13:32,110719,50.683490693,-123.492292232,674.496000000,18,0.277000000,0.185000000,0.503000000
21:13:33,110719,50.683490565,-123.492292200,674.485000000,18,0.277000000,0.185000000,0.503000000
21:13:34,110719,50.683490700,-123.492292200,674.470000000,18,0.275000000,0.184000000,0.499000000
21:13:35,110719,50.683490687,-123.492292220,674.474000000,18,0.275000000,0.184000000,0.499000000
21:13:36,110719,50.683490717,-123.492292272,674.481000000,18,0.226000000,0.183000000,0.476000000
21:13:37,110719,50.683490658,-123.492292272,674.476000000,19,0.233000000,0.182000000,0.480000000
21:13:38,110719,50.683490640,-123.492292275,674.478000000,20,0.207000000,0.181000000,0.469000000
21:13:39,110719,50.683490628,-123.492292267,674.479000000,20,0.207000000,0.181000000,0.469000000
21:13:40,110719,50.683490592,-123.492292248,674.476000000,20,0.207000000,0.181000000,0.469000000
21:13:41,110719,50.683490558,-123.492292220,674.470000000,20,0.228000000,0.200000000,0.517000000
21:13:42,110719,50.683490530,-123.492292233,674.473000000,19,0.264000000,0.213000000,0.554000000
21:13:43,110719,50.683490528,-123.492292243,674.473000000,20,0.236000000,0.207000000,0.535000000
21:13:44,110719,50.683490525,-123.492292273,674.477000000,20,0.236000000,0.207000000,0.535000000
21:13:45,110719,50.683490528,-123.492292295,674.483000000,20,0.236000000,0.207000000,0.535000000
21:13:46,110719,50.683490510,-123.492292333,674.488000000,20,0.244000000,0.214000000,0.555000000
21:13:47,110719,50.683490508,-123.492292370,674.490000000,20,0.244000000,0.214000000,0.555000000
21:13:48,110719,50.683490517,-123.492292408,674.491000000,20,0.244000000,0.214000000,0.555000000
21:13:49,110719,50.683490522,-123.492292432,674.494000000,20,0.247000000,0.216000000,0.560000000
21:13:50,110719,50.683490528,-123.492292425,674.493000000,20,0.247000000,0.216000000,0.560000000
21:13:51,110719,50.683490535,-123.492292428,674.490000000,20,0.247000000,0.216000000,0.560000000
21:13:52,110719,50.683490512,-123.492292425,674.494000000,20,0.250000000,0.219000000,0.569000000
21:13:53,110719,50.683490540,-123.492292448,674.496000000,20,0.250000000,0.219000000,0.569000000
21:13:54,110719,50.683490523,-123.492292477,674.497000000,20,0.250000000,0.219000000,0.569000000
21:13:55,110719,50.683490488,-123.492292518,674.499000000,20,0.251000000,0.220000000,0.570000000
21:13:56,110719,50.683490468,-123.492292573,674.501000000,20,0.251000000,0.220000000,0.570000000
21:13:57,110719,50.683490437,-123.492292605,674.501000000,20,0.251000000,0.220000000,0.570000000
21:13:58,110719,50.683490435,-123.492292657,674.504000000,20,0.251000000,0.220000000,0.571000000
21:13:59,110719,50.683490438,-123.492292698,674.506000000,20,0.251000000,0.220000000,0.571000000
21:14:00,110719,50.683490448,-123.492292697,674.505000000,20,0.251000000,0.220000000,0.571000000
21:14:01,110719,50.683490465,-123.492292673,674.510000000,20,0.253000000,0.221000000,0.574000000
21:14:02,110719,50.683490458,-123.492292645,674.512000000,20,0.253000000,0.221000000,0.574000000
21:14:03,110719,50.683490475,-123.492292662,674.520000000,19,0.284000000,0.222000000,0.587000000
21:14:04,110719,50.683490453,-123.492292647,674.521000000,19,0.284000000,0.222000000,0.587000000
21:14:05,110719,50.683490465,-123.492292677,674.530000000,19,0.284000000,0.222000000,0.587000000
21:14:06,110719,50.683490470,-123.492292692,674.535000000,19,0.262000000,0.204000000,0.541000000
21:14:07,110719,50.683490450,-123.492292672,674.540000000,19,0.262000000,0.204000000,0.541000000
21:14:08,110719,50.683490428,-123.492292658,674.538000000,19,0.262000000,0.204000000,0.541000000
21:14:09,110719,50.683490408,-123.492292652,674.544000000,19,0.250000000,0.195000000,0.517000000
21:14:10,110719,50.683490410,-123.492292647,674.548000000,19,0.250000000,0.195000000,0.517000000
21:14:11,110719,50.683490377,-123.492292618,674.539000000,20,0.250000000,0.195000000,0.517000000
21:14:12,110719,50.683490270,-123.492292550,674.527000000,20,0.219000000,0.192000000,0.497000000
21:14:13,110719,50.683490190,-123.492292478,674.517000000,20,0.219000000,0.192000000,0.497000000
21:14:14,110719,50.683490173,-123.492292368,674.512000000,19,0.264000000,0.206000000,0.546000000
21:14:15,110719,50.683490207,-123.492292303,674.514000000,19,0.264000000,0.206000000,0.546000000
21:14:16,110719,50.683490280,-123.492292257,674.527000000,19,0.264000000,0.206000000,0.546000000
21:14:17,110719,50.683490433,-123.492292275,674.546000000,19,0.253000000,0.197000000,0.523000000
21:14:18,110719,50.683490597,-123.492292315,674.571000000,19,0.253000000,0.197000000,0.523000000
21:14:19,110719,50.683490662,-123.492292305,674.584000000,19,0.253000000,0.197000000,0.523000000
21:14:20,110719,50.683490668,-123.492292275,674.586000000,19,0.245000000,0.191000000,0.506000000
21:14:21,110719,50.683490608,-123.492292205,674.574000000,20,0.216000000,0.189000000,0.490000000
21:14:22,110719,50.683490558,-123.492292173,674.573000000,20,0.216000000,0.189000000,0.490000000
21:14:23,110719,50.683490558,-123.492292157,674.564000000,20,0.216000000,0.189000000,0.490000000
21:14:24,110719,50.683490945,-123.492292297,674.591000000,20,0.226000000,0.198000000,0.514000000
21:14:25,110719,50.683491478,-123.492292565,674.642000000,19,0.247000000,0.192000000,0.510000000
21:14:26,110719,50.683491873,-123.492292772,674.689000000,19,0.247000000,0.192000000,0.510000000
21:14:27,110719,50.683492233,-123.492292870,674.700000000,19,0.247000000,0.192000000,0.510000000
21:14:28,110719,50.683492442,-123.492292908,674.696000000,19,0.242000000,0.189000000,0.501000000
21:14:29,110719,50.683492618,-123.492292943,674.692000000,19,0.242000000,0.189000000,0.501000000
21:14:30,110719,50.683492748,-123.492292965,674.687000000,19,0.242000000,0.189000000,0.501000000
21:14:31,110719,50.683492830,-123.492292967,674.678000000,19,0.241000000,0.188000000,0.498000000
21:14:32,110719,50.683492720,-123.492292872,674.665000000,19,0.241000000,0.188000000,0.498000000
21:14:33,110719,50.683492600,-123.492292795,674.658000000,19,0.241000000,0.188000000,0.498000000
21:14:34,110719,50.683492408,-123.492292702,674.649000000,19,0.227000000,0.177000000,0.469000000
21:14:35,110719,50.683492115,-123.492292618,674.642000000,19,0.227000000,0.177000000,0.469000000
21:14:36,110719,50.683491903,-123.492292562,674.639000000,19,0.227000000,0.177000000,0.469000000
21:14:37,110719,50.683491790,-123.492292472,674.624000000,19,0.213000000,0.166000000,0.440000000
21:14:38,110719,50.683491708,-123.492292345,674.605000000,19,0.213000000,0.166000000,0.440000000
21:14:39,110719,50.683491602,-123.492292232,674.584000000,19,0.213000000,0.166000000,0.440000000
21:14:40,110719,50.683491475,-123.492292233,674.577000000,18,0.209000000,0.163000000,0.432000000
21:14:41,110719,50.683491178,-123.492292270,674.568000000,18,0.259000000,0.173000000,0.473000000
21:14:42,110719,50.683490952,-123.492292258,674.565000000,18,0.259000000,0.173000000,0.473000000
21:14:43,110719,50.683490713,-123.492292127,674.541000000,18,0.259000000,0.173000000,0.473000000
21:14:44,110719,50.683490575,-123.492291962,674.510000000,18,0.264000000,0.176000000,0.483000000
21:14:45,110719,50.683490353,-123.492291843,674.492000000,18,0.264000000,0.176000000,0.483000000
21:14:46,110719,50.683490165,-123.492291743,674.474000000,18,0.264000000,0.176000000,0.483000000
21:14:47,110719,50.683489958,-123.492291677,674.462000000,18,0.274000000,0.183000000,0.501000000
21:14:48,110719,50.683489775,-123.492291622,674.457000000,18,0.274000000,0.183000000,0.501000000
21:14:49,110719,50.683489593,-123.492291563,674.448000000,18,0.274000000,0.183000000,0.501000000
21:14:50,110719,50.683489442,-123.492291537,674.449000000,18,0.277000000,0.185000000,0.507000000
21:14:51,110719,50.683489312,-123.492291522,674.446000000,18,0.277000000,0.185000000,0.507000000
21:14:52,110719,50.683489177,-123.492291528,674.442000000,18,0.277000000,0.185000000,0.507000000
21:14:53,110719,50.683489058,-123.492291538,674.441000000,18,0.280000000,0.187000000,0.513000000
21:14:54,110719,50.683488918,-123.492291515,674.438000000,18,0.280000000,0.187000000,0.513000000
21:14:55,110719,50.683488807,-123.492291465,674.429000000,18,0.280000000,0.187000000,0.513000000
21:14:56,110719,50.683488703,-123.492291445,674.422000000,18,0.284000000,0.189000000,0.519000000
21:14:57,110719,50.683488627,-123.492291423,674.419000000,18,0.284000000,0.189000000,0.519000000
21:14:58,110719,50.683488655,-123.492291402,674.403000000,18,0.284000000,0.189000000,0.519000000
21:14:59,110719,50.683488538,-123.492291372,674.396000000,18,0.288000000,0.192000000,0.528000000
21:15:00,110719,50.683488360,-123.492291312,674.387000000,18,0.288000000,0.192000000,0.528000000
21:15:01,110719,50.683488798,-123.492291300,674.377000000,18,0.288000000,0.192000000,0.528000000
21:15:02,110719,50.683489107,-123.492291293,674.371000000,18,0.292000000,0.195000000,0.534000000
21:15:03,110719,50.683489392,-123.492291257,674.366000000,18,0.289000000,0.192000000,0.528000000
21:15:04,110719,50.683489550,-123.492291222,674.361000000,18,0.287000000,0.191000000,0.525000000
21:15:05,110719,50.683489687,-123.492291202,674.363000000,18,0.229000000,0.178000000,0.475000000
21:15:06,110719,50.683489783,-123.492291202,674.366000000,19,0.282000000,0.188000000,0.516000000
21:15:07,110719,50.683489863,-123.492291205,674.372000000,19,0.225000000,0.175000000,0.467000000
21:15:08,110719,50.683489907,-123.492291212,674.374000000,19,0.232000000,0.181000000,0.481000000
21:15:09,110719,50.683489933,-123.492291205,674.383000000,19,0.232000000,0.181000000,0.481000000
21:15:10,110719,50.683489955,-123.492291170,674.384000000,19,0.232000000,0.181000000,0.481000000
21:15:11,110719,50.683490020,-123.492291163,674.388000000,19,0.235000000,0.183000000,0.486000000
21:15:12,110719,50.683490053,-123.492291135,674.389000000,19,0.235000000,0.183000000,0.486000000
21:15:13,110719,50.683490077,-123.492291087,674.385000000,19,0.235000000,0.183000000,0.486000000
21:15:14,110719,50.683490113,-123.492291060,674.387000000,18,0.296000000,0.197000000,0.542000000
21:15:15,110719,50.683490140,-123.492291047,674.388000000,18,0.296000000,0.197000000,0.542000000
21:15:16,110719,50.683490158,-123.492291037,674.391000000,18,0.296000000,0.197000000,0.542000000
21:15:17,110719,50.683490148,-123.492291033,674.394000000,18,0.279000000,0.186000000,0.511000000
21:15:18,110719,50.683490165,-123.492291038,674.396000000,18,0.279000000,0.186000000,0.511000000
21:15:19,110719,50.683490195,-123.492291043,674.399000000,18,0.279000000,0.186000000,0.511000000
21:15:20,110719,50.683490188,-123.492291028,674.404000000,18,0.271000000,0.180000000,0.496000000
21:15:21,110719,50.683490223,-123.492291012,674.404000000,18,0.271000000,0.180000000,0.496000000
21:15:22,110719,50.683490253,-123.492291007,674.405000000,18,0.269000000,0.179000000,0.492000000
21:15:23,110719,50.683490295,-123.492290997,674.406000000,18,0.269000000,0.179000000,0.492000000
21:15:24,110719,50.683490335,-123.492290982,674.404000000,18,0.269000000,0.179000000,0.492000000
21:15:25,110719,50.683490388,-123.492290990,674.406000000,18,0.267000000,0.178000000,0.489000000
21:15:26,110719,50.683490407,-123.492290965,674.405000000,18,0.267000000,0.178000000,0.489000000
21:15:27,110719,50.683490417,-123.492290968,674.404000000,18,0.267000000,0.178000000,0.489000000
21:15:28,110719,50.683490405,-123.492290953,674.405000000,18,0.266000000,0.177000000,0.488000000
21:15:29,110719,50.683490390,-123.492290937,674.404000000,18,0.266000000,0.177000000,0.488000000
21:15:30,110719,50.683490377,-123.492290993,674.409000000,18,0.266000000,0.177000000,0.488000000
21:15:31,110719,50.683490377,-123.492291023,674.409000000,18,0.266000000,0.177000000,0.487000000
21:15:32,110719,50.683490388,-123.492291088,674.414000000,18,0.266000000,0.177000000,0.487000000
21:15:33,110719,50.683490413,-123.492291112,674.416000000,19,0.215000000,0.167000000,0.445000000
21:15:34,110719,50.683490430,-123.492291125,674.413000000,19,0.215000000,0.167000000,0.445000000
21:15:35,110719,50.683490473,-123.492291113,674.415000000,19,0.215000000,0.167000000,0.445000000
21:15:36,110719,50.683490480,-123.492291098,674.412000000,19,0.232000000,0.181000000,0.483000000
21:15:37,110719,50.683490493,-123.492291098,674.414000000,19,0.232000000,0.181000000,0.483000000
21:15:38,110719,50.683490537,-123.492291120,674.410000000,19,0.232000000,0.181000000,0.483000000
21:15:39,110719,50.683490647,-123.492291153,674.401000000,19,0.237000000,0.184000000,0.492000000
21:15:40,110719,50.683490702,-123.492291183,674.398000000,19,0.237000000,0.184000000,0.492000000
21:15:41,110719,50.683490668,-123.492291185,674.400000000,19,0.237000000,0.184000000,0.492000000
21:15:42,110719,50.683490662,-123.492291212,674.405000000,19,0.243000000,0.189000000,0.505000000
21:15:43,110719,50.683490667,-123.492291272,674.417000000,19,0.243000000,0.189000000,0.505000000
21:15:44,110719,50.683490660,-123.492291288,674.418000000,19,0.243000000,0.189000000,0.505000000
21:15:45,110719,50.683490643,-123.492291308,674.423000000,19,0.243000000,0.189000000,0.506000000
21:15:46,110719,50.683490635,-123.492291340,674.424000000,19,0.243000000,0.189000000,0.506000000
21:15:47,110719,50.683490640,-123.492291380,674.427000000,19,0.243000000,0.189000000,0.506000000
21:15:48,110719,50.683490633,-123.492291385,674.423000000,19,0.244000000,0.190000000,0.507000000
21:15:49,110719,50.683490642,-123.492291395,674.422000000,19,0.244000000,0.190000000,0.507000000
21:15:50,110719,50.683490630,-123.492291400,674.421000000,19,0.244000000,0.190000000,0.507000000
21:15:51,110719,50.683490625,-123.492291408,674.422000000,19,0.244000000,0.190000000,0.507000000
21:15:52,110719,50.683490585,-123.492291415,674.417000000,19,0.244000000,0.190000000,0.507000000
21:15:53,110719,50.683490553,-123.492291422,674.418000000,19,0.244000000,0.190000000,0.507000000
21:15:54,110719,50.683490567,-123.492291438,674.418000000,19,0.244000000,0.189000000,0.506000000
21:15:55,110719,50.683490568,-123.492291433,674.415000000,19,0.244000000,0.189000000,0.506000000
21:15:56,110719,50.683490568,-123.492291430,674.412000000,19,0.244000000,0.189000000,0.506000000
21:15:57,110719,50.683490592,-123.492291455,674.409000000,19,0.243000000,0.189000000,0.504000000
21:15:58,110719,50.683490585,-123.492291542,674.426000000,19,0.243000000,0.189000000,0.504000000
21:15:59,110719,50.683490562,-123.492291587,674.414000000,18,0.302000000,0.201000000,0.555000000
21:16:00,110719,50.683490758,-123.492291577,674.393000000,18,0.302000000,0.201000000,0.555000000
21:16:01,110719,50.683490907,-123.492291537,674.375000000,18,0.302000000,0.201000000,0.555000000
21:16:02,110719,50.683490888,-123.492291507,674.362000000,18,0.295000000,0.196000000,0.541000000
21:16:03,110719,50.683490887,-123.492291547,674.351000000,18,0.295000000,0.196000000,0.541000000
21:16:04,110719,50.683490973,-123.492291548,674.341000000,18,0.295000000,0.196000000,0.541000000
21:16:05,110719,50.683491072,-123.492291537,674.331000000,18,0.294000000,0.195000000,0.540000000
21:16:06,110719,50.683491138,-123.492291528,674.326000000,18,0.294000000,0.195000000,0.540000000
21:16:07,110719,50.683491177,-123.492291522,674.320000000,18,0.294000000,0.195000000,0.540000000
21:16:08,110719,50.683491208,-123.492291518,674.317000000,18,0.294000000,0.195000000,0.539000000
21:16:09,110719,50.683491230,-123.492291500,674.312000000,18,0.294000000,0.195000000,0.539000000
21:16:10,110719,50.683491108,-123.492291507,674.324000000,18,0.294000000,0.195000000,0.539000000
21:16:11,110719,50.683491058,-123.492291497,674.328000000,18,0.290000000,0.193000000,0.533000000
21:16:12,110719,50.683491093,-123.492291490,674.320000000,18,0.290000000,0.193000000,0.533000000
21:16:13,110719,50.683491150,-123.492291448,674.309000000,18,0.290000000,0.193000000,0.533000000
21:16:14,110719,50.683491145,-123.492291422,674.303000000,18,0.287000000,0.190000000,0.527000000
21:16:15,110719,50.683491045,-123.492291410,674.296000000,18,0.287000000,0.190000000,0.527000000
21:16:16,110719,50.683490933,-123.492291420,674.289000000,18,0.287000000,0.190000000,0.527000000
21:16:17,110719,50.683490832,-123.492291480,674.296000000,18,0.290000000,0.192000000,0.533000000
21:16:18,110719,50.683490682,-123.492291543,674.307000000,18,0.290000000,0.192000000,0.533000000
21:16:19,110719,50.683490478,-123.492291597,674.322000000,18,0.290000000,0.192000000,0.533000000
21:16:20,110719,50.683490498,-123.492291610,674.332000000,18,0.288000000,0.191000000,0.529000000
21:16:21,110719,50.683490558,-123.492291592,674.337000000,18,0.288000000,0.191000000,0.529000000
21:16:22,110719,50.683490587,-123.492291597,674.341000000,18,0.288000000,0.191000000,0.529000000
21:16:23,110719,50.683490558,-123.492291583,674.343000000,18,0.280000000,0.186000000,0.515000000
21:16:24,110719,50.683490532,-123.492291555,674.341000000,18,0.280000000,0.186000000,0.515000000
21:16:25,110719,50.683490538,-123.492291535,674.336000000,18,0.280000000,0.186000000,0.515000000
21:16:26,110719,50.683490507,-123.492291542,674.338000000,18,0.276000000,0.183000000,0.507000000
21:16:27,110719,50.683490393,-123.492291558,674.342000000,18,0.276000000,0.183000000,0.507000000
21:16:28,110719,50.683490390,-123.492291555,674.346000000,18,0.276000000,0.183000000,0.507000000
21:16:29,110719,50.683490323,-123.492291545,674.347000000,18,0.272000000,0.180000000,0.500000000
21:16:30,110719,50.683490390,-123.492291523,674.344000000,18,0.272000000,0.180000000,0.500000000
21:16:31,110719,50.683490497,-123.492291487,674.336000000,18,0.272000000,0.180000000,0.500000000
21:16:32,110719,50.683490592,-123.492291457,674.324000000,18,0.272000000,0.181000000,0.501000000
21:16:33,110719,50.683490687,-123.492291425,674.316000000,18,0.272000000,0.181000000,0.501000000
21:16:34,110719,50.683490763,-123.492291405,674.304000000,18,0.272000000,0.181000000,0.501000000
21:16:35,110719,50.683490677,-123.492291415,674.315000000,18,0.278000000,0.184000000,0.511000000
21:16:36,110719,50.683490550,-123.492291445,674.321000000,18,0.278000000,0.184000000,0.511000000
21:16:37,110719,50.683490470,-123.492291485,674.326000000,18,0.278000000,0.184000000,0.511000000
21:16:38,110719,50.683490415,-123.492291547,674.332000000,18,0.277000000,0.183000000,0.509000000
21:16:39,110719,50.683490448,-123.492291570,674.338000000,18,0.277000000,0.183000000,0.509000000
21:16:40,110719,50.683490457,-123.492291558,674.341000000,18,0.277000000,0.183000000,0.509000000
21:16:41,110719,50.683490295,-123.492291565,674.351000000,18,0.273000000,0.181000000,0.502000000
21:16:42,110719,50.683490117,-123.492291583,674.362000000,18,0.273000000,0.181000000,0.502000000
21:16:43,110719,50.683489845,-123.492291565,674.363000000,18,0.273000000,0.181000000,0.502000000
21:16:44,110719,50.683489928,-123.492291612,674.367000000,18,0.268000000,0.178000000,0.494000000
21:16:45,110719,50.683490053,-123.492291642,674.364000000,19,0.215000000,0.167000000,0.447000000
21:16:46,110719,50.683489945,-123.492291683,674.361000000,19,0.215000000,0.167000000,0.447000000
21:16:47,110719,50.683489832,-123.492291723,674.367000000,19,0.215000000,0.167000000,0.447000000
21:16:48,110719,50.683489765,-123.492291762,674.371000000,19,0.228000000,0.177000000,0.475000000
21:16:49,110719,50.683489693,-123.492291818,674.375000000,19,0.228000000,0.177000000,0.475000000
21:16:50,110719,50.683489735,-123.492291848,674.375000000,19,0.228000000,0.177000000,0.475000000
21:16:51,110719,50.683489728,-123.492291860,674.377000000,19,0.235000000,0.183000000,0.490000000
21:16:52,110719,50.683489732,-123.492291827,674.371000000,19,0.235000000,0.183000000,0.490000000
21:16:53,110719,50.683489818,-123.492291837,674.374000000,19,0.235000000,0.183000000,0.490000000
21:16:54,110719,50.683489787,-123.492291867,674.377000000,19,0.232000000,0.181000000,0.484000000
21:16:55,110719,50.683489868,-123.492291923,674.383000000,19,0.232000000,0.181000000,0.484000000
21:16:56,110719,50.683489953,-123.492291903,674.386000000,19,0.232000000,0.181000000,0.484000000
21:16:57,110719,50.683490023,-123.492291905,674.386000000,19,0.236000000,0.183000000,0.491000000
21:16:58,110719,50.683490057,-123.492291892,674.390000000,19,0.236000000,0.183000000,0.491000000
21:16:59,110719,50.683490102,-123.492291893,674.393000000,19,0.236000000,0.183000000,0.491000000
21:17:00,110719,50.683490122,-123.492291903,674.395000000,19,0.237000000,0.184000000,0.493000000
21:17:01,110719,50.683490142,-123.492291915,674.398000000,19,0.237000000,0.184000000,0.493000000
21:17:02,110719,50.683490153,-123.492291908,674.402000000,19,0.237000000,0.184000000,0.493000000
21:17:03,110719,50.683490153,-123.492291922,674.409000000,19,0.237000000,0.184000000,0.494000000
21:17:04,110719,50.683490170,-123.492291898,674.412000000,19,0.237000000,0.184000000,0.494000000
21:17:05,110719,50.683490188,-123.492291887,674.415000000,19,0.237000000,0.184000000,0.494000000
21:17:06,110719,50.683490193,-123.492291882,674.420000000,19,0.236000000,0.183000000,0.491000000
21:17:07,110719,50.683490190,-123.492291862,674.419000000,19,0.236000000,0.183000000,0.491000000
21:17:08,110719,50.683490200,-123.492291890,674.422000000,19,0.236000000,0.183000000,0.491000000
21:17:09,110719,50.683490205,-123.492291912,674.424000000,19,0.235000000,0.182000000,0.489000000
21:17:10,110719,50.683490207,-123.492291883,674.424000000,19,0.235000000,0.182000000,0.489000000
21:17:11,110719,50.683490100,-123.492291935,674.433000000,19,0.235000000,0.182000000,0.489000000
21:17:12,110719,50.683489955,-123.492291935,674.437000000,19,0.236000000,0.183000000,0.492000000
21:17:13,110719,50.683489923,-123.492291960,674.430000000,19,0.236000000,0.183000000,0.492000000
21:17:14,110719,50.683490013,-123.492292003,674.425000000,19,0.236000000,0.183000000,0.492000000
21:17:15,110719,50.683490082,-123.492292002,674.427000000,19,0.238000000,0.185000000,0.496000000
21:17:16,110719,50.683490132,-123.492291990,674.432000000,19,0.238000000,0.185000000,0.496000000
21:17:17,110719,50.683490175,-123.492291993,674.434000000,19,0.238000000,0.185000000,0.496000000
21:17:18,110719,50.683490193,-123.492291998,674.435000000,19,0.229000000,0.178000000,0.477000000
21:17:19,110719,50.683490180,-123.492292003,674.435000000,19,0.229000000,0.178000000,0.477000000
21:17:20,110719,50.683490157,-123.492292018,674.435000000,19,0.229000000,0.178000000,0.477000000
21:17:21,110719,50.683490143,-123.492291995,674.431000000,19,0.232000000,0.180000000,0.483000000
21:17:22,110719,50.683490128,-123.492291978,674.430000000,19,0.232000000,0.180000000,0.483000000
21:17:23,110719,50.683490132,-123.492291950,674.428000000,19,0.233000000,0.181000000,0.487000000
21:17:24,110719,50.683490193,-123.492291942,674.432000000,19,0.233000000,0.181000000,0.487000000
21:17:25,110719,50.683490285,-123.492291917,674.442000000,20,0.201000000,0.175000000,0.459000000
21:17:26,110719,50.683490273,-123.492291897,674.442000000,20,0.201000000,0.175000000,0.459000000
21:17:27,110719,50.683490257,-123.492291902,674.434000000,20,0.201000000,0.175000000,0.459000000
21:17:28,110719,50.683490257,-123.492291900,674.426000000,20,0.187000000,0.163000000,0.428000000
21:17:29,110719,50.683490260,-123.492291913,674.421000000,20,0.187000000,0.163000000,0.428000000
21:17:30,110719,50.683490310,-123.492291945,674.418000000,20,0.187000000,0.163000000,0.428000000
21:17:31,110719,50.683490363,-123.492291942,674.420000000,20,0.177000000,0.154000000,0.405000000
21:17:32,110719,50.683490422,-123.492291977,674.411000000,19,0.206000000,0.160000000,0.430000000
21:17:33,110719,50.683490340,-123.492292020,674.417000000,19,0.206000000,0.160000000,0.430000000
21:17:34,110719,50.683490207,-123.492292085,674.426000000,19,0.206000000,0.160000000,0.430000000
21:17:35,110719,50.683490072,-123.492292115,674.433000000,18,0.278000000,0.184000000,0.513000000
21:17:36,110719,50.683489970,-123.492292152,674.433000000,18,0.277000000,0.183000000,0.512000000
21:17:37,110719,50.683489880,-123.492292247,674.443000000,18,0.277000000,0.183000000,0.512000000
21:17:38,110719,50.683489787,-123.492292305,674.440000000,18,0.277000000,0.183000000,0.512000000
21:17:39,110719,50.683489780,-123.492292340,674.433000000,18,0.278000000,0.184000000,0.513000000
21:17:40,110719,50.683489763,-123.492292368,674.423000000,18,0.278000000,0.184000000,0.513000000
21:17:41,110719,50.683489753,-123.492292353,674.407000000,18,0.278000000,0.184000000,0.513000000
21:17:42,110719,50.683489665,-123.492292380,674.405000000,18,0.287000000,0.189000000,0.530000000
21:17:43,110719,50.683489663,-123.492292387,674.401000000,18,0.288000000,0.191000000,0.533000000
21:17:44,110719,50.683489617,-123.492292387,674.391000000,18,0.288000000,0.191000000,0.533000000
21:17:45,110719,50.683489628,-123.492292415,674.382000000,18,0.288000000,0.191000000,0.533000000
21:17:46,110719,50.683489690,-123.492292448,674.380000000,18,0.293000000,0.194000000,0.542000000
21:17:47,110719,50.683489658,-123.492292438,674.379000000,18,0.293000000,0.194000000,0.542000000
21:17:48,110719,50.683489542,-123.492292438,674.381000000,18,0.296000000,0.195000000,0.547000000
21:17:49,110719,50.683489450,-123.492292448,674.380000000,18,0.296000000,0.195000000,0.547000000
21:17:50,110719,50.683489358,-123.492292460,674.382000000,18,0.296000000,0.195000000,0.547000000
21:17:51,110719,50.683489303,-123.492292450,674.379000000,18,0.294000000,0.194000000,0.543000000
21:17:52,110719,50.683489262,-123.492292447,674.379000000,18,0.294000000,0.194000000,0.543000000
21:17:53,110719,50.683489227,-123.492292458,674.379000000,18,0.294000000,0.194000000,0.543000000
21:17:54,110719,50.683489173,-123.492292427,674.373000000,18,0.291000000,0.192000000,0.539000000
21:17:55,110719,50.683489132,-123.492292403,674.367000000,18,0.291000000,0.192000000,0.539000000
21:17:56,110719,50.683489088,-123.492292408,674.362000000,18,0.291000000,0.192000000,0.539000000
21:17:57,110719,50.683488955,-123.492292355,674.354000000,18,0.290000000,0.192000000,0.537000000
21:17:58,110719,50.683488940,-123.492292320,674.344000000,18,0.290000000,0.192000000,0.537000000
21:17:59,110719,50.683489097,-123.492292305,674.336000000,18,0.290000000,0.192000000,0.537000000
21:18:00,110719,50.683489263,-123.492292302,674.324000000,18,0.295000000,0.195000000,0.546000000
21:18:01,110719,50.683489382,-123.492292293,674.311000000,18,0.295000000,0.195000000,0.546000000
21:18:02,110719,50.683489385,-123.492292272,674.297000000,18,0.295000000,0.195000000,0.546000000
21:18:03,110719,50.683489480,-123.492292237,674.299000000,18,0.301000000,0.199000000,0.557000000
21:18:04,110719,50.683489737,-123.492292225,674.296000000,18,0.301000000,0.199000000,0.557000000
21:18:05,110719,50.683489955,-123.492292247,674.302000000,18,0.296000000,0.195000000,0.547000000
21:18:06,110719,50.683489875,-123.492292282,674.318000000,18,0.293000000,0.193000000,0.542000000
21:18:07,110719,50.683489848,-123.492292285,674.328000000,18,0.290000000,0.191000000,0.537000000
21:18:08,110719,50.683490018,-123.492292253,674.336000000,18,0.290000000,0.191000000,0.537000000
21:18:09,110719,50.683490162,-123.492292202,674.337000000,18,0.290000000,0.191000000,0.537000000
21:18:10,110719,50.683490288,-123.492292192,674.336000000,18,0.283000000,0.187000000,0.524000000
21:18:11,110719,50.683490353,-123.492292153,674.339000000,19,0.225000000,0.174000000,0.470000000
21:18:12,110719,50.683490393,-123.492292113,674.348000000,19,0.225000000,0.174000000,0.470000000
21:18:13,110719,50.683490443,-123.492292092,674.353000000,19,0.225000000,0.174000000,0.470000000
21:18:14,110719,50.683490217,-123.492292098,674.345000000,19,0.229000000,0.177000000,0.478000000
21:18:15,110719,50.683490208,-123.492292123,674.345000000,19,0.229000000,0.177000000,0.478000000
21:18:16,110719,50.683490320,-123.492292077,674.349000000,18,0.282000000,0.186000000,0.521000000
21:18:17,110719,50.683490405,-123.492292052,674.354000000,18,0.282000000,0.186000000,0.521000000
21:18:18,110719,50.683490498,-123.492292040,674.365000000,18,0.282000000,0.186000000,0.521000000
21:18:19,110719,50.683490583,-123.492292008,674.368000000,18,0.272000000,0.180000000,0.504000000
21:18:20,110719,50.683490640,-123.492291962,674.372000000,18,0.272000000,0.180000000,0.504000000
21:18:21,110719,50.683490725,-123.492291973,674.378000000,18,0.267000000,0.176000000,0.495000000
21:18:22,110719,50.683490775,-123.492291950,674.374000000,18,0.265000000,0.175000000,0.491000000
21:18:23,110719,50.683490708,-123.492291930,674.377000000,18,0.265000000,0.175000000,0.491000000
21:18:24,110719,50.683490623,-123.492291955,674.386000000,18,0.265000000,0.175000000,0.491000000
21:18:25,110719,50.683490388,-123.492291930,674.381000000,18,0.263000000,0.174000000,0.488000000
21:18:26,110719,50.683490178,-123.492291935,674.370000000,18,0.264000000,0.174000000,0.489000000
21:18:27,110719,50.683489902,-123.492291908,674.364000000,18,0.264000000,0.174000000,0.489000000
21:18:28,110719,50.683489758,-123.492291915,674.342000000,18,0.264000000,0.174000000,0.489000000
21:18:29,110719,50.683489778,-123.492291882,674.344000000,19,0.216000000,0.167000000,0.452000000
21:18:30,110719,50.683489983,-123.492291930,674.343000000,19,0.221000000,0.171000000,0.463000000
21:18:31,110719,50.683490077,-123.492291913,674.343000000,19,0.221000000,0.171000000,0.463000000
21:18:32,110719,50.683490217,-123.492291928,674.347000000,19,0.225000000,0.174000000,0.470000000
21:18:33,110719,50.683490377,-123.492291905,674.338000000,19,0.225000000,0.174000000,0.470000000
21:18:34,110719,50.683490473,-123.492291897,674.336000000,19,0.222000000,0.172000000,0.465000000
21:18:35,110719,50.683490627,-123.492291870,674.324000000,19,0.222000000,0.172000000,0.465000000
21:18:36,110719,50.683490737,-123.492291892,674.310000000,19,0.222000000,0.172000000,0.465000000
21:18:37,110719,50.683490878,-123.492291922,674.290000000,19,0.228000000,0.177000000,0.477000000
21:18:38,110719,50.683490967,-123.492291967,674.283000000,19,0.228000000,0.177000000,0.477000000
21:18:39,110719,50.683491013,-123.492291928,674.283000000,19,0.228000000,0.177000000,0.477000000
21:18:40,110719,50.683490945,-123.492291928,674.307000000,19,0.222000000,0.172000000,0.464000000
21:18:41,110719,50.683490935,-123.492291937,674.308000000,19,0.222000000,0.172000000,0.464000000
21:18:42,110719,50.683490963,-123.492291925,674.302000000,19,0.222000000,0.172000000,0.465000000
21:18:43,110719,50.683490960,-123.492291912,674.306000000,19,0.222000000,0.172000000,0.465000000
21:18:44,110719,50.683490903,-123.492291880,674.316000000,19,0.222000000,0.172000000,0.465000000
21:18:45,110719,50.683490857,-123.492291868,674.320000000,19,0.212000000,0.164000000,0.443000000
21:18:46,110719,50.683490812,-123.492291877,674.321000000,19,0.212000000,0.164000000,0.443000000
21:18:47,110719,50.683490772,-123.492291902,674.324000000,19,0.212000000,0.164000000,0.443000000
21:18:48,110719,50.683490752,-123.492291910,674.332000000,19,0.204000000,0.158000000,0.427000000
21:18:49,110719,50.683490748,-123.492291923,674.344000000,19,0.204000000,0.158000000,0.427000000
21:18:50,110719,50.683490720,-123.492291915,674.351000000,19,0.204000000,0.158000000,0.427000000
21:18:51,110719,50.683490702,-123.492291920,674.358000000,19,0.201000000,0.156000000,0.421000000
21:18:52,110719,50.683490697,-123.492291913,674.355000000,19,0.201000000,0.156000000,0.421000000
21:18:53,110719,50.683490760,-123.492291883,674.355000000,19,0.201000000,0.156000000,0.421000000
21:18:54,110719,50.683490672,-123.492291897,674.347000000,19,0.207000000,0.160000000,0.433000000
21:18:55,110719,50.683490482,-123.492291872,674.337000000,19,0.206000000,0.160000000,0.432000000
21:18:56,110719,50.683490490,-123.492291867,674.335000000,18,0.258000000,0.170000000,0.479000000
21:18:57,110719,50.683490477,-123.492291897,674.335000000,18,0.258000000,0.170000000,0.479000000
21:18:58,110719,50.683490450,-123.492291933,674.338000000,18,0.258000000,0.170000000,0.479000000
21:18:59,110719,50.683490430,-123.492291930,674.337000000,18,0.260000000,0.171000000,0.482000000
21:19:00,110719,50.683490393,-123.492291928,674.335000000,18,0.260000000,0.171000000,0.482000000
21:19:01,110719,50.683490365,-123.492291940,674.329000000,18,0.260000000,0.171000000,0.482000000
21:19:02,110719,50.683490365,-123.492291940,674.324000000,18,0.261000000,0.172000000,0.484000000
21:19:03,110719,50.683490348,-123.492291942,674.322000000,18,0.261000000,0.172000000,0.485000000
21:19:04,110719,50.683490345,-123.492291948,674.323000000,18,0.261000000,0.172000000,0.485000000
21:19:05,110719,50.683490363,-123.492291970,674.332000000,18,0.261000000,0.172000000,0.485000000
21:19:06,110719,50.683490390,-123.492291965,674.337000000,18,0.262000000,0.172000000,0.487000000
21:19:07,110719,50.683490388,-123.492291988,674.346000000,18,0.262000000,0.172000000,0.487000000
21:19:08,110719,50.683490423,-123.492292017,674.352000000,18,0.262000000,0.172000000,0.487000000
21:19:09,110719,50.683490440,-123.492292035,674.354000000,18,0.262000000,0.172000000,0.486000000
21:19:10,110719,50.683490485,-123.492292045,674.353000000,18,0.262000000,0.172000000,0.486000000
21:19:11,110719,50.683490498,-123.492292050,674.352000000,18,0.262000000,0.172000000,0.486000000
21:19:12,110719,50.683490495,-123.492292028,674.347000000,18,0.262000000,0.172000000,0.487000000
21:19:13,110719,50.683490488,-123.492292023,674.353000000,18,0.262000000,0.172000000,0.487000000
21:19:14,110719,50.683490403,-123.492292032,674.354000000,18,0.262000000,0.172000000,0.487000000
21:19:15,110719,50.683490322,-123.492291992,674.345000000,18,0.263000000,0.173000000,0.488000000
21:19:16,110719,50.683490240,-123.492291993,674.344000000,18,0.263000000,0.173000000,0.488000000
21:19:17,110719,50.683490228,-123.492291982,674.343000000,18,0.263000000,0.173000000,0.488000000
21:19:18,110719,50.683490130,-123.492291945,674.341000000,18,0.263000000,0.173000000,0.488000000
21:19:19,110719,50.683489985,-123.492291900,674.339000000,18,0.263000000,0.173000000,0.488000000
21:19:20,110719,50.683490025,-123.492291855,674.337000000,18,0.263000000,0.173000000,0.488000000
21:19:21,110719,50.683489903,-123.492291813,674.330000000,18,0.263000000,0.173000000,0.489000000
21:19:22,110719,50.683489870,-123.492291793,674.327000000,18,0.263000000,0.173000000,0.489000000
21:19:23,110719,50.683489773,-123.492291755,674.323000000,18,0.263000000,0.173000000,0.489000000
21:19:24,110719,50.683489797,-123.492291725,674.312000000,18,0.264000000,0.174000000,0.491000000
21:19:25,110719,50.683489872,-123.492291718,674.310000000,18,0.264000000,0.174000000,0.491000000
21:19:26,110719,50.683490012,-123.492291710,674.308000000,18,0.264000000,0.174000000,0.491000000
21:19:27,110719,50.683489750,-123.492291700,674.303000000,18,0.261000000,0.172000000,0.486000000
21:19:28,110719,50.683489735,-123.492291683,674.300000000,18,0.261000000,0.172000000,0.486000000
21:19:29,110719,50.683489863,-123.492291675,674.290000000,18,0.261000000,0.172000000,0.486000000
21:19:30,110719,50.683489943,-123.492291670,674.290000000,18,0.264000000,0.173000000,0.490000000
21:19:31,110719,50.683489945,-123.492291643,674.287000000,19,0.210000000,0.162000000,0.439000000
21:19:32,110719,50.683490063,-123.492291615,674.273000000,19,0.210000000,0.162000000,0.439000000
21:19:33,110719,50.683490170,-123.492291592,674.261000000,19,0.210000000,0.162000000,0.439000000
21:19:34,110719,50.683490222,-123.492291573,674.258000000,19,0.208000000,0.161000000,0.436000000
21:19:35,110719,50.683490182,-123.492291573,674.262000000,19,0.208000000,0.161000000,0.436000000
21:19:36,110719,50.683490140,-123.492291555,674.261000000,19,0.207000000,0.160000000,0.433000000
21:19:37,110719,50.683490132,-123.492291550,674.259000000,19,0.207000000,0.160000000,0.433000000
21:19:38,110719,50.683490105,-123.492291503,674.257000000,19,0.207000000,0.160000000,0.433000000
21:19:39,110719,50.683490040,-123.492291462,674.257000000,19,0.204000000,0.158000000,0.427000000
21:19:40,110719,50.683489990,-123.492291425,674.260000000,19,0.204000000,0.158000000,0.427000000
21:19:41,110719,50.683489982,-123.492291372,674.252000000,19,0.204000000,0.158000000,0.427000000
21:19:42,110719,50.683490025,-123.492291377,674.257000000,19,0.208000000,0.161000000,0.437000000
21:19:43,110719,50.683490022,-123.492291347,674.259000000,19,0.208000000,0.161000000,0.437000000
21:19:44,110719,50.683490050,-123.492291323,674.260000000,19,0.208000000,0.161000000,0.437000000
21:19:45,110719,50.683490072,-123.492291378,674.270000000,19,0.205000000,0.158000000,0.430000000
21:19:46,110719,50.683490012,-123.492291348,674.263000000,19,0.205000000,0.158000000,0.430000000
21:19:47,110719,50.683490015,-123.492291335,674.254000000,19,0.205000000,0.158000000,0.430000000
21:19:48,110719,50.683490022,-123.492291332,674.243000000,19,0.201000000,0.155000000,0.422000000
21:19:49,110719,50.683489930,-123.492291328,674.233000000,19,0.201000000,0.155000000,0.421000000
21:19:50,110719,50.683489795,-123.492291280,674.230000000,19,0.201000000,0.155000000,0.421000000
21:19:51,110719,50.683489860,-123.492291278,674.219000000,19,0.201000000,0.155000000,0.421000000
21:19:52,110719,50.683489890,-123.492291250,674.210000000,19,0.199000000,0.154000000,0.418000000
21:19:53,110719,50.683489952,-123.492291267,674.200000000,19,0.199000000,0.154000000,0.418000000
21:19:54,110719,50.683489938,-123.492291272,674.195000000,19,0.202000000,0.156000000,0.424000000
21:19:55,110719,50.683489950,-123.492291278,674.196000000,19,0.202000000,0.156000000,0.424000000
21:19:56,110719,50.683489980,-123.492291282,674.185000000,19,0.202000000,0.156000000,0.424000000
21:19:57,110719,50.683489932,-123.492291242,674.177000000,19,0.204000000,0.158000000,0.428000000
21:19:58,110719,50.683489893,-123.492291263,674.179000000,19,0.204000000,0.158000000,0.428000000
21:19:59,110719,50.683489760,-123.492291300,674.188000000,19,0.204000000,0.158000000,0.428000000
21:20:00,110719,50.683489832,-123.492291338,674.184000000,19,0.213000000,0.165000000,0.448000000
21:20:01,110719,50.683489838,-123.492291367,674.175000000,19,0.213000000,0.165000000,0.448000000
21:20:02,110719,50.683489775,-123.492291380,674.163000000,19,0.213000000,0.165000000,0.448000000
21:20:03,110719,50.683489682,-123.492291372,674.156000000,19,0.228000000,0.176000000,0.477000000
21:20:04,110719,50.683489597,-123.492291378,674.150000000,19,0.228000000,0.176000000,0.477000000
21:20:05,110719,50.683489507,-123.492291408,674.156000000,19,0.228000000,0.176000000,0.477000000
21:20:06,110719,50.683489553,-123.492291448,674.155000000,19,0.234000000,0.181000000,0.492000000
21:20:07,110719,50.683489728,-123.492291452,674.147000000,19,0.234000000,0.181000000,0.492000000
21:20:08,110719,50.683489860,-123.492291482,674.139000000,19,0.234000000,0.181000000,0.492000000
21:20:09,110719,50.683489732,-123.492291532,674.152000000,19,0.237000000,0.183000000,0.497000000
21:20:10,110719,50.683489612,-123.492291540,674.160000000,19,0.237000000,0.183000000,0.497000000
21:20:11,110719,50.683489560,-123.492291570,674.163000000,19,0.237000000,0.183000000,0.497000000
21:20:12,110719,50.683489643,-123.492291553,674.150000000,19,0.227000000,0.175000000,0.476000000
21:20:13,110719,50.683489687,-123.492291543,674.135000000,19,0.227000000,0.175000000,0.476000000
21:20:14,110719,50.683489530,-123.492291530,674.138000000,19,0.227000000,0.175000000,0.476000000
21:20:15,110719,50.683489415,-123.492291565,674.141000000,19,0.220000000,0.170000000,0.461000000
21:20:16,110719,50.683489360,-123.492291577,674.140000000,19,0.220000000,0.170000000,0.461000000
21:20:17,110719,50.683489493,-123.492291590,674.130000000,19,0.220000000,0.170000000,0.461000000
21:20:18,110719,50.683489608,-123.492291647,674.127000000,19,0.219000000,0.169000000,0.459000000
21:20:19,110719,50.683489650,-123.492291688,674.135000000,19,0.219000000,0.169000000,0.459000000
21:20:20,110719,50.683489658,-123.492291747,674.132000000,19,0.219000000,0.169000000,0.459000000
21:20:21,110719,50.683489607,-123.492291783,674.132000000,19,0.215000000,0.166000000,0.451000000
21:20:22,110719,50.683489527,-123.492291795,674.136000000,19,0.215000000,0.166000000,0.451000000
21:20:23,110719,50.683489507,-123.492291808,674.133000000,19,0.215000000,0.166000000,0.451000000
21:20:24,110719,50.683489448,-123.492291820,674.130000000,19,0.215000000,0.166000000,0.450000000
21:20:25,110719,50.683489337,-123.492291840,674.137000000,19,0.215000000,0.166000000,0.450000000
21:20:26,110719,50.683489353,-123.492291875,674.141000000,19,0.215000000,0.166000000,0.450000000
21:20:27,110719,50.683489548,-123.492291907,674.128000000,19,0.217000000,0.167000000,0.455000000
21:20:28,110719,50.683489602,-123.492291930,674.120000000,19,0.217000000,0.167000000,0.455000000
21:20:29,110719,50.683489677,-123.492291963,674.119000000,19,0.217000000,0.167000000,0.455000000
21:20:30,110719,50.683489715,-123.492292035,674.128000000,19,0.216000000,0.167000000,0.454000000
21:20:31,110719,50.683489815,-123.492292140,674.138000000,19,0.216000000,0.167000000,0.454000000
21:20:32,110719,50.683489830,-123.492292170,674.137000000,19,0.216000000,0.167000000,0.454000000
21:20:33,110719,50.683489818,-123.492292188,674.137000000,19,0.209000000,0.162000000,0.440000000
21:20:34,110719,50.683489862,-123.492292180,674.145000000,19,0.209000000,0.162000000,0.440000000
21:20:35,110719,50.683489842,-123.492292228,674.148000000,19,0.209000000,0.162000000,0.440000000
21:20:36,110719,50.683489808,-123.492292237,674.146000000,19,0.209000000,0.161000000,0.438000000
21:20:37,110719,50.683489803,-123.492292247,674.150000000,19,0.209000000,0.161000000,0.438000000
21:20:38,110719,50.683489903,-123.492292213,674.148000000,19,0.209000000,0.161000000,0.438000000
21:20:39,110719,50.683490005,-123.492292207,674.147000000,19,0.208000000,0.161000000,0.437000000
21:20:40,110719,50.683490085,-123.492292232,674.138000000,19,0.208000000,0.161000000,0.437000000
21:20:41,110719,50.683490102,-123.492292252,674.136000000,19,0.208000000,0.161000000,0.437000000
21:20:42,110719,50.683490110,-123.492292282,674.140000000,19,0.220000000,0.170000000,0.462000000
21:20:43,110719,50.683490077,-123.492292302,674.143000000,19,0.220000000,0.170000000,0.462000000
21:20:44,110719,50.683490095,-123.492292323,674.143000000,19,0.220000000,0.170000000,0.462000000
21:20:45,110719,50.683490117,-123.492292333,674.143000000,19,0.221000000,0.170000000,0.464000000
21:20:46,110719,50.683490138,-123.492292352,674.150000000,19,0.221000000,0.170000000,0.464000000
21:20:47,110719,50.683490037,-123.492292325,674.144000000,19,0.219000000,0.169000000,0.460000000
21:20:48,110719,50.683489873,-123.492292308,674.149000000,19,0.219000000,0.169000000,0.460000000
21:20:49,110719,50.683489653,-123.492292333,674.161000000,19,0.219000000,0.169000000,0.460000000
21:20:50,110719,50.683489455,-123.492292342,674.170000000,19,0.212000000,0.163000000,0.445000000
21:20:51,110719,50.683489323,-123.492292320,674.177000000,19,0.212000000,0.163000000,0.445000000
21:20:52,110719,50.683489362,-123.492292365,674.197000000,19,0.212000000,0.163000000,0.445000000
21:20:53,110719,50.683489618,-123.492292425,674.193000000,19,0.208000000,0.160000000,0.436000000
21:20:54,110719,50.683489707,-123.492292473,674.184000000,19,0.208000000,0.160000000,0.436000000
21:20:55,110719,50.683489787,-123.492292482,674.170000000,19,0.208000000,0.160000000,0.436000000
21:20:56,110719,50.683489897,-123.492292497,674.162000000,19,0.208000000,0.160000000,0.437000000
21:20:57,110719,50.683489880,-123.492292540,674.159000000,19,0.208000000,0.160000000,0.437000000
21:20:58,110719,50.683489868,-123.492292588,674.151000000,19,0.208000000,0.160000000,0.437000000
21:20:59,110719,50.683489867,-123.492292613,674.145000000,19,0.210000000,0.162000000,0.441000000
21:21:00,110719,50.683489898,-123.492292627,674.140000000,19,0.211000000,0.163000000,0.443000000
21:21:01,110719,50.683489985,-123.492292613,674.135000000,19,0.211000000,0.163000000,0.443000000
21:21:02,110719,50.683490050,-123.492292583,674.132000000,19,0.211000000,0.163000000,0.443000000
21:21:03,110719,50.683490098,-123.492292575,674.132000000,19,0.211000000,0.163000000,0.444000000
21:21:04,110719,50.683490162,-123.492292590,674.132000000,19,0.211000000,0.163000000,0.444000000
21:21:05,110719,50.683490210,-123.492292603,674.114000000,19,0.211000000,0.163000000,0.444000000
21:21:06,110719,50.683490232,-123.492292667,674.113000000,19,0.212000000,0.163000000,0.445000000
21:21:07,110719,50.683490275,-123.492292717,674.107000000,19,0.212000000,0.163000000,0.445000000
21:21:08,110719,50.683490320,-123.492292750,674.101000000,19,0.212000000,0.163000000,0.445000000
21:21:09,110719,50.683490370,-123.492292807,674.100000000,19,0.213000000,0.164000000,0.447000000
21:21:10,110719,50.683490412,-123.492292820,674.095000000,19,0.213000000,0.164000000,0.447000000
21:21:11,110719,50.683490423,-123.492292845,674.087000000,19,0.213000000,0.164000000,0.447000000
21:21:12,110719,50.683490443,-123.492292895,674.083000000,19,0.215000000,0.165000000,0.451000000
21:21:13,110719,50.683490453,-123.492292915,674.081000000,19,0.215000000,0.165000000,0.451000000
21:21:14,110719,50.683490442,-123.492292957,674.079000000,19,0.215000000,0.165000000,0.451000000
21:21:15,110719,50.683490433,-123.492292993,674.079000000,19,0.216000000,0.167000000,0.454000000
21:21:16,110719,50.683490465,-123.492293025,674.081000000,19,0.216000000,0.167000000,0.454000000
21:21:17,110719,50.683490495,-123.492293057,674.086000000,19,0.216000000,0.167000000,0.454000000
21:21:18,110719,50.683490515,-123.492293077,674.085000000,19,0.217000000,0.167000000,0.456000000
21:21:19,110719,50.683490527,-123.492293087,674.080000000,19,0.217000000,0.167000000,0.456000000
21:21:20,110719,50.683490537,-123.492293108,674.077000000,19,0.217000000,0.167000000,0.456000000
21:21:21,110719,50.683490552,-123.492293127,674.078000000,19,0.218000000,0.168000000,0.458000000
21:21:22,110719,50.683490560,-123.492293110,674.079000000,19,0.218000000,0.168000000,0.458000000
21:21:23,110719,50.683490568,-123.492293118,674.087000000,19,0.218000000,0.168000000,0.458000000
21:21:24,110719,50.683490533,-123.492293050,674.093000000,19,0.219000000,0.168000000,0.459000000
21:21:25,110719,50.683490488,-123.492292998,674.097000000,19,0.219000000,0.168000000,0.459000000
21:21:26,110719,50.683490473,-123.492292962,674.097000000,19,0.219000000,0.168000000,0.459000000
21:21:27,110719,50.683490403,-123.492292992,674.095000000,19,0.217000000,0.167000000,0.457000000
21:21:28,110719,50.683490377,-123.492293002,674.090000000,19,0.217000000,0.167000000,0.457000000
21:21:29,110719,50.683490352,-123.492293048,674.091000000,19,0.217000000,0.167000000,0.457000000
21:21:30,110719,50.683490375,-123.492293090,674.091000000,19,0.219000000,0.168000000,0.459000000
21:21:31,110719,50.683490387,-123.492293167,674.097000000,19,0.219000000,0.168000000,0.459000000
21:21:32,110719,50.683490278,-123.492293153,674.093000000,19,0.219000000,0.168000000,0.459000000
21:21:33,110719,50.683490233,-123.492293180,674.098000000,19,0.220000000,0.169000000,0.461000000
21:21:34,110719,50.683490278,-123.492293155,674.088000000,19,0.220000000,0.169000000,0.461000000
21:21:35,110719,50.683490370,-123.492293152,674.092000000,19,0.220000000,0.169000000,0.461000000
21:21:36,110719,50.683490248,-123.492293147,674.108000000,19,0.220000000,0.169000000,0.462000000
21:21:37,110719,50.683490175,-123.492293080,674.112000000,19,0.220000000,0.169000000,0.462000000
21:21:38,110719,50.683490123,-123.492292983,674.116000000,19,0.220000000,0.169000000,0.462000000
21:21:39,110719,50.683489967,-123.492292962,674.130000000,19,0.216000000,0.166000000,0.453000000
21:21:40,110719,50.683489840,-123.492292952,674.146000000,19,0.216000000,0.166000000,0.453000000
21:21:41,110719,50.683489717,-123.492292942,674.155000000,19,0.216000000,0.166000000,0.453000000
21:21:42,110719,50.683489620,-123.492292970,674.156000000,19,0.213000000,0.164000000,0.447000000
21:21:43,110719,50.683489607,-123.492293000,674.168000000,19,0.213000000,0.164000000,0.447000000
21:21:44,110719,50.683489563,-123.492292937,674.174000000,19,0.213000000,0.164000000,0.447000000
21:21:45,110719,50.683489543,-123.492292823,674.169000000,19,0.213000000,0.164000000,0.447000000
21:21:46,110719,50.683489503,-123.492292743,674.169000000,19,0.213000000,0.164000000,0.447000000
21:21:47,110719,50.683489605,-123.492292670,674.158000000,19,0.213000000,0.164000000,0.447000000
21:21:48,110719,50.683489715,-123.492292607,674.143000000,19,0.213000000,0.164000000,0.447000000
21:21:49,110719,50.683489797,-123.492292563,674.133000000,19,0.212000000,0.163000000,0.446000000
21:21:50,110719,50.683489867,-123.492292517,674.122000000,19,0.212000000,0.163000000,0.446000000
21:21:51,110719,50.683489918,-123.492292478,674.115000000,19,0.212000000,0.163000000,0.446000000
21:21:52,110719,50.683489933,-123.492292437,674.110000000,19,0.210000000,0.162000000,0.442000000
21:21:53,110719,50.683489970,-123.492292445,674.106000000,19,0.210000000,0.162000000,0.442000000
21:21:54,110719,50.683489945,-123.492292460,674.103000000,19,0.210000000,0.162000000,0.442000000
21:21:55,110719,50.683489977,-123.492292543,674.106000000,19,0.209000000,0.161000000,0.439000000
21:21:56,110719,50.683490025,-123.492292558,674.107000000,19,0.209000000,0.161000000,0.439000000
21:21:57,110719,50.683490050,-123.492292560,674.113000000,19,0.209000000,0.161000000,0.439000000
21:21:58,110719,50.683490112,-123.492292582,674.114000000,19,0.209000000,0.160000000,0.438000000
21:21:59,110719,50.683490148,-123.492292625,674.116000000,19,0.209000000,0.160000000,0.438000000
21:22:00,110719,50.683490168,-123.492292618,674.117000000,19,0.209000000,0.160000000,0.438000000
21:22:01,110719,50.683490138,-123.492292608,674.105000000,19,0.207000000,0.159000000,0.434000000
21:22:02,110719,50.683490040,-123.492292592,674.093000000,18,0.262000000,0.171000000,0.490000000
21:22:03,110719,50.683489912,-123.492292563,674.085000000,18,0.262000000,0.171000000,0.490000000
21:22:04,110719,50.683489827,-123.492292555,674.083000000,18,0.262000000,0.171000000,0.490000000
21:22:05,110719,50.683489728,-123.492292563,674.078000000,18,0.270000000,0.176000000,0.506000000
21:22:06,110719,50.683489690,-123.492292545,674.073000000,19,0.270000000,0.176000000,0.506000000
21:22:07,110719,50.683489732,-123.492292560,674.069000000,19,0.215000000,0.165000000,0.452000000
21:22:08,110719,50.683489813,-123.492292572,674.061000000,19,0.219000000,0.169000000,0.461000000
21:22:09,110719,50.683489888,-123.492292582,674.059000000,19,0.219000000,0.169000000,0.461000000
21:22:10,110719,50.683489988,-123.492292578,674.057000000,19,0.219000000,0.169000000,0.461000000
21:22:11,110719,50.683490073,-123.492292575,674.059000000,19,0.221000000,0.170000000,0.464000000
21:22:12,110719,50.683490140,-123.492292572,674.060000000,19,0.221000000,0.170000000,0.464000000
21:22:13,110719,50.683490138,-123.492292585,674.062000000,19,0.221000000,0.170000000,0.464000000
21:22:14,110719,50.683490160,-123.492292595,674.066000000,19,0.215000000,0.165000000,0.451000000
21:22:15,110719,50.683490090,-123.492292615,674.068000000,19,0.215000000,0.165000000,0.451000000
21:22:16,110719,50.683490088,-123.492292590,674.069000000,19,0.215000000,0.165000000,0.451000000
21:22:17,110719,50.683490072,-123.492292552,674.066000000,19,0.211000000,0.163000000,0.444000000
21:22:18,110719,50.683490080,-123.492292550,674.064000000,19,0.211000000,0.163000000,0.444000000
21:22:19,110719,50.683490077,-123.492292562,674.066000000,19,0.211000000,0.163000000,0.444000000
21:22:20,110719,50.683490075,-123.492292535,674.070000000,19,0.209000000,0.161000000,0.439000000
21:22:21,110719,50.683490068,-123.492292515,674.072000000,19,0.208000000,0.160000000,0.437000000
21:22:22,110719,50.683490038,-123.492292488,674.075000000,19,0.208000000,0.160000000,0.437000000
21:22:23,110719,50.683490017,-123.492292480,674.073000000,19,0.208000000,0.160000000,0.437000000
21:22:24,110719,50.683489972,-123.492292468,674.073000000,19,0.206000000,0.159000000,0.434000000
21:22:25,110719,50.683489968,-123.492292470,674.066000000,19,0.206000000,0.159000000,0.434000000
21:22:26,110719,50.683489988,-123.492292462,674.053000000,19,0.206000000,0.159000000,0.434000000
21:22:27,110719,50.683490007,-123.492292498,674.042000000,19,0.206000000,0.158000000,0.432000000
21:22:28,110719,50.683490007,-123.492292545,674.037000000,19,0.206000000,0.158000000,0.432000000
21:22:29,110719,50.683490023,-123.492292585,674.033000000,19,0.206000000,0.158000000,0.432000000
21:22:30,110719,50.683490050,-123.492292628,674.033000000,19,0.209000000,0.160000000,0.439000000
21:22:31,110719,50.683490072,-123.492292665,674.036000000,19,0.209000000,0.160000000,0.439000000
21:22:32,110719,50.683490123,-123.492292692,674.035000000,19,0.209000000,0.160000000,0.439000000
21:22:33,110719,50.683490170,-123.492292730,674.038000000,19,0.211000000,0.162000000,0.444000000
21:22:34,110719,50.683490188,-123.492292742,674.038000000,19,0.211000000,0.162000000,0.444000000
21:22:35,110719,50.683490193,-123.492292727,674.033000000,19,0.211000000,0.162000000,0.444000000
21:22:36,110719,50.683490203,-123.492292693,674.029000000,19,0.212000000,0.163000000,0.446000000
21:22:37,110719,50.683490218,-123.492292665,674.026000000,19,0.212000000,0.163000000,0.446000000
21:22:38,110719,50.683490192,-123.492292658,674.023000000,19,0.212000000,0.163000000,0.446000000
21:22:39,110719,50.683490217,-123.492292692,674.030000000,19,0.212000000,0.163000000,0.447000000
21:22:40,110719,50.683490222,-123.492292740,674.033000000,19,0.212000000,0.163000000,0.447000000
21:22:41,110719,50.683490193,-123.492292763,674.039000000,19,0.212000000,0.163000000,0.447000000
21:22:42,110719,50.683490227,-123.492292785,674.043000000,19,0.212000000,0.163000000,0.446000000
21:22:43,110719,50.683490262,-123.492292752,674.050000000,19,0.212000000,0.163000000,0.446000000
21:22:44,110719,50.683490313,-123.492292728,674.060000000,19,0.212000000,0.163000000,0.446000000
21:22:45,110719,50.683490320,-123.492292717,674.060000000,19,0.212000000,0.163000000,0.446000000
21:22:46,110719,50.683490302,-123.492292720,674.061000000,19,0.212000000,0.163000000,0.446000000
21:22:47,110719,50.683490282,-123.492292702,674.061000000,19,0.212000000,0.163000000,0.446000000
21:22:48,110719,50.683490277,-123.492292633,674.063000000,19,0.211000000,0.162000000,0.444000000
21:22:49,110719,50.683490302,-123.492292598,674.067000000,19,0.211000000,0.162000000,0.444000000
21:22:50,110719,50.683490305,-123.492292535,674.062000000,19,0.211000000,0.162000000,0.444000000
21:22:51,110719,50.683490322,-123.492292542,674.060000000,19,0.210000000,0.162000000,0.443000000
21:22:52,110719,50.683490293,-123.492292548,674.054000000,19,0.210000000,0.162000000,0.443000000
21:22:53,110719,50.683490295,-123.492292568,674.047000000,19,0.210000000,0.162000000,0.443000000
21:22:54,110719,50.683490298,-123.492292567,674.046000000,19,0.211000000,0.162000000,0.444000000
21:22:55,110719,50.683490312,-123.492292568,674.046000000,19,0.211000000,0.162000000,0.444000000
21:22:56,110719,50.683490318,-123.492292552,674.044000000,19,0.211000000,0.162000000,0.444000000
21:22:57,110719,50.683490330,-123.492292545,674.042000000,19,0.212000000,0.163000000,0.446000000
21:22:58,110719,50.683490325,-123.492292563,674.041000000,19,0.212000000,0.163000000,0.446000000
21:22:59,110719,50.683490330,-123.492292582,674.041000000,19,0.212000000,0.163000000,0.446000000
21:23:00,110719,50.683490350,-123.492292617,674.044000000,19,0.212000000,0.163000000,0.446000000
21:23:01,110719,50.683490375,-123.492292640,674.048000000,19,0.212000000,0.163000000,0.446000000
21:23:02,110719,50.683490333,-123.492292610,674.053000000,19,0.212000000,0.163000000,0.446000000
21:23:03,110719,50.683490395,-123.492292575,674.056000000,19,0.212000000,0.163000000,0.447000000
21:23:04,110719,50.683490442,-123.492292553,674.059000000,19,0.212000000,0.163000000,0.447000000
21:23:05,110719,50.683490467,-123.492292528,674.062000000,19,0.212000000,0.163000000,0.447000000
21:23:06,110719,50.683490492,-123.492292522,674.065000000,19,0.212000000,0.163000000,0.446000000
21:23:07,110719,50.683490515,-123.492292492,674.064000000,19,0.212000000,0.163000000,0.446000000
21:23:08,110719,50.683490522,-123.492292467,674.063000000,19,0.212000000,0.163000000,0.446000000
21:23:09,110719,50.683490527,-123.492292445,674.064000000,19,0.212000000,0.163000000,0.445000000
21:23:10,110719,50.683490518,-123.492292422,674.064000000,19,0.212000000,0.163000000,0.445000000
21:23:11,110719,50.683490508,-123.492292427,674.064000000,19,0.212000000,0.163000000,0.445000000
21:23:12,110719,50.683490433,-123.492292492,674.069000000,19,0.211000000,0.162000000,0.444000000
21:23:13,110719,50.683490392,-123.492292518,674.066000000,19,0.211000000,0.162000000,0.444000000
21:23:14,110719,50.683490442,-123.492292523,674.065000000,19,0.211000000,0.162000000,0.444000000
21:23:15,110719,50.683490508,-123.492292503,674.064000000,19,0.210000000,0.161000000,0.441000000
21:23:16,110719,50.683490560,-123.492292468,674.058000000,19,0.210000000,0.161000000,0.443000000
21:23:17,110719,50.683490575,-123.492292485,674.052000000,19,0.210000000,0.161000000,0.443000000
21:23:18,110719,50.683490548,-123.492292497,674.041000000,19,0.210000000,0.161000000,0.443000000
21:23:19,110719,50.683490548,-123.492292507,674.031000000,19,0.213000000,0.163000000,0.448000000
21:23:20,110719,50.683490570,-123.492292493,674.026000000,19,0.213000000,0.163000000,0.448000000
21:23:21,110719,50.683490605,-123.492292483,674.027000000,19,0.213000000,0.163000000,0.448000000
21:23:22,110719,50.683490543,-123.492292488,674.022000000,19,0.215000000,0.165000000,0.453000000
21:23:23,110719,50.683490468,-123.492292507,674.019000000,19,0.215000000,0.165000000,0.453000000
21:23:24,110719,50.683490452,-123.492292543,674.017000000,19,0.215000000,0.165000000,0.453000000
21:23:25,110719,50.683490447,-123.492292583,674.017000000,19,0.215000000,0.165000000,0.453000000
21:23:26,110719,50.683490450,-123.492292595,674.018000000,19,0.215000000,0.165000000,0.453000000
21:23:27,110719,50.683490390,-123.492292642,674.022000000,19,0.215000000,0.165000000,0.453000000
21:23:28,110719,50.683490323,-123.492292665,674.027000000,19,0.217000000,0.166000000,0.456000000
21:23:29,110719,50.683490263,-123.492292698,674.035000000,19,0.217000000,0.166000000,0.456000000
21:23:30,110719,50.683490163,-123.492292757,674.034000000,19,0.217000000,0.166000000,0.456000000
21:23:31,110719,50.683490043,-123.492292832,674.041000000,19,0.217000000,0.167000000,0.458000000
21:23:32,110719,50.683489917,-123.492292860,674.047000000,19,0.217000000,0.167000000,0.458000000
21:23:33,110719,50.683489822,-123.492292858,674.044000000,19,0.217000000,0.167000000,0.458000000
21:23:34,110719,50.683489802,-123.492292852,674.048000000,19,0.218000000,0.167000000,0.459000000
21:23:35,110719,50.683489797,-123.492292863,674.050000000,19,0.218000000,0.167000000,0.459000000
21:23:36,110719,50.683489793,-123.492292898,674.051000000,19,0.218000000,0.167000000,0.459000000
21:23:37,110719,50.683489772,-123.492292943,674.049000000,19,0.217000000,0.166000000,0.456000000
21:23:38,110719,50.683489808,-123.492292988,674.053000000,19,0.217000000,0.166000000,0.456000000
21:23:39,110719,50.683489812,-123.492292997,674.054000000,19,0.217000000,0.166000000,0.456000000
21:23:40,110719,50.683489830,-123.492293012,674.057000000,19,0.216000000,0.166000000,0.455000000
21:23:41,110719,50.683489855,-123.492293005,674.057000000,19,0.216000000,0.166000000,0.455000000
21:23:42,110719,50.683489888,-123.492292988,674.051000000,19,0.216000000,0.166000000,0.455000000
21:23:43,110719,50.683489928,-123.492292972,674.050000000,19,0.216000000,0.166000000,0.455000000
21:23:44,110719,50.683489952,-123.492292943,674.045000000,20,0.217000000,0.164000000,0.433000000
21:23:45,110719,50.683489953,-123.492292942,674.048000000,19,0.216000000,0.166000000,0.455000000
21:23:46,110719,50.683489942,-123.492292965,674.045000000,20,0.216000000,0.163000000,0.431000000
21:23:47,110719,50.683489920,-123.492292958,674.044000000,20,0.216000000,0.163000000,0.431000000
21:23:48,110719,50.683489888,-123.492292970,674.050000000,19,0.215000000,0.165000000,0.452000000
21:23:49,110719,50.683489862,-123.492293007,674.060000000,20,0.215000000,0.163000000,0.429000000
21:23:50,110719,50.683489792,-123.492293020,674.062000000,19,0.214000000,0.164000000,0.451000000
21:23:51,110719,50.683489730,-123.492293017,674.061000000,20,0.214000000,0.162000000,0.429000000
21:23:52,110719,50.683489683,-123.492292973,674.052000000,20,0.214000000,0.162000000,0.429000000
21:23:53,110719,50.683489680,-123.492292958,674.050000000,19,0.216000000,0.165000000,0.453000000
21:23:54,110719,50.683489597,-123.492292932,674.044000000,20,0.216000000,0.164000000,0.432000000
21:23:55,110719,50.683489470,-123.492292908,674.043000000,20,0.216000000,0.164000000,0.432000000
21:23:56,110719,50.683489360,-123.492292888,674.042000000,19,0.218000000,0.167000000,0.459000000
21:23:57,110719,50.683489268,-123.492292858,674.041000000,20,0.219000000,0.166000000,0.438000000
21:23:58,110719,50.683489213,-123.492292865,674.044000000,19,0.220000000,0.169000000,0.463000000
21:23:59,110719,50.683489172,-123.492292867,674.043000000,20,0.221000000,0.167000000,0.441000000
21:24:00,110719,50.683489178,-123.492292850,674.047000000,20,0.221000000,0.167000000,0.441000000
21:24:01,110719,50.683489197,-123.492292815,674.048000000,19,0.221000000,0.170000000,0.466000000
21:24:02,110719,50.683489140,-123.492292803,674.051000000,20,0.221000000,0.168000000,0.443000000
21:24:03,110719,50.683489113,-123.492292805,674.054000000,20,0.221000000,0.168000000,0.443000000
21:24:04,110719,50.683489135,-123.492292837,674.058000000,20,0.221000000,0.168000000,0.443000000
21:24:05,110719,50.683489133,-123.492292850,674.064000000,20,0.223000000,0.169000000,0.446000000
21:24:06,110719,50.683489128,-123.492292847,674.065000000,20,0.223000000,0.169000000,0.446000000
21:24:07,110719,50.683489122,-123.492292888,674.077000000,20,0.223000000,0.169000000,0.446000000
21:24:08,110719,50.683489120,-123.492292908,674.082000000,20,0.223000000,0.169000000,0.447000000
21:24:09,110719,50.683489088,-123.492292900,674.084000000,20,0.223000000,0.169000000,0.447000000
21:24:10,110719,50.683489090,-123.492292902,674.089000000,20,0.223000000,0.169000000,0.447000000
21:24:11,110719,50.683489095,-123.492292892,674.095000000,20,0.223000000,0.169000000,0.447000000
21:24:12,110719,50.683489083,-123.492292877,674.096000000,20,0.223000000,0.169000000,0.447000000
21:24:13,110719,50.683489178,-123.492292865,674.095000000,20,0.223000000,0.169000000,0.447000000
21:24:14,110719,50.683489307,-123.492292883,674.094000000,20,0.223000000,0.168000000,0.445000000
21:24:15,110719,50.683489365,-123.492292930,674.098000000,20,0.223000000,0.168000000,0.445000000
21:24:16,110719,50.683489490,-123.492292950,674.096000000,20,0.223000000,0.168000000,0.445000000
21:24:17,110719,50.683489535,-123.492292962,674.100000000,20,0.222000000,0.168000000,0.444000000
21:24:18,110719,50.683489533,-123.492292973,674.106000000,20,0.222000000,0.168000000,0.444000000
21:24:19,110719,50.683489525,-123.492292993,674.111000000,20,0.222000000,0.168000000,0.444000000
21:24:20,110719,50.683489503,-123.492292997,674.116000000,20,0.221000000,0.167000000,0.441000000
21:24:21,110719,50.683489450,-123.492292998,674.118000000,20,0.221000000,0.167000000,0.441000000
21:24:22,110719,50.683489402,-123.492292992,674.119000000,20,0.221000000,0.167000000,0.441000000
21:24:23,110719,50.683489345,-123.492292958,674.112000000,20,0.220000000,0.166000000,0.440000000
21:24:24,110719,50.683489298,-123.492292945,674.109000000,20,0.220000000,0.166000000,0.440000000
21:24:25,110719,50.683489278,-123.492292945,674.106000000,20,0.220000000,0.166000000,0.440000000
21:24:26,110719,50.683489302,-123.492292923,674.099000000,20,0.221000000,0.167000000,0.441000000
21:24:27,110719,50.683489332,-123.492292910,674.094000000,20,0.221000000,0.167000000,0.441000000
21:24:28,110719,50.683489367,-123.492292905,674.093000000,20,0.221000000,0.167000000,0.441000000
21:24:29,110719,50.683489412,-123.492292948,674.098000000,20,0.222000000,0.168000000,0.445000000
21:24:30,110719,50.683489357,-123.492292933,674.089000000,20,0.222000000,0.168000000,0.445000000
21:24:31,110719,50.683489302,-123.492292948,674.090000000,20,0.222000000,0.168000000,0.445000000
21:24:32,110719,50.683489222,-123.492292923,674.086000000,20,0.222000000,0.168000000,0.445000000
21:24:33,110719,50.683489158,-123.492292868,674.081000000,20,0.222000000,0.168000000,0.445000000
21:24:34,110719,50.683489100,-123.492292822,674.074000000,20,0.222000000,0.168000000,0.445000000
21:24:35,110719,50.683489073,-123.492292772,674.070000000,20,0.224000000,0.169000000,0.448000000
21:24:36,110719,50.683489078,-123.492292717,674.069000000,20,0.224000000,0.169000000,0.448000000
21:24:37,110719,50.683489070,-123.492292665,674.070000000,20,0.224000000,0.169000000,0.448000000
21:24:38,110719,50.683489173,-123.492292692,674.064000000,20,0.224000000,0.170000000,0.449000000
21:24:39,110719,50.683489385,-123.492292735,674.068000000,20,0.224000000,0.170000000,0.449000000
21:24:40,110719,50.683489557,-123.492292772,674.072000000,20,0.224000000,0.170000000,0.449000000
21:24:41,110719,50.683489690,-123.492292820,674.075000000,20,0.224000000,0.170000000,0.449000000
21:24:42,110719,50.683489702,-123.492292870,674.075000000,20,0.224000000,0.170000000,0.449000000
21:24:43,110719,50.683489697,-123.492292913,674.076000000,20,0.224000000,0.170000000,0.449000000
21:24:44,110719,50.683489718,-123.492292947,674.076000000,20,0.224000000,0.170000000,0.449000000
21:24:45,110719,50.683489740,-123.492293005,674.079000000,20,0.224000000,0.170000000,0.449000000
21:24:46,110719,50.683489755,-123.492293045,674.081000000,20,0.224000000,0.170000000,0.449000000
21:24:47,110719,50.683489802,-123.492293083,674.083000000,20,0.226000000,0.170000000,0.452000000
21:24:48,110719,50.683489843,-123.492293108,674.084000000,20,0.226000000,0.170000000,0.452000000
21:24:49,110719,50.683489873,-123.492293110,674.084000000,20,0.226000000,0.170000000,0.452000000
21:24:50,110719,50.683489887,-123.492293102,674.085000000,20,0.227000000,0.171000000,0.454000000
21:24:51,110719,50.683489912,-123.492293152,674.086000000,20,0.227000000,0.171000000,0.454000000
21:24:52,110719,50.683489960,-123.492293175,674.085000000,20,0.227000000,0.171000000,0.454000000
21:24:53,110719,50.683490002,-123.492293225,674.089000000,20,0.227000000,0.171000000,0.454000000
21:24:54,110719,50.683490013,-123.492293277,674.096000000,20,0.227000000,0.171000000,0.454000000
21:24:55,110719,50.683490033,-123.492293307,674.101000000,20,0.227000000,0.171000000,0.454000000
21:24:56,110719,50.683490027,-123.492293325,674.103000000,20,0.226000000,0.171000000,0.452000000
21:24:57,110719,50.683489998,-123.492293363,674.110000000,20,0.226000000,0.171000000,0.452000000
21:24:58,110719,50.683489953,-123.492293362,674.113000000,20,0.226000000,0.171000000,0.452000000
21:24:59,110719,50.683489918,-123.492293368,674.118000000,20,0.225000000,0.170000000,0.450000000
21:25:00,110719,50.683489877,-123.492293378,674.123000000,20,0.225000000,0.170000000,0.450000000
21:25:01,110719,50.683489847,-123.492293387,674.126000000,20,0.225000000,0.170000000,0.450000000
21:25:02,110719,50.683489808,-123.492293377,674.131000000,20,0.224000000,0.169000000,0.449000000
21:25:03,110719,50.683489767,-123.492293400,674.137000000,20,0.224000000,0.169000000,0.449000000
21:25:04,110719,50.683489770,-123.492293403,674.137000000,20,0.224000000,0.169000000,0.449000000
21:25:05,110719,50.683489825,-123.492293398,674.133000000,20,0.224000000,0.169000000,0.449000000
21:25:06,110719,50.683489933,-123.492293383,674.127000000,20,0.224000000,0.169000000,0.449000000
21:25:07,110719,50.683489957,-123.492293360,674.131000000,20,0.224000000,0.169000000,0.449000000
21:25:08,110719,50.683489968,-123.492293293,674.139000000,20,0.225000000,0.170000000,0.450000000
21:25:09,110719,50.683489938,-123.492293255,674.145000000,20,0.225000000,0.170000000,0.450000000
21:25:10,110719,50.683489940,-123.492293203,674.156000000,20,0.225000000,0.170000000,0.450000000
21:25:11,110719,50.683489940,-123.492293150,674.163000000,20,0.223000000,0.168000000,0.447000000
21:25:12,110719,50.683490023,-123.492293128,674.168000000,20,0.223000000,0.168000000,0.447000000
21:25:13,110719,50.683490063,-123.492293175,674.171000000,20,0.223000000,0.168000000,0.447000000
21:25:14,110719,50.683490157,-123.492293143,674.176000000,20,0.220000000,0.166000000,0.442000000
21:25:15,110719,50.683490210,-123.492293105,674.174000000,20,0.220000000,0.166000000,0.442000000
21:25:16,110719,50.683490222,-123.492293047,674.178000000,20,0.220000000,0.166000000,0.442000000
21:25:17,110719,50.683490230,-123.492292992,674.181000000,20,0.217000000,0.164000000,0.436000000
21:25:18,110719,50.683490263,-123.492292978,674.191000000,20,0.217000000,0.164000000,0.436000000
21:25:19,110719,50.683490295,-123.492292973,674.202000000,20,0.217000000,0.164000000,0.436000000
21:25:20,110719,50.683490302,-123.492292990,674.214000000,20,0.215000000,0.162000000,0.431000000
21:25:21,110719,50.683490298,-123.492293010,674.221000000,20,0.215000000,0.162000000,0.431000000
21:25:22,110719,50.683490320,-123.492293062,674.232000000,20,0.215000000,0.162000000,0.431000000
21:25:23,110719,50.683490312,-123.492293042,674.232000000,20,0.211000000,0.159000000,0.423000000
21:25:24,110719,50.683490238,-123.492292952,674.224000000,20,0.211000000,0.159000000,0.423000000
21:25:25,110719,50.683490128,-123.492292803,674.204000000,20,0.211000000,0.159000000,0.423000000
21:25:26,110719,50.683490008,-123.492292732,674.189000000,20,0.210000000,0.158000000,0.420000000
21:25:27,110719,50.683490022,-123.492292693,674.178000000,20,0.210000000,0.158000000,0.420000000
21:25:28,110719,50.683490070,-123.492292680,674.169000000,20,0.210000000,0.158000000,0.420000000
21:25:29,110719,50.683490173,-123.492292708,674.169000000,20,0.211000000,0.159000000,0.423000000
21:25:30,110719,50.683490272,-123.492292763,674.176000000,20,0.211000000,0.159000000,0.423000000
21:25:31,110719,50.683490352,-123.492292818,674.185000000,20,0.211000000,0.159000000,0.423000000
21:25:32,110719,50.683490405,-123.492292832,674.188000000,20,0.212000000,0.160000000,0.426000000
21:25:33,110719,50.683490425,-123.492292873,674.203000000,20,0.212000000,0.160000000,0.426000000
21:25:34,110719,50.683490383,-123.492292900,674.206000000,20,0.212000000,0.160000000,0.426000000
21:25:35,110719,50.683490203,-123.492292855,674.191000000,20,0.210000000,0.159000000,0.422000000
21:25:36,110719,50.683490050,-123.492292810,674.181000000,20,0.210000000,0.159000000,0.422000000
21:25:37,110719,50.683489883,-123.492292768,674.174000000,20,0.210000000,0.159000000,0.422000000
21:25:38,110719,50.683489752,-123.492292732,674.168000000,20,0.212000000,0.160000000,0.425000000
