TIME,DATE(ddMMyy),LATITUDEGGA,LONGITUDEGGA,ALTITUDEGGA,NUMBERSAT,LATERR,LONGERR,ALTERR
18:55:34,110719,50.576067277,-123.520370828,1301.400000000,11,0.247000000,0.251000000,0.626000000
18:55:35,110719,50.576067087,-123.520370518,1301.391000000,11,0.247000000,0.251000000,0.625000000
18:55:36,110719,50.576066860,-123.520370198,1301.374000000,11,0.247000000,0.251000000,0.625000000
18:55:37,110719,50.576066532,-123.520369698,1301.368000000,12,0.246000000,0.244000000,0.575000000
18:55:38,110719,50.576066218,-123.520369350,1301.333000000,11,0.247000000,0.251000000,0.625000000
18:55:39,110719,50.576066010,-123.520369060,1301.295000000,11,0.247000000,0.251000000,0.625000000
18:55:40,110719,50.576065850,-123.520369017,1301.257000000,11,0.247000000,0.251000000,0.625000000
18:55:41,110719,50.576066030,-123.520369520,1301.215000000,11,0.247000000,0.251000000,0.625000000
18:55:42,110719,50.576065888,-123.520369490,1301.211000000,11,0.247000000,0.251000000,0.625000000
18:55:43,110719,50.576065973,-123.520369628,1301.232000000,11,0.247000000,0.251000000,0.625000000
18:55:44,110719,50.576066015,-123.520369808,1301.237000000,11,0.247000000,0.251000000,0.625000000
18:55:45,110719,50.576065972,-123.520369843,1301.213000000,11,0.247000000,0.251000000,0.625000000
18:55:46,110719,50.576065910,-123.520369780,1301.203000000,11,0.247000000,0.251000000,0.625000000
18:55:47,110719,50.576065857,-123.520369658,1301.183000000,11,0.247000000,0.251000000,0.625000000
18:55:48,110719,50.576065865,-123.520369693,1301.171000000,11,0.247000000,0.251000000,0.625000000
18:55:49,110719,50.576065972,-123.520369827,1301.167000000,11,0.247000000,0.251000000,0.625000000
18:55:50,110719,50.576065905,-123.520369775,1301.158000000,11,0.247000000,0.251000000,0.624000000
18:55:51,110719,50.576065868,-123.520369753,1301.137000000,11,0.247000000,0.251000000,0.624000000
18:55:52,110719,50.576065835,-123.520369735,1301.135000000,11,0.247000000,0.251000000,0.624000000
18:55:53,110719,50.576065983,-123.520369963,1301.151000000,11,0.247000000,0.251000000,0.624000000
18:55:54,110719,50.576066112,-123.520370192,1301.149000000,11,0.247000000,0.251000000,0.624000000
18:55:55,110719,50.576066177,-123.520370317,1301.151000000,11,0.247000000,0.251000000,0.624000000
18:55:56,110719,50.576066245,-123.520370460,1301.153000000,11,0.247000000,0.251000000,0.624000000
18:55:57,110719,50.576066335,-123.520370592,1301.148000000,11,0.247000000,0.251000000,0.624000000
18:55:58,110719,50.576066462,-123.520370798,1301.158000000,11,0.247000000,0.251000000,0.624000000
18:55:59,110719,50.576066593,-123.520370923,1301.163000000,11,0.247000000,0.251000000,0.624000000
18:56:00,110719,50.576066645,-123.520370920,1301.163000000,11,0.247000000,0.251000000,0.624000000
18:56:01,110719,50.576066652,-123.520370853,1301.160000000,11,0.247000000,0.251000000,0.624000000
18:56:02,110719,50.576066697,-123.520370917,1301.153000000,11,0.247000000,0.251000000,0.623000000
18:56:03,110719,50.576066713,-123.520370915,1301.140000000,11,0.247000000,0.251000000,0.623000000
18:56:04,110719,50.576066775,-123.520370960,1301.126000000,11,0.247000000,0.251000000,0.623000000
18:56:05,110719,50.576066825,-123.520371003,1301.121000000,11,0.247000000,0.251000000,0.623000000
18:56:06,110719,50.576066863,-123.520370975,1301.116000000,11,0.247000000,0.251000000,0.623000000
18:56:07,110719,50.576066930,-123.520370992,1301.111000000,11,0.247000000,0.251000000,0.623000000
18:56:08,110719,50.576067003,-123.520371028,1301.107000000,11,0.247000000,0.251000000,0.623000000
18:56:09,110719,50.576067080,-123.520371067,1301.107000000,11,0.247000000,0.251000000,0.623000000
18:56:10,110719,50.576067180,-123.520371182,1301.101000000,12,0.247000000,0.251000000,0.623000000
18:56:11,110719,50.576067265,-123.520371233,1301.092000000,12,0.246000000,0.243000000,0.574000000
18:56:12,110719,50.576067180,-123.520371007,1301.079000000,11,0.247000000,0.251000000,0.623000000
18:56:13,110719,50.576067167,-123.520370747,1301.059000000,12,0.246000000,0.243000000,0.574000000
18:56:14,110719,50.576067100,-123.520370532,1301.014000000,12,0.246000000,0.243000000,0.574000000
18:56:15,110719,50.576067113,-123.520370588,1300.956000000,10,0.260000000,0.284000000,0.662000000
18:56:16,110719,50.576067112,-123.520370555,1300.890000000,11,0.258000000,0.283000000,0.596000000
18:56:17,110719,50.576067013,-123.520370488,1300.831000000,10,0.260000000,0.284000000,0.661000000
18:56:18,110719,50.576066847,-123.520370362,1300.762000000,11,0.258000000,0.283000000,0.596000000
18:56:19,110719,50.576066647,-123.520370157,1300.714000000,11,0.258000000,0.283000000,0.596000000
18:56:20,110719,50.576066473,-123.520370045,1300.672000000,10,0.260000000,0.284000000,0.661000000
18:56:21,110719,50.576066327,-123.520369938,1300.643000000,12,0.348000000,0.343000000,0.811000000
18:56:22,110719,50.576066263,-123.520369890,1300.603000000,12,0.348000000,0.343000000,0.811000000
18:56:23,110719,50.576066233,-123.520369893,1300.576000000,12,0.348000000,0.343000000,0.811000000
18:56:24,110719,50.576066150,-123.520369812,1300.560000000,12,0.908000000,0.894000000,2.112000000
18:56:25,110719,50.576066153,-123.520369660,1300.573000000,12,0.908000000,0.894000000,2.112000000
18:56:26,110719,50.576066145,-123.520369535,1300.613000000,12,0.741000000,0.729000000,1.722000000
18:56:27,110719,50.576066130,-123.520369393,1300.637000000,12,0.741000000,0.729000000,1.722000000
18:56:28,110719,50.576066098,-123.520369258,1300.655000000,12,0.741000000,0.729000000,1.722000000
18:56:29,110719,50.576066120,-123.520369277,1300.654000000,12,0.476000000,0.468000000,1.106000000
18:56:30,110719,50.576066200,-123.520369368,1300.651000000,12,0.476000000,0.468000000,1.106000000
18:56:31,110719,50.576066218,-123.520369340,1300.644000000,12,0.476000000,0.468000000,1.106000000
18:56:32,110719,50.576066205,-123.520369220,1300.641000000,12,0.332000000,0.326000000,0.771000000
18:56:33,110719,50.576066283,-123.520369310,1300.655000000,12,0.332000000,0.326000000,0.771000000
18:56:34,110719,50.576066377,-123.520369408,1300.649000000,12,0.332000000,0.326000000,0.771000000
18:56:35,110719,50.576066463,-123.520369455,1300.652000000,12,0.247000000,0.242000000,0.573000000
18:56:36,110719,50.576066490,-123.520369477,1300.653000000,12,0.247000000,0.242000000,0.573000000
18:56:37,110719,50.576066497,-123.520369550,1300.654000000,12,0.247000000,0.242000000,0.573000000
18:56:38,110719,50.576066528,-123.520369608,1300.650000000,12,0.247000000,0.242000000,0.573000000
18:56:39,110719,50.576066542,-123.520369697,1300.654000000,12,0.247000000,0.242000000,0.573000000
18:56:40,110719,50.576066560,-123.520369745,1300.650000000,12,0.247000000,0.242000000,0.573000000
18:56:41,110719,50.576066593,-123.520369768,1300.655000000,12,0.247000000,0.242000000,0.573000000
18:56:42,110719,50.576066645,-123.520369805,1300.662000000,12,0.247000000,0.242000000,0.573000000
18:56:43,110719,50.576066748,-123.520369898,1300.663000000,12,0.247000000,0.242000000,0.573000000
18:56:44,110719,50.576066785,-123.520369963,1300.672000000,12,0.247000000,0.242000000,0.573000000
18:56:45,110719,50.576066803,-123.520370002,1300.670000000,11,0.247000000,0.250000000,0.620000000
18:56:46,110719,50.576066835,-123.520369995,1300.666000000,11,0.247000000,0.250000000,0.620000000
18:56:47,110719,50.576066847,-123.520369990,1300.658000000,11,0.247000000,0.250000000,0.620000000
18:56:48,110719,50.576066843,-123.520369933,1300.649000000,11,0.247000000,0.250000000,0.620000000
18:56:49,110719,50.576066858,-123.520369925,1300.635000000,11,0.247000000,0.250000000,0.620000000
18:56:50,110719,50.576066865,-123.520369872,1300.627000000,11,0.247000000,0.250000000,0.620000000
18:56:51,110719,50.576066873,-123.520369875,1300.619000000,11,0.247000000,0.250000000,0.620000000
18:56:52,110719,50.576066828,-123.520369823,1300.615000000,11,0.247000000,0.250000000,0.620000000
18:56:53,110719,50.576066790,-123.520369808,1300.617000000,11,0.247000000,0.250000000,0.620000000
18:56:54,110719,50.576066783,-123.520369825,1300.620000000,11,0.247000000,0.250000000,0.620000000
18:56:55,110719,50.576066775,-123.520369890,1300.622000000,11,0.247000000,0.250000000,0.620000000
18:56:56,110719,50.576066778,-123.520369933,1300.610000000,11,0.247000000,0.250000000,0.620000000
18:56:57,110719,50.576066775,-123.520369947,1300.614000000,11,0.247000000,0.250000000,0.619000000
18:56:58,110719,50.576066772,-123.520369892,1300.618000000,11,0.247000000,0.250000000,0.619000000
18:56:59,110719,50.576066790,-123.520369908,1300.617000000,11,0.247000000,0.250000000,0.619000000
18:57:00,110719,50.576066770,-123.520369853,1300.623000000,11,0.247000000,0.250000000,0.619000000
18:57:01,110719,50.576066755,-123.520369800,1300.628000000,11,0.247000000,0.250000000,0.619000000
18:57:02,110719,50.576066707,-123.520369750,1300.619000000,11,0.247000000,0.250000000,0.619000000
18:57:03,110719,50.576066640,-123.520369698,1300.627000000,11,0.247000000,0.250000000,0.619000000
18:57:04,110719,50.576066573,-123.520369632,1300.636000000,11,0.247000000,0.250000000,0.619000000
18:57:05,110719,50.576066490,-123.520369545,1300.629000000,11,0.247000000,0.250000000,0.619000000
18:57:06,110719,50.576066327,-123.520369367,1300.641000000,11,0.247000000,0.250000000,0.619000000
18:57:07,110719,50.576066165,-123.520369147,1300.661000000,11,0.247000000,0.250000000,0.619000000
18:57:08,110719,50.576066055,-123.520369050,1300.675000000,11,0.247000000,0.250000000,0.619000000
18:57:09,110719,50.576065997,-123.520368987,1300.685000000,11,0.247000000,0.250000000,0.619000000
18:57:10,110719,50.576065922,-123.520368847,1300.696000000,11,0.247000000,0.250000000,0.619000000
18:57:11,110719,50.576065835,-123.520368692,1300.710000000,11,0.247000000,0.250000000,0.619000000
18:57:12,110719,50.576065800,-123.520368618,1300.724000000,11,0.247000000,0.249000000,0.618000000
18:57:13,110719,50.576065777,-123.520368513,1300.737000000,11,0.247000000,0.249000000,0.618000000
18:57:14,110719,50.576065723,-123.520368425,1300.747000000,11,0.247000000,0.249000000,0.618000000
18:57:15,110719,50.576065692,-123.520368382,1300.750000000,11,0.247000000,0.249000000,0.618000000
18:57:16,110719,50.576065627,-123.520368308,1300.760000000,11,0.247000000,0.249000000,0.618000000
18:57:17,110719,50.576065572,-123.520368248,1300.768000000,11,0.247000000,0.249000000,0.618000000
18:57:18,110719,50.576065505,-123.520368162,1300.776000000,11,0.247000000,0.249000000,0.618000000
18:57:19,110719,50.576065422,-123.520368108,1300.794000000,11,0.247000000,0.249000000,0.618000000
18:57:20,110719,50.576065383,-123.520368050,1300.802000000,11,0.247000000,0.249000000,0.618000000
18:57:21,110719,50.576065360,-123.520367975,1300.806000000,11,0.247000000,0.249000000,0.618000000
18:57:22,110719,50.576065332,-123.520367875,1300.816000000,11,0.247000000,0.249000000,0.618000000
18:57:23,110719,50.576065335,-123.520367812,1300.825000000,11,0.247000000,0.249000000,0.618000000
18:57:24,110719,50.576065337,-123.520367780,1300.841000000,10,0.299000000,0.272000000,0.685000000
18:57:25,110719,50.576065335,-123.520367735,1300.855000000,10,0.299000000,0.272000000,0.685000000
18:57:26,110719,50.576065365,-123.520367777,1300.873000000,10,0.299000000,0.272000000,0.685000000
18:57:27,110719,50.576065427,-123.520367840,1300.879000000,10,0.299000000,0.272000000,0.685000000
18:57:28,110719,50.576065440,-123.520367840,1300.893000000,10,0.299000000,0.272000000,0.685000000
18:57:29,110719,50.576065458,-123.520367837,1300.904000000,10,0.299000000,0.272000000,0.685000000
18:57:30,110719,50.576065448,-123.520367845,1300.908000000,10,0.299000000,0.272000000,0.684000000
18:57:31,110719,50.576065452,-123.520367863,1300.906000000,10,0.299000000,0.272000000,0.684000000
18:57:32,110719,50.576065478,-123.520367840,1300.905000000,10,0.299000000,0.272000000,0.684000000
18:57:33,110719,50.576065482,-123.520367813,1300.903000000,10,0.299000000,0.272000000,0.684000000
18:57:34,110719,50.576065488,-123.520367835,1300.897000000,10,0.299000000,0.272000000,0.684000000
18:57:35,110719,50.576065533,-123.520367850,1300.894000000,10,0.299000000,0.272000000,0.684000000
18:57:36,110719,50.576065598,-123.520367868,1300.899000000,10,0.299000000,0.272000000,0.684000000
18:57:37,110719,50.576065662,-123.520367902,1300.900000000,10,0.299000000,0.272000000,0.684000000
18:57:38,110719,50.576065685,-123.520367923,1300.905000000,10,0.299000000,0.272000000,0.684000000
18:57:39,110719,50.576065757,-123.520367947,1300.907000000,10,0.299000000,0.272000000,0.683000000
18:57:40,110719,50.576065847,-123.520368063,1300.902000000,10,0.299000000,0.272000000,0.683000000
18:57:41,110719,50.576065903,-123.520368205,1300.904000000,10,0.299000000,0.272000000,0.683000000
18:57:42,110719,50.576065975,-123.520368387,1300.898000000,10,0.299000000,0.272000000,0.683000000
18:57:43,110719,50.576066062,-123.520368557,1300.892000000,10,0.299000000,0.272000000,0.683000000
18:57:44,110719,50.576066152,-123.520368727,1300.889000000,10,0.299000000,0.272000000,0.683000000
18:57:45,110719,50.576066195,-123.520368825,1300.895000000,10,0.299000000,0.272000000,0.683000000
18:57:46,110719,50.576066252,-123.520368923,1300.901000000,10,0.299000000,0.272000000,0.683000000
18:57:47,110719,50.576066287,-123.520369050,1300.894000000,10,0.299000000,0.272000000,0.683000000
18:57:48,110719,50.576066288,-123.520369082,1300.898000000,10,0.299000000,0.272000000,0.682000000
18:57:49,110719,50.576066293,-123.520369032,1300.905000000,10,0.299000000,0.272000000,0.682000000
18:57:50,110719,50.576066350,-123.520369037,1300.912000000,10,0.299000000,0.272000000,0.682000000
18:57:51,110719,50.576066385,-123.520369052,1300.921000000,10,0.299000000,0.272000000,0.682000000
18:57:52,110719,50.576066442,-123.520369100,1300.908000000,10,0.299000000,0.272000000,0.682000000
18:57:53,110719,50.576066458,-123.520369122,1300.905000000,11,0.247000000,0.249000000,0.615000000
18:57:54,110719,50.576066477,-123.520369120,1300.903000000,11,0.247000000,0.249000000,0.615000000
18:57:55,110719,50.576066487,-123.520369083,1300.912000000,11,0.247000000,0.249000000,0.615000000
18:57:56,110719,50.576066565,-123.520369117,1300.908000000,11,0.247000000,0.249000000,0.615000000
18:57:57,110719,50.576066565,-123.520369173,1300.909000000,11,0.247000000,0.249000000,0.615000000
18:57:58,110719,50.576066592,-123.520369175,1300.906000000,11,0.247000000,0.249000000,0.615000000
18:57:59,110719,50.576066642,-123.520369218,1300.909000000,11,0.247000000,0.249000000,0.615000000
18:58:00,110719,50.576066708,-123.520369337,1300.904000000,11,0.247000000,0.249000000,0.615000000
18:58:01,110719,50.576066762,-123.520369412,1300.905000000,11,0.247000000,0.249000000,0.615000000
18:58:02,110719,50.576066823,-123.520369518,1300.906000000,11,0.247000000,0.249000000,0.615000000
18:58:03,110719,50.576066860,-123.520369608,1300.910000000,11,0.247000000,0.249000000,0.615000000
18:58:04,110719,50.576066917,-123.520369737,1300.904000000,11,0.247000000,0.249000000,0.615000000
18:58:05,110719,50.576066968,-123.520369827,1300.896000000,11,0.248000000,0.249000000,0.614000000
18:58:06,110719,50.576066942,-123.520369893,1300.891000000,11,0.248000000,0.249000000,0.614000000
18:58:07,110719,50.576066945,-123.520369925,1300.883000000,11,0.248000000,0.249000000,0.614000000
18:58:08,110719,50.576066922,-123.520369977,1300.886000000,11,0.248000000,0.248000000,0.614000000
18:58:09,110719,50.576066920,-123.520370028,1300.882000000,11,0.248000000,0.248000000,0.614000000
18:58:10,110719,50.576066957,-123.520370140,1300.876000000,11,0.248000000,0.248000000,0.614000000
18:58:11,110719,50.576066985,-123.520370247,1300.876000000,11,0.248000000,0.248000000,0.614000000
18:58:12,110719,50.576067025,-123.520370317,1300.877000000,11,0.248000000,0.248000000,0.614000000
18:58:13,110719,50.576067073,-123.520370417,1300.878000000,11,0.248000000,0.248000000,0.614000000
18:58:14,110719,50.576067075,-123.520370472,1300.891000000,11,0.248000000,0.248000000,0.614000000
18:58:15,110719,50.576067105,-123.520370592,1300.874000000,11,0.248000000,0.248000000,0.614000000
18:58:16,110719,50.576067127,-123.520370642,1300.867000000,11,0.248000000,0.248000000,0.614000000
18:58:17,110719,50.576067160,-123.520370645,1300.867000000,11,0.248000000,0.248000000,0.613000000
18:58:18,110719,50.576067173,-123.520370647,1300.878000000,11,0.248000000,0.248000000,0.613000000
18:58:19,110719,50.576067188,-123.520370627,1300.885000000,11,0.248000000,0.248000000,0.613000000
18:58:20,110719,50.576067200,-123.520370553,1300.898000000,11,0.248000000,0.248000000,0.613000000
18:58:21,110719,50.576067242,-123.520370517,1300.912000000,11,0.248000000,0.248000000,0.613000000
18:58:22,110719,50.576067220,-123.520370425,1300.917000000,11,0.248000000,0.248000000,0.613000000
18:58:23,110719,50.576067195,-123.520370378,1300.921000000,11,0.248000000,0.248000000,0.613000000
18:58:24,110719,50.576067200,-123.520370338,1300.927000000,11,0.248000000,0.248000000,0.613000000
18:58:25,110719,50.576067218,-123.520370313,1300.934000000,11,0.248000000,0.248000000,0.613000000
18:58:26,110719,50.576067270,-123.520370267,1300.949000000,11,0.248000000,0.248000000,0.613000000
18:58:27,110719,50.576067302,-123.520370218,1300.973000000,11,0.248000000,0.248000000,0.613000000
18:58:28,110719,50.576067313,-123.520370190,1300.988000000,11,0.248000000,0.248000000,0.613000000
18:58:29,110719,50.576067287,-123.520370137,1301.004000000,12,0.247000000,0.239000000,0.568000000
18:58:30,110719,50.576067238,-123.520370153,1301.007000000,12,0.247000000,0.239000000,0.568000000
18:58:31,110719,50.576067245,-123.520370130,1301.013000000,12,0.247000000,0.239000000,0.568000000
18:58:32,110719,50.576067230,-123.520370072,1301.030000000,12,0.247000000,0.239000000,0.568000000
18:58:33,110719,50.576067257,-123.520370075,1301.026000000,12,0.247000000,0.239000000,0.568000000
18:58:34,110719,50.576067277,-123.520370077,1301.038000000,12,0.247000000,0.239000000,0.568000000
18:58:35,110719,50.576067292,-123.520370078,1301.040000000,12,0.247000000,0.239000000,0.568000000
18:58:36,110719,50.576067253,-123.520369947,1301.062000000,12,0.247000000,0.239000000,0.568000000
18:58:37,110719,50.576067210,-123.520369722,1301.087000000,12,0.247000000,0.239000000,0.568000000
18:58:38,110719,50.576067148,-123.520369485,1301.117000000,12,0.247000000,0.239000000,0.568000000
18:58:39,110719,50.576067108,-123.520369238,1301.154000000,12,0.247000000,0.239000000,0.568000000
18:58:40,110719,50.576067067,-123.520369082,1301.184000000,12,0.247000000,0.239000000,0.568000000
18:58:41,110719,50.576067025,-123.520368883,1301.221000000,12,0.247000000,0.239000000,0.568000000
18:58:42,110719,50.576067010,-123.520368592,1301.292000000,12,0.247000000,0.239000000,0.568000000
18:58:43,110719,50.576067007,-123.520368292,1301.362000000,12,0.247000000,0.239000000,0.568000000
18:58:44,110719,50.576066968,-123.520367913,1301.433000000,11,0.262000000,0.248000000,0.568000000
18:58:45,110719,50.576066902,-123.520367407,1301.516000000,11,0.262000000,0.248000000,0.568000000
18:58:46,110719,50.576066905,-123.520367080,1301.574000000,10,0.267000000,0.248000000,0.616000000
18:58:47,110719,50.576066890,-123.520366718,1301.637000000,10,0.267000000,0.248000000,0.616000000
18:58:48,110719,50.576066837,-123.520366293,1301.697000000,10,0.267000000,0.248000000,0.616000000
18:58:49,110719,50.576066760,-123.520365893,1301.754000000,10,0.267000000,0.248000000,0.616000000
18:58:50,110719,50.576066728,-123.520365582,1301.798000000,10,0.267000000,0.248000000,0.616000000
18:58:51,110719,50.576066692,-123.520365228,1301.852000000,10,0.267000000,0.248000000,0.616000000
18:58:52,110719,50.576066698,-123.520365087,1301.874000000,10,0.267000000,0.248000000,0.616000000
18:58:53,110719,50.576066688,-123.520364902,1301.922000000,10,0.267000000,0.248000000,0.616000000
18:58:54,110719,50.576066662,-123.520364575,1301.992000000,10,0.267000000,0.248000000,0.616000000
18:58:55,110719,50.576066695,-123.520364358,1302.035000000,10,0.267000000,0.248000000,0.616000000
18:58:56,110719,50.576066762,-123.520364298,1302.061000000,10,0.267000000,0.248000000,0.616000000
18:58:57,110719,50.576066792,-123.520364208,1302.092000000,10,0.267000000,0.248000000,0.616000000
18:58:58,110719,50.576066780,-123.520363942,1302.132000000,10,0.267000000,0.248000000,0.616000000
18:58:59,110719,50.576066772,-123.520363727,1302.173000000,10,0.267000000,0.248000000,0.616000000
18:59:00,110719,50.576066780,-123.520363535,1302.207000000,11,0.262000000,0.247000000,0.567000000
18:59:01,110719,50.576066835,-123.520363445,1302.218000000,11,0.262000000,0.247000000,0.567000000
18:59:02,110719,50.576066817,-123.520363323,1302.224000000,11,0.262000000,0.247000000,0.567000000
18:59:03,110719,50.576066842,-123.520363312,1302.239000000,11,0.262000000,0.247000000,0.567000000
18:59:04,110719,50.576066838,-123.520363285,1302.241000000,11,0.262000000,0.247000000,0.567000000
18:59:05,110719,50.576066842,-123.520363262,1302.242000000,11,0.262000000,0.247000000,0.567000000
18:59:06,110719,50.576066872,-123.520363308,1302.235000000,11,0.262000000,0.247000000,0.567000000
18:59:07,110719,50.576066862,-123.520363320,1302.236000000,11,0.262000000,0.247000000,0.567000000
18:59:08,110719,50.576066855,-123.520363297,1302.236000000,11,0.262000000,0.247000000,0.567000000
18:59:09,110719,50.576066877,-123.520363347,1302.227000000,11,0.262000000,0.247000000,0.567000000
18:59:10,110719,50.576066893,-123.520363312,1302.227000000,11,0.262000000,0.247000000,0.567000000
18:59:11,110719,50.576066888,-123.520363308,1302.221000000,11,0.262000000,0.247000000,0.567000000
18:59:12,110719,50.576066948,-123.520363472,1302.204000000,11,0.262000000,0.247000000,0.567000000
18:59:13,110719,50.576066973,-123.520363613,1302.192000000,11,0.262000000,0.247000000,0.567000000
18:59:14,110719,50.576067012,-123.520363747,1302.178000000,11,0.262000000,0.247000000,0.567000000
18:59:15,110719,50.576067032,-123.520363855,1302.170000000,11,0.262000000,0.247000000,0.567000000
18:59:16,110719,50.576067088,-123.520364040,1302.148000000,11,0.262000000,0.247000000,0.567000000
18:59:17,110719,50.576067128,-123.520364225,1302.143000000,11,0.262000000,0.247000000,0.567000000
18:59:18,110719,50.576067145,-123.520364260,1302.135000000,11,0.262000000,0.247000000,0.567000000
18:59:19,110719,50.576067145,-123.520364348,1302.133000000,11,0.262000000,0.247000000,0.566000000
18:59:20,110719,50.576067178,-123.520364468,1302.121000000,12,0.248000000,0.238000000,0.566000000
18:59:21,110719,50.576067200,-123.520364600,1302.099000000,12,0.248000000,0.238000000,0.566000000
18:59:22,110719,50.576067237,-123.520364735,1302.071000000,11,0.262000000,0.247000000,0.566000000
18:59:23,110719,50.576067312,-123.520364863,1302.051000000,12,0.248000000,0.238000000,0.566000000
18:59:24,110719,50.576067422,-123.520365092,1302.030000000,12,0.248000000,0.238000000,0.566000000
18:59:25,110719,50.576067520,-123.520365383,1302.002000000,12,0.248000000,0.238000000,0.566000000
18:59:26,110719,50.576067565,-123.520365552,1301.991000000,12,0.248000000,0.237000000,0.566000000
18:59:27,110719,50.576067612,-123.520365758,1301.964000000,12,0.248000000,0.237000000,0.566000000
18:59:28,110719,50.576067633,-123.520365867,1301.948000000,12,0.248000000,0.237000000,0.566000000
18:59:29,110719,50.576067682,-123.520365972,1301.922000000,11,0.262000000,0.247000000,0.566000000
18:59:30,110719,50.576067735,-123.520366120,1301.907000000,11,0.262000000,0.247000000,0.566000000
18:59:31,110719,50.576067767,-123.520366255,1301.887000000,11,0.262000000,0.247000000,0.566000000
18:59:32,110719,50.576067787,-123.520366392,1301.872000000,11,0.262000000,0.247000000,0.566000000
18:59:33,110719,50.576067782,-123.520366433,1301.862000000,11,0.262000000,0.247000000,0.566000000
18:59:34,110719,50.576067795,-123.520366500,1301.860000000,11,0.262000000,0.247000000,0.566000000
18:59:35,110719,50.576067787,-123.520366468,1301.862000000,11,0.262000000,0.247000000,0.566000000
18:59:36,110719,50.576067803,-123.520366437,1301.863000000,11,0.262000000,0.247000000,0.566000000
18:59:37,110719,50.576067795,-123.520366462,1301.864000000,11,0.262000000,0.247000000,0.566000000
18:59:38,110719,50.576067843,-123.520366508,1301.849000000,11,0.262000000,0.247000000,0.566000000
18:59:39,110719,50.576067852,-123.520366538,1301.839000000,11,0.262000000,0.247000000,0.566000000
18:59:40,110719,50.576067828,-123.520366552,1301.842000000,11,0.262000000,0.247000000,0.566000000
18:59:41,110719,50.576067838,-123.520366593,1301.846000000,11,0.262000000,0.247000000,0.565000000
18:59:42,110719,50.576067850,-123.520366658,1301.859000000,11,0.262000000,0.247000000,0.565000000
18:59:43,110719,50.576067907,-123.520366753,1301.850000000,11,0.262000000,0.247000000,0.565000000
18:59:44,110719,50.576068010,-123.520366923,1301.838000000,11,0.262000000,0.247000000,0.565000000
18:59:45,110719,50.576068070,-123.520367033,1301.852000000,11,0.262000000,0.247000000,0.565000000
18:59:46,110719,50.576068117,-123.520366927,1301.847000000,11,0.262000000,0.247000000,0.565000000
18:59:47,110719,50.576068163,-123.520367067,1301.851000000,11,0.262000000,0.246000000,0.565000000
18:59:48,110719,50.576068195,-123.520367067,1301.835000000,11,0.262000000,0.246000000,0.565000000
18:59:49,110719,50.576068192,-123.520367035,1301.818000000,11,0.262000000,0.246000000,0.565000000
18:59:50,110719,50.576068250,-123.520367183,1301.798000000,11,0.262000000,0.246000000,0.565000000
18:59:51,110719,50.576068248,-123.520367195,1301.795000000,11,0.262000000,0.246000000,0.565000000
18:59:52,110719,50.576068245,-123.520367297,1301.791000000,11,0.262000000,0.246000000,0.565000000
18:59:53,110719,50.576068270,-123.520367343,1301.784000000,11,0.262000000,0.246000000,0.565000000
18:59:54,110719,50.576068262,-123.520367278,1301.787000000,10,0.266000000,0.247000000,0.616000000
18:59:55,110719,50.576068280,-123.520367293,1301.779000000,9,0.350000000,0.284000000,0.670000000
18:59:56,110719,50.576068335,-123.520367302,1301.769000000,9,0.350000000,0.284000000,0.670000000
18:59:57,110719,50.576068372,-123.520367315,1301.779000000,9,0.350000000,0.284000000,0.670000000
18:59:58,110719,50.576068295,-123.520367148,1301.782000000,9,0.349000000,0.284000000,0.670000000
18:59:59,110719,50.576068267,-123.520367003,1301.786000000,9,0.349000000,0.284000000,0.670000000
19:00:00,110719,50.576068242,-123.520366930,1301.788000000,9,0.349000000,0.284000000,0.670000000
19:00:01,110719,50.576068218,-123.520366883,1301.799000000,10,0.349000000,0.284000000,0.670000000
19:00:02,110719,50.576068225,-123.520366820,1301.806000000,10,0.297000000,0.254000000,0.658000000
19:00:03,110719,50.576068178,-123.520366730,1301.824000000,10,0.297000000,0.254000000,0.658000000
19:00:04,110719,50.576068118,-123.520366563,1301.840000000,10,0.297000000,0.254000000,0.657000000
19:00:05,110719,50.576068092,-123.520366468,1301.858000000,10,0.297000000,0.254000000,0.657000000
19:00:06,110719,50.576068097,-123.520366317,1301.887000000,10,0.297000000,0.254000000,0.657000000
19:00:07,110719,50.576068097,-123.520366127,1301.921000000,10,0.297000000,0.254000000,0.657000000
19:00:08,110719,50.576068092,-123.520365992,1301.947000000,10,0.297000000,0.254000000,0.657000000
19:00:09,110719,50.576068073,-123.520365772,1301.990000000,10,0.297000000,0.254000000,0.657000000
19:00:10,110719,50.576068133,-123.520365565,1302.012000000,10,0.303000000,0.259000000,0.670000000
19:00:11,110719,50.576068127,-123.520365310,1302.044000000,10,0.303000000,0.259000000,0.670000000
19:00:12,110719,50.576068172,-123.520365057,1302.077000000,10,0.303000000,0.259000000,0.670000000
19:00:13,110719,50.576068165,-123.520364827,1302.107000000,10,0.350000000,0.299000000,0.775000000
19:00:14,110719,50.576068148,-123.520364593,1302.147000000,10,0.350000000,0.299000000,0.775000000
19:00:15,110719,50.576068127,-123.520364347,1302.184000000,10,0.350000000,0.299000000,0.775000000
19:00:16,110719,50.576068095,-123.520364083,1302.228000000,10,0.361000000,0.309000000,0.800000000
19:00:17,110719,50.576067998,-123.520363795,1302.257000000,10,0.361000000,0.309000000,0.800000000
19:00:18,110719,50.576067917,-123.520363497,1302.277000000,10,0.361000000,0.309000000,0.800000000
19:00:19,110719,50.576067870,-123.520363343,1302.277000000,10,0.365000000,0.312000000,0.808000000
19:00:20,110719,50.576067847,-123.520363232,1302.286000000,10,0.365000000,0.312000000,0.808000000
19:00:21,110719,50.576067835,-123.520363107,1302.296000000,10,0.365000000,0.312000000,0.808000000
19:00:22,110719,50.576067847,-123.520362973,1302.306000000,11,0.386000000,0.330000000,0.856000000
19:00:23,110719,50.576067863,-123.520362920,1302.311000000,11,0.330000000,0.310000000,0.807000000
19:00:24,110719,50.576067888,-123.520362933,1302.301000000,12,0.330000000,0.310000000,0.807000000
19:00:25,110719,50.576067872,-123.520362852,1302.307000000,12,0.349000000,0.333000000,0.794000000
19:00:26,110719,50.576067823,-123.520362755,1302.309000000,12,0.349000000,0.333000000,0.794000000
19:00:27,110719,50.576067798,-123.520362685,1302.307000000,12,0.349000000,0.333000000,0.794000000
19:00:28,110719,50.576067788,-123.520362655,1302.312000000,12,0.248000000,0.236000000,0.563000000
19:00:29,110719,50.576067775,-123.520362595,1302.325000000,12,0.248000000,0.236000000,0.563000000
19:00:30,110719,50.576067797,-123.520362640,1302.330000000,12,0.248000000,0.236000000,0.563000000
19:00:31,110719,50.576067832,-123.520362620,1302.341000000,12,0.248000000,0.236000000,0.563000000
19:00:32,110719,50.576067862,-123.520362573,1302.353000000,12,0.248000000,0.236000000,0.563000000
19:00:33,110719,50.576067925,-123.520362537,1302.354000000,12,0.248000000,0.236000000,0.563000000
19:00:34,110719,50.576067963,-123.520362528,1302.359000000,12,0.248000000,0.236000000,0.563000000
19:00:35,110719,50.576068007,-123.520362470,1302.360000000,12,0.248000000,0.236000000,0.563000000
19:00:36,110719,50.576068020,-123.520362342,1302.359000000,12,0.248000000,0.236000000,0.563000000
19:00:37,110719,50.576068032,-123.520362225,1302.354000000,12,0.248000000,0.236000000,0.563000000
19:00:38,110719,50.576068028,-123.520362152,1302.356000000,12,0.248000000,0.236000000,0.563000000
19:00:39,110719,50.576068010,-123.520362100,1302.354000000,12,0.248000000,0.236000000,0.563000000
19:00:40,110719,50.576068005,-123.520362040,1302.350000000,12,0.248000000,0.236000000,0.563000000
19:00:41,110719,50.576068002,-123.520362023,1302.349000000,12,0.248000000,0.236000000,0.563000000
19:00:42,110719,50.576068022,-123.520362107,1302.340000000,12,0.248000000,0.236000000,0.563000000
19:00:43,110719,50.576067975,-123.520362130,1302.334000000,12,0.248000000,0.236000000,0.563000000
19:00:44,110719,50.576067933,-123.520362215,1302.321000000,12,0.248000000,0.236000000,0.563000000
19:00:45,110719,50.576067927,-123.520362277,1302.309000000,12,0.248000000,0.236000000,0.563000000
19:00:46,110719,50.576067950,-123.520362378,1302.298000000,12,0.248000000,0.235000000,0.562000000
19:00:47,110719,50.576067983,-123.520362488,1302.281000000,12,0.248000000,0.235000000,0.562000000
19:00:48,110719,50.576068017,-123.520362580,1302.268000000,12,0.248000000,0.235000000,0.562000000
19:00:49,110719,50.576068012,-123.520362710,1302.256000000,12,0.248000000,0.235000000,0.562000000
19:00:50,110719,50.576068045,-123.520362848,1302.237000000,12,0.248000000,0.235000000,0.562000000
19:00:51,110719,50.576068042,-123.520362958,1302.230000000,12,0.248000000,0.235000000,0.562000000
19:00:52,110719,50.576068073,-123.520363133,1302.217000000,12,0.248000000,0.235000000,0.562000000
19:00:53,110719,50.576068112,-123.520363260,1302.215000000,12,0.248000000,0.235000000,0.562000000
19:00:54,110719,50.576068147,-123.520363302,1302.219000000,12,0.248000000,0.235000000,0.562000000
19:00:55,110719,50.576068137,-123.520363308,1302.221000000,12,0.248000000,0.235000000,0.562000000
19:00:56,110719,50.576068195,-123.520363430,1302.219000000,12,0.248000000,0.235000000,0.562000000
19:00:57,110719,50.576068240,-123.520363513,1302.216000000,12,0.248000000,0.235000000,0.562000000
19:00:58,110719,50.576068313,-123.520363598,1302.209000000,12,0.248000000,0.235000000,0.562000000
19:00:59,110719,50.576068362,-123.520363670,1302.209000000,12,0.248000000,0.235000000,0.562000000
19:01:00,110719,50.576068402,-123.520363738,1302.206000000,12,0.248000000,0.235000000,0.562000000
19:01:01,110719,50.576068428,-123.520363808,1302.205000000,12,0.248000000,0.235000000,0.562000000
19:01:02,110719,50.576068470,-123.520363855,1302.200000000,12,0.248000000,0.235000000,0.562000000
19:01:03,110719,50.576068458,-123.520363905,1302.191000000,12,0.248000000,0.235000000,0.562000000
19:01:04,110719,50.576068475,-123.520363998,1302.187000000,12,0.248000000,0.235000000,0.562000000
19:01:05,110719,50.576068468,-123.520364100,1302.184000000,12,0.248000000,0.235000000,0.562000000
19:01:06,110719,50.576068473,-123.520364248,1302.170000000,12,0.248000000,0.235000000,0.562000000
19:01:07,110719,50.576068492,-123.520364362,1302.154000000,12,0.248000000,0.235000000,0.561000000
19:01:08,110719,50.576068477,-123.520364480,1302.139000000,12,0.248000000,0.235000000,0.561000000
19:01:09,110719,50.576068512,-123.520364577,1302.122000000,12,0.248000000,0.235000000,0.561000000
19:01:10,110719,50.576068543,-123.520364695,1302.101000000,12,0.248000000,0.235000000,0.561000000
19:01:11,110719,50.576068593,-123.520364802,1302.077000000,12,0.248000000,0.235000000,0.561000000
19:01:12,110719,50.576068620,-123.520364892,1302.060000000,12,0.248000000,0.235000000,0.561000000
19:01:13,110719,50.576068667,-123.520364993,1302.043000000,12,0.248000000,0.235000000,0.561000000
19:01:14,110719,50.576068705,-123.520365072,1302.030000000,12,0.248000000,0.235000000,0.561000000
19:01:15,110719,50.576068708,-123.520365105,1302.021000000,13,0.219000000,0.188000000,0.427000000
19:01:16,110719,50.576068720,-123.520365163,1302.003000000,13,0.219000000,0.188000000,0.427000000
19:01:17,110719,50.576068712,-123.520365205,1301.998000000,13,0.219000000,0.188000000,0.427000000
19:01:18,110719,50.576068690,-123.520365227,1301.984000000,13,0.219000000,0.188000000,0.427000000
19:01:19,110719,50.576068662,-123.520365218,1301.975000000,13,0.219000000,0.188000000,0.427000000
19:01:20,110719,50.576068652,-123.520365245,1301.964000000,13,0.219000000,0.188000000,0.427000000
19:01:21,110719,50.576068655,-123.520365287,1301.957000000,13,0.220000000,0.188000000,0.427000000
19:01:22,110719,50.576068650,-123.520365300,1301.952000000,13,0.220000000,0.188000000,0.427000000
19:01:23,110719,50.576068658,-123.520365290,1301.946000000,13,0.220000000,0.188000000,0.427000000
19:01:24,110719,50.576068727,-123.520365357,1301.939000000,13,0.220000000,0.188000000,0.427000000
19:01:25,110719,50.576068762,-123.520365327,1301.939000000,13,0.220000000,0.188000000,0.427000000
19:01:26,110719,50.576068810,-123.520365293,1301.949000000,13,0.220000000,0.188000000,0.427000000
19:01:27,110719,50.576068775,-123.520365225,1301.970000000,13,0.220000000,0.188000000,0.427000000
19:01:28,110719,50.576068702,-123.520365137,1302.002000000,13,0.220000000,0.188000000,0.427000000
19:01:29,110719,50.576068543,-123.520365070,1302.024000000,12,0.228000000,0.192000000,0.467000000
19:01:30,110719,50.576068377,-123.520365012,1302.044000000,12,0.228000000,0.192000000,0.467000000
19:01:31,110719,50.576068270,-123.520364910,1302.065000000,13,0.224000000,0.165000000,0.386000000
19:01:32,110719,50.576068175,-123.520364827,1302.093000000,13,0.224000000,0.165000000,0.386000000
19:01:33,110719,50.576068047,-123.520364743,1302.119000000,13,0.224000000,0.165000000,0.386000000
19:01:34,110719,50.576067930,-123.520364680,1302.128000000,13,0.520000000,0.383000000,0.894000000
19:01:35,110719,50.576067857,-123.520364633,1302.149000000,13,0.520000000,0.383000000,0.894000000
19:01:36,110719,50.576067782,-123.520364572,1302.168000000,13,0.520000000,0.383000000,0.894000000
19:01:37,110719,50.576067725,-123.520364538,1302.179000000,13,0.577000000,0.426000000,0.993000000
19:01:38,110719,50.576067713,-123.520364500,1302.185000000,13,0.577000000,0.426000000,0.993000000
19:01:39,110719,50.576067672,-123.520364465,1302.195000000,13,0.577000000,0.426000000,0.993000000
19:01:40,110719,50.576067647,-123.520364398,1302.194000000,13,0.554000000,0.408000000,0.953000000
19:01:41,110719,50.576067680,-123.520364307,1302.197000000,13,0.554000000,0.408000000,0.953000000
19:01:42,110719,50.576067737,-123.520364207,1302.198000000,13,0.554000000,0.408000000,0.953000000
19:01:43,110719,50.576067780,-123.520364062,1302.198000000,13,0.590000000,0.435000000,1.015000000
19:01:44,110719,50.576067805,-123.520363935,1302.196000000,13,0.590000000,0.435000000,1.015000000
19:01:45,110719,50.576067812,-123.520363840,1302.188000000,13,0.590000000,0.435000000,1.015000000
19:01:46,110719,50.576067827,-123.520363762,1302.192000000,13,0.618000000,0.456000000,1.064000000
19:01:47,110719,50.576067855,-123.520363628,1302.192000000,13,0.618000000,0.456000000,1.064000000
19:01:48,110719,50.576067892,-123.520363523,1302.182000000,13,0.618000000,0.456000000,1.064000000
19:01:49,110719,50.576067900,-123.520363437,1302.185000000,13,0.512000000,0.377000000,0.880000000
19:01:50,110719,50.576067902,-123.520363348,1302.184000000,13,0.512000000,0.377000000,0.880000000
19:01:51,110719,50.576067912,-123.520363300,1302.186000000,13,0.512000000,0.377000000,0.880000000
19:01:52,110719,50.576067910,-123.520363278,1302.181000000,12,0.433000000,0.399000000,0.910000000
19:01:53,110719,50.576067898,-123.520363292,1302.184000000,12,0.433000000,0.399000000,0.910000000
19:01:54,110719,50.576067885,-123.520363303,1302.196000000,12,0.433000000,0.399000000,0.910000000
19:01:55,110719,50.576067882,-123.520363328,1302.207000000,12,0.297000000,0.274000000,0.626000000
19:01:56,110719,50.576067887,-123.520363353,1302.207000000,12,0.297000000,0.274000000,0.626000000
19:01:57,110719,50.576067867,-123.520363325,1302.207000000,12,0.297000000,0.274000000,0.626000000
19:01:58,110719,50.576067880,-123.520363325,1302.207000000,12,0.243000000,0.224000000,0.511000000
19:01:59,110719,50.576067867,-123.520363270,1302.213000000,12,0.243000000,0.224000000,0.511000000
19:02:00,110719,50.576067853,-123.520363315,1302.216000000,12,0.243000000,0.224000000,0.511000000
19:02:01,110719,50.576067850,-123.520363293,1302.213000000,11,0.252000000,0.234000000,0.617000000
19:02:02,110719,50.576067825,-123.520363267,1302.209000000,11,0.252000000,0.234000000,0.617000000
19:02:03,110719,50.576067790,-123.520363278,1302.210000000,11,0.252000000,0.234000000,0.617000000
19:02:04,110719,50.576067757,-123.520363257,1302.211000000,11,0.252000000,0.234000000,0.617000000
19:02:05,110719,50.576067735,-123.520363237,1302.219000000,11,0.252000000,0.234000000,0.617000000
19:02:06,110719,50.576067737,-123.520363193,1302.228000000,11,0.252000000,0.234000000,0.617000000
19:02:07,110719,50.576067768,-123.520363205,1302.234000000,11,0.252000000,0.234000000,0.617000000
19:02:08,110719,50.576067767,-123.520363197,1302.247000000,11,0.252000000,0.234000000,0.617000000
19:02:09,110719,50.576067787,-123.520363238,1302.252000000,11,0.252000000,0.234000000,0.617000000
19:02:10,110719,50.576067802,-123.520363220,1302.257000000,11,0.252000000,0.234000000,0.617000000
19:02:11,110719,50.576067790,-123.520363190,1302.255000000,11,0.252000000,0.234000000,0.617000000
19:02:12,110719,50.576067772,-123.520363165,1302.250000000,11,0.252000000,0.234000000,0.617000000
19:02:13,110719,50.576067812,-123.520363167,1302.249000000,11,0.252000000,0.234000000,0.617000000
19:02:14,110719,50.576067788,-123.520363145,1302.248000000,11,0.252000000,0.234000000,0.617000000
19:02:15,110719,50.576067757,-123.520363138,1302.232000000,11,0.252000000,0.234000000,0.617000000
19:02:16,110719,50.576067730,-123.520363143,1302.227000000,11,0.252000000,0.234000000,0.617000000
19:02:17,110719,50.576067687,-123.520363168,1302.214000000,11,0.252000000,0.234000000,0.617000000
19:02:18,110719,50.576067642,-123.520363180,1302.206000000,11,0.252000000,0.234000000,0.617000000
19:02:19,110719,50.576067613,-123.520363180,1302.191000000,11,0.252000000,0.234000000,0.617000000
19:02:20,110719,50.576067583,-123.520363235,1302.189000000,11,0.252000000,0.234000000,0.617000000
19:02:21,110719,50.576067568,-123.520363313,1302.185000000,11,0.252000000,0.234000000,0.617000000
19:02:22,110719,50.576067558,-123.520363332,1302.188000000,11,0.252000000,0.234000000,0.617000000
19:02:23,110719,50.576067557,-123.520363378,1302.189000000,11,0.252000000,0.234000000,0.617000000
19:02:24,110719,50.576067523,-123.520363363,1302.188000000,11,0.252000000,0.234000000,0.617000000
19:02:25,110719,50.576067555,-123.520363443,1302.184000000,11,0.252000000,0.234000000,0.617000000
19:02:26,110719,50.576067577,-123.520363498,1302.188000000,11,0.252000000,0.234000000,0.617000000
19:02:27,110719,50.576067582,-123.520363548,1302.187000000,11,0.252000000,0.234000000,0.617000000
19:02:28,110719,50.576067597,-123.520363552,1302.179000000,11,0.252000000,0.234000000,0.617000000
19:02:29,110719,50.576067612,-123.520363552,1302.185000000,11,0.252000000,0.234000000,0.617000000
19:02:30,110719,50.576067617,-123.520363535,1302.184000000,11,0.252000000,0.234000000,0.617000000
19:02:31,110719,50.576067622,-123.520363488,1302.188000000,11,0.252000000,0.234000000,0.617000000
19:02:32,110719,50.576067658,-123.520363425,1302.194000000,11,0.252000000,0.234000000,0.617000000
19:02:33,110719,50.576067715,-123.520363397,1302.200000000,12,0.229000000,0.193000000,0.468000000
19:02:34,110719,50.576067733,-123.520363383,1302.215000000,12,0.229000000,0.193000000,0.468000000
19:02:35,110719,50.576067802,-123.520363360,1302.212000000,12,0.229000000,0.193000000,0.468000000
19:02:36,110719,50.576067812,-123.520363402,1302.217000000,12,0.229000000,0.193000000,0.468000000
19:02:37,110719,50.576067828,-123.520363422,1302.221000000,11,0.243000000,0.205000000,0.468000000
19:02:38,110719,50.576067862,-123.520363397,1302.232000000,11,0.243000000,0.205000000,0.468000000
19:02:39,110719,50.576067872,-123.520363395,1302.231000000,11,0.243000000,0.205000000,0.468000000
19:02:40,110719,50.576067880,-123.520363442,1302.221000000,11,0.243000000,0.205000000,0.468000000
19:02:41,110719,50.576067852,-123.520363488,1302.212000000,12,0.235000000,0.200000000,0.426000000
19:02:42,110719,50.576067837,-123.520363567,1302.204000000,12,0.235000000,0.200000000,0.426000000
19:02:43,110719,50.576067843,-123.520363622,1302.196000000,12,0.235000000,0.200000000,0.426000000
19:02:44,110719,50.576067828,-123.520363635,1302.185000000,12,0.235000000,0.200000000,0.426000000
19:02:45,110719,50.576067840,-123.520363653,1302.178000000,12,0.235000000,0.200000000,0.426000000
19:02:46,110719,50.576067842,-123.520363633,1302.171000000,12,0.235000000,0.200000000,0.426000000
19:02:47,110719,50.576067840,-123.520363592,1302.168000000,12,0.235000000,0.200000000,0.426000000
19:02:48,110719,50.576067858,-123.520363537,1302.156000000,11,0.261000000,0.243000000,0.557000000
19:02:49,110719,50.576067878,-123.520363473,1302.149000000,11,0.261000000,0.243000000,0.557000000
19:02:50,110719,50.576067883,-123.520363433,1302.143000000,11,0.261000000,0.243000000,0.557000000
19:02:51,110719,50.576067890,-123.520363470,1302.142000000,11,0.261000000,0.243000000,0.557000000
19:02:52,110719,50.576067905,-123.520363497,1302.139000000,11,0.249000000,0.233000000,0.556000000
19:02:53,110719,50.576067963,-123.520363467,1302.139000000,11,0.261000000,0.243000000,0.556000000
19:02:54,110719,50.576068035,-123.520363475,1302.152000000,12,0.249000000,0.233000000,0.556000000
19:02:55,110719,50.576068107,-123.520363505,1302.152000000,11,0.261000000,0.243000000,0.556000000
19:02:56,110719,50.576068168,-123.520363477,1302.157000000,12,0.249000000,0.232000000,0.556000000
19:02:57,110719,50.576068200,-123.520363487,1302.161000000,12,0.249000000,0.232000000,0.556000000
19:02:58,110719,50.576068267,-123.520363480,1302.165000000,12,0.249000000,0.232000000,0.556000000
19:02:59,110719,50.576068325,-123.520363458,1302.161000000,12,0.249000000,0.232000000,0.556000000
19:03:00,110719,50.576068350,-123.520363502,1302.148000000,12,0.249000000,0.232000000,0.556000000
19:03:01,110719,50.576068365,-123.520363522,1302.134000000,12,0.249000000,0.232000000,0.556000000
19:03:02,110719,50.576068352,-123.520363575,1302.127000000,12,0.249000000,0.232000000,0.556000000
19:03:03,110719,50.576068382,-123.520363628,1302.123000000,12,0.249000000,0.232000000,0.556000000
19:03:04,110719,50.576068423,-123.520363667,1302.121000000,12,0.249000000,0.232000000,0.556000000
19:03:05,110719,50.576068425,-123.520363707,1302.122000000,12,0.249000000,0.232000000,0.556000000
19:03:06,110719,50.576068412,-123.520363757,1302.107000000,11,0.249000000,0.232000000,0.556000000
19:03:07,110719,50.576068385,-123.520363760,1302.107000000,11,0.252000000,0.233000000,0.617000000
19:03:08,110719,50.576068377,-123.520363805,1302.088000000,11,0.252000000,0.233000000,0.617000000
19:03:09,110719,50.576068403,-123.520363818,1302.079000000,11,0.252000000,0.233000000,0.617000000
19:03:10,110719,50.576068398,-123.520363828,1302.075000000,12,0.243000000,0.222000000,0.511000000
19:03:11,110719,50.576068390,-123.520363825,1302.075000000,12,0.243000000,0.222000000,0.511000000
19:03:12,110719,50.576068370,-123.520363768,1302.075000000,12,0.243000000,0.222000000,0.511000000
19:03:13,110719,50.576068357,-123.520363698,1302.068000000,12,0.242000000,0.222000000,0.511000000
19:03:14,110719,50.576068383,-123.520363693,1302.068000000,12,0.242000000,0.222000000,0.511000000
19:03:15,110719,50.576068410,-123.520363637,1302.072000000,12,0.242000000,0.222000000,0.511000000
19:03:16,110719,50.576068427,-123.520363597,1302.077000000,12,0.242000000,0.221000000,0.511000000
19:03:17,110719,50.576068488,-123.520363612,1302.077000000,12,0.242000000,0.221000000,0.511000000
19:03:18,110719,50.576068512,-123.520363628,1302.087000000,12,0.242000000,0.221000000,0.511000000
19:03:19,110719,50.576068552,-123.520363627,1302.104000000,12,0.242000000,0.221000000,0.511000000
19:03:20,110719,50.576068553,-123.520363612,1302.112000000,13,0.224000000,0.165000000,0.386000000
19:03:21,110719,50.576068555,-123.520363540,1302.116000000,13,0.224000000,0.165000000,0.386000000
19:03:22,110719,50.576068553,-123.520363428,1302.133000000,13,0.224000000,0.165000000,0.386000000
19:03:23,110719,50.576068557,-123.520363440,1302.132000000,13,0.224000000,0.165000000,0.386000000
19:03:24,110719,50.576068542,-123.520363485,1302.124000000,12,0.229000000,0.194000000,0.469000000
19:03:25,110719,50.576068555,-123.520363577,1302.110000000,12,0.229000000,0.194000000,0.469000000
19:03:26,110719,50.576068583,-123.520363642,1302.106000000,13,0.221000000,0.189000000,0.425000000
19:03:27,110719,50.576068622,-123.520363707,1302.105000000,12,1.348000000,1.142000000,2.761000000
19:03:28,110719,50.576068628,-123.520363775,1302.097000000,13,1.140000000,0.976000000,2.195000000
19:03:29,110719,50.576068623,-123.520363807,1302.098000000,13,1.140000000,0.976000000,2.195000000
19:03:30,110719,50.576068642,-123.520363857,1302.097000000,13,1.140000000,0.976000000,2.195000000
19:03:31,110719,50.576068660,-123.520363872,1302.100000000,13,0.788000000,0.675000000,1.516000000
19:03:32,110719,50.576068688,-123.520363910,1302.102000000,13,0.788000000,0.675000000,1.516000000
19:03:33,110719,50.576068715,-123.520363878,1302.111000000,13,0.788000000,0.675000000,1.516000000
19:03:34,110719,50.576068713,-123.520363803,1302.125000000,13,0.540000000,0.463000000,1.040000000
19:03:35,110719,50.576068725,-123.520363747,1302.132000000,13,0.540000000,0.463000000,1.040000000
19:03:36,110719,50.576068760,-123.520363680,1302.137000000,13,0.540000000,0.463000000,1.040000000
19:03:37,110719,50.576068778,-123.520363610,1302.143000000,13,0.371000000,0.318000000,0.714000000
19:03:38,110719,50.576068770,-123.520363508,1302.152000000,13,0.371000000,0.318000000,0.714000000
19:03:39,110719,50.576068727,-123.520363425,1302.157000000,13,0.371000000,0.318000000,0.714000000
19:03:40,110719,50.576068715,-123.520363342,1302.161000000,13,0.255000000,0.218000000,0.490000000
19:03:41,110719,50.576068660,-123.520363300,1302.162000000,13,0.255000000,0.218000000,0.490000000
19:03:42,110719,50.576068682,-123.520363328,1302.161000000,13,0.255000000,0.218000000,0.490000000
19:03:43,110719,50.576068695,-123.520363357,1302.165000000,13,0.221000000,0.189000000,0.425000000
19:03:44,110719,50.576068683,-123.520363355,1302.176000000,13,0.221000000,0.189000000,0.425000000
19:03:45,110719,50.576068647,-123.520363347,1302.183000000,13,0.221000000,0.189000000,0.425000000
19:03:46,110719,50.576068662,-123.520363298,1302.190000000,13,0.221000000,0.189000000,0.425000000
19:03:47,110719,50.576068675,-123.520363478,1302.175000000,13,0.221000000,0.189000000,0.425000000
19:03:48,110719,50.576068700,-123.520363782,1302.141000000,13,0.221000000,0.189000000,0.425000000
19:03:49,110719,50.576068708,-123.520364137,1302.100000000,13,0.221000000,0.189000000,0.425000000
19:03:50,110719,50.576068722,-123.520364455,1302.067000000,13,0.221000000,0.189000000,0.425000000
19:03:51,110719,50.576068742,-123.520364747,1302.033000000,13,0.221000000,0.189000000,0.425000000
19:03:52,110719,50.576068735,-123.520365032,1302.003000000,13,0.241000000,0.206000000,0.462000000
19:03:53,110719,50.576068738,-123.520365322,1301.974000000,13,0.241000000,0.206000000,0.462000000
19:03:54,110719,50.576068750,-123.520365495,1301.959000000,13,0.241000000,0.206000000,0.462000000
19:03:55,110719,50.576068747,-123.520365528,1301.964000000,13,0.245000000,0.210000000,0.472000000
19:03:56,110719,50.576068753,-123.520365577,1301.970000000,14,0.224000000,0.176000000,0.394000000
19:03:57,110719,50.576068743,-123.520365577,1301.974000000,14,0.224000000,0.176000000,0.394000000
19:03:58,110719,50.576068708,-123.520365448,1301.999000000,14,0.224000000,0.176000000,0.394000000
19:03:59,110719,50.576068660,-123.520365272,1302.029000000,14,0.385000000,0.302000000,0.677000000
19:04:00,110719,50.576068618,-123.520365188,1302.037000000,14,0.385000000,0.302000000,0.677000000
19:04:01,110719,50.576068620,-123.520365157,1302.036000000,14,0.385000000,0.302000000,0.677000000
19:04:02,110719,50.576068627,-123.520365172,1302.033000000,14,0.579000000,0.454000000,1.017000000
19:04:03,110719,50.576068622,-123.520365180,1302.036000000,14,0.579000000,0.454000000,1.017000000
19:04:04,110719,50.576068652,-123.520365235,1302.037000000,13,0.671000000,0.523000000,1.135000000
19:04:05,110719,50.576068632,-123.520365243,1302.049000000,13,0.671000000,0.523000000,1.135000000
19:04:06,110719,50.576068592,-123.520365202,1302.055000000,13,0.671000000,0.523000000,1.135000000
19:04:07,110719,50.576068547,-123.520365175,1302.063000000,13,0.695000000,0.542000000,1.176000000
19:04:08,110719,50.576068507,-123.520365163,1302.061000000,13,0.695000000,0.542000000,1.176000000
19:04:09,110719,50.576068463,-123.520365157,1302.056000000,13,0.695000000,0.542000000,1.176000000
19:04:10,110719,50.576068408,-123.520365123,1302.056000000,13,0.701000000,0.547000000,1.187000000
19:04:11,110719,50.576068423,-123.520365182,1302.051000000,13,0.701000000,0.547000000,1.187000000
19:04:12,110719,50.576068465,-123.520365308,1302.049000000,13,0.701000000,0.547000000,1.187000000
19:04:13,110719,50.576068515,-123.520365452,1302.047000000,13,0.700000000,0.546000000,1.185000000
19:04:14,110719,50.576068555,-123.520365550,1302.049000000,13,0.700000000,0.546000000,1.185000000
19:04:15,110719,50.576068593,-123.520365692,1302.037000000,13,0.700000000,0.546000000,1.185000000
19:04:16,110719,50.576068598,-123.520365860,1302.022000000,13,0.683000000,0.532000000,1.155000000
19:04:17,110719,50.576068627,-123.520366082,1302.002000000,13,0.683000000,0.532000000,1.155000000
19:04:18,110719,50.576068613,-123.520366277,1301.985000000,13,0.683000000,0.532000000,1.155000000
19:04:19,110719,50.576068602,-123.520366435,1301.971000000,13,0.670000000,0.523000000,1.134000000
19:04:20,110719,50.576068587,-123.520366623,1301.963000000,13,0.670000000,0.523000000,1.134000000
19:04:21,110719,50.576068550,-123.520366782,1301.952000000,13,0.670000000,0.523000000,1.134000000
19:04:22,110719,50.576068530,-123.520366940,1301.947000000,13,0.666000000,0.520000000,1.128000000
19:04:23,110719,50.576068532,-123.520367072,1301.940000000,13,0.666000000,0.520000000,1.128000000
19:04:24,110719,50.576068487,-123.520367115,1301.938000000,13,0.666000000,0.520000000,1.128000000
19:04:25,110719,50.576068467,-123.520367100,1301.944000000,13,0.675000000,0.526000000,1.142000000
19:04:26,110719,50.576068412,-123.520367003,1301.959000000,13,0.675000000,0.526000000,1.142000000
19:04:27,110719,50.576068360,-123.520366943,1301.971000000,13,0.675000000,0.526000000,1.142000000
19:04:28,110719,50.576068333,-123.520366840,1301.985000000,13,0.696000000,0.543000000,1.178000000
19:04:29,110719,50.576068348,-123.520366760,1302.005000000,13,0.696000000,0.543000000,1.178000000
19:04:30,110719,50.576068378,-123.520366630,1302.030000000,13,0.696000000,0.543000000,1.178000000
19:04:31,110719,50.576068420,-123.520366500,1302.065000000,13,0.725000000,0.566000000,1.227000000
19:04:32,110719,50.576068480,-123.520366402,1302.089000000,13,0.725000000,0.566000000,1.227000000
19:04:33,110719,50.576068522,-123.520366342,1302.104000000,13,0.725000000,0.566000000,1.227000000
19:04:34,110719,50.576068557,-123.520366308,1302.118000000,13,0.758000000,0.591000000,1.283000000
19:04:35,110719,50.576068547,-123.520366258,1302.130000000,13,0.758000000,0.591000000,1.283000000
19:04:36,110719,50.576068553,-123.520366265,1302.125000000,13,0.758000000,0.591000000,1.283000000
19:04:37,110719,50.576068568,-123.520366312,1302.124000000,13,0.791000000,0.617000000,1.339000000
19:04:38,110719,50.576068587,-123.520366345,1302.124000000,13,0.791000000,0.617000000,1.339000000
19:04:39,110719,50.576068588,-123.520366430,1302.108000000,13,0.791000000,0.617000000,1.339000000
19:04:40,110719,50.576068563,-123.520366507,1302.103000000,13,0.814000000,0.635000000,1.378000000
19:04:41,110719,50.576068563,-123.520366652,1302.099000000,13,0.814000000,0.635000000,1.378000000
19:04:42,110719,50.576068555,-123.520366967,1302.065000000,13,0.814000000,0.635000000,1.378000000
19:04:43,110719,50.576068582,-123.520367262,1302.030000000,13,0.830000000,0.647000000,1.405000000
19:04:44,110719,50.576068615,-123.520367705,1301.977000000,12,0.957000000,0.721000000,1.413000000
19:04:45,110719,50.576068637,-123.520367922,1301.959000000,12,0.957000000,0.721000000,1.413000000
19:04:46,110719,50.576068640,-123.520368195,1301.941000000,12,0.957000000,0.721000000,1.413000000
19:04:47,110719,50.576068702,-123.520368832,1301.877000000,12,1.009000000,0.760000000,1.490000000
19:04:48,110719,50.576068800,-123.520369712,1301.754000000,12,1.009000000,0.760000000,1.490000000
19:04:49,110719,50.576068913,-123.520370575,1301.636000000,11,1.248000000,1.047000000,1.824000000
19:04:50,110719,50.576069072,-123.520371507,1301.529000000,11,1.248000000,1.047000000,1.824000000
19:04:51,110719,50.576069275,-123.520372462,1301.411000000,11,1.248000000,1.047000000,1.824000000
19:04:52,110719,50.576069418,-123.520373282,1301.312000000,11,0.981000000,0.824000000,1.435000000
19:04:53,110719,50.576069613,-123.520374043,1301.213000000,11,0.981000000,0.824000000,1.435000000
19:04:54,110719,50.576069778,-123.520374680,1301.123000000,11,0.981000000,0.824000000,1.435000000
19:04:55,110719,50.576069932,-123.520375358,1301.052000000,11,0.770000000,0.646000000,1.126000000
19:04:56,110719,50.576070102,-123.520375947,1300.987000000,11,0.770000000,0.646000000,1.126000000
19:04:57,110719,50.576070245,-123.520376472,1300.931000000,12,0.517000000,0.443000000,0.930000000
19:04:58,110719,50.576070363,-123.520376942,1300.878000000,12,0.517000000,0.443000000,0.930000000
19:04:59,110719,50.576070523,-123.520377423,1300.823000000,12,0.517000000,0.443000000,0.930000000
19:05:00,110719,50.576070633,-123.520377780,1300.787000000,12,0.568000000,0.486000000,1.021000000
19:05:01,110719,50.576070747,-123.520378118,1300.752000000,12,0.568000000,0.486000000,1.021000000
19:05:02,110719,50.576070840,-123.520378398,1300.718000000,13,0.449000000,0.385000000,0.858000000
19:05:03,110719,50.576070887,-123.520378603,1300.699000000,13,0.449000000,0.385000000,0.858000000
19:05:04,110719,50.576070978,-123.520378877,1300.672000000,13,0.449000000,0.385000000,0.858000000
19:05:05,110719,50.576070993,-123.520378957,1300.645000000,13,0.330000000,0.283000000,0.630000000
19:05:06,110719,50.576070957,-123.520379018,1300.622000000,13,0.330000000,0.283000000,0.630000000
19:05:07,110719,50.576070920,-123.520379158,1300.602000000,13,0.330000000,0.283000000,0.630000000
19:05:08,110719,50.576070895,-123.520379343,1300.584000000,13,0.253000000,0.217000000,0.483000000
19:05:09,110719,50.576070913,-123.520379495,1300.572000000,13,0.253000000,0.217000000,0.483000000
19:05:10,110719,50.576070855,-123.520379475,1300.570000000,13,0.253000000,0.217000000,0.483000000
19:05:11,110719,50.576070837,-123.520379480,1300.572000000,13,0.222000000,0.190000000,0.424000000
19:05:12,110719,50.576070863,-123.520379497,1300.578000000,13,0.222000000,0.190000000,0.424000000
19:05:13,110719,50.576070842,-123.520379443,1300.602000000,13,0.222000000,0.190000000,0.424000000
19:05:14,110719,50.576070798,-123.520379418,1300.642000000,13,0.222000000,0.190000000,0.424000000
19:05:15,110719,50.576070775,-123.520379367,1300.676000000,13,0.222000000,0.190000000,0.424000000
19:05:16,110719,50.576070755,-123.520379302,1300.703000000,13,0.222000000,0.190000000,0.424000000
19:05:17,110719,50.576070727,-123.520379170,1300.751000000,13,0.222000000,0.190000000,0.424000000
19:05:18,110719,50.576070700,-123.520378985,1300.797000000,13,0.222000000,0.190000000,0.424000000
19:05:19,110719,50.576070687,-123.520378810,1300.836000000,13,0.222000000,0.190000000,0.424000000
19:05:20,110719,50.576070665,-123.520378552,1300.873000000,13,0.222000000,0.190000000,0.424000000
19:05:21,110719,50.576070652,-123.520378333,1300.908000000,13,0.222000000,0.190000000,0.424000000
19:05:22,110719,50.576070683,-123.520378228,1300.931000000,12,0.236000000,0.202000000,0.424000000
19:05:23,110719,50.576070718,-123.520378085,1300.942000000,12,0.236000000,0.202000000,0.424000000
19:05:24,110719,50.576070745,-123.520377985,1300.959000000,12,0.236000000,0.202000000,0.424000000
19:05:25,110719,50.576070773,-123.520377858,1300.970000000,12,0.239000000,0.205000000,0.430000000
19:05:26,110719,50.576070843,-123.520377820,1300.966000000,12,0.239000000,0.205000000,0.430000000
19:05:27,110719,50.576070923,-123.520377862,1300.950000000,11,0.239000000,0.205000000,0.430000000
19:05:28,110719,50.576070928,-123.520377922,1300.933000000,11,0.257000000,0.244000000,0.502000000
19:05:29,110719,50.576070943,-123.520378038,1300.906000000,11,0.257000000,0.244000000,0.502000000
19:05:30,110719,50.576070925,-123.520378025,1300.900000000,11,0.257000000,0.244000000,0.502000000
19:05:31,110719,50.576070940,-123.520378025,1300.887000000,11,0.291000000,0.277000000,0.568000000
19:05:32,110719,50.576071000,-123.520378085,1300.881000000,11,0.291000000,0.277000000,0.568000000
19:05:33,110719,50.576071043,-123.520378153,1300.861000000,11,0.291000000,0.277000000,0.568000000
19:05:34,110719,50.576071067,-123.520378295,1300.832000000,11,0.303000000,0.288000000,0.592000000
19:05:35,110719,50.576071113,-123.520378428,1300.815000000,11,0.303000000,0.288000000,0.592000000
19:05:36,110719,50.576071203,-123.520378677,1300.792000000,11,0.303000000,0.288000000,0.592000000
19:05:37,110719,50.576071355,-123.520378943,1300.755000000,10,0.321000000,0.318000000,0.716000000
19:05:38,110719,50.576071502,-123.520379285,1300.707000000,10,0.321000000,0.318000000,0.716000000
19:05:39,110719,50.576071602,-123.520379620,1300.660000000,10,0.321000000,0.318000000,0.716000000
19:05:40,110719,50.576071692,-123.520379908,1300.612000000,10,0.275000000,0.273000000,0.612000000
19:05:41,110719,50.576071732,-123.520380093,1300.576000000,10,0.275000000,0.273000000,0.612000000
19:05:42,110719,50.576071767,-123.520380265,1300.547000000,10,0.275000000,0.273000000,0.612000000
19:05:43,110719,50.576071750,-123.520380297,1300.526000000,10,0.260000000,0.258000000,0.580000000
19:05:44,110719,50.576071742,-123.520380348,1300.516000000,10,0.260000000,0.258000000,0.580000000
19:05:45,110719,50.576071747,-123.520380403,1300.510000000,10,0.260000000,0.258000000,0.580000000
19:05:46,110719,50.576071745,-123.520380418,1300.511000000,11,0.241000000,0.229000000,0.490000000
19:05:47,110719,50.576071705,-123.520380413,1300.515000000,11,0.241000000,0.229000000,0.490000000
19:05:48,110719,50.576071667,-123.520380425,1300.523000000,11,0.241000000,0.229000000,0.490000000
19:05:49,110719,50.576071635,-123.520380398,1300.523000000,11,0.241000000,0.229000000,0.490000000
19:05:50,110719,50.576071588,-123.520380318,1300.536000000,11,0.241000000,0.229000000,0.490000000
19:05:51,110719,50.576071537,-123.520380178,1300.539000000,11,0.241000000,0.229000000,0.490000000
19:05:52,110719,50.576071495,-123.520380075,1300.554000000,11,0.241000000,0.229000000,0.490000000
19:05:53,110719,50.576071455,-123.520379917,1300.559000000,11,0.241000000,0.229000000,0.490000000
19:05:54,110719,50.576071413,-123.520379767,1300.569000000,11,0.241000000,0.229000000,0.490000000
19:05:55,110719,50.576071358,-123.520379618,1300.583000000,11,0.241000000,0.228000000,0.490000000
19:05:56,110719,50.576071287,-123.520379432,1300.596000000,11,0.241000000,0.228000000,0.490000000
19:05:57,110719,50.576071218,-123.520379285,1300.611000000,11,0.241000000,0.228000000,0.490000000
19:05:58,110719,50.576071197,-123.520379085,1300.626000000,11,0.241000000,0.228000000,0.489000000
19:05:59,110719,50.576071173,-123.520378910,1300.649000000,11,0.241000000,0.228000000,0.489000000
19:06:00,110719,50.576071175,-123.520378725,1300.673000000,11,0.241000000,0.228000000,0.489000000
19:06:01,110719,50.576071172,-123.520378547,1300.700000000,11,0.241000000,0.228000000,0.489000000
19:06:02,110719,50.576071143,-123.520378358,1300.726000000,11,0.241000000,0.228000000,0.489000000
19:06:03,110719,50.576071172,-123.520378167,1300.743000000,11,0.241000000,0.228000000,0.489000000
19:06:04,110719,50.576071167,-123.520377918,1300.762000000,11,0.241000000,0.228000000,0.489000000
19:06:05,110719,50.576071172,-123.520377675,1300.777000000,11,0.241000000,0.228000000,0.489000000
19:06:06,110719,50.576071148,-123.520377427,1300.799000000,11,0.241000000,0.228000000,0.489000000
19:06:07,110719,50.576071128,-123.520377197,1300.821000000,11,0.241000000,0.228000000,0.489000000
19:06:08,110719,50.576071105,-123.520376970,1300.843000000,11,0.241000000,0.228000000,0.489000000
19:06:09,110719,50.576071073,-123.520376700,1300.869000000,12,0.241000000,0.228000000,0.489000000
19:06:10,110719,50.576071078,-123.520376512,1300.907000000,12,0.235000000,0.221000000,0.485000000
19:06:11,110719,50.576071035,-123.520376270,1300.931000000,12,0.235000000,0.221000000,0.485000000
19:06:12,110719,50.576070993,-123.520376107,1300.947000000,12,0.241000000,0.228000000,0.489000000
19:06:13,110719,50.576070922,-123.520375892,1300.963000000,12,0.220000000,0.176000000,0.378000000
19:06:14,110719,50.576070945,-123.520375755,1300.981000000,12,0.220000000,0.176000000,0.378000000
19:06:15,110719,50.576070952,-123.520375532,1301.006000000,12,0.220000000,0.176000000,0.378000000
19:06:16,110719,50.576070918,-123.520375257,1301.020000000,11,0.243000000,0.178000000,0.414000000
19:06:17,110719,50.576070935,-123.520375080,1301.041000000,11,0.243000000,0.178000000,0.414000000
19:06:18,110719,50.576071043,-123.520374967,1301.087000000,10,0.257000000,0.228000000,0.535000000
19:06:19,110719,50.576071108,-123.520374797,1301.123000000,11,0.248000000,0.181000000,0.422000000
19:06:20,110719,50.576071097,-123.520374592,1301.132000000,11,0.248000000,0.181000000,0.422000000
19:06:21,110719,50.576071077,-123.520374407,1301.148000000,10,1.080000000,0.959000000,2.250000000
19:06:22,110719,50.576071082,-123.520374213,1301.168000000,11,0.924000000,0.676000000,1.573000000
19:06:23,110719,50.576071113,-123.520374028,1301.197000000,10,0.989000000,0.879000000,2.063000000
19:06:24,110719,50.576071163,-123.520373797,1301.228000000,11,0.823000000,0.602000000,1.401000000
19:06:25,110719,50.576071197,-123.520373580,1301.259000000,11,0.823000000,0.602000000,1.401000000
19:06:26,110719,50.576071233,-123.520373382,1301.303000000,11,0.703000000,0.620000000,1.487000000
19:06:27,110719,50.576071305,-123.520373207,1301.327000000,12,0.579000000,0.425000000,1.015000000
19:06:28,110719,50.576071362,-123.520373085,1301.350000000,11,0.513000000,0.453000000,1.086000000
19:06:29,110719,50.576071403,-123.520372892,1301.364000000,12,0.416000000,0.358000000,0.854000000
19:06:30,110719,50.576071418,-123.520372797,1301.378000000,12,0.416000000,0.358000000,0.854000000
19:06:31,110719,50.576071478,-123.520372673,1301.390000000,11,0.380000000,0.347000000,0.931000000
19:06:32,110719,50.576071495,-123.520372585,1301.395000000,12,0.305000000,0.262000000,0.625000000
19:06:33,110719,50.576071495,-123.520372510,1301.405000000,12,0.306000000,0.263000000,0.581000000
19:06:34,110719,50.576071503,-123.520372410,1301.428000000,13,0.381000000,0.349000000,0.833000000
19:06:35,110719,50.576071488,-123.520372303,1301.444000000,13,0.324000000,0.278000000,0.614000000
19:06:36,110719,50.576071505,-123.520372250,1301.452000000,12,0.301000000,0.276000000,0.658000000
19:06:37,110719,50.576071503,-123.520372178,1301.472000000,13,0.237000000,0.203000000,0.449000000
19:06:38,110719,50.576071540,-123.520372130,1301.480000000,12,0.237000000,0.203000000,0.449000000
19:06:39,110719,50.576071570,-123.520371980,1301.496000000,12,0.249000000,0.229000000,0.545000000
19:06:40,110719,50.576071593,-123.520371882,1301.508000000,13,0.223000000,0.191000000,0.422000000
19:06:41,110719,50.576071643,-123.520371790,1301.514000000,12,0.249000000,0.229000000,0.545000000
19:06:42,110719,50.576071650,-123.520371750,1301.526000000,13,0.223000000,0.191000000,0.422000000
19:06:43,110719,50.576071703,-123.520371668,1301.544000000,14,0.210000000,0.164000000,0.366000000
19:06:44,110719,50.576071748,-123.520371567,1301.554000000,14,0.210000000,0.164000000,0.366000000
19:06:45,110719,50.576071765,-123.520371512,1301.564000000,14,0.210000000,0.164000000,0.366000000
19:06:46,110719,50.576071762,-123.520371462,1301.572000000,14,0.655000000,0.512000000,1.144000000
19:06:47,110719,50.576071750,-123.520371403,1301.582000000,14,0.655000000,0.512000000,1.144000000
19:06:48,110719,50.576071787,-123.520371427,1301.591000000,14,0.655000000,0.512000000,1.144000000
19:06:49,110719,50.576071827,-123.520371358,1301.602000000,14,1.536000000,1.202000000,2.683000000
19:06:50,110719,50.576071848,-123.520371325,1301.617000000,14,1.536000000,1.202000000,2.683000000
19:06:51,110719,50.576071873,-123.520371238,1301.623000000,14,1.536000000,1.202000000,2.683000000
19:06:52,110719,50.576071877,-123.520371098,1301.638000000,14,1.805000000,1.413000000,3.154000000
19:06:53,110719,50.576071887,-123.520371097,1301.634000000,14,1.805000000,1.413000000,3.154000000
19:06:54,110719,50.576071838,-123.520371023,1301.626000000,14,1.805000000,1.413000000,3.154000000
19:06:55,110719,50.576071828,-123.520370962,1301.622000000,14,1.318000000,1.031000000,2.302000000
19:06:56,110719,50.576071900,-123.520371005,1301.624000000,14,1.318000000,1.031000000,2.302000000
19:06:57,110719,50.576071905,-123.520371062,1301.630000000,14,1.318000000,1.031000000,2.302000000
19:06:58,110719,50.576071887,-123.520371065,1301.625000000,14,1.063000000,0.832000000,1.857000000
19:06:59,110719,50.576071898,-123.520371095,1301.626000000,13,1.062000000,0.913000000,2.010000000
19:07:00,110719,50.576071923,-123.520371103,1301.626000000,13,1.062000000,0.913000000,2.010000000
19:07:01,110719,50.576071948,-123.520371072,1301.637000000,13,1.062000000,0.913000000,2.010000000
19:07:02,110719,50.576071937,-123.520370953,1301.648000000,13,0.729000000,0.627000000,1.380000000
19:07:03,110719,50.576071970,-123.520370915,1301.648000000,13,0.729000000,0.627000000,1.380000000
19:07:04,110719,50.576071957,-123.520370818,1301.649000000,13,0.729000000,0.627000000,1.380000000
19:07:05,110719,50.576071958,-123.520370745,1301.648000000,13,0.502000000,0.432000000,0.950000000
19:07:06,110719,50.576072007,-123.520370783,1301.651000000,13,0.502000000,0.432000000,0.950000000
19:07:07,110719,50.576071988,-123.520370640,1301.651000000,12,0.470000000,0.430000000,1.023000000
19:07:08,110719,50.576072035,-123.520370608,1301.657000000,12,0.470000000,0.430000000,1.023000000
19:07:09,110719,50.576072065,-123.520370598,1301.659000000,12,0.470000000,0.430000000,1.023000000
19:07:10,110719,50.576072102,-123.520370592,1301.665000000,12,0.326000000,0.298000000,0.710000000
19:07:11,110719,50.576072085,-123.520370468,1301.669000000,12,0.326000000,0.298000000,0.710000000
19:07:12,110719,50.576072022,-123.520370400,1301.663000000,12,0.326000000,0.298000000,0.710000000
19:07:13,110719,50.576071912,-123.520370282,1301.657000000,12,0.249000000,0.228000000,0.543000000
19:07:14,110719,50.576071852,-123.520370292,1301.651000000,12,0.249000000,0.228000000,0.543000000
19:07:15,110719,50.576071907,-123.520370355,1301.623000000,12,0.249000000,0.228000000,0.543000000
19:07:16,110719,50.576071875,-123.520370348,1301.599000000,12,0.249000000,0.228000000,0.543000000
19:07:17,110719,50.576071780,-123.520370288,1301.596000000,12,0.249000000,0.228000000,0.543000000
19:07:18,110719,50.576071733,-123.520370195,1301.582000000,12,0.249000000,0.228000000,0.543000000
19:07:19,110719,50.576071688,-123.520370132,1301.576000000,12,0.249000000,0.228000000,0.543000000
19:07:20,110719,50.576071668,-123.520370035,1301.570000000,12,0.249000000,0.228000000,0.543000000
19:07:21,110719,50.576071588,-123.520369948,1301.576000000,12,0.249000000,0.228000000,0.543000000
19:07:22,110719,50.576071555,-123.520369832,1301.576000000,12,0.249000000,0.228000000,0.542000000
19:07:23,110719,50.576071510,-123.520369730,1301.590000000,12,0.249000000,0.228000000,0.542000000
19:07:24,110719,50.576071557,-123.520369693,1301.602000000,12,0.249000000,0.228000000,0.542000000
19:07:25,110719,50.576071548,-123.520369638,1301.623000000,12,0.249000000,0.228000000,0.542000000
19:07:26,110719,50.576071527,-123.520369565,1301.634000000,12,0.249000000,0.228000000,0.542000000
19:07:27,110719,50.576071530,-123.520369502,1301.654000000,12,0.249000000,0.228000000,0.542000000
19:07:28,110719,50.576071665,-123.520369598,1301.670000000,11,0.292000000,0.250000000,0.566000000
19:07:29,110719,50.576071768,-123.520369500,1301.685000000,11,0.292000000,0.250000000,0.566000000
19:07:30,110719,50.576071837,-123.520369528,1301.682000000,11,0.292000000,0.250000000,0.566000000
19:07:31,110719,50.576071852,-123.520369600,1301.681000000,11,0.292000000,0.250000000,0.566000000
19:07:32,110719,50.576071928,-123.520369550,1301.675000000,12,0.263000000,0.224000000,0.440000000
19:07:33,110719,50.576071875,-123.520369533,1301.683000000,12,0.363000000,0.309000000,0.607000000
19:07:34,110719,50.576071880,-123.520369545,1301.687000000,11,0.596000000,0.520000000,1.108000000
19:07:35,110719,50.576071842,-123.520369508,1301.703000000,11,0.596000000,0.520000000,1.108000000
19:07:36,110719,50.576071835,-123.520369407,1301.714000000,11,0.596000000,0.520000000,1.108000000
19:07:37,110719,50.576071730,-123.520369323,1301.728000000,11,1.552000000,1.355000000,2.886000000
19:07:38,110719,50.576071743,-123.520369217,1301.734000000,11,1.552000000,1.355000000,2.886000000
19:07:39,110719,50.576071775,-123.520369220,1301.744000000,11,1.552000000,1.355000000,2.886000000
19:07:40,110719,50.576071807,-123.520369222,1301.746000000,11,1.066000000,0.931000000,1.982000000
19:07:41,110719,50.576071792,-123.520369157,1301.753000000,10,1.216000000,1.460000000,3.130000000
19:07:42,110719,50.576071758,-123.520369100,1301.759000000,10,2.595000000,2.439000000,5.388000000
19:07:43,110719,50.576071728,-123.520369055,1301.762000000,10,2.595000000,2.439000000,5.388000000
19:07:44,110719,50.576071712,-123.520369010,1301.767000000,10,2.595000000,2.439000000,5.388000000
19:07:45,110719,50.576071685,-123.520368905,1301.777000000,10,3.614000000,3.397000000,7.499000000
19:07:46,110719,50.576071668,-123.520368930,1301.792000000,10,3.614000000,3.397000000,7.499000000
19:07:47,110719,50.576071607,-123.520368818,1301.802000000,10,3.614000000,3.397000000,7.499000000
19:07:48,110719,50.576071528,-123.520368627,1301.810000000,10,2.493000000,2.344000000,5.172000000
19:07:49,110719,50.576071478,-123.520368493,1301.820000000,10,2.493000000,2.344000000,5.172000000
19:07:50,110719,50.576071460,-123.520368385,1301.840000000,10,2.493000000,2.344000000,5.172000000
19:07:51,110719,50.576071443,-123.520368262,1301.871000000,10,1.712000000,1.610000000,3.550000000
19:07:52,110719,50.576071453,-123.520368127,1301.881000000,10,1.712000000,1.610000000,3.550000000
19:07:53,110719,50.576071458,-123.520367983,1301.901000000,10,1.712000000,1.610000000,3.550000000
19:07:54,110719,50.576071430,-123.520367857,1301.927000000,10,1.181000000,1.111000000,2.448000000
19:07:55,110719,50.576071423,-123.520367730,1301.942000000,10,1.181000000,1.111000000,2.448000000
19:07:56,110719,50.576071433,-123.520367643,1301.955000000,10,1.181000000,1.111000000,2.448000000
19:07:57,110719,50.576071462,-123.520367620,1301.969000000,10,0.827000000,0.778000000,1.713000000
19:07:58,110719,50.576071483,-123.520367652,1301.973000000,10,0.827000000,0.778000000,1.713000000
19:07:59,110719,50.576071462,-123.520367668,1301.969000000,10,0.827000000,0.778000000,1.713000000
19:08:00,110719,50.576071432,-123.520367695,1301.951000000,10,0.595000000,0.560000000,1.231000000
19:08:01,110719,50.576071390,-123.520367737,1301.934000000,11,0.467000000,0.455000000,1.063000000
19:08:02,110719,50.576071358,-123.520367733,1301.924000000,11,0.764000000,0.685000000,1.454000000
19:08:03,110719,50.576071335,-123.520367718,1301.922000000,12,0.764000000,0.685000000,1.454000000
19:08:04,110719,50.576071338,-123.520367763,1301.921000000,12,0.640000000,0.595000000,1.309000000
19:08:05,110719,50.576071395,-123.520367823,1301.924000000,12,0.640000000,0.595000000,1.309000000
19:08:06,110719,50.576071417,-123.520367805,1301.933000000,12,0.640000000,0.595000000,1.309000000
19:08:07,110719,50.576071473,-123.520367807,1301.941000000,12,0.830000000,0.771000000,1.698000000
19:08:08,110719,50.576071507,-123.520367852,1301.942000000,12,0.830000000,0.771000000,1.698000000
19:08:09,110719,50.576071565,-123.520367997,1301.942000000,12,0.830000000,0.771000000,1.698000000
19:08:10,110719,50.576071597,-123.520368092,1301.945000000,12,1.119000000,1.039000000,2.289000000
19:08:11,110719,50.576071642,-123.520368135,1301.945000000,12,1.119000000,1.039000000,2.289000000
19:08:12,110719,50.576071655,-123.520368142,1301.949000000,12,1.119000000,1.039000000,2.289000000
19:08:13,110719,50.576071670,-123.520368150,1301.949000000,12,1.229000000,1.141000000,2.514000000
19:08:14,110719,50.576071673,-123.520368158,1301.954000000,12,1.229000000,1.141000000,2.514000000
19:08:15,110719,50.576071675,-123.520368110,1301.960000000,12,1.229000000,1.141000000,2.514000000
19:08:16,110719,50.576071675,-123.520368073,1301.967000000,12,1.021000000,0.948000000,2.087000000
19:08:17,110719,50.576071685,-123.520368095,1301.961000000,12,1.021000000,0.948000000,2.087000000
19:08:18,110719,50.576071668,-123.520368063,1301.956000000,12,1.021000000,0.948000000,2.087000000
19:08:19,110719,50.576071665,-123.520368078,1301.946000000,12,0.882000000,0.818000000,1.802000000
19:08:20,110719,50.576071627,-123.520368073,1301.945000000,12,0.882000000,0.818000000,1.802000000
19:08:21,110719,50.576071603,-123.520368072,1301.934000000,12,0.882000000,0.818000000,1.802000000
19:08:22,110719,50.576071607,-123.520368162,1301.925000000,12,0.865000000,0.803000000,1.767000000
19:08:23,110719,50.576071587,-123.520368247,1301.913000000,12,0.865000000,0.803000000,1.767000000
19:08:24,110719,50.576071610,-123.520368393,1301.912000000,12,0.865000000,0.803000000,1.767000000
19:08:25,110719,50.576071643,-123.520368498,1301.908000000,12,0.874000000,0.811000000,1.786000000
19:08:26,110719,50.576071688,-123.520368597,1301.903000000,12,0.874000000,0.811000000,1.786000000
19:08:27,110719,50.576071727,-123.520368652,1301.903000000,12,0.874000000,0.811000000,1.786000000
19:08:28,110719,50.576071772,-123.520368738,1301.903000000,12,1.111000000,1.030000000,2.269000000
19:08:29,110719,50.576071828,-123.520368737,1301.902000000,12,1.111000000,1.030000000,2.269000000
19:08:30,110719,50.576071882,-123.520368712,1301.908000000,12,1.111000000,1.030000000,2.269000000
19:08:31,110719,50.576071903,-123.520368693,1301.905000000,12,1.300000000,1.205000000,2.654000000
19:08:32,110719,50.576071855,-123.520368620,1301.900000000,12,1.300000000,1.205000000,2.654000000
19:08:33,110719,50.576071847,-123.520368592,1301.902000000,12,1.300000000,1.205000000,2.654000000
19:08:34,110719,50.576071875,-123.520368695,1301.904000000,12,1.273000000,1.180000000,2.598000000
19:08:35,110719,50.576071887,-123.520368632,1301.920000000,12,1.273000000,1.180000000,2.598000000
19:08:36,110719,50.576071920,-123.520368678,1301.922000000,12,1.273000000,1.180000000,2.598000000
19:08:37,110719,50.576071898,-123.520368698,1301.924000000,12,1.073000000,0.994000000,2.190000000
19:08:38,110719,50.576071898,-123.520368688,1301.925000000,12,1.073000000,0.994000000,2.190000000
19:08:39,110719,50.576071877,-123.520368477,1301.935000000,12,1.073000000,0.994000000,2.190000000
19:08:40,110719,50.576071832,-123.520368235,1301.969000000,12,0.801000000,0.742000000,1.634000000
19:08:41,110719,50.576071748,-123.520367960,1301.987000000,12,0.801000000,0.742000000,1.634000000
19:08:42,110719,50.576071632,-123.520367707,1302.001000000,12,0.801000000,0.742000000,1.634000000
19:08:43,110719,50.576071517,-123.520367375,1302.016000000,12,0.662000000,0.614000000,1.351000000
19:08:44,110719,50.576071397,-123.520367023,1302.041000000,12,0.662000000,0.614000000,1.351000000
19:08:45,110719,50.576071325,-123.520366783,1302.066000000,12,0.662000000,0.614000000,1.351000000
19:08:46,110719,50.576071242,-123.520366610,1302.076000000,12,0.534000000,0.495000000,1.090000000
19:08:47,110719,50.576071167,-123.520366447,1302.094000000,12,0.534000000,0.495000000,1.090000000
19:08:48,110719,50.576071053,-123.520366142,1302.123000000,12,0.534000000,0.495000000,1.090000000
19:08:49,110719,50.576070987,-123.520365860,1302.133000000,12,0.384000000,0.355000000,0.783000000
19:08:50,110719,50.576070995,-123.520365657,1302.147000000,12,0.384000000,0.355000000,0.783000000
19:08:51,110719,50.576070967,-123.520365438,1302.175000000,12,0.384000000,0.355000000,0.783000000
19:08:52,110719,50.576070875,-123.520365100,1302.217000000,12,0.326000000,0.302000000,0.666000000
19:08:53,110719,50.576070845,-123.520364813,1302.252000000,12,0.326000000,0.302000000,0.666000000
19:08:54,110719,50.576070800,-123.520364447,1302.300000000,12,0.326000000,0.302000000,0.666000000
19:08:55,110719,50.576070763,-123.520364020,1302.356000000,12,0.332000000,0.307000000,0.676000000
19:08:56,110719,50.576070675,-123.520363457,1302.438000000,12,0.332000000,0.307000000,0.676000000
19:08:57,110719,50.576070482,-123.520362568,1302.531000000,11,0.313000000,0.295000000,0.633000000
19:08:58,110719,50.576070330,-123.520361812,1302.618000000,11,0.313000000,0.295000000,0.633000000
19:08:59,110719,50.576070087,-123.520360810,1302.728000000,11,0.313000000,0.295000000,0.633000000
19:09:00,110719,50.576069805,-123.520359548,1302.846000000,11,0.402000000,0.378000000,0.812000000
19:09:01,110719,50.576069595,-123.520358567,1302.952000000,11,0.402000000,0.378000000,0.812000000
19:09:02,110719,50.576069430,-123.520357710,1303.048000000,11,0.402000000,0.378000000,0.812000000
19:09:03,110719,50.576069207,-123.520356640,1303.158000000,11,0.572000000,0.538000000,1.156000000
19:09:04,110719,50.576069030,-123.520355665,1303.262000000,11,0.572000000,0.538000000,1.156000000
19:09:05,110719,50.576068985,-123.520355105,1303.329000000,11,0.572000000,0.538000000,1.156000000
19:09:06,110719,50.576068847,-123.520354280,1303.427000000,11,0.574000000,0.541000000,1.161000000
19:09:07,110719,50.576068745,-123.520353400,1303.531000000,11,0.574000000,0.541000000,1.161000000
19:09:08,110719,50.576068663,-123.520352540,1303.635000000,11,0.574000000,0.541000000,1.161000000
19:09:09,110719,50.576068553,-123.520351842,1303.703000000,11,0.600000000,0.565000000,1.212000000
19:09:10,110719,50.576068483,-123.520351300,1303.760000000,11,0.600000000,0.565000000,1.212000000
19:09:11,110719,50.576068412,-123.520350762,1303.834000000,11,0.600000000,0.565000000,1.212000000
19:09:12,110719,50.576068353,-123.520350195,1303.904000000,10,0.740000000,0.657000000,1.561000000
