TIME,DATE(ddMMyy),LATITUDEGGA,LONGITUDEGGA,ALTITUDEGGA,NUMBERSAT,LATERR,LONGERR,ALTERR
14:02:07,110719,50.635558377,-123.405572028,477.935000000,8,2.297000000,3.841000000,5.561000000
14:02:08,110719,50.635557945,-123.405571628,478.011000000,8,2.297000000,3.841000000,5.561000000
14:02:09,110719,50.635557378,-123.405572423,478.036000000,8,2.090000000,3.495000000,5.064000000
14:02:10,110719,50.635556658,-123.405574055,478.037000000,8,2.090000000,3.495000000,5.064000000
14:02:11,110719,50.635557125,-123.405574935,477.864000000,10,2.023000000,3.467000000,4.862000000
14:02:12,110719,50.635557963,-123.405575895,477.060000000,10,2.023000000,3.467000000,4.862000000
14:02:13,110719,50.635558287,-123.405575282,476.872000000,10,2.023000000,3.467000000,4.862000000
14:02:14,110719,50.635559250,-123.405574352,476.748000000,10,2.024000000,3.468000000,4.867000000
14:02:15,110719,50.635560265,-123.405573295,476.571000000,10,2.024000000,3.468000000,4.867000000
14:02:16,110719,50.635563415,-123.405568577,476.280000000,11,1.712000000,3.233000000,4.730000000
14:02:17,110719,50.635565653,-123.405564493,476.002000000,11,1.712000000,3.233000000,4.730000000
14:02:18,110719,50.635567450,-123.405560542,475.755000000,12,1.675000000,2.993000000,4.542000000
14:02:19,110719,50.635568690,-123.405556990,475.529000000,12,1.675000000,2.993000000,4.542000000
14:02:20,110719,50.635569688,-123.405554067,475.352000000,12,1.675000000,2.993000000,4.542000000
14:02:21,110719,50.635570543,-123.405551495,475.155000000,12,1.676000000,2.995000000,4.547000000
14:02:22,110719,50.635571378,-123.405548925,474.929000000,12,1.676000000,2.995000000,4.547000000
14:02:23,110719,50.635572113,-123.405546918,474.746000000,12,1.676000000,2.995000000,4.547000000
14:02:24,110719,50.635572758,-123.405544977,474.585000000,12,1.676000000,2.996000000,4.552000000
14:02:25,110719,50.635573358,-123.405543292,474.438000000,12,1.676000000,2.996000000,4.552000000
14:02:26,110719,50.635573798,-123.405541883,474.323000000,12,1.676000000,2.996000000,4.552000000
14:02:27,110719,50.635574138,-123.405540760,474.250000000,12,1.677000000,2.997000000,4.557000000
14:02:28,110719,50.635574475,-123.405539920,474.180000000,12,1.677000000,2.997000000,4.557000000
14:02:29,110719,50.635574803,-123.405538927,474.096000000,12,1.677000000,2.997000000,4.557000000
14:02:30,110719,50.635575127,-123.405537883,474.022000000,12,1.677000000,2.999000000,4.561000000
14:02:31,110719,50.635575515,-123.405536907,473.959000000,12,1.677000000,2.999000000,4.561000000
14:02:32,110719,50.635575952,-123.405536472,473.972000000,12,1.677000000,2.999000000,4.561000000
14:02:33,110719,50.635576415,-123.405536332,474.022000000,12,1.678000000,3.000000000,4.566000000
14:02:34,110719,50.635576843,-123.405536252,474.101000000,12,1.678000000,3.000000000,4.566000000
14:02:35,110719,50.635577338,-123.405535897,474.150000000,12,1.678000000,3.000000000,4.566000000
14:02:36,110719,50.635577900,-123.405535415,474.172000000,12,1.679000000,3.001000000,4.571000000
14:02:37,110719,50.635578468,-123.405534892,474.195000000,12,1.679000000,3.001000000,4.571000000
14:02:38,110719,50.635578990,-123.405534240,474.208000000,12,1.679000000,3.001000000,4.571000000
14:02:39,110719,50.635579408,-123.405533677,474.214000000,12,1.679000000,3.003000000,4.576000000
14:02:40,110719,50.635579780,-123.405533320,474.247000000,12,1.679000000,3.003000000,4.576000000
14:02:41,110719,50.635580118,-123.405533085,474.285000000,12,1.679000000,3.003000000,4.576000000
14:02:42,110719,50.635580415,-123.405532762,474.316000000,12,1.680000000,3.004000000,4.581000000
14:02:43,110719,50.635580657,-123.405532755,474.384000000,12,1.680000000,3.004000000,4.581000000
14:02:44,110719,50.635580877,-123.405532752,474.459000000,12,1.680000000,3.004000000,4.581000000
14:02:45,110719,50.635581063,-123.405532582,474.540000000,12,1.681000000,3.005000000,4.585000000
14:02:46,110719,50.635581140,-123.405532473,474.618000000,12,1.681000000,3.005000000,4.585000000
14:02:47,110719,50.635581243,-123.405532273,474.648000000,12,1.681000000,3.005000000,4.585000000
14:02:48,110719,50.635581492,-123.405531848,474.619000000,12,1.681000000,3.007000000,4.590000000
14:02:49,110719,50.635581842,-123.405531430,474.607000000,12,1.681000000,3.007000000,4.590000000
14:02:50,110719,50.635582208,-123.405531062,474.594000000,12,1.681000000,3.007000000,4.590000000
14:02:51,110719,50.635582507,-123.405530732,474.572000000,12,1.682000000,3.008000000,4.595000000
14:02:52,110719,50.635582725,-123.405530632,474.572000000,12,1.682000000,3.008000000,4.595000000
14:02:53,110719,50.635582972,-123.405530555,474.564000000,12,1.682000000,3.008000000,4.595000000
14:02:54,110719,50.635583208,-123.405530480,474.550000000,12,1.683000000,3.009000000,4.600000000
14:02:55,110719,50.635583428,-123.405530488,474.539000000,12,1.683000000,3.009000000,4.600000000
14:02:56,110719,50.635583635,-123.405530465,474.514000000,12,1.683000000,3.009000000,4.600000000
14:02:57,110719,50.635583767,-123.405530577,474.504000000,12,1.683000000,3.011000000,4.605000000
14:02:58,110719,50.635583838,-123.405530747,474.501000000,12,1.683000000,3.011000000,4.605000000
14:02:59,110719,50.635583850,-123.405530978,474.509000000,12,1.683000000,3.011000000,4.605000000
14:03:00,110719,50.635583875,-123.405531247,474.518000000,12,1.684000000,3.012000000,4.610000000
14:03:01,110719,50.635583872,-123.405531568,474.529000000,12,1.684000000,3.012000000,4.610000000
14:03:02,110719,50.635583863,-123.405531923,474.536000000,12,1.684000000,3.012000000,4.610000000
14:03:03,110719,50.635583847,-123.405532285,474.542000000,12,1.685000000,3.014000000,4.615000000
14:03:04,110719,50.635583778,-123.405532780,474.555000000,12,1.685000000,3.014000000,4.615000000
14:03:05,110719,50.635583725,-123.405533257,474.566000000,12,1.685000000,3.014000000,4.615000000
14:03:06,110719,50.635583662,-123.405533795,474.585000000,12,1.685000000,3.015000000,4.620000000
14:03:07,110719,50.635583588,-123.405534312,474.606000000,12,1.685000000,3.015000000,4.620000000
14:03:08,110719,50.635583522,-123.405534877,474.624000000,12,1.685000000,3.015000000,4.620000000
14:03:09,110719,50.635583453,-123.405535490,474.646000000,12,1.686000000,3.016000000,4.625000000
14:03:10,110719,50.635583370,-123.405536140,474.675000000,12,1.686000000,3.016000000,4.625000000
14:03:11,110719,50.635583272,-123.405536857,474.710000000,13,1.653000000,1.875000000,3.328000000
14:03:12,110719,50.635583177,-123.405537537,474.742000000,13,1.653000000,1.875000000,3.328000000
14:03:13,110719,50.635583048,-123.405538245,474.780000000,13,1.653000000,1.875000000,3.328000000
14:03:14,110719,50.635582933,-123.405538915,474.816000000,13,1.654000000,1.875000000,3.330000000
14:03:15,110719,50.635582798,-123.405539597,474.854000000,13,1.654000000,1.875000000,3.330000000
14:03:16,110719,50.635582683,-123.405540180,474.881000000,13,1.654000000,1.875000000,3.330000000
14:03:17,110719,50.635582537,-123.405540820,474.912000000,13,1.654000000,1.876000000,3.333000000
14:03:18,110719,50.635582387,-123.405541440,474.938000000,13,1.654000000,1.876000000,3.333000000
14:03:19,110719,50.635582235,-123.405542082,474.962000000,13,1.654000000,1.876000000,3.333000000
14:03:20,110719,50.635582100,-123.405542678,474.983000000,13,1.655000000,1.876000000,3.336000000
14:03:21,110719,50.635581952,-123.405543250,475.006000000,13,1.655000000,1.876000000,3.336000000
14:03:22,110719,50.635581790,-123.405543807,475.033000000,13,1.655000000,1.876000000,3.336000000
14:03:23,110719,50.635581608,-123.405544340,475.057000000,13,1.655000000,1.877000000,3.339000000
14:03:24,110719,50.635581433,-123.405544853,475.081000000,13,1.655000000,1.877000000,3.339000000
14:03:25,110719,50.635581240,-123.405545367,475.103000000,13,1.655000000,1.877000000,3.339000000
14:03:26,110719,50.635581068,-123.405545825,475.120000000,13,1.656000000,1.877000000,3.342000000
14:03:27,110719,50.635580923,-123.405546197,475.132000000,13,1.656000000,1.877000000,3.342000000
14:03:28,110719,50.635580767,-123.405546607,475.152000000,13,1.656000000,1.877000000,3.342000000
14:03:29,110719,50.635580602,-123.405547038,475.172000000,13,1.656000000,1.877000000,3.345000000
14:03:30,110719,50.635580432,-123.405547452,475.196000000,13,1.656000000,1.877000000,3.345000000
14:03:31,110719,50.635580285,-123.405547855,475.225000000,13,1.656000000,1.877000000,3.345000000
14:03:32,110719,50.635580143,-123.405548243,475.250000000,13,1.657000000,1.878000000,3.348000000
14:03:33,110719,50.635580010,-123.405548558,475.271000000,13,1.657000000,1.878000000,3.348000000
14:03:34,110719,50.635579875,-123.405548880,475.293000000,13,1.657000000,1.878000000,3.348000000
14:03:35,110719,50.635579730,-123.405549205,475.319000000,13,1.657000000,1.878000000,3.351000000
14:03:36,110719,50.635579035,-123.405552355,475.833000000,13,1.657000000,1.878000000,3.351000000
14:03:37,110719,50.635579067,-123.405553423,475.948000000,13,1.657000000,1.878000000,3.351000000
14:03:38,110719,50.635579048,-123.405553785,475.983000000,13,0.424000000,0.480000000,0.857000000
14:03:39,110719,50.635579012,-123.405553967,476.002000000,13,0.424000000,0.480000000,0.857000000
14:03:40,110719,50.635578930,-123.405554148,476.025000000,13,0.424000000,0.480000000,0.857000000
14:03:41,110719,50.635578792,-123.405554382,476.060000000,14,0.332000000,0.309000000,0.726000000
14:03:42,110719,50.635578642,-123.405554643,476.103000000,13,0.332000000,0.362000000,0.796000000
14:03:43,110719,50.635578520,-123.405554822,476.134000000,13,0.332000000,0.362000000,0.796000000
14:03:44,110719,50.635578405,-123.405554985,476.158000000,13,0.332000000,0.362000000,0.796000000
14:03:45,110719,50.635578275,-123.405555142,476.180000000,12,0.363000000,0.651000000,1.005000000
14:03:46,110719,50.635578148,-123.405555272,476.198000000,12,0.363000000,0.651000000,1.005000000
14:03:47,110719,50.635578007,-123.405555430,476.219000000,12,0.363000000,0.651000000,1.005000000
14:03:48,110719,50.635577870,-123.405555638,476.245000000,12,0.349000000,0.625000000,0.965000000
14:03:49,110719,50.635577742,-123.405555833,476.269000000,12,0.349000000,0.625000000,0.965000000
14:03:50,110719,50.635577658,-123.405555945,476.280000000,12,0.349000000,0.625000000,0.965000000
14:03:51,110719,50.635577592,-123.405556037,476.287000000,12,0.338000000,0.605000000,0.936000000
14:03:52,110719,50.635577513,-123.405556098,476.288000000,12,0.338000000,0.605000000,0.936000000
14:03:53,110719,50.635577413,-123.405556222,476.295000000,12,0.338000000,0.605000000,0.936000000
14:03:54,110719,50.635577313,-123.405556375,476.310000000,12,0.330000000,0.590000000,0.913000000
14:03:55,110719,50.635577225,-123.405556467,476.320000000,12,0.330000000,0.590000000,0.913000000
14:03:56,110719,50.635577138,-123.405556577,476.328000000,12,0.330000000,0.590000000,0.913000000
14:03:57,110719,50.635577082,-123.405556625,476.328000000,12,0.326000000,0.584000000,0.904000000
14:03:58,110719,50.635577025,-123.405556675,476.329000000,12,0.326000000,0.584000000,0.904000000
14:03:59,110719,50.635576960,-123.405556717,476.334000000,12,0.326000000,0.584000000,0.904000000
14:04:00,110719,50.635576870,-123.405556775,476.340000000,12,0.328000000,0.587000000,0.909000000
14:04:01,110719,50.635576487,-123.405558358,476.460000000,13,0.321000000,0.438000000,0.825000000
14:04:02,110719,50.635576158,-123.405559722,476.568000000,13,0.321000000,0.438000000,0.825000000
14:04:03,110719,50.635575940,-123.405560347,476.621000000,13,0.321000000,0.438000000,0.825000000
14:04:04,110719,50.635575782,-123.405560728,476.655000000,13,0.351000000,0.478000000,0.901000000
14:04:05,110719,50.635575677,-123.405560813,476.668000000,13,0.351000000,0.478000000,0.901000000
14:04:06,110719,50.635575600,-123.405560765,476.669000000,13,0.351000000,0.478000000,0.901000000
14:04:07,110719,50.635575515,-123.405560607,476.666000000,13,0.365000000,0.498000000,0.938000000
14:04:08,110719,50.635575473,-123.405560278,476.649000000,13,0.368000000,0.502000000,0.946000000
14:04:09,110719,50.635575427,-123.405560015,476.639000000,13,0.368000000,0.502000000,0.946000000
14:04:10,110719,50.635575388,-123.405559738,476.628000000,13,0.368000000,0.502000000,0.946000000
14:04:11,110719,50.635575355,-123.405559475,476.617000000,13,0.370000000,0.504000000,0.951000000
14:04:12,110719,50.635575318,-123.405559247,476.609000000,13,0.370000000,0.504000000,0.951000000
14:04:13,110719,50.635575268,-123.405559102,476.610000000,13,0.370000000,0.504000000,0.951000000
14:04:14,110719,50.635575207,-123.405558930,476.609000000,13,0.369000000,0.504000000,0.951000000
14:04:15,110719,50.635575147,-123.405558733,476.603000000,13,0.369000000,0.504000000,0.951000000
14:04:16,110719,50.635575087,-123.405558503,476.600000000,13,0.369000000,0.504000000,0.951000000
14:04:17,110719,50.635575042,-123.405558343,476.601000000,14,0.367000000,0.379000000,0.753000000
14:04:18,110719,50.635574998,-123.405558202,476.603000000,14,0.367000000,0.379000000,0.753000000
14:04:19,110719,50.635574983,-123.405558078,476.613000000,15,0.357000000,0.287000000,0.643000000
14:04:20,110719,50.635574980,-123.405557953,476.620000000,15,0.357000000,0.287000000,0.643000000
14:04:21,110719,50.635574985,-123.405557918,476.635000000,16,0.627000000,0.467000000,1.220000000
14:04:22,110719,50.635574972,-123.405557927,476.654000000,15,0.659000000,0.591000000,1.445000000
14:04:23,110719,50.635574950,-123.405557915,476.673000000,15,0.659000000,0.591000000,1.445000000
14:04:24,110719,50.635574932,-123.405557865,476.693000000,15,0.659000000,0.591000000,1.445000000
14:04:25,110719,50.635574930,-123.405557792,476.706000000,14,0.529000000,0.539000000,1.286000000
14:04:26,110719,50.635574917,-123.405557713,476.717000000,14,0.529000000,0.539000000,1.286000000
14:04:27,110719,50.635574885,-123.405557775,476.735000000,14,0.529000000,0.539000000,1.286000000
14:04:28,110719,50.635574818,-123.405557987,476.763000000,14,0.433000000,0.441000000,1.051000000
14:04:29,110719,50.635574753,-123.405558175,476.792000000,14,0.433000000,0.441000000,1.051000000
14:04:30,110719,50.635574712,-123.405558282,476.817000000,14,0.433000000,0.441000000,1.051000000
14:04:31,110719,50.635574675,-123.405558377,476.844000000,14,0.381000000,0.388000000,0.925000000
14:04:32,110719,50.635574658,-123.405558552,476.870000000,14,0.381000000,0.388000000,0.925000000
14:04:33,110719,50.635574640,-123.405558707,476.893000000,15,0.358000000,0.268000000,0.696000000
14:04:34,110719,50.635574648,-123.405558678,476.902000000,14,0.358000000,0.268000000,0.696000000
14:04:35,110719,50.635574648,-123.405558535,476.909000000,14,0.378000000,0.314000000,0.695000000
14:04:36,110719,50.635574678,-123.405558313,476.911000000,15,0.401000000,0.301000000,0.782000000
14:04:37,110719,50.635574697,-123.405558130,476.919000000,15,0.401000000,0.301000000,0.782000000
14:04:38,110719,50.635574755,-123.405557863,476.916000000,14,0.602000000,0.500000000,1.109000000
14:04:39,110719,50.635574837,-123.405557490,476.909000000,14,0.615000000,0.510000000,1.132000000
14:04:40,110719,50.635574927,-123.405557062,476.892000000,15,0.642000000,0.514000000,1.156000000
14:04:41,110719,50.635575015,-123.405556597,476.873000000,15,0.642000000,0.514000000,1.156000000
14:04:42,110719,50.635575120,-123.405556047,476.848000000,15,0.642000000,0.514000000,1.156000000
14:04:43,110719,50.635575212,-123.405555518,476.830000000,15,0.707000000,0.566000000,1.273000000
14:04:44,110719,50.635575317,-123.405554940,476.805000000,15,0.707000000,0.566000000,1.273000000
14:04:45,110719,50.635575368,-123.405554447,476.791000000,15,0.707000000,0.566000000,1.273000000
14:04:46,110719,50.635575467,-123.405553810,476.755000000,15,0.568000000,0.454000000,1.023000000
14:04:47,110719,50.635575540,-123.405553260,476.724000000,15,0.568000000,0.454000000,1.023000000
14:04:48,110719,50.635575560,-123.405552942,476.713000000,16,0.451000000,0.335000000,0.878000000
14:04:49,110719,50.635575577,-123.405552577,476.698000000,16,0.451000000,0.335000000,0.878000000
14:04:50,110719,50.635575595,-123.405552322,476.692000000,16,0.451000000,0.335000000,0.878000000
14:04:51,110719,50.635575652,-123.405551970,476.677000000,16,0.424000000,0.315000000,0.827000000
14:04:52,110719,50.635575672,-123.405551698,476.668000000,16,0.424000000,0.315000000,0.827000000
14:04:53,110719,50.635575725,-123.405551370,476.651000000,15,0.451000000,0.405000000,0.996000000
14:04:54,110719,50.635575757,-123.405551110,476.641000000,15,0.451000000,0.405000000,0.996000000
14:04:55,110719,50.635575792,-123.405550865,476.634000000,14,0.433000000,0.441000000,1.055000000
14:04:56,110719,50.635575783,-123.405550608,476.626000000,14,0.433000000,0.441000000,1.055000000
14:04:57,110719,50.635575757,-123.405550415,476.628000000,14,0.433000000,0.441000000,1.055000000
14:04:58,110719,50.635575740,-123.405550210,476.626000000,14,0.407000000,0.415000000,0.994000000
14:04:59,110719,50.635575725,-123.405550022,476.623000000,14,0.407000000,0.415000000,0.994000000
14:05:00,110719,50.635575727,-123.405549760,476.609000000,14,0.407000000,0.415000000,0.994000000
14:05:01,110719,50.635575717,-123.405549448,476.596000000,14,0.398000000,0.405000000,0.971000000
14:05:02,110719,50.635575698,-123.405549188,476.585000000,14,0.398000000,0.405000000,0.971000000
14:05:03,110719,50.635575673,-123.405548947,476.579000000,14,0.398000000,0.405000000,0.971000000
14:05:04,110719,50.635575660,-123.405548682,476.564000000,14,0.397000000,0.404000000,0.969000000
14:05:05,110719,50.635575655,-123.405548428,476.549000000,14,0.397000000,0.404000000,0.969000000
14:05:06,110719,50.635575678,-123.405548178,476.538000000,14,0.397000000,0.404000000,0.969000000
14:05:07,110719,50.635575728,-123.405547905,476.522000000,15,0.403000000,0.301000000,0.785000000
14:05:08,110719,50.635575777,-123.405547655,476.511000000,15,0.403000000,0.301000000,0.785000000
14:05:09,110719,50.635575823,-123.405547418,476.502000000,15,0.403000000,0.301000000,0.785000000
14:05:10,110719,50.635575843,-123.405547172,476.491000000,15,0.509000000,0.380000000,0.991000000
14:05:11,110719,50.635575885,-123.405546865,476.478000000,15,0.509000000,0.380000000,0.991000000
14:05:12,110719,50.635575915,-123.405546635,476.470000000,15,0.509000000,0.380000000,0.991000000
14:05:13,110719,50.635575945,-123.405546392,476.462000000,14,0.601000000,0.497000000,1.106000000
14:05:14,110719,50.635576012,-123.405546093,476.444000000,13,0.611000000,0.536000000,1.130000000
14:05:15,110719,50.635576067,-123.405545867,476.433000000,14,0.584000000,0.486000000,1.067000000
14:05:16,110719,50.635576118,-123.405545682,476.428000000,13,0.607000000,0.687000000,1.251000000
14:05:17,110719,50.635576132,-123.405545498,476.421000000,13,0.607000000,0.687000000,1.251000000
14:05:18,110719,50.635576143,-123.405545315,476.416000000,13,0.607000000,0.687000000,1.251000000
14:05:19,110719,50.635576153,-123.405545137,476.411000000,14,0.454000000,0.423000000,1.008000000
14:05:20,110719,50.635576120,-123.405544937,476.402000000,14,0.454000000,0.423000000,1.008000000
14:05:21,110719,50.635576098,-123.405544668,476.388000000,15,0.440000000,0.395000000,0.975000000
14:05:22,110719,50.635576090,-123.405544353,476.367000000,15,0.440000000,0.395000000,0.975000000
14:05:23,110719,50.635576102,-123.405544012,476.345000000,15,0.440000000,0.395000000,0.975000000
14:05:24,110719,50.635576093,-123.405543745,476.325000000,15,0.426000000,0.382000000,0.944000000
14:05:25,110719,50.635576058,-123.405543512,476.313000000,15,0.426000000,0.382000000,0.944000000
14:05:26,110719,50.635576033,-123.405543268,476.300000000,15,0.426000000,0.382000000,0.944000000
14:05:27,110719,50.635576020,-123.405543018,476.281000000,15,0.433000000,0.388000000,0.960000000
14:05:28,110719,50.635576008,-123.405542752,476.263000000,15,0.433000000,0.388000000,0.960000000
14:05:29,110719,50.635576025,-123.405542408,476.237000000,15,0.433000000,0.388000000,0.960000000
14:05:30,110719,50.635576045,-123.405542077,476.211000000,15,0.440000000,0.395000000,0.978000000
14:05:31,110719,50.635576055,-123.405541740,476.189000000,15,0.440000000,0.395000000,0.978000000
14:05:32,110719,50.635576067,-123.405541445,476.169000000,15,0.440000000,0.395000000,0.978000000
14:05:33,110719,50.635576063,-123.405541142,476.150000000,14,0.454000000,0.462000000,1.112000000
14:05:34,110719,50.635576062,-123.405540840,476.131000000,14,0.454000000,0.462000000,1.112000000
14:05:35,110719,50.635576075,-123.405540562,476.111000000,14,0.454000000,0.462000000,1.112000000
14:05:36,110719,50.635576108,-123.405540272,476.091000000,14,0.460000000,0.468000000,1.127000000
14:05:37,110719,50.635576122,-123.405540050,476.073000000,14,0.460000000,0.468000000,1.127000000
14:05:38,110719,50.635576145,-123.405539818,476.055000000,14,0.460000000,0.468000000,1.127000000
14:05:39,110719,50.635576157,-123.405539655,476.048000000,14,0.464000000,0.472000000,1.136000000
14:05:40,110719,50.635576175,-123.405539485,476.036000000,13,0.534000000,0.724000000,1.388000000
14:05:41,110719,50.635576195,-123.405539458,476.041000000,13,0.535000000,0.726000000,1.390000000
14:05:42,110719,50.635576235,-123.405539607,476.064000000,13,0.535000000,0.726000000,1.390000000
14:05:43,110719,50.635576287,-123.405539633,476.071000000,13,0.535000000,0.726000000,1.390000000
14:05:44,110719,50.635576320,-123.405539650,476.080000000,13,0.537000000,0.728000000,1.396000000
14:05:45,110719,50.635576315,-123.405539707,476.093000000,13,0.537000000,0.728000000,1.396000000
14:05:46,110719,50.635576327,-123.405539678,476.094000000,14,0.468000000,0.477000000,1.148000000
14:05:47,110719,50.635576307,-123.405539778,476.107000000,13,0.539000000,0.730000000,1.400000000
14:05:48,110719,50.635576283,-123.405539742,476.104000000,15,0.461000000,0.414000000,1.026000000
14:05:49,110719,50.635576275,-123.405539548,476.085000000,16,0.446000000,0.411000000,0.960000000
14:05:50,110719,50.635576248,-123.405539355,476.062000000,16,0.440000000,0.405000000,0.946000000
14:05:51,110719,50.635576240,-123.405539163,476.036000000,16,0.435000000,0.401000000,0.935000000
14:05:52,110719,50.635576213,-123.405539007,476.013000000,16,0.435000000,0.401000000,0.935000000
14:05:53,110719,50.635576187,-123.405538893,475.994000000,16,0.435000000,0.401000000,0.935000000
14:05:54,110719,50.635576153,-123.405538825,475.979000000,15,0.504000000,0.524000000,1.004000000
14:05:55,110719,50.635576147,-123.405538718,475.962000000,15,0.502000000,0.522000000,1.000000000
14:05:56,110719,50.635576093,-123.405538727,475.965000000,15,0.502000000,0.522000000,1.000000000
14:05:57,110719,50.635576085,-123.405538662,475.964000000,16,0.450000000,0.375000000,0.828000000
14:05:58,110719,50.635576095,-123.405538580,475.954000000,16,0.450000000,0.375000000,0.828000000
14:05:59,110719,50.635576110,-123.405538532,475.948000000,16,0.450000000,0.375000000,0.828000000
14:06:00,110719,50.635576130,-123.405538507,475.941000000,16,0.446000000,0.372000000,0.821000000
14:06:01,110719,50.635576155,-123.405538422,475.934000000,15,0.446000000,0.372000000,0.821000000
14:06:02,110719,50.635576153,-123.405538492,475.941000000,15,0.444000000,0.387000000,0.829000000
14:06:03,110719,50.635576153,-123.405538653,475.953000000,15,0.444000000,0.387000000,0.829000000
14:06:04,110719,50.635576157,-123.405538730,475.961000000,15,0.444000000,0.387000000,0.829000000
14:06:05,110719,50.635576183,-123.405538768,475.963000000,15,0.456000000,0.398000000,0.852000000
14:06:06,110719,50.635576233,-123.405538733,475.959000000,15,0.456000000,0.398000000,0.852000000
14:06:07,110719,50.635576258,-123.405538727,475.957000000,15,0.456000000,0.398000000,0.852000000
14:06:08,110719,50.635576278,-123.405538763,475.965000000,15,0.453000000,0.395000000,0.847000000
14:06:09,110719,50.635576327,-123.405538782,475.970000000,15,0.453000000,0.395000000,0.847000000
14:06:10,110719,50.635576320,-123.405538942,475.986000000,15,0.453000000,0.395000000,0.847000000
14:06:11,110719,50.635576348,-123.405538962,475.987000000,16,0.413000000,0.327000000,0.834000000
14:06:12,110719,50.635576390,-123.405538950,475.987000000,15,0.446000000,0.388000000,0.832000000
14:06:13,110719,50.635576418,-123.405538942,475.989000000,15,0.446000000,0.388000000,0.832000000
14:06:14,110719,50.635576488,-123.405538813,475.979000000,16,0.405000000,0.320000000,0.817000000
14:06:15,110719,50.635576498,-123.405538788,475.977000000,15,0.424000000,0.346000000,0.850000000
14:06:16,110719,50.635576553,-123.405538695,475.969000000,16,0.429000000,0.342000000,0.851000000
14:06:17,110719,50.635576617,-123.405538622,475.960000000,16,0.429000000,0.342000000,0.851000000
14:06:18,110719,50.635576680,-123.405538568,475.953000000,16,0.429000000,0.342000000,0.851000000
14:06:19,110719,50.635576728,-123.405538517,475.951000000,16,0.443000000,0.353000000,0.879000000
14:06:20,110719,50.635576783,-123.405538510,475.955000000,16,0.443000000,0.353000000,0.879000000
14:06:21,110719,50.635576788,-123.405538548,475.966000000,16,0.443000000,0.353000000,0.879000000
14:06:22,110719,50.635576823,-123.405538517,475.969000000,16,0.564000000,0.449000000,1.120000000
14:06:23,110719,50.635576870,-123.405538513,475.973000000,16,0.564000000,0.449000000,1.120000000
14:06:24,110719,50.635576922,-123.405538415,475.964000000,16,0.564000000,0.449000000,1.120000000
14:06:25,110719,50.635576968,-123.405538325,475.958000000,15,2.208000000,1.799000000,4.426000000
14:06:26,110719,50.635577015,-123.405538255,475.952000000,15,2.112000000,1.844000000,3.946000000
14:06:27,110719,50.635577030,-123.405538263,475.951000000,15,2.112000000,1.844000000,3.946000000
14:06:28,110719,50.635577027,-123.405538227,475.948000000,15,2.112000000,1.844000000,3.946000000
14:06:29,110719,50.635577022,-123.405538195,475.949000000,15,1.531000000,1.336000000,2.861000000
14:06:30,110719,50.635577018,-123.405538193,475.949000000,15,1.400000000,1.221000000,2.615000000
14:06:31,110719,50.635577035,-123.405538143,475.943000000,15,1.400000000,1.221000000,2.615000000
14:06:32,110719,50.635577028,-123.405538088,475.933000000,14,1.131000000,1.047000000,2.130000000
14:06:33,110719,50.635577000,-123.405538055,475.931000000,15,1.033000000,0.897000000,1.932000000
14:06:34,110719,50.635577010,-123.405537957,475.923000000,15,1.033000000,0.897000000,1.932000000
14:06:35,110719,50.635577025,-123.405537827,475.910000000,15,1.033000000,0.897000000,1.932000000
14:06:36,110719,50.635577033,-123.405537752,475.904000000,15,0.812000000,0.706000000,1.519000000
14:06:37,110719,50.635577042,-123.405537660,475.896000000,15,0.812000000,0.706000000,1.519000000
14:06:38,110719,50.635577063,-123.405537583,475.891000000,15,0.812000000,0.706000000,1.519000000
14:06:39,110719,50.635577082,-123.405537470,475.879000000,14,0.691000000,0.600000000,1.292000000
14:06:40,110719,50.635577092,-123.405537432,475.875000000,14,0.763000000,0.866000000,1.519000000
14:06:41,110719,50.635577118,-123.405537360,475.865000000,14,0.763000000,0.866000000,1.519000000
14:06:42,110719,50.635577148,-123.405537262,475.852000000,14,0.763000000,0.866000000,1.519000000
14:06:43,110719,50.635577172,-123.405537187,475.845000000,15,0.557000000,0.534000000,1.216000000
14:06:44,110719,50.635577207,-123.405537113,475.840000000,15,0.557000000,0.534000000,1.216000000
14:06:45,110719,50.635577255,-123.405536982,475.827000000,15,0.557000000,0.534000000,1.216000000
14:06:46,110719,50.635577247,-123.405536963,475.823000000,14,0.509000000,0.488000000,1.111000000
14:06:47,110719,50.635577267,-123.405536865,475.819000000,15,0.497000000,0.505000000,1.132000000
14:06:48,110719,50.635577272,-123.405536827,475.823000000,15,0.497000000,0.505000000,1.132000000
14:06:49,110719,50.635577298,-123.405536725,475.818000000,15,0.497000000,0.505000000,1.132000000
14:06:50,110719,50.635577348,-123.405536605,475.809000000,16,0.466000000,0.370000000,0.926000000
14:06:51,110719,50.635577373,-123.405536508,475.802000000,16,0.466000000,0.370000000,0.926000000
14:06:52,110719,50.635577403,-123.405536465,475.796000000,17,0.483000000,0.375000000,0.962000000
14:06:53,110719,50.635577410,-123.405536423,475.794000000,17,0.483000000,0.375000000,0.962000000
14:06:54,110719,50.635577422,-123.405536387,475.790000000,17,0.483000000,0.375000000,0.962000000
14:06:55,110719,50.635577430,-123.405536308,475.788000000,17,0.471000000,0.366000000,0.939000000
14:06:56,110719,50.635577428,-123.405536253,475.788000000,17,0.471000000,0.366000000,0.939000000
14:06:57,110719,50.635577403,-123.405536245,475.790000000,17,0.471000000,0.366000000,0.939000000
14:06:58,110719,50.635577427,-123.405536167,475.781000000,17,0.535000000,0.415000000,1.066000000
14:06:59,110719,50.635577452,-123.405536142,475.777000000,17,0.535000000,0.415000000,1.066000000
14:07:00,110719,50.635577492,-123.405536070,475.771000000,17,0.535000000,0.415000000,1.066000000
14:07:01,110719,50.635577478,-123.405536068,475.773000000,16,0.631000000,0.501000000,1.256000000
14:07:02,110719,50.635577447,-123.405536037,475.777000000,16,0.631000000,0.501000000,1.256000000
14:07:03,110719,50.635577407,-123.405536037,475.775000000,16,0.631000000,0.501000000,1.256000000
14:07:04,110719,50.635577408,-123.405535910,475.771000000,15,0.559000000,0.454000000,1.123000000
14:07:05,110719,50.635577415,-123.405535913,475.762000000,15,0.559000000,0.454000000,1.123000000
14:07:06,110719,50.635577380,-123.405535873,475.761000000,15,0.506000000,0.411000000,1.017000000
14:07:07,110719,50.635577358,-123.405535790,475.750000000,15,0.506000000,0.411000000,1.017000000
14:07:08,110719,50.635577292,-123.405535790,475.753000000,15,0.506000000,0.411000000,1.017000000
14:07:09,110719,50.635577228,-123.405535632,475.742000000,15,0.469000000,0.381000000,0.942000000
14:07:10,110719,50.635577217,-123.405535667,475.738000000,15,0.469000000,0.381000000,0.942000000
14:07:11,110719,50.635577210,-123.405535810,475.755000000,15,0.469000000,0.381000000,0.942000000
14:07:12,110719,50.635577280,-123.405535893,475.759000000,15,0.455000000,0.370000000,0.914000000
14:07:13,110719,50.635577315,-123.405535857,475.749000000,15,0.455000000,0.370000000,0.914000000
14:07:14,110719,50.635577348,-123.405535758,475.737000000,14,0.490000000,0.451000000,0.924000000
14:07:15,110719,50.635577340,-123.405535690,475.727000000,15,0.487000000,0.422000000,0.913000000
14:07:16,110719,50.635577323,-123.405535642,475.723000000,15,0.487000000,0.422000000,0.913000000
14:07:17,110719,50.635577267,-123.405535680,475.724000000,15,0.487000000,0.422000000,0.913000000
14:07:18,110719,50.635577262,-123.405535608,475.717000000,15,0.485000000,0.420000000,0.909000000
14:07:19,110719,50.635577285,-123.405535530,475.704000000,15,0.485000000,0.420000000,0.909000000
14:07:20,110719,50.635577288,-123.405535510,475.702000000,15,0.485000000,0.420000000,0.909000000
14:07:21,110719,50.635577288,-123.405535487,475.699000000,15,0.485000000,0.420000000,0.909000000
14:07:22,110719,50.635577318,-123.405535385,475.687000000,15,0.485000000,0.420000000,0.909000000
14:07:23,110719,50.635577333,-123.405535352,475.684000000,15,0.484000000,0.419000000,0.908000000
14:07:24,110719,50.635577342,-123.405535333,475.678000000,15,0.484000000,0.419000000,0.908000000
14:07:25,110719,50.635577325,-123.405535307,475.675000000,15,0.484000000,0.419000000,0.908000000
14:07:26,110719,50.635577330,-123.405535262,475.672000000,15,0.480000000,0.415000000,0.900000000
14:07:27,110719,50.635577350,-123.405535138,475.658000000,16,0.435000000,0.343000000,0.883000000
14:07:28,110719,50.635577373,-123.405535078,475.642000000,15,0.476000000,0.411000000,0.892000000
14:07:29,110719,50.635577398,-123.405535032,475.632000000,15,0.476000000,0.411000000,0.892000000
14:07:30,110719,50.635577422,-123.405534973,475.621000000,16,0.431000000,0.340000000,0.875000000
14:07:31,110719,50.635577430,-123.405534918,475.615000000,15,0.431000000,0.340000000,0.875000000
14:07:32,110719,50.635577407,-123.405534913,475.617000000,15,0.472000000,0.408000000,0.886000000
14:07:33,110719,50.635577400,-123.405534908,475.623000000,16,0.430000000,0.339000000,0.873000000
14:07:34,110719,50.635577398,-123.405534932,475.629000000,15,0.472000000,0.408000000,0.886000000
14:07:35,110719,50.635577418,-123.405534950,475.630000000,16,0.430000000,0.339000000,0.873000000
14:07:36,110719,50.635577450,-123.405534982,475.634000000,16,0.430000000,0.339000000,0.873000000
14:07:37,110719,50.635577508,-123.405535025,475.638000000,15,0.430000000,0.339000000,0.873000000
14:07:38,110719,50.635577550,-123.405535042,475.638000000,16,0.470000000,0.406000000,0.882000000
14:07:39,110719,50.635577597,-123.405535045,475.635000000,16,0.428000000,0.337000000,0.868000000
14:07:40,110719,50.635577637,-123.405535015,475.637000000,15,0.439000000,0.421000000,0.967000000
14:07:41,110719,50.635577677,-123.405534980,475.636000000,15,0.439000000,0.421000000,0.967000000
14:07:42,110719,50.635577690,-123.405534887,475.631000000,15,0.438000000,0.420000000,0.965000000
14:07:43,110719,50.635577687,-123.405534890,475.634000000,14,0.527000000,0.597000000,1.061000000
14:07:44,110719,50.635577685,-123.405534860,475.636000000,15,0.438000000,0.420000000,0.965000000
14:07:45,110719,50.635577667,-123.405534828,475.639000000,15,0.366000000,0.504000000,0.754000000
14:07:46,110719,50.635577645,-123.405534808,475.645000000,15,0.366000000,0.504000000,0.754000000
14:07:47,110719,50.635577642,-123.405534768,475.645000000,16,0.336000000,0.390000000,0.741000000
14:07:48,110719,50.635577672,-123.405534740,475.643000000,15,0.365000000,0.503000000,0.753000000
14:07:49,110719,50.635577637,-123.405534663,475.644000000,15,0.365000000,0.502000000,0.751000000
14:07:50,110719,50.635577677,-123.405534597,475.638000000,17,0.333000000,0.322000000,0.688000000
14:07:51,110719,50.635577632,-123.405534592,475.647000000,16,0.353000000,0.375000000,0.686000000
14:07:52,110719,50.635577582,-123.405534627,475.652000000,17,0.331000000,0.320000000,0.684000000
14:07:53,110719,50.635577540,-123.405534627,475.653000000,16,0.332000000,0.386000000,0.733000000
14:07:54,110719,50.635577622,-123.405534552,475.651000000,15,0.361000000,0.497000000,0.744000000
14:07:55,110719,50.635577693,-123.405534515,475.641000000,16,0.330000000,0.384000000,0.730000000
14:07:56,110719,50.635577700,-123.405534610,475.647000000,15,0.359000000,0.495000000,0.742000000
14:07:57,110719,50.635577732,-123.405534652,475.655000000,15,0.359000000,0.494000000,0.741000000
14:07:58,110719,50.635577775,-123.405534668,475.656000000,16,0.349000000,0.370000000,0.678000000
14:07:59,110719,50.635577812,-123.405534702,475.661000000,16,0.349000000,0.370000000,0.678000000
14:08:00,110719,50.635577837,-123.405534777,475.669000000,16,0.349000000,0.370000000,0.678000000
14:08:01,110719,50.635577867,-123.405534825,475.676000000,16,0.348000000,0.369000000,0.677000000
14:08:02,110719,50.635577902,-123.405534810,475.673000000,16,0.348000000,0.369000000,0.677000000
14:08:03,110719,50.635577933,-123.405534820,475.671000000,16,0.348000000,0.369000000,0.677000000
14:08:04,110719,50.635577963,-123.405534788,475.663000000,16,0.345000000,0.367000000,0.672000000
14:08:05,110719,50.635577968,-123.405534750,475.657000000,16,0.345000000,0.367000000,0.672000000
14:08:06,110719,50.635577985,-123.405534755,475.657000000,16,0.345000000,0.367000000,0.672000000
14:08:07,110719,50.635578002,-123.405534752,475.654000000,16,0.343000000,0.365000000,0.668000000
14:08:08,110719,50.635578013,-123.405534762,475.652000000,16,0.343000000,0.365000000,0.668000000
14:08:09,110719,50.635578007,-123.405534773,475.652000000,17,0.323000000,0.312000000,0.668000000
14:08:10,110719,50.635578015,-123.405534777,475.651000000,18,0.323000000,0.312000000,0.668000000
14:08:11,110719,50.635578047,-123.405534752,475.647000000,18,0.322000000,0.302000000,0.657000000
14:08:12,110719,50.635578067,-123.405534730,475.645000000,17,0.322000000,0.302000000,0.657000000
14:08:13,110719,50.635578023,-123.405534890,475.655000000,17,0.348000000,0.350000000,0.669000000
14:08:14,110719,50.635578022,-123.405534952,475.649000000,18,0.329000000,0.308000000,0.671000000
14:08:15,110719,50.635578057,-123.405534917,475.646000000,17,0.330000000,0.364000000,0.729000000
14:08:16,110719,50.635578065,-123.405534883,475.643000000,16,0.358000000,0.445000000,0.745000000
14:08:17,110719,50.635578068,-123.405534825,475.633000000,16,0.358000000,0.446000000,0.746000000
14:08:18,110719,50.635578107,-123.405534855,475.632000000,16,0.358000000,0.446000000,0.746000000
14:08:19,110719,50.635578118,-123.405534978,475.630000000,16,0.358000000,0.446000000,0.746000000
14:08:20,110719,50.635578112,-123.405535097,475.631000000,16,0.359000000,0.446000000,0.747000000
14:08:21,110719,50.635578092,-123.405535163,475.635000000,16,0.359000000,0.446000000,0.747000000
14:08:22,110719,50.635578072,-123.405535267,475.642000000,16,0.359000000,0.446000000,0.747000000
14:08:23,110719,50.635578078,-123.405535370,475.646000000,15,0.360000000,0.495000000,0.745000000
14:08:24,110719,50.635578077,-123.405535427,475.647000000,15,0.360000000,0.495000000,0.745000000
14:08:25,110719,50.635578047,-123.405535508,475.647000000,16,0.343000000,0.363000000,0.667000000
14:08:26,110719,50.635578043,-123.405535582,475.649000000,16,0.343000000,0.363000000,0.667000000
14:08:27,110719,50.635578023,-123.405535593,475.649000000,16,0.343000000,0.363000000,0.667000000
14:08:28,110719,50.635577990,-123.405535610,475.649000000,14,0.343000000,0.386000000,0.669000000
14:08:29,110719,50.635577975,-123.405535577,475.643000000,15,0.350000000,0.612000000,0.787000000
14:08:30,110719,50.635577962,-123.405535580,475.641000000,15,0.339000000,0.381000000,0.661000000
14:08:31,110719,50.635577930,-123.405535643,475.643000000,15,0.339000000,0.381000000,0.661000000
14:08:32,110719,50.635577897,-123.405535715,475.646000000,15,0.339000000,0.381000000,0.661000000
14:08:33,110719,50.635577843,-123.405535802,475.651000000,15,0.332000000,0.373000000,0.647000000
14:08:34,110719,50.635577837,-123.405535807,475.642000000,15,0.328000000,0.369000000,0.639000000
14:08:35,110719,50.635577798,-123.405535875,475.644000000,14,0.332000000,0.581000000,0.748000000
14:08:36,110719,50.635577780,-123.405535897,475.640000000,14,0.331000000,0.578000000,0.744000000
14:08:37,110719,50.635577748,-123.405535885,475.634000000,14,0.331000000,0.578000000,0.744000000
14:08:38,110719,50.635577707,-123.405536003,475.637000000,15,0.306000000,0.397000000,0.697000000
14:08:39,110719,50.635577683,-123.405536118,475.637000000,14,0.327000000,0.571000000,0.736000000
14:08:40,110719,50.635577680,-123.405536258,475.639000000,14,0.325000000,0.567000000,0.732000000
14:08:41,110719,50.635577688,-123.405536335,475.634000000,15,0.302000000,0.391000000,0.688000000
14:08:42,110719,50.635577710,-123.405536423,475.633000000,14,0.322000000,0.563000000,0.726000000
14:08:43,110719,50.635577705,-123.405536542,475.635000000,15,0.301000000,0.390000000,0.685000000
14:08:44,110719,50.635577662,-123.405536605,475.637000000,15,0.301000000,0.390000000,0.685000000
14:08:45,110719,50.635577657,-123.405536650,475.635000000,14,0.321000000,0.561000000,0.725000000
14:08:46,110719,50.635577660,-123.405536755,475.639000000,15,0.300000000,0.388000000,0.683000000
14:08:47,110719,50.635577677,-123.405536827,475.642000000,15,0.300000000,0.388000000,0.683000000
14:08:48,110719,50.635577673,-123.405536947,475.645000000,15,0.300000000,0.388000000,0.683000000
14:08:49,110719,50.635577668,-123.405536958,475.641000000,15,0.296000000,0.384000000,0.676000000
14:08:50,110719,50.635577677,-123.405536938,475.630000000,15,0.295000000,0.383000000,0.673000000
14:08:51,110719,50.635577630,-123.405536967,475.628000000,15,0.295000000,0.382000000,0.672000000
14:08:52,110719,50.635577575,-123.405536983,475.620000000,15,0.295000000,0.382000000,0.672000000
14:08:53,110719,50.635577562,-123.405536877,475.603000000,15,0.295000000,0.382000000,0.672000000
14:08:54,110719,50.635577573,-123.405536888,475.593000000,15,0.291000000,0.378000000,0.665000000
14:08:55,110719,50.635577617,-123.405536805,475.572000000,15,0.291000000,0.378000000,0.665000000
14:08:56,110719,50.635577658,-123.405536688,475.550000000,15,0.291000000,0.378000000,0.665000000
14:08:57,110719,50.635577695,-123.405536638,475.539000000,15,0.289000000,0.375000000,0.660000000
14:08:58,110719,50.635577688,-123.405536627,475.531000000,15,0.289000000,0.375000000,0.660000000
14:08:59,110719,50.635577698,-123.405536670,475.526000000,15,0.289000000,0.375000000,0.660000000
14:09:00,110719,50.635577708,-123.405536633,475.513000000,16,0.287000000,0.372000000,0.655000000
14:09:01,110719,50.635577705,-123.405536658,475.510000000,16,0.281000000,0.327000000,0.627000000
14:09:02,110719,50.635577738,-123.405536670,475.498000000,16,0.281000000,0.327000000,0.627000000
14:09:03,110719,50.635577747,-123.405536625,475.485000000,15,0.284000000,0.368000000,0.648000000
14:09:04,110719,50.635577770,-123.405536615,475.474000000,16,0.278000000,0.323000000,0.620000000
14:09:05,110719,50.635577802,-123.405536605,475.461000000,16,0.278000000,0.323000000,0.620000000
14:09:06,110719,50.635577783,-123.405536703,475.454000000,15,0.281000000,0.364000000,0.641000000
14:09:07,110719,50.635577823,-123.405536660,475.445000000,16,0.275000000,0.320000000,0.614000000
14:09:08,110719,50.635577875,-123.405536605,475.426000000,16,0.275000000,0.320000000,0.614000000
14:09:09,110719,50.635577923,-123.405536550,475.420000000,16,0.275000000,0.320000000,0.614000000
14:09:10,110719,50.635577950,-123.405536567,475.420000000,17,0.274000000,0.303000000,0.611000000
14:09:11,110719,50.635577967,-123.405536617,475.421000000,17,0.274000000,0.303000000,0.611000000
14:09:12,110719,50.635578000,-123.405536603,475.414000000,16,0.285000000,0.341000000,0.654000000
14:09:13,110719,50.635578025,-123.405536590,475.408000000,16,0.285000000,0.341000000,0.654000000
14:09:14,110719,50.635578027,-123.405536585,475.407000000,16,0.290000000,0.347000000,0.666000000
14:09:15,110719,50.635578020,-123.405536542,475.400000000,16,0.290000000,0.347000000,0.666000000
14:09:16,110719,50.635578015,-123.405536520,475.398000000,16,0.290000000,0.347000000,0.666000000
14:09:17,110719,50.635578007,-123.405536525,475.395000000,16,0.277000000,0.331000000,0.636000000
14:09:18,110719,50.635578010,-123.405536560,475.391000000,16,0.277000000,0.331000000,0.636000000
14:09:19,110719,50.635578052,-123.405536507,475.379000000,17,0.268000000,0.255000000,0.544000000
14:09:20,110719,50.635578060,-123.405536470,475.368000000,17,0.268000000,0.255000000,0.544000000
14:09:21,110719,50.635578050,-123.405536513,475.369000000,16,0.258000000,0.309000000,0.593000000
14:09:22,110719,50.635578068,-123.405536475,475.369000000,16,0.258000000,0.309000000,0.593000000
14:09:23,110719,50.635578085,-123.405536442,475.368000000,16,0.258000000,0.309000000,0.593000000
14:09:24,110719,50.635578108,-123.405536407,475.363000000,16,0.252000000,0.301000000,0.579000000
14:09:25,110719,50.635578105,-123.405536442,475.366000000,16,0.252000000,0.301000000,0.579000000
14:09:26,110719,50.635578103,-123.405536447,475.360000000,16,0.252000000,0.301000000,0.579000000
14:09:27,110719,50.635578098,-123.405536387,475.355000000,15,0.249000000,0.298000000,0.572000000
14:09:28,110719,50.635578122,-123.405536302,475.345000000,16,0.266000000,0.383000000,0.599000000
14:09:29,110719,50.635578113,-123.405536247,475.343000000,16,0.262000000,0.290000000,0.586000000
14:09:30,110719,50.635578115,-123.405536228,475.340000000,16,0.267000000,0.320000000,0.615000000
14:09:31,110719,50.635578138,-123.405536190,475.335000000,16,0.267000000,0.320000000,0.615000000
14:09:32,110719,50.635578183,-123.405536113,475.325000000,16,0.267000000,0.320000000,0.615000000
14:09:33,110719,50.635578185,-123.405536083,475.322000000,16,0.284000000,0.339000000,0.653000000
14:09:34,110719,50.635578210,-123.405536077,475.322000000,16,0.284000000,0.339000000,0.653000000
14:09:35,110719,50.635578235,-123.405536042,475.318000000,16,0.284000000,0.339000000,0.653000000
14:09:36,110719,50.635578243,-123.405536038,475.318000000,16,0.291000000,0.349000000,0.671000000
14:09:37,110719,50.635578233,-123.405536048,475.321000000,16,0.291000000,0.349000000,0.671000000
14:09:38,110719,50.635578243,-123.405536047,475.320000000,16,0.291000000,0.349000000,0.671000000
14:09:39,110719,50.635578248,-123.405536065,475.319000000,16,0.296000000,0.354000000,0.682000000
14:09:40,110719,50.635578228,-123.405536117,475.324000000,16,0.296000000,0.354000000,0.682000000
14:09:41,110719,50.635578258,-123.405536092,475.321000000,16,0.296000000,0.354000000,0.682000000
14:09:42,110719,50.635578277,-123.405536102,475.320000000,16,0.299000000,0.358000000,0.689000000
14:09:43,110719,50.635578290,-123.405536145,475.320000000,17,0.296000000,0.328000000,0.664000000
14:09:44,110719,50.635578305,-123.405536100,475.314000000,16,0.302000000,0.361000000,0.696000000
14:09:45,110719,50.635578305,-123.405536057,475.313000000,16,0.302000000,0.361000000,0.696000000
14:09:46,110719,50.635578308,-123.405536092,475.320000000,17,0.298000000,0.330000000,0.668000000
14:09:47,110719,50.635578328,-123.405536088,475.320000000,16,0.303000000,0.362000000,0.698000000
14:09:48,110719,50.635578338,-123.405536120,475.322000000,17,0.298000000,0.330000000,0.670000000
14:09:49,110719,50.635578327,-123.405536165,475.329000000,17,0.298000000,0.330000000,0.670000000
14:09:50,110719,50.635578328,-123.405536168,475.329000000,16,0.304000000,0.363000000,0.700000000
14:09:51,110719,50.635578325,-123.405536162,475.334000000,16,0.304000000,0.364000000,0.702000000
14:09:52,110719,50.635578338,-123.405536190,475.339000000,16,0.304000000,0.364000000,0.702000000
14:09:53,110719,50.635578360,-123.405536157,475.342000000,16,0.304000000,0.364000000,0.702000000
14:09:54,110719,50.635578395,-123.405536118,475.343000000,16,0.305000000,0.365000000,0.705000000
14:09:55,110719,50.635578422,-123.405536095,475.342000000,16,0.305000000,0.365000000,0.705000000
14:09:56,110719,50.635578428,-123.405536120,475.348000000,16,0.305000000,0.365000000,0.705000000
14:09:57,110719,50.635578430,-123.405536130,475.349000000,16,0.307000000,0.367000000,0.708000000
14:09:58,110719,50.635578448,-123.405536122,475.347000000,17,0.307000000,0.367000000,0.708000000
14:09:59,110719,50.635578485,-123.405536052,475.340000000,17,0.307000000,0.292000000,0.627000000
14:10:00,110719,50.635578520,-123.405536000,475.334000000,17,0.307000000,0.292000000,0.627000000
14:10:01,110719,50.635578513,-123.405535967,475.333000000,17,0.307000000,0.292000000,0.627000000
14:10:02,110719,50.635578492,-123.405536012,475.338000000,18,0.304000000,0.284000000,0.625000000
14:10:03,110719,50.635578482,-123.405535953,475.339000000,18,0.304000000,0.284000000,0.625000000
14:10:04,110719,50.635578510,-123.405535895,475.338000000,17,0.311000000,0.295000000,0.634000000
14:10:05,110719,50.635578540,-123.405535855,475.337000000,18,0.306000000,0.286000000,0.629000000
14:10:06,110719,50.635578553,-123.405535870,475.340000000,17,0.313000000,0.297000000,0.638000000
14:10:07,110719,50.635578565,-123.405535887,475.347000000,18,0.308000000,0.288000000,0.634000000
14:10:08,110719,50.635578590,-123.405535895,475.345000000,18,0.308000000,0.288000000,0.634000000
14:10:09,110719,50.635578620,-123.405535892,475.343000000,17,0.315000000,0.300000000,0.643000000
14:10:10,110719,50.635578652,-123.405535867,475.340000000,18,0.311000000,0.290000000,0.639000000
14:10:11,110719,50.635578668,-123.405535893,475.346000000,17,0.318000000,0.303000000,0.649000000
14:10:12,110719,50.635578668,-123.405535937,475.350000000,18,0.313000000,0.293000000,0.645000000
14:10:13,110719,50.635578683,-123.405535965,475.356000000,17,0.320000000,0.304000000,0.653000000
14:10:14,110719,50.635578707,-123.405535995,475.358000000,17,0.320000000,0.304000000,0.653000000
14:10:15,110719,50.635578720,-123.405536047,475.366000000,17,0.320000000,0.304000000,0.653000000
14:10:16,110719,50.635578732,-123.405536020,475.364000000,17,0.323000000,0.307000000,0.659000000
14:10:17,110719,50.635578715,-123.405536023,475.366000000,17,0.323000000,0.307000000,0.659000000
14:10:18,110719,50.635578717,-123.405536032,475.361000000,17,0.323000000,0.307000000,0.659000000
14:10:19,110719,50.635578705,-123.405536022,475.361000000,17,0.325000000,0.309000000,0.663000000
14:10:20,110719,50.635578692,-123.405536095,475.367000000,17,0.325000000,0.309000000,0.663000000
14:10:21,110719,50.635578678,-123.405536183,475.368000000,17,0.325000000,0.309000000,0.663000000
14:10:22,110719,50.635578663,-123.405536223,475.367000000,17,0.646000000,0.614000000,1.319000000
14:10:23,110719,50.635578637,-123.405536277,475.367000000,17,0.646000000,0.614000000,1.319000000
14:10:24,110719,50.635578655,-123.405536283,475.365000000,17,0.646000000,0.614000000,1.319000000
14:10:25,110719,50.635578635,-123.405536305,475.371000000,17,1.194000000,1.135000000,2.439000000
14:10:26,110719,50.635578598,-123.405536402,475.379000000,18,1.269000000,1.185000000,2.614000000
14:10:27,110719,50.635578583,-123.405536383,475.384000000,18,1.269000000,1.185000000,2.614000000
14:10:28,110719,50.635578557,-123.405536408,475.391000000,18,1.269000000,1.185000000,2.614000000
14:10:29,110719,50.635578543,-123.405536403,475.397000000,18,1.376000000,1.286000000,2.837000000
14:10:30,110719,50.635578515,-123.405536413,475.403000000,18,1.376000000,1.286000000,2.837000000
14:10:31,110719,50.635578528,-123.405536468,475.411000000,17,1.184000000,1.125000000,2.419000000
14:10:32,110719,50.635578503,-123.405536523,475.419000000,18,1.031000000,0.963000000,2.124000000
14:10:33,110719,50.635578492,-123.405536552,475.422000000,18,1.031000000,0.963000000,2.124000000
14:10:34,110719,50.635578485,-123.405536590,475.428000000,17,0.862000000,0.819000000,1.761000000
14:10:35,110719,50.635578508,-123.405536597,475.429000000,18,0.759000000,0.709000000,1.564000000
14:10:36,110719,50.635578493,-123.405536637,475.433000000,17,0.668000000,0.635000000,1.365000000
14:10:37,110719,50.635578463,-123.405536700,475.439000000,18,0.597000000,0.557000000,1.230000000
14:10:38,110719,50.635578478,-123.405536680,475.439000000,18,0.597000000,0.557000000,1.230000000
14:10:39,110719,50.635578488,-123.405536682,475.443000000,17,0.538000000,0.511000000,1.099000000
14:10:40,110719,50.635578478,-123.405536677,475.446000000,18,0.489000000,0.457000000,1.010000000
14:10:41,110719,50.635578495,-123.405536663,475.446000000,18,0.489000000,0.457000000,1.010000000
14:10:42,110719,50.635578472,-123.405536662,475.449000000,18,0.489000000,0.457000000,1.010000000
14:10:43,110719,50.635578473,-123.405536643,475.448000000,17,0.414000000,0.387000000,0.854000000
14:10:44,110719,50.635578490,-123.405536575,475.440000000,17,0.425000000,0.440000000,0.825000000
14:10:45,110719,50.635578475,-123.405536597,475.444000000,17,0.423000000,0.422000000,0.820000000
14:10:46,110719,50.635578503,-123.405536517,475.435000000,16,0.633000000,0.655000000,1.230000000
14:10:47,110719,50.635578538,-123.405536477,475.429000000,17,0.633000000,0.655000000,1.230000000
14:10:48,110719,50.635578570,-123.405536450,475.424000000,17,0.685000000,0.683000000,1.329000000
14:10:49,110719,50.635578598,-123.405536370,475.418000000,16,0.745000000,0.771000000,1.448000000
14:10:50,110719,50.635578642,-123.405536327,475.414000000,17,0.763000000,0.760000000,1.480000000
14:10:51,110719,50.635578710,-123.405536187,475.402000000,17,0.763000000,0.760000000,1.480000000
14:10:52,110719,50.635578737,-123.405536133,475.394000000,17,0.763000000,0.760000000,1.480000000
14:10:53,110719,50.635578750,-123.405536162,475.395000000,17,0.811000000,0.807000000,1.573000000
14:10:54,110719,50.635578763,-123.405536167,475.395000000,17,0.811000000,0.807000000,1.573000000
14:10:55,110719,50.635578768,-123.405536183,475.394000000,16,0.832000000,0.860000000,1.617000000
14:10:56,110719,50.635578780,-123.405536173,475.392000000,17,0.828000000,0.824000000,1.606000000
14:10:57,110719,50.635578788,-123.405536180,475.387000000,17,0.828000000,0.824000000,1.606000000
14:10:58,110719,50.635578790,-123.405536165,475.384000000,17,0.828000000,0.824000000,1.606000000
14:10:59,110719,50.635578780,-123.405536148,475.382000000,17,0.837000000,0.833000000,1.623000000
14:11:00,110719,50.635578782,-123.405536162,475.377000000,17,0.837000000,0.833000000,1.623000000
14:11:01,110719,50.635578788,-123.405536113,475.374000000,18,0.684000000,0.638000000,1.413000000
14:11:02,110719,50.635578820,-123.405536033,475.367000000,18,0.684000000,0.638000000,1.413000000
14:11:03,110719,50.635578830,-123.405535968,475.360000000,18,0.684000000,0.638000000,1.413000000
14:11:04,110719,50.635578835,-123.405535900,475.355000000,18,0.530000000,0.495000000,1.096000000
14:11:05,110719,50.635578833,-123.405535863,475.349000000,18,0.530000000,0.495000000,1.096000000
14:11:06,110719,50.635578880,-123.405535793,475.340000000,18,0.530000000,0.495000000,1.096000000
14:11:07,110719,50.635578873,-123.405535795,475.341000000,18,0.440000000,0.411000000,0.910000000
14:11:08,110719,50.635578885,-123.405535787,475.335000000,17,0.538000000,0.510000000,1.100000000
14:11:09,110719,50.635578897,-123.405535755,475.325000000,17,0.538000000,0.510000000,1.100000000
14:11:10,110719,50.635578873,-123.405535838,475.323000000,17,0.538000000,0.510000000,1.100000000
14:11:11,110719,50.635578883,-123.405535843,475.316000000,17,0.689000000,0.654000000,1.411000000
14:11:12,110719,50.635578893,-123.405535892,475.315000000,17,0.689000000,0.654000000,1.411000000
14:11:13,110719,50.635578900,-123.405535933,475.311000000,17,0.689000000,0.654000000,1.411000000
14:11:14,110719,50.635578925,-123.405536017,475.312000000,17,0.770000000,0.730000000,1.576000000
14:11:15,110719,50.635578897,-123.405536243,475.329000000,17,0.770000000,0.730000000,1.576000000
14:11:16,110719,50.635578902,-123.405536312,475.335000000,17,0.770000000,0.730000000,1.576000000
14:11:17,110719,50.635578907,-123.405536373,475.343000000,17,0.616000000,0.585000000,1.262000000
14:11:18,110719,50.635578932,-123.405536388,475.345000000,17,0.616000000,0.585000000,1.262000000
14:11:19,110719,50.635578940,-123.405536383,475.351000000,17,0.616000000,0.585000000,1.262000000
14:11:20,110719,50.635578965,-123.405536345,475.352000000,17,0.481000000,0.457000000,0.986000000
14:11:21,110719,50.635578978,-123.405536253,475.344000000,17,0.481000000,0.457000000,0.986000000
14:11:22,110719,50.635578973,-123.405536252,475.350000000,17,0.481000000,0.457000000,0.986000000
14:11:23,110719,50.635578987,-123.405536242,475.345000000,17,0.404000000,0.383000000,0.827000000
14:11:24,110719,50.635579010,-123.405536217,475.340000000,17,0.404000000,0.383000000,0.827000000
14:11:25,110719,50.635579040,-123.405536185,475.335000000,17,0.404000000,0.383000000,0.827000000
14:11:26,110719,50.635579077,-123.405536168,475.332000000,17,0.361000000,0.343000000,0.740000000
14:11:27,110719,50.635579122,-123.405536135,475.331000000,17,0.361000000,0.343000000,0.740000000
14:11:28,110719,50.635579143,-123.405536140,475.329000000,17,0.361000000,0.343000000,0.740000000
14:11:29,110719,50.635579168,-123.405536125,475.329000000,17,0.339000000,0.321000000,0.694000000
14:11:30,110719,50.635579202,-123.405536053,475.324000000,17,0.339000000,0.321000000,0.694000000
14:11:31,110719,50.635579212,-123.405535982,475.320000000,16,0.331000000,0.396000000,0.773000000
14:11:32,110719,50.635579240,-123.405535938,475.314000000,17,0.346000000,0.328000000,0.708000000
14:11:33,110719,50.635579285,-123.405535850,475.305000000,17,0.346000000,0.328000000,0.708000000
14:11:34,110719,50.635579315,-123.405535832,475.298000000,16,0.525000000,0.629000000,1.228000000
14:11:35,110719,50.635579335,-123.405535782,475.290000000,17,0.536000000,0.508000000,1.098000000
14:11:36,110719,50.635579345,-123.405535692,475.278000000,16,0.606000000,0.725000000,1.418000000
14:11:37,110719,50.635579347,-123.405535600,475.273000000,17,0.557000000,0.528000000,1.141000000
14:11:38,110719,50.635579402,-123.405535483,475.261000000,17,0.557000000,0.528000000,1.141000000
14:11:39,110719,50.635579453,-123.405535335,475.241000000,16,0.500000000,0.599000000,1.170000000
14:11:40,110719,50.635579502,-123.405535227,475.228000000,17,0.469000000,0.444000000,0.961000000
14:11:41,110719,50.635579547,-123.405535138,475.213000000,16,0.434000000,0.519000000,1.015000000
14:11:42,110719,50.635579572,-123.405534975,475.201000000,17,0.415000000,0.393000000,0.851000000
14:11:43,110719,50.635579567,-123.405534930,475.194000000,17,0.415000000,0.393000000,0.851000000
14:11:44,110719,50.635579553,-123.405534877,475.186000000,16,0.394000000,0.472000000,0.923000000
14:11:45,110719,50.635579547,-123.405534825,475.178000000,17,0.384000000,0.364000000,0.787000000
14:11:46,110719,50.635579578,-123.405534793,475.175000000,16,0.372000000,0.445000000,0.872000000
14:11:47,110719,50.635579582,-123.405534765,475.171000000,17,0.372000000,0.445000000,0.872000000
14:11:48,110719,50.635579587,-123.405534788,475.167000000,17,0.367000000,0.347000000,0.752000000
14:11:49,110719,50.635579558,-123.405534825,475.172000000,16,0.359000000,0.430000000,0.842000000
14:11:50,110719,50.635579585,-123.405534775,475.165000000,18,0.356000000,0.337000000,0.730000000
14:11:51,110719,50.635579603,-123.405534735,475.158000000,16,0.352000000,0.333000000,0.722000000
14:11:52,110719,50.635579643,-123.405534657,475.155000000,17,0.351000000,0.420000000,0.823000000
14:11:53,110719,50.635579642,-123.405534627,475.156000000,17,0.349000000,0.331000000,0.716000000
14:11:54,110719,50.635579668,-123.405534563,475.152000000,16,0.346000000,0.414000000,0.812000000
14:11:55,110719,50.635579670,-123.405534568,475.155000000,17,0.345000000,0.327000000,0.708000000
14:11:56,110719,50.635579672,-123.405534578,475.159000000,17,0.345000000,0.327000000,0.708000000
14:11:57,110719,50.635579673,-123.405534490,475.153000000,16,0.344000000,0.411000000,0.806000000
14:11:58,110719,50.635579677,-123.405534490,475.149000000,17,0.344000000,0.326000000,0.705000000
14:11:59,110719,50.635579682,-123.405534458,475.137000000,16,0.343000000,0.410000000,0.804000000
14:12:00,110719,50.635579692,-123.405534462,475.129000000,17,0.343000000,0.325000000,0.703000000
14:12:01,110719,50.635579697,-123.405534400,475.123000000,18,0.336000000,0.313000000,0.697000000
14:12:02,110719,50.635579717,-123.405534343,475.120000000,17,0.336000000,0.372000000,0.769000000
14:12:03,110719,50.635579712,-123.405534282,475.121000000,18,0.341000000,0.318000000,0.708000000
14:12:04,110719,50.635579717,-123.405534213,475.118000000,17,0.459000000,0.509000000,1.052000000
14:12:05,110719,50.635579720,-123.405534220,475.118000000,17,0.432000000,0.402000000,0.896000000
14:12:06,110719,50.635579733,-123.405534193,475.116000000,17,0.493000000,0.459000000,1.022000000
14:12:07,110719,50.635579733,-123.405534090,475.106000000,16,0.490000000,0.573000000,1.122000000
14:12:08,110719,50.635579733,-123.405534122,475.106000000,16,0.459000000,0.452000000,0.946000000
14:12:09,110719,50.635579727,-123.405534093,475.103000000,16,0.420000000,0.492000000,0.963000000
14:12:10,110719,50.635579698,-123.405534093,475.104000000,17,0.398000000,0.383000000,0.834000000
14:12:11,110719,50.635579683,-123.405534103,475.102000000,17,0.398000000,0.383000000,0.834000000
14:12:12,110719,50.635579698,-123.405534070,475.094000000,16,0.376000000,0.440000000,0.862000000
14:12:13,110719,50.635579672,-123.405534093,475.097000000,16,0.371000000,0.365000000,0.764000000
14:12:14,110719,50.635579657,-123.405534070,475.097000000,15,0.371000000,0.365000000,0.764000000
14:12:15,110719,50.635579652,-123.405534060,475.103000000,16,0.356000000,0.464000000,0.834000000
14:12:16,110719,50.635579637,-123.405534127,475.104000000,16,0.349000000,0.343000000,0.719000000
14:12:17,110719,50.635579645,-123.405534120,475.109000000,15,0.340000000,0.444000000,0.798000000
14:12:18,110719,50.635579662,-123.405534115,475.107000000,16,0.337000000,0.331000000,0.694000000
14:12:19,110719,50.635579662,-123.405534075,475.108000000,15,0.337000000,0.331000000,0.694000000
14:12:20,110719,50.635579685,-123.405534002,475.100000000,16,0.333000000,0.398000000,0.783000000
14:12:21,110719,50.635579703,-123.405533943,475.098000000,17,0.400000000,0.378000000,0.821000000
14:12:22,110719,50.635579703,-123.405533948,475.097000000,16,0.855000000,1.001000000,1.965000000
14:12:23,110719,50.635579722,-123.405533875,475.090000000,17,0.862000000,0.815000000,1.770000000
14:12:24,110719,50.635579732,-123.405533853,475.085000000,17,0.866000000,0.831000000,1.815000000
14:12:25,110719,50.635579715,-123.405533833,475.086000000,16,0.831000000,0.973000000,1.910000000
14:12:26,110719,50.635579692,-123.405533873,475.089000000,16,0.743000000,0.730000000,1.531000000
14:12:27,110719,50.635579678,-123.405533880,475.090000000,16,0.642000000,0.751000000,1.475000000
14:12:28,110719,50.635579673,-123.405533838,475.088000000,16,0.581000000,0.557000000,1.217000000
14:12:29,110719,50.635579653,-123.405533842,475.089000000,17,0.530000000,0.509000000,1.112000000
14:12:30,110719,50.635579678,-123.405533753,475.083000000,16,0.514000000,0.602000000,1.183000000
14:12:31,110719,50.635579677,-123.405533713,475.078000000,16,0.478000000,0.470000000,0.986000000
14:12:32,110719,50.635579660,-123.405533783,475.080000000,16,0.433000000,0.507000000,0.997000000
14:12:33,110719,50.635579675,-123.405533797,475.078000000,17,0.408000000,0.392000000,0.856000000
14:12:34,110719,50.635579652,-123.405533885,475.082000000,17,0.408000000,0.392000000,0.856000000
14:12:35,110719,50.635579605,-123.405533990,475.089000000,15,0.383000000,0.499000000,0.899000000
14:12:36,110719,50.635579592,-123.405534012,475.091000000,17,0.376000000,0.370000000,0.776000000
14:12:37,110719,50.635579592,-123.405534013,475.093000000,16,0.354000000,0.415000000,0.816000000
14:12:38,110719,50.635579608,-123.405534005,475.095000000,17,0.354000000,0.415000000,0.816000000
14:12:39,110719,50.635579580,-123.405534103,475.105000000,17,0.344000000,0.330000000,0.722000000
14:12:40,110719,50.635579590,-123.405534158,475.107000000,15,0.337000000,0.395000000,0.776000000
14:12:41,110719,50.635579585,-123.405534160,475.109000000,16,0.338000000,0.332000000,0.696000000
14:12:42,110719,50.635579570,-123.405534182,475.107000000,16,0.329000000,0.316000000,0.691000000
14:12:43,110719,50.635579580,-123.405534197,475.109000000,16,0.331000000,0.432000000,0.779000000
14:12:44,110719,50.635579583,-123.405534212,475.109000000,17,0.323000000,0.310000000,0.678000000
14:12:45,110719,50.635579635,-123.405534160,475.099000000,16,0.323000000,0.378000000,0.744000000
14:12:46,110719,50.635579633,-123.405534153,475.096000000,15,0.345000000,0.381000000,0.676000000
14:12:47,110719,50.635579622,-123.405534190,475.100000000,16,0.343000000,0.358000000,0.674000000
14:12:48,110719,50.635579610,-123.405534213,475.102000000,14,0.350000000,0.607000000,0.821000000
14:12:49,110719,50.635579595,-123.405534180,475.103000000,16,0.341000000,0.356000000,0.671000000
14:12:50,110719,50.635579582,-123.405534175,475.101000000,15,0.350000000,0.479000000,0.757000000
14:12:51,110719,50.635579555,-123.405534190,475.104000000,15,0.342000000,0.377000000,0.671000000
14:12:52,110719,50.635579555,-123.405534192,475.101000000,17,0.319000000,0.306000000,0.670000000
14:12:53,110719,50.635579532,-123.405534213,475.101000000,15,0.324000000,0.423000000,0.764000000
14:12:54,110719,50.635579503,-123.405534250,475.102000000,17,0.318000000,0.305000000,0.668000000
14:12:55,110719,50.635579452,-123.405534282,475.105000000,16,0.319000000,0.374000000,0.737000000
14:12:56,110719,50.635579440,-123.405534285,475.104000000,16,0.324000000,0.319000000,0.670000000
14:12:57,110719,50.635579428,-123.405534318,475.106000000,17,0.319000000,0.306000000,0.670000000
14:12:58,110719,50.635579448,-123.405534345,475.103000000,15,0.326000000,0.425000000,0.767000000
14:12:59,110719,50.635579452,-123.405534405,475.105000000,17,0.325000000,0.320000000,0.672000000
14:13:00,110719,50.635579467,-123.405534357,475.101000000,16,0.318000000,0.372000000,0.734000000
14:13:01,110719,50.635579457,-123.405534387,475.100000000,16,0.323000000,0.317000000,0.667000000
14:13:02,110719,50.635579447,-123.405534430,475.106000000,17,0.316000000,0.303000000,0.664000000
14:13:03,110719,50.635579447,-123.405534415,475.103000000,17,0.316000000,0.303000000,0.664000000
14:13:04,110719,50.635579452,-123.405534428,475.104000000,18,0.314000000,0.292000000,0.654000000
14:13:05,110719,50.635579430,-123.405534447,475.108000000,16,0.308000000,0.295000000,0.646000000
14:13:06,110719,50.635579440,-123.405534375,475.101000000,18,0.309000000,0.343000000,0.714000000
14:13:07,110719,50.635579430,-123.405534363,475.100000000,16,0.316000000,0.311000000,0.653000000
14:13:08,110719,50.635579410,-123.405534332,475.095000000,16,0.311000000,0.364000000,0.718000000
14:13:09,110719,50.635579402,-123.405534305,475.091000000,16,0.319000000,0.313000000,0.658000000
14:13:10,110719,50.635579388,-123.405534257,475.080000000,16,0.315000000,0.302000000,0.662000000
14:13:11,110719,50.635579348,-123.405534257,475.074000000,15,0.345000000,0.473000000,0.749000000
14:13:12,110719,50.635579307,-123.405534223,475.069000000,15,0.340000000,0.375000000,0.668000000
14:13:13,110719,50.635579238,-123.405534233,475.072000000,15,0.349000000,0.478000000,0.758000000
14:13:14,110719,50.635579250,-123.405534120,475.061000000,15,0.343000000,0.378000000,0.673000000
14:13:15,110719,50.635579250,-123.405534085,475.051000000,17,0.321000000,0.308000000,0.675000000
14:13:16,110719,50.635579245,-123.405534063,475.046000000,16,0.343000000,0.358000000,0.676000000
14:13:17,110719,50.635579222,-123.405534093,475.050000000,15,0.348000000,0.384000000,0.684000000
14:13:18,110719,50.635579217,-123.405534088,475.047000000,17,0.326000000,0.312000000,0.684000000
14:13:19,110719,50.635579215,-123.405534135,475.049000000,16,0.349000000,0.364000000,0.688000000
14:13:20,110719,50.635579183,-123.405534248,475.057000000,16,0.351000000,0.366000000,0.692000000
14:13:21,110719,50.635579165,-123.405534335,475.063000000,16,0.353000000,0.367000000,0.695000000
14:13:22,110719,50.635579133,-123.405534450,475.070000000,16,0.353000000,0.367000000,0.695000000
14:13:23,110719,50.635579117,-123.405534513,475.075000000,16,0.353000000,0.367000000,0.695000000
14:13:24,110719,50.635579120,-123.405534575,475.078000000,16,0.356000000,0.371000000,0.701000000
14:13:25,110719,50.635579102,-123.405534640,475.084000000,16,0.356000000,0.371000000,0.701000000
14:13:26,110719,50.635579098,-123.405534720,475.090000000,16,0.357000000,0.371000000,0.702000000
14:13:27,110719,50.635579100,-123.405534765,475.095000000,16,0.357000000,0.371000000,0.702000000
14:13:28,110719,50.635579057,-123.405534832,475.102000000,16,0.357000000,0.371000000,0.702000000
14:13:29,110719,50.635579047,-123.405534862,475.105000000,16,0.357000000,0.371000000,0.702000000
14:13:30,110719,50.635579030,-123.405534903,475.107000000,16,0.357000000,0.371000000,0.702000000
14:13:31,110719,50.635578993,-123.405534970,475.111000000,16,0.357000000,0.371000000,0.702000000
14:13:32,110719,50.635578953,-123.405535020,475.115000000,15,0.358000000,0.372000000,0.704000000
14:13:33,110719,50.635578975,-123.405534957,475.108000000,16,0.362000000,0.398000000,0.710000000
14:13:34,110719,50.635578973,-123.405534978,475.108000000,16,0.359000000,0.374000000,0.707000000
14:13:35,110719,50.635578908,-123.405535073,475.118000000,15,0.363000000,0.399000000,0.712000000
14:13:36,110719,50.635578903,-123.405535132,475.116000000,16,0.360000000,0.375000000,0.710000000
14:13:37,110719,50.635578920,-123.405535082,475.112000000,16,0.360000000,0.375000000,0.710000000
14:13:38,110719,50.635578915,-123.405535113,475.107000000,16,0.360000000,0.375000000,0.710000000
14:13:39,110719,50.635578933,-123.405535103,475.104000000,16,0.360000000,0.375000000,0.709000000
14:13:40,110719,50.635578925,-123.405535102,475.106000000,15,0.362000000,0.398000000,0.711000000
14:13:41,110719,50.635578937,-123.405535060,475.103000000,16,0.358000000,0.372000000,0.705000000
14:13:42,110719,50.635578945,-123.405535070,475.103000000,16,0.335000000,0.321000000,0.705000000
14:13:43,110719,50.635578943,-123.405535022,475.098000000,17,0.343000000,0.336000000,0.709000000
