TIME,DATE(ddMMyy),LATITUDEGGA,LONGITUDEGGA,ALTITUDEGGA,NUMBERSAT,LATERR,LONGERR,ALTERR
22:46:41,110719,50.635578423,-123.405569568,476.120000000,19,0.257000000,0.265000000,0.613000000
22:46:42,110719,50.635578393,-123.405569515,476.117000000,19,0.257000000,0.265000000,0.613000000
22:46:43,110719,50.635578403,-123.405569488,476.116000000,19,0.256000000,0.264000000,0.611000000
22:46:44,110719,50.635577945,-123.405569067,476.168000000,18,0.261000000,0.274000000,0.614000000
22:46:45,110719,50.635577555,-123.405568690,476.221000000,18,0.261000000,0.274000000,0.614000000
22:46:46,110719,50.635577117,-123.405568360,476.236000000,18,0.261000000,0.274000000,0.614000000
22:46:47,110719,50.635576825,-123.405568080,476.241000000,18,0.260000000,0.273000000,0.612000000
22:46:48,110719,50.635576557,-123.405567873,476.238000000,19,0.248000000,0.242000000,0.570000000
22:46:49,110719,50.635576245,-123.405567713,476.222000000,19,0.248000000,0.242000000,0.570000000
22:46:50,110719,50.635575932,-123.405567588,476.202000000,19,0.248000000,0.242000000,0.570000000
22:46:51,110719,50.635575582,-123.405567460,476.169000000,19,0.239000000,0.233000000,0.549000000
22:46:52,110719,50.635575225,-123.405567333,476.128000000,19,0.239000000,0.233000000,0.549000000
22:46:53,110719,50.635574955,-123.405567228,476.094000000,19,0.239000000,0.233000000,0.549000000
22:46:54,110719,50.635574775,-123.405567120,476.066000000,19,0.252000000,0.245000000,0.579000000
22:46:55,110719,50.635574568,-123.405567027,476.036000000,19,0.252000000,0.245000000,0.579000000
22:46:56,110719,50.635574357,-123.405566943,476.010000000,19,0.252000000,0.245000000,0.579000000
22:46:57,110719,50.635574263,-123.405566873,475.994000000,19,0.261000000,0.254000000,0.600000000
22:46:58,110719,50.635574248,-123.405566818,475.993000000,19,0.261000000,0.254000000,0.600000000
22:46:59,110719,50.635574223,-123.405566778,475.983000000,19,0.261000000,0.254000000,0.600000000
22:47:00,110719,50.635574210,-123.405566740,475.976000000,19,0.264000000,0.257000000,0.607000000
22:47:01,110719,50.635574247,-123.405566720,475.977000000,19,0.264000000,0.257000000,0.607000000
22:47:02,110719,50.635574255,-123.405566718,475.977000000,18,0.264000000,0.257000000,0.607000000
22:47:03,110719,50.635574212,-123.405566707,475.970000000,18,0.275000000,0.289000000,0.647000000
22:47:04,110719,50.635574113,-123.405566685,475.949000000,18,0.275000000,0.289000000,0.647000000
22:47:05,110719,50.635573958,-123.405566642,475.918000000,18,0.275000000,0.289000000,0.647000000
22:47:06,110719,50.635573885,-123.405566602,475.899000000,18,0.245000000,0.257000000,0.577000000
22:47:07,110719,50.635573743,-123.405566533,475.871000000,18,0.245000000,0.257000000,0.577000000
22:47:08,110719,50.635573518,-123.405566493,475.832000000,18,0.245000000,0.257000000,0.577000000
22:47:09,110719,50.635573210,-123.405566398,475.770000000,18,0.228000000,0.240000000,0.538000000
22:47:10,110719,50.635572813,-123.405566323,475.704000000,18,0.228000000,0.240000000,0.538000000
22:47:11,110719,50.635572393,-123.405566252,475.629000000,19,0.210000000,0.204000000,0.483000000
22:47:12,110719,50.635571972,-123.405566165,475.554000000,19,0.210000000,0.204000000,0.483000000
22:47:13,110719,50.635571512,-123.405566073,475.467000000,19,0.210000000,0.204000000,0.483000000
22:47:14,110719,50.635571088,-123.405566008,475.389000000,19,0.237000000,0.230000000,0.544000000
22:47:15,110719,50.635570655,-123.405565910,475.308000000,19,0.237000000,0.230000000,0.544000000
22:47:16,110719,50.635570293,-123.405565835,475.239000000,19,0.237000000,0.230000000,0.544000000
22:47:17,110719,50.635569993,-123.405565743,475.182000000,19,0.285000000,0.277000000,0.656000000
22:47:18,110719,50.635569710,-123.405565653,475.127000000,19,0.285000000,0.277000000,0.656000000
22:47:19,110719,50.635569390,-123.405565567,475.064000000,20,0.297000000,0.286000000,0.680000000
22:47:20,110719,50.635569157,-123.405565495,475.019000000,20,0.297000000,0.286000000,0.680000000
22:47:21,110719,50.635568957,-123.405565427,474.987000000,20,0.297000000,0.286000000,0.680000000
22:47:22,110719,50.635568748,-123.405565368,474.946000000,20,0.322000000,0.309000000,0.737000000
22:47:23,110719,50.635568492,-123.405565297,474.893000000,19,0.332000000,0.323000000,0.764000000
22:47:24,110719,50.635568203,-123.405565222,474.837000000,20,0.334000000,0.321000000,0.764000000
22:47:25,110719,50.635567883,-123.405565152,474.778000000,20,0.334000000,0.321000000,0.764000000
22:47:26,110719,50.635567565,-123.405565133,474.730000000,20,0.334000000,0.321000000,0.764000000
22:47:27,110719,50.635567323,-123.405565085,474.693000000,20,0.351000000,0.337000000,0.804000000
22:47:28,110719,50.635567018,-123.405565052,474.641000000,19,0.364000000,0.376000000,0.871000000
22:47:29,110719,50.635566732,-123.405565008,474.595000000,19,0.364000000,0.376000000,0.871000000
22:47:30,110719,50.635566433,-123.405564940,474.554000000,19,0.364000000,0.376000000,0.871000000
22:47:31,110719,50.635566092,-123.405564915,474.512000000,19,0.279000000,0.287000000,0.667000000
22:47:32,110719,50.635565823,-123.405564862,474.477000000,19,0.279000000,0.287000000,0.667000000
22:47:33,110719,50.635565577,-123.405564808,474.442000000,19,0.279000000,0.287000000,0.667000000
22:47:34,110719,50.635565305,-123.405564775,474.400000000,19,0.229000000,0.236000000,0.548000000
22:47:35,110719,50.635565005,-123.405564747,474.358000000,19,0.229000000,0.236000000,0.548000000
22:47:36,110719,50.635564790,-123.405564732,474.323000000,19,0.229000000,0.236000000,0.548000000
22:47:37,110719,50.635564582,-123.405564722,474.294000000,19,0.205000000,0.211000000,0.490000000
22:47:38,110719,50.635564498,-123.405564740,474.287000000,19,0.205000000,0.211000000,0.490000000
22:47:39,110719,50.635564570,-123.405564783,474.303000000,19,0.205000000,0.211000000,0.490000000
22:47:40,110719,50.635564922,-123.405564830,474.368000000,19,0.194000000,0.200000000,0.464000000
22:47:41,110719,50.635565702,-123.405564867,474.498000000,19,0.194000000,0.200000000,0.464000000
22:47:42,110719,50.635566705,-123.405564920,474.661000000,19,0.194000000,0.200000000,0.464000000
22:47:43,110719,50.635567427,-123.405564978,474.784000000,19,0.184000000,0.189000000,0.439000000
22:47:44,110719,50.635568090,-123.405565020,474.896000000,19,0.184000000,0.189000000,0.439000000
22:47:45,110719,50.635568630,-123.405565080,474.984000000,19,0.184000000,0.189000000,0.439000000
22:47:46,110719,50.635569050,-123.405565160,475.058000000,19,0.179000000,0.184000000,0.427000000
22:47:47,110719,50.635569413,-123.405565197,475.120000000,19,0.179000000,0.184000000,0.427000000
22:47:48,110719,50.635569765,-123.405565232,475.176000000,19,0.179000000,0.184000000,0.427000000
22:47:49,110719,50.635570063,-123.405565265,475.221000000,19,0.185000000,0.191000000,0.444000000
22:47:50,110719,50.635570353,-123.405565263,475.260000000,19,0.185000000,0.191000000,0.444000000
22:47:51,110719,50.635570570,-123.405565272,475.288000000,19,0.185000000,0.191000000,0.444000000
22:47:52,110719,50.635570740,-123.405565302,475.315000000,19,0.208000000,0.214000000,0.497000000
22:47:53,110719,50.635570855,-123.405565397,475.342000000,19,0.208000000,0.214000000,0.497000000
22:47:54,110719,50.635570947,-123.405565482,475.366000000,19,0.208000000,0.214000000,0.497000000
22:47:55,110719,50.635571023,-123.405565517,475.381000000,19,0.224000000,0.231000000,0.537000000
22:47:56,110719,50.635571083,-123.405565545,475.396000000,19,0.224000000,0.231000000,0.537000000
22:47:57,110719,50.635571107,-123.405565572,475.399000000,19,0.224000000,0.231000000,0.537000000
22:47:58,110719,50.635570988,-123.405565630,475.391000000,19,0.236000000,0.243000000,0.565000000
22:47:59,110719,50.635570855,-123.405565658,475.367000000,19,0.236000000,0.243000000,0.565000000
22:48:00,110719,50.635570728,-123.405565667,475.350000000,19,0.236000000,0.243000000,0.565000000
22:48:01,110719,50.635570510,-123.405565657,475.313000000,19,0.241000000,0.248000000,0.576000000
22:48:02,110719,50.635570312,-123.405565645,475.276000000,19,0.241000000,0.248000000,0.576000000
22:48:03,110719,50.635570138,-123.405565650,475.249000000,19,0.241000000,0.248000000,0.576000000
22:48:04,110719,50.635570037,-123.405565662,475.237000000,19,0.238000000,0.245000000,0.570000000
22:48:05,110719,50.635569915,-123.405565657,475.223000000,19,0.238000000,0.245000000,0.570000000
22:48:06,110719,50.635569840,-123.405565633,475.215000000,19,0.238000000,0.245000000,0.570000000
22:48:07,110719,50.635569818,-123.405565593,475.215000000,19,0.233000000,0.239000000,0.557000000
22:48:08,110719,50.635569862,-123.405565520,475.214000000,19,0.233000000,0.239000000,0.557000000
22:48:09,110719,50.635570047,-123.405565480,475.238000000,19,0.233000000,0.239000000,0.557000000
22:48:10,110719,50.635570240,-123.405565473,475.266000000,19,0.230000000,0.236000000,0.550000000
22:48:11,110719,50.635570427,-123.405565402,475.288000000,19,0.230000000,0.236000000,0.550000000
22:48:12,110719,50.635570633,-123.405565352,475.310000000,19,0.230000000,0.236000000,0.550000000
22:48:13,110719,50.635570760,-123.405565342,475.329000000,19,0.232000000,0.239000000,0.556000000
22:48:14,110719,50.635570900,-123.405565312,475.353000000,19,0.232000000,0.239000000,0.556000000
22:48:15,110719,50.635571067,-123.405565263,475.371000000,19,0.232000000,0.239000000,0.556000000
22:48:16,110719,50.635571272,-123.405565217,475.396000000,19,0.238000000,0.245000000,0.570000000
22:48:17,110719,50.635571480,-123.405565150,475.423000000,19,0.238000000,0.245000000,0.570000000
22:48:18,110719,50.635571685,-123.405565108,475.452000000,19,0.238000000,0.245000000,0.570000000
22:48:19,110719,50.635571847,-123.405565085,475.473000000,19,0.245000000,0.252000000,0.586000000
22:48:20,110719,50.635571990,-123.405565023,475.489000000,19,0.245000000,0.252000000,0.586000000
22:48:21,110719,50.635572105,-123.405564970,475.500000000,19,0.245000000,0.252000000,0.586000000
22:48:22,110719,50.635572205,-123.405564942,475.517000000,19,0.252000000,0.259000000,0.604000000
22:48:23,110719,50.635572320,-123.405564917,475.533000000,19,0.252000000,0.259000000,0.604000000
22:48:24,110719,50.635572462,-123.405564923,475.548000000,19,0.252000000,0.259000000,0.604000000
22:48:25,110719,50.635572565,-123.405564928,475.563000000,19,0.258000000,0.265000000,0.617000000
22:48:26,110719,50.635572652,-123.405564923,475.577000000,19,0.258000000,0.265000000,0.617000000
22:48:27,110719,50.635572725,-123.405564902,475.586000000,19,0.258000000,0.265000000,0.617000000
22:48:28,110719,50.635572813,-123.405564908,475.594000000,19,0.263000000,0.270000000,0.629000000
22:48:29,110719,50.635572837,-123.405564912,475.602000000,19,0.263000000,0.270000000,0.629000000
22:48:30,110719,50.635572847,-123.405564905,475.606000000,19,0.263000000,0.270000000,0.629000000
22:48:31,110719,50.635572870,-123.405564908,475.611000000,19,0.264000000,0.272000000,0.633000000
22:48:32,110719,50.635572895,-123.405564907,475.620000000,19,0.264000000,0.272000000,0.633000000
22:48:33,110719,50.635572912,-123.405564912,475.628000000,19,0.264000000,0.272000000,0.633000000
22:48:34,110719,50.635572930,-123.405564920,475.635000000,18,0.269000000,0.281000000,0.636000000
22:48:35,110719,50.635572933,-123.405564925,475.643000000,18,0.269000000,0.281000000,0.636000000
22:48:36,110719,50.635572927,-123.405564930,475.645000000,18,0.268000000,0.280000000,0.633000000
22:48:37,110719,50.635572925,-123.405564938,475.648000000,18,0.268000000,0.280000000,0.633000000
22:48:38,110719,50.635572908,-123.405564922,475.645000000,18,0.268000000,0.280000000,0.633000000
22:48:39,110719,50.635572902,-123.405564925,475.649000000,18,0.265000000,0.277000000,0.626000000
22:48:40,110719,50.635572880,-123.405564913,475.656000000,18,0.265000000,0.277000000,0.626000000
22:48:41,110719,50.635572870,-123.405564908,475.665000000,19,0.258000000,0.265000000,0.618000000
22:48:42,110719,50.635572880,-123.405564908,475.676000000,19,0.258000000,0.265000000,0.618000000
22:48:43,110719,50.635572872,-123.405564882,475.685000000,19,0.258000000,0.265000000,0.618000000
22:48:44,110719,50.635572863,-123.405564850,475.689000000,19,0.255000000,0.262000000,0.610000000
22:48:45,110719,50.635572855,-123.405564823,475.687000000,19,0.255000000,0.262000000,0.610000000
22:48:46,110719,50.635572825,-123.405564827,475.688000000,19,0.255000000,0.262000000,0.610000000
22:48:47,110719,50.635572777,-123.405564853,475.683000000,19,0.252000000,0.259000000,0.603000000
22:48:48,110719,50.635572740,-123.405564850,475.682000000,19,0.252000000,0.259000000,0.603000000
22:48:49,110719,50.635572683,-123.405564885,475.686000000,19,0.252000000,0.259000000,0.603000000
22:48:50,110719,50.635572662,-123.405564913,475.688000000,19,0.248000000,0.255000000,0.594000000
22:48:51,110719,50.635572625,-123.405564972,475.696000000,19,0.248000000,0.255000000,0.594000000
22:48:52,110719,50.635572573,-123.405564998,475.698000000,19,0.248000000,0.255000000,0.594000000
22:48:53,110719,50.635572535,-123.405565005,475.696000000,18,0.248000000,0.260000000,0.587000000
22:48:54,110719,50.635572498,-123.405565027,475.698000000,19,0.242000000,0.248000000,0.579000000
22:48:55,110719,50.635572440,-123.405565060,475.704000000,19,0.242000000,0.248000000,0.579000000
22:48:56,110719,50.635572385,-123.405565070,475.703000000,19,0.242000000,0.248000000,0.579000000
22:48:57,110719,50.635572363,-123.405565075,475.706000000,18,0.242000000,0.253000000,0.573000000
22:48:58,110719,50.635572338,-123.405565060,475.709000000,18,0.242000000,0.253000000,0.573000000
22:48:59,110719,50.635572333,-123.405565065,475.715000000,18,0.242000000,0.253000000,0.573000000
22:49:00,110719,50.635572340,-123.405565048,475.721000000,18,0.238000000,0.249000000,0.563000000
22:49:01,110719,50.635572360,-123.405565062,475.731000000,18,0.238000000,0.249000000,0.563000000
22:49:02,110719,50.635572373,-123.405565050,475.739000000,18,0.238000000,0.249000000,0.563000000
22:49:03,110719,50.635572370,-123.405565013,475.736000000,18,0.234000000,0.245000000,0.554000000
22:49:04,110719,50.635572328,-123.405564998,475.733000000,18,0.234000000,0.245000000,0.554000000
22:49:05,110719,50.635572283,-123.405564983,475.734000000,18,0.234000000,0.245000000,0.554000000
22:49:06,110719,50.635572258,-123.405564977,475.742000000,18,0.230000000,0.241000000,0.545000000
22:49:07,110719,50.635572265,-123.405564977,475.752000000,18,0.230000000,0.240000000,0.544000000
22:49:08,110719,50.635572268,-123.405564968,475.764000000,18,0.228000000,0.238000000,0.539000000
22:49:09,110719,50.635572250,-123.405564955,475.766000000,18,0.227000000,0.237000000,0.537000000
22:49:10,110719,50.635572255,-123.405564908,475.763000000,18,0.226000000,0.237000000,0.536000000
22:49:11,110719,50.635572277,-123.405564868,475.767000000,18,0.226000000,0.236000000,0.534000000
22:49:12,110719,50.635572292,-123.405564867,475.770000000,18,0.225000000,0.235000000,0.533000000
22:49:13,110719,50.635572315,-123.405564885,475.780000000,18,0.224000000,0.234000000,0.531000000
22:49:14,110719,50.635572355,-123.405564893,475.789000000,18,0.223000000,0.234000000,0.529000000
22:49:15,110719,50.635572382,-123.405564892,475.800000000,18,0.223000000,0.233000000,0.527000000
22:49:16,110719,50.635572418,-123.405564915,475.810000000,18,0.223000000,0.233000000,0.527000000
22:49:17,110719,50.635572437,-123.405564887,475.814000000,18,0.223000000,0.233000000,0.527000000
22:49:18,110719,50.635572427,-123.405564873,475.819000000,18,0.221000000,0.231000000,0.524000000
22:49:19,110719,50.635572415,-123.405564840,475.822000000,18,0.221000000,0.231000000,0.524000000
22:49:20,110719,50.635572428,-123.405564830,475.826000000,18,0.221000000,0.231000000,0.524000000
22:49:21,110719,50.635572453,-123.405564808,475.827000000,18,0.219000000,0.229000000,0.519000000
22:49:22,110719,50.635572470,-123.405564785,475.828000000,18,0.219000000,0.229000000,0.519000000
22:49:23,110719,50.635572483,-123.405564752,475.825000000,18,0.219000000,0.229000000,0.519000000
22:49:24,110719,50.635572493,-123.405564735,475.825000000,18,0.217000000,0.227000000,0.514000000
22:49:25,110719,50.635572477,-123.405564712,475.824000000,18,0.217000000,0.227000000,0.514000000
22:49:26,110719,50.635572483,-123.405564698,475.822000000,18,0.217000000,0.227000000,0.514000000
22:49:27,110719,50.635572530,-123.405564692,475.826000000,18,0.215000000,0.224000000,0.509000000
22:49:28,110719,50.635572558,-123.405564700,475.834000000,18,0.215000000,0.224000000,0.509000000
22:49:29,110719,50.635572570,-123.405564683,475.839000000,18,0.206000000,0.200000000,0.477000000
22:49:30,110719,50.635572582,-123.405564668,475.838000000,18,0.210000000,0.219000000,0.498000000
22:49:31,110719,50.635572573,-123.405564642,475.836000000,19,0.203000000,0.196000000,0.470000000
22:49:32,110719,50.635572548,-123.405564632,475.829000000,19,0.203000000,0.196000000,0.470000000
22:49:33,110719,50.635572515,-123.405564637,475.829000000,18,0.207000000,0.216000000,0.489000000
22:49:34,110719,50.635572500,-123.405564672,475.837000000,19,0.199000000,0.193000000,0.462000000
22:49:35,110719,50.635572522,-123.405564713,475.851000000,19,0.199000000,0.193000000,0.462000000
22:49:36,110719,50.635572548,-123.405564745,475.864000000,18,0.203000000,0.212000000,0.482000000
22:49:37,110719,50.635572557,-123.405564745,475.876000000,19,0.196000000,0.190000000,0.455000000
22:49:38,110719,50.635572553,-123.405564745,475.890000000,19,0.196000000,0.190000000,0.455000000
22:49:39,110719,50.635572548,-123.405564740,475.899000000,19,0.196000000,0.190000000,0.455000000
22:49:40,110719,50.635572553,-123.405564733,475.903000000,18,0.201000000,0.210000000,0.476000000
22:49:41,110719,50.635572573,-123.405564720,475.909000000,19,0.194000000,0.188000000,0.450000000
22:49:42,110719,50.635572578,-123.405564702,475.915000000,19,0.194000000,0.188000000,0.450000000
22:49:43,110719,50.635572555,-123.405564673,475.921000000,18,0.199000000,0.207000000,0.471000000
22:49:44,110719,50.635572562,-123.405564655,475.927000000,19,0.192000000,0.186000000,0.445000000
22:49:45,110719,50.635572575,-123.405564657,475.928000000,19,0.192000000,0.186000000,0.445000000
22:49:46,110719,50.635572580,-123.405564645,475.930000000,19,0.193000000,0.198000000,0.462000000
22:49:47,110719,50.635572605,-123.405564642,475.936000000,20,0.188000000,0.179000000,0.432000000
22:49:48,110719,50.635572625,-123.405564668,475.944000000,20,0.188000000,0.179000000,0.432000000
22:49:49,110719,50.635572630,-123.405564690,475.949000000,20,0.188000000,0.179000000,0.432000000
22:49:50,110719,50.635572650,-123.405564678,475.953000000,19,0.191000000,0.195000000,0.457000000
22:49:51,110719,50.635572653,-123.405564663,475.952000000,20,0.186000000,0.177000000,0.427000000
22:49:52,110719,50.635572638,-123.405564655,475.948000000,18,0.195000000,0.203000000,0.462000000
22:49:53,110719,50.635572637,-123.405564653,475.945000000,19,0.188000000,0.181000000,0.435000000
22:49:54,110719,50.635572657,-123.405564648,475.948000000,19,0.188000000,0.181000000,0.435000000
22:49:55,110719,50.635572670,-123.405564652,475.958000000,18,0.194000000,0.202000000,0.459000000
22:49:56,110719,50.635572690,-123.405564630,475.966000000,19,0.186000000,0.180000000,0.432000000
22:49:57,110719,50.635572713,-123.405564623,475.972000000,18,0.192000000,0.201000000,0.456000000
22:49:58,110719,50.635572737,-123.405564633,475.980000000,19,0.185000000,0.179000000,0.430000000
22:49:59,110719,50.635572727,-123.405564653,475.992000000,19,0.185000000,0.179000000,0.430000000
22:50:00,110719,50.635572707,-123.405564640,475.993000000,19,0.191000000,0.200000000,0.454000000
22:50:01,110719,50.635572673,-123.405564642,475.998000000,20,0.182000000,0.174000000,0.419000000
22:50:02,110719,50.635572645,-123.405564652,475.997000000,19,0.187000000,0.191000000,0.447000000
22:50:03,110719,50.635572625,-123.405564642,475.998000000,20,0.187000000,0.191000000,0.447000000
22:50:04,110719,50.635572625,-123.405564677,476.001000000,20,0.181000000,0.172000000,0.416000000
22:50:05,110719,50.635572653,-123.405564672,476.009000000,19,0.193000000,0.197000000,0.462000000
22:50:06,110719,50.635572690,-123.405564710,476.022000000,20,0.185000000,0.177000000,0.427000000
22:50:07,110719,50.635572717,-123.405564725,476.035000000,19,0.185000000,0.177000000,0.427000000
22:50:08,110719,50.635572753,-123.405564733,476.044000000,20,0.196000000,0.201000000,0.471000000
22:50:09,110719,50.635572772,-123.405564750,476.052000000,20,0.188000000,0.180000000,0.434000000
22:50:10,110719,50.635572755,-123.405564750,476.051000000,19,0.198000000,0.203000000,0.474000000
22:50:11,110719,50.635572723,-123.405564762,476.056000000,20,0.189000000,0.180000000,0.435000000
22:50:12,110719,50.635572708,-123.405564777,476.061000000,20,0.189000000,0.180000000,0.435000000
22:50:13,110719,50.635572717,-123.405564788,476.068000000,19,0.186000000,0.191000000,0.446000000
22:50:14,110719,50.635572720,-123.405564793,476.075000000,20,0.186000000,0.191000000,0.446000000
22:50:15,110719,50.635572742,-123.405564783,476.083000000,20,0.180000000,0.171000000,0.414000000
22:50:16,110719,50.635572747,-123.405564785,476.087000000,20,0.180000000,0.171000000,0.414000000
22:50:17,110719,50.635572745,-123.405564807,476.089000000,19,0.181000000,0.185000000,0.433000000
22:50:18,110719,50.635572727,-123.405564787,476.085000000,20,0.175000000,0.167000000,0.404000000
22:50:19,110719,50.635572703,-123.405564787,476.083000000,19,0.181000000,0.185000000,0.433000000
22:50:20,110719,50.635572672,-123.405564790,476.078000000,19,0.181000000,0.185000000,0.433000000
22:50:21,110719,50.635572667,-123.405564770,476.079000000,19,0.181000000,0.185000000,0.433000000
22:50:22,110719,50.635572675,-123.405564773,476.078000000,19,0.181000000,0.185000000,0.433000000
22:50:23,110719,50.635572688,-123.405564798,476.083000000,19,0.181000000,0.185000000,0.433000000
22:50:24,110719,50.635572723,-123.405564815,476.085000000,19,0.181000000,0.185000000,0.433000000
22:50:25,110719,50.635572745,-123.405564843,476.090000000,19,0.180000000,0.184000000,0.431000000
22:50:26,110719,50.635572780,-123.405564892,476.094000000,19,0.180000000,0.184000000,0.431000000
22:50:27,110719,50.635572812,-123.405564900,476.096000000,19,0.180000000,0.184000000,0.431000000
22:50:28,110719,50.635572848,-123.405564918,476.097000000,19,0.179000000,0.183000000,0.428000000
22:50:29,110719,50.635572850,-123.405564892,476.092000000,19,0.179000000,0.183000000,0.428000000
22:50:30,110719,50.635572830,-123.405564878,476.086000000,19,0.179000000,0.183000000,0.428000000
22:50:31,110719,50.635572805,-123.405564837,476.078000000,19,0.177000000,0.181000000,0.424000000
22:50:32,110719,50.635572770,-123.405564805,476.069000000,19,0.177000000,0.181000000,0.424000000
22:50:33,110719,50.635572742,-123.405564763,476.066000000,19,0.177000000,0.181000000,0.424000000
22:50:34,110719,50.635572735,-123.405564733,476.065000000,19,0.175000000,0.179000000,0.420000000
22:50:35,110719,50.635572748,-123.405564718,476.071000000,19,0.175000000,0.179000000,0.420000000
22:50:36,110719,50.635572780,-123.405564738,476.082000000,19,0.175000000,0.179000000,0.420000000
22:50:37,110719,50.635572780,-123.405564757,476.087000000,19,0.176000000,0.180000000,0.421000000
22:50:38,110719,50.635572762,-123.405564740,476.091000000,19,0.176000000,0.180000000,0.421000000
22:50:39,110719,50.635572740,-123.405564710,476.090000000,19,0.176000000,0.180000000,0.421000000
22:50:40,110719,50.635572707,-123.405564667,476.082000000,19,0.177000000,0.181000000,0.424000000
22:50:41,110719,50.635572678,-123.405564627,476.075000000,19,0.177000000,0.181000000,0.424000000
22:50:42,110719,50.635572642,-123.405564562,476.067000000,19,0.177000000,0.181000000,0.424000000
22:50:43,110719,50.635572623,-123.405564500,476.062000000,19,0.177000000,0.181000000,0.424000000
22:50:44,110719,50.635572583,-123.405564457,476.059000000,19,0.177000000,0.181000000,0.424000000
22:50:45,110719,50.635572528,-123.405564433,476.054000000,19,0.177000000,0.181000000,0.424000000
22:50:46,110719,50.635572485,-123.405564412,476.052000000,19,0.177000000,0.181000000,0.424000000
22:50:47,110719,50.635572452,-123.405564370,476.044000000,19,0.177000000,0.181000000,0.424000000
22:50:48,110719,50.635572410,-123.405564330,476.038000000,19,0.177000000,0.181000000,0.424000000
22:50:49,110719,50.635572368,-123.405564277,476.033000000,19,0.177000000,0.181000000,0.424000000
22:50:50,110719,50.635572320,-123.405564233,476.032000000,19,0.177000000,0.181000000,0.424000000
22:50:51,110719,50.635572270,-123.405564185,476.020000000,19,0.177000000,0.181000000,0.424000000
22:50:52,110719,50.635572228,-123.405564127,476.011000000,19,0.177000000,0.180000000,0.423000000
22:50:53,110719,50.635572205,-123.405564082,476.006000000,19,0.177000000,0.180000000,0.423000000
22:50:54,110719,50.635572205,-123.405564067,476.008000000,19,0.177000000,0.180000000,0.423000000
22:50:55,110719,50.635572218,-123.405564025,476.007000000,19,0.175000000,0.179000000,0.420000000
22:50:56,110719,50.635572223,-123.405564003,476.003000000,19,0.175000000,0.179000000,0.420000000
22:50:57,110719,50.635572227,-123.405563967,475.995000000,19,0.175000000,0.179000000,0.420000000
22:50:58,110719,50.635572243,-123.405563943,475.996000000,19,0.175000000,0.178000000,0.418000000
22:50:59,110719,50.635572263,-123.405563895,476.000000000,19,0.175000000,0.178000000,0.418000000
22:51:00,110719,50.635572252,-123.405563877,475.998000000,19,0.175000000,0.178000000,0.418000000
22:51:01,110719,50.635572238,-123.405563830,475.997000000,19,0.175000000,0.179000000,0.419000000
22:51:02,110719,50.635572203,-123.405563787,475.991000000,19,0.175000000,0.179000000,0.419000000
22:51:03,110719,50.635572177,-123.405563758,475.990000000,19,0.175000000,0.179000000,0.419000000
22:51:04,110719,50.635572165,-123.405563748,475.993000000,19,0.175000000,0.178000000,0.419000000
22:51:05,110719,50.635572162,-123.405563717,475.991000000,19,0.175000000,0.178000000,0.419000000
22:51:06,110719,50.635572133,-123.405563663,475.984000000,20,0.169000000,0.161000000,0.391000000
22:51:07,110719,50.635572105,-123.405563633,475.982000000,20,0.169000000,0.161000000,0.391000000
22:51:08,110719,50.635572087,-123.405563588,475.973000000,20,0.169000000,0.161000000,0.391000000
22:51:09,110719,50.635572048,-123.405563550,475.966000000,20,0.184000000,0.175000000,0.424000000
22:51:10,110719,50.635571995,-123.405563533,475.959000000,19,0.190000000,0.193000000,0.454000000
22:51:11,110719,50.635571952,-123.405563492,475.951000000,20,0.180000000,0.172000000,0.416000000
22:51:12,110719,50.635571932,-123.405563483,475.949000000,19,0.190000000,0.193000000,0.454000000
22:51:13,110719,50.635571948,-123.405563475,475.952000000,19,0.180000000,0.172000000,0.416000000
22:51:14,110719,50.635571960,-123.405563480,475.954000000,19,0.187000000,0.191000000,0.448000000
22:51:15,110719,50.635571995,-123.405563483,475.961000000,19,0.187000000,0.191000000,0.448000000
22:51:16,110719,50.635572032,-123.405563490,475.967000000,19,0.187000000,0.191000000,0.448000000
22:51:17,110719,50.635572050,-123.405563480,475.969000000,19,0.180000000,0.183000000,0.431000000
22:51:18,110719,50.635572050,-123.405563498,475.969000000,19,0.180000000,0.183000000,0.431000000
22:51:19,110719,50.635572047,-123.405563528,475.977000000,19,0.180000000,0.183000000,0.431000000
22:51:20,110719,50.635572015,-123.405563573,475.979000000,19,0.176000000,0.180000000,0.422000000
22:51:21,110719,50.635571993,-123.405563637,475.992000000,19,0.176000000,0.180000000,0.422000000
22:51:22,110719,50.635572007,-123.405563680,476.001000000,19,0.176000000,0.180000000,0.422000000
22:51:23,110719,50.635572030,-123.405563700,476.008000000,19,0.174000000,0.177000000,0.417000000
22:51:24,110719,50.635572053,-123.405563703,476.011000000,19,0.174000000,0.177000000,0.417000000
22:51:25,110719,50.635572012,-123.405563740,476.011000000,19,0.174000000,0.177000000,0.417000000
22:51:26,110719,50.635571968,-123.405563770,476.016000000,19,0.172000000,0.176000000,0.413000000
22:51:27,110719,50.635571940,-123.405563808,476.022000000,19,0.172000000,0.176000000,0.413000000
22:51:28,110719,50.635571897,-123.405563827,476.022000000,19,0.172000000,0.176000000,0.413000000
22:51:29,110719,50.635571863,-123.405563802,476.017000000,19,0.171000000,0.174000000,0.409000000
22:51:30,110719,50.635571848,-123.405563800,476.012000000,19,0.171000000,0.174000000,0.409000000
22:51:31,110719,50.635571828,-123.405563763,476.005000000,19,0.171000000,0.174000000,0.409000000
22:51:32,110719,50.635571785,-123.405563780,476.002000000,19,0.168000000,0.171000000,0.403000000
22:51:33,110719,50.635571757,-123.405563798,475.996000000,19,0.168000000,0.171000000,0.403000000
22:51:34,110719,50.635571740,-123.405563802,475.991000000,19,0.168000000,0.171000000,0.403000000
22:51:35,110719,50.635571677,-123.405563833,475.989000000,19,0.166000000,0.169000000,0.397000000
22:51:36,110719,50.635571612,-123.405563875,475.982000000,19,0.166000000,0.169000000,0.397000000
22:51:37,110719,50.635571555,-123.405563925,475.981000000,19,0.166000000,0.169000000,0.397000000
22:51:38,110719,50.635571502,-123.405563947,475.974000000,19,0.163000000,0.166000000,0.390000000
22:51:39,110719,50.635571438,-123.405563977,475.964000000,19,0.163000000,0.166000000,0.390000000
22:51:40,110719,50.635571372,-123.405563997,475.952000000,19,0.163000000,0.166000000,0.390000000
22:51:41,110719,50.635571320,-123.405564018,475.945000000,19,0.159000000,0.162000000,0.381000000
22:51:42,110719,50.635571263,-123.405564008,475.936000000,19,0.156000000,0.159000000,0.374000000
22:51:43,110719,50.635571190,-123.405564038,475.929000000,19,0.156000000,0.159000000,0.374000000
22:51:44,110719,50.635571125,-123.405564010,475.918000000,19,0.156000000,0.159000000,0.374000000
22:51:45,110719,50.635571057,-123.405564013,475.914000000,20,0.150000000,0.152000000,0.358000000
22:51:46,110719,50.635571033,-123.405564005,475.917000000,19,0.144000000,0.136000000,0.331000000
22:51:47,110719,50.635570985,-123.405564015,475.918000000,19,0.143000000,0.146000000,0.344000000
22:51:48,110719,50.635570970,-123.405564012,475.919000000,20,0.134000000,0.143000000,0.318000000
22:51:49,110719,50.635570970,-123.405564007,475.919000000,20,0.135000000,0.144000000,0.321000000
22:51:50,110719,50.635570992,-123.405564008,475.926000000,20,0.135000000,0.144000000,0.321000000
22:51:51,110719,50.635570985,-123.405564025,475.926000000,20,0.135000000,0.144000000,0.321000000
22:51:52,110719,50.635570980,-123.405564043,475.932000000,20,0.140000000,0.149000000,0.332000000
22:51:53,110719,50.635570995,-123.405564057,475.937000000,20,0.140000000,0.149000000,0.332000000
22:51:54,110719,50.635570985,-123.405564053,475.940000000,20,0.140000000,0.149000000,0.332000000
22:51:55,110719,50.635570965,-123.405564048,475.937000000,20,0.140000000,0.149000000,0.333000000
22:51:56,110719,50.635570988,-123.405564040,475.941000000,20,0.140000000,0.149000000,0.333000000
22:51:57,110719,50.635570998,-123.405564005,475.941000000,20,0.140000000,0.149000000,0.333000000
22:51:58,110719,50.635570978,-123.405563962,475.936000000,20,0.138000000,0.147000000,0.329000000
22:51:59,110719,50.635570990,-123.405563953,475.939000000,20,0.138000000,0.147000000,0.329000000
22:52:00,110719,50.635571007,-123.405563975,475.945000000,20,0.138000000,0.147000000,0.329000000
22:52:01,110719,50.635571010,-123.405564012,475.946000000,20,0.136000000,0.145000000,0.325000000
22:52:02,110719,50.635571033,-123.405564032,475.948000000,20,0.136000000,0.145000000,0.325000000
22:52:03,110719,50.635571057,-123.405564032,475.950000000,20,0.136000000,0.145000000,0.325000000
22:52:04,110719,50.635571057,-123.405564033,475.946000000,20,0.135000000,0.144000000,0.321000000
22:52:05,110719,50.635571022,-123.405563997,475.940000000,20,0.135000000,0.144000000,0.321000000
22:52:06,110719,50.635570952,-123.405563940,475.930000000,20,0.135000000,0.144000000,0.321000000
22:52:07,110719,50.635570887,-123.405563920,475.922000000,20,0.134000000,0.142000000,0.318000000
22:52:08,110719,50.635570828,-123.405563900,475.915000000,20,0.134000000,0.142000000,0.318000000
22:52:09,110719,50.635570775,-123.405563883,475.904000000,20,0.134000000,0.142000000,0.318000000
22:52:10,110719,50.635570723,-123.405563833,475.898000000,20,0.132000000,0.141000000,0.314000000
22:52:11,110719,50.635570680,-123.405563807,475.892000000,20,0.132000000,0.141000000,0.314000000
22:52:12,110719,50.635570657,-123.405563793,475.886000000,20,0.132000000,0.141000000,0.314000000
22:52:13,110719,50.635570622,-123.405563777,475.883000000,20,0.132000000,0.141000000,0.314000000
22:52:14,110719,50.635570620,-123.405563783,475.884000000,20,0.132000000,0.141000000,0.314000000
22:52:15,110719,50.635570622,-123.405563787,475.889000000,20,0.132000000,0.141000000,0.314000000
22:52:16,110719,50.635570638,-123.405563795,475.892000000,20,0.132000000,0.141000000,0.314000000
22:52:17,110719,50.635570633,-123.405563813,475.893000000,20,0.132000000,0.141000000,0.314000000
22:52:18,110719,50.635570615,-123.405563833,475.892000000,20,0.132000000,0.141000000,0.314000000
22:52:19,110719,50.635570562,-123.405563865,475.893000000,20,0.132000000,0.141000000,0.314000000
22:52:20,110719,50.635570518,-123.405563880,475.898000000,20,0.132000000,0.141000000,0.314000000
22:52:21,110719,50.635570480,-123.405563898,475.900000000,20,0.132000000,0.141000000,0.314000000
22:52:22,110719,50.635570475,-123.405563892,475.907000000,20,0.132000000,0.141000000,0.314000000
22:52:23,110719,50.635570495,-123.405563912,475.915000000,20,0.132000000,0.141000000,0.314000000
22:52:24,110719,50.635570527,-123.405563982,475.924000000,20,0.132000000,0.141000000,0.314000000
22:52:25,110719,50.635570558,-123.405564050,475.940000000,20,0.132000000,0.141000000,0.314000000
22:52:26,110719,50.635570627,-123.405564105,475.956000000,20,0.132000000,0.141000000,0.314000000
22:52:27,110719,50.635570678,-123.405564137,475.966000000,20,0.132000000,0.141000000,0.314000000
22:52:28,110719,50.635570737,-123.405564128,475.974000000,20,0.132000000,0.141000000,0.314000000
22:52:29,110719,50.635570778,-123.405564143,475.986000000,20,0.132000000,0.141000000,0.314000000
22:52:30,110719,50.635570815,-123.405564187,475.996000000,20,0.132000000,0.141000000,0.314000000
22:52:31,110719,50.635570835,-123.405564220,476.000000000,20,0.132000000,0.141000000,0.314000000
22:52:32,110719,50.635570855,-123.405564258,476.010000000,20,0.132000000,0.141000000,0.314000000
22:52:33,110719,50.635570868,-123.405564260,476.017000000,20,0.132000000,0.141000000,0.314000000
22:52:34,110719,50.635570887,-123.405564260,476.024000000,20,0.132000000,0.141000000,0.315000000
22:52:35,110719,50.635570888,-123.405564305,476.029000000,20,0.132000000,0.141000000,0.315000000
22:52:36,110719,50.635570902,-123.405564285,476.031000000,20,0.132000000,0.141000000,0.315000000
22:52:37,110719,50.635570905,-123.405564258,476.030000000,20,0.132000000,0.141000000,0.315000000
22:52:38,110719,50.635570918,-123.405564265,476.030000000,20,0.132000000,0.141000000,0.315000000
22:52:39,110719,50.635570937,-123.405564268,476.035000000,20,0.132000000,0.141000000,0.315000000
22:52:40,110719,50.635570947,-123.405564270,476.040000000,20,0.132000000,0.141000000,0.315000000
22:52:41,110719,50.635570967,-123.405564270,476.042000000,20,0.132000000,0.141000000,0.315000000
22:52:42,110719,50.635570988,-123.405564295,476.053000000,20,0.132000000,0.141000000,0.315000000
22:52:43,110719,50.635571010,-123.405564282,476.053000000,20,0.132000000,0.141000000,0.315000000
22:52:44,110719,50.635571045,-123.405564305,476.063000000,20,0.132000000,0.141000000,0.315000000
22:52:45,110719,50.635571063,-123.405564327,476.069000000,20,0.132000000,0.141000000,0.315000000
22:52:46,110719,50.635571072,-123.405564348,476.072000000,20,0.132000000,0.141000000,0.315000000
22:52:47,110719,50.635571095,-123.405564373,476.078000000,20,0.132000000,0.141000000,0.315000000
22:52:48,110719,50.635571095,-123.405564415,476.080000000,20,0.132000000,0.141000000,0.315000000
22:52:49,110719,50.635571077,-123.405564477,476.085000000,20,0.132000000,0.141000000,0.315000000
22:52:50,110719,50.635571062,-123.405564523,476.092000000,20,0.132000000,0.141000000,0.315000000
22:52:51,110719,50.635571068,-123.405564538,476.092000000,20,0.132000000,0.141000000,0.315000000
22:52:52,110719,50.635571080,-123.405564502,476.095000000,20,0.132000000,0.141000000,0.315000000
22:52:53,110719,50.635571063,-123.405564468,476.091000000,20,0.132000000,0.141000000,0.315000000
22:52:54,110719,50.635571055,-123.405564430,476.092000000,20,0.132000000,0.141000000,0.315000000
22:52:55,110719,50.635571028,-123.405564393,476.086000000,20,0.132000000,0.141000000,0.315000000
22:52:56,110719,50.635571012,-123.405564375,476.084000000,20,0.132000000,0.141000000,0.315000000
22:52:57,110719,50.635571007,-123.405564358,476.080000000,20,0.132000000,0.141000000,0.315000000
22:52:58,110719,50.635571002,-123.405564370,476.077000000,20,0.132000000,0.141000000,0.315000000
22:52:59,110719,50.635571007,-123.405564360,476.078000000,20,0.132000000,0.141000000,0.315000000
22:53:00,110719,50.635571047,-123.405564387,476.081000000,20,0.132000000,0.141000000,0.315000000
22:53:01,110719,50.635571082,-123.405564398,476.083000000,20,0.132000000,0.141000000,0.315000000
22:53:02,110719,50.635571117,-123.405564443,476.090000000,20,0.132000000,0.141000000,0.315000000
22:53:03,110719,50.635571123,-123.405564483,476.097000000,20,0.132000000,0.140000000,0.315000000
22:53:04,110719,50.635571142,-123.405564537,476.104000000,20,0.132000000,0.140000000,0.315000000
22:53:05,110719,50.635571147,-123.405564560,476.106000000,20,0.132000000,0.140000000,0.315000000
22:53:06,110719,50.635571198,-123.405564623,476.102000000,20,0.132000000,0.140000000,0.315000000
22:53:07,110719,50.635571235,-123.405564785,476.103000000,20,0.132000000,0.140000000,0.315000000
22:53:08,110719,50.635571278,-123.405564890,476.101000000,20,0.132000000,0.140000000,0.315000000
22:53:09,110719,50.635571288,-123.405565000,476.103000000,20,0.132000000,0.140000000,0.315000000
22:53:10,110719,50.635571320,-123.405565100,476.103000000,20,0.132000000,0.140000000,0.315000000
22:53:11,110719,50.635571353,-123.405565210,476.104000000,20,0.132000000,0.140000000,0.315000000
22:53:12,110719,50.635571403,-123.405565262,476.103000000,20,0.132000000,0.140000000,0.315000000
22:53:13,110719,50.635571432,-123.405565303,476.102000000,20,0.132000000,0.140000000,0.315000000
22:53:14,110719,50.635571445,-123.405565360,476.103000000,20,0.132000000,0.140000000,0.315000000
22:53:15,110719,50.635571450,-123.405565417,476.105000000,20,0.132000000,0.140000000,0.315000000
22:53:16,110719,50.635571445,-123.405565430,476.096000000,20,0.132000000,0.140000000,0.315000000
22:53:17,110719,50.635571443,-123.405565442,476.097000000,20,0.132000000,0.140000000,0.315000000
22:53:18,110719,50.635571453,-123.405565440,476.093000000,21,0.127000000,0.127000000,0.294000000
22:53:19,110719,50.635571472,-123.405565423,476.088000000,21,0.127000000,0.127000000,0.294000000
22:53:20,110719,50.635571512,-123.405565428,476.089000000,20,0.132000000,0.140000000,0.315000000
22:53:21,110719,50.635571572,-123.405565420,476.087000000,21,0.127000000,0.127000000,0.294000000
22:53:22,110719,50.635571632,-123.405565433,476.086000000,20,0.132000000,0.140000000,0.315000000
22:53:23,110719,50.635571690,-123.405565457,476.085000000,20,0.132000000,0.140000000,0.315000000
22:53:24,110719,50.635571745,-123.405565413,476.083000000,20,0.132000000,0.140000000,0.315000000
22:53:25,110719,50.635571788,-123.405565420,476.086000000,20,0.132000000,0.140000000,0.315000000
22:53:26,110719,50.635571843,-123.405565407,476.081000000,20,0.132000000,0.140000000,0.315000000
22:53:27,110719,50.635571890,-123.405565430,476.082000000,20,0.132000000,0.140000000,0.315000000
22:53:28,110719,50.635571943,-123.405565437,476.082000000,20,0.132000000,0.140000000,0.315000000
22:53:29,110719,50.635571965,-123.405565422,476.079000000,20,0.132000000,0.140000000,0.315000000
22:53:30,110719,50.635571987,-123.405565370,476.069000000,20,0.132000000,0.140000000,0.315000000
22:53:31,110719,50.635571980,-123.405565305,476.059000000,20,0.132000000,0.140000000,0.315000000
22:53:32,110719,50.635571985,-123.405565285,476.049000000,20,0.132000000,0.140000000,0.315000000
22:53:33,110719,50.635571998,-123.405565300,476.042000000,20,0.132000000,0.140000000,0.315000000
22:53:34,110719,50.635572020,-123.405565305,476.039000000,20,0.132000000,0.140000000,0.315000000
22:53:35,110719,50.635572043,-123.405565285,476.038000000,20,0.132000000,0.140000000,0.315000000
22:53:36,110719,50.635572047,-123.405565288,476.034000000,20,0.132000000,0.140000000,0.315000000
22:53:37,110719,50.635572037,-123.405565303,476.036000000,20,0.132000000,0.140000000,0.315000000
22:53:38,110719,50.635572042,-123.405565285,476.034000000,21,0.127000000,0.127000000,0.294000000
22:53:39,110719,50.635572043,-123.405565268,476.034000000,21,0.127000000,0.127000000,0.294000000
22:53:40,110719,50.635572040,-123.405565210,476.034000000,21,0.127000000,0.127000000,0.294000000
22:53:41,110719,50.635572042,-123.405565173,476.036000000,21,0.127000000,0.127000000,0.294000000
22:53:42,110719,50.635572078,-123.405565142,476.043000000,21,0.127000000,0.127000000,0.294000000
22:53:43,110719,50.635572077,-123.405565113,476.050000000,21,0.127000000,0.127000000,0.294000000
22:53:44,110719,50.635572053,-123.405565087,476.060000000,21,0.129000000,0.129000000,0.298000000
22:53:45,110719,50.635572032,-123.405565083,476.073000000,21,0.129000000,0.129000000,0.298000000
22:53:46,110719,50.635572012,-123.405565082,476.082000000,21,0.129000000,0.129000000,0.298000000
22:53:47,110719,50.635571995,-123.405565065,476.092000000,20,0.137000000,0.145000000,0.326000000
22:53:48,110719,50.635571968,-123.405565053,476.096000000,21,0.131000000,0.130000000,0.302000000
22:53:49,110719,50.635571920,-123.405565040,476.099000000,21,0.131000000,0.130000000,0.302000000
22:53:50,110719,50.635571893,-123.405565087,476.107000000,20,0.137000000,0.146000000,0.327000000
22:53:51,110719,50.635571858,-123.405565102,476.112000000,20,0.133000000,0.135000000,0.311000000
22:53:52,110719,50.635571837,-123.405565068,476.113000000,19,0.140000000,0.152000000,0.332000000
22:53:53,110719,50.635571810,-123.405565037,476.117000000,20,0.134000000,0.136000000,0.313000000
22:53:54,110719,50.635571765,-123.405564997,476.118000000,20,0.134000000,0.136000000,0.313000000
22:53:55,110719,50.635571707,-123.405564967,476.120000000,19,0.142000000,0.154000000,0.336000000
22:53:56,110719,50.635571653,-123.405564918,476.126000000,20,0.136000000,0.137000000,0.317000000
22:53:57,110719,50.635571603,-123.405564858,476.131000000,20,0.142000000,0.150000000,0.338000000
22:53:58,110719,50.635571540,-123.405564808,476.134000000,21,0.137000000,0.137000000,0.317000000
22:53:59,110719,50.635571503,-123.405564762,476.140000000,21,0.137000000,0.137000000,0.317000000
22:54:00,110719,50.635571487,-123.405564735,476.145000000,20,0.144000000,0.153000000,0.344000000
22:54:01,110719,50.635571462,-123.405564692,476.144000000,21,0.140000000,0.139000000,0.324000000
22:54:02,110719,50.635571442,-123.405564672,476.142000000,21,0.140000000,0.139000000,0.324000000
22:54:03,110719,50.635571420,-123.405564658,476.141000000,20,0.145000000,0.153000000,0.344000000
22:54:04,110719,50.635571403,-123.405564652,476.134000000,21,0.140000000,0.139000000,0.323000000
22:54:05,110719,50.635571405,-123.405564628,476.136000000,21,0.140000000,0.139000000,0.323000000
22:54:06,110719,50.635571413,-123.405564630,476.135000000,20,0.140000000,0.139000000,0.323000000
22:54:07,110719,50.635571407,-123.405564638,476.139000000,20,0.144000000,0.153000000,0.343000000
22:54:08,110719,50.635571400,-123.405564625,476.138000000,21,0.139000000,0.139000000,0.322000000
22:54:09,110719,50.635571410,-123.405564655,476.144000000,21,0.139000000,0.139000000,0.322000000
22:54:10,110719,50.635571403,-123.405564680,476.147000000,20,0.143000000,0.151000000,0.339000000
22:54:11,110719,50.635571398,-123.405564715,476.152000000,21,0.137000000,0.137000000,0.317000000
22:54:12,110719,50.635571407,-123.405564743,476.160000000,21,0.137000000,0.137000000,0.317000000
22:54:13,110719,50.635571407,-123.405564763,476.163000000,20,0.140000000,0.148000000,0.332000000
22:54:14,110719,50.635571405,-123.405564787,476.171000000,21,0.134000000,0.134000000,0.310000000
22:54:15,110719,50.635571410,-123.405564803,476.177000000,21,0.134000000,0.134000000,0.310000000
22:54:16,110719,50.635571415,-123.405564798,476.180000000,21,0.134000000,0.134000000,0.310000000
22:54:17,110719,50.635571402,-123.405564790,476.185000000,20,0.136000000,0.144000000,0.325000000
22:54:18,110719,50.635571382,-123.405564793,476.190000000,21,0.131000000,0.131000000,0.303000000
22:54:19,110719,50.635571357,-123.405564780,476.190000000,21,0.131000000,0.131000000,0.303000000
22:54:20,110719,50.635571345,-123.405564745,476.192000000,20,0.134000000,0.141000000,0.318000000
22:54:21,110719,50.635571322,-123.405564717,476.195000000,19,0.135000000,0.146000000,0.320000000
22:54:22,110719,50.635571283,-123.405564705,476.197000000,19,0.135000000,0.146000000,0.320000000
22:54:23,110719,50.635571237,-123.405564678,476.205000000,19,0.135000000,0.146000000,0.320000000
22:54:24,110719,50.635571203,-123.405564650,476.209000000,19,0.134000000,0.145000000,0.318000000
22:54:25,110719,50.635571173,-123.405564623,476.211000000,19,0.134000000,0.145000000,0.318000000
22:54:26,110719,50.635571157,-123.405564602,476.211000000,19,0.134000000,0.145000000,0.318000000
22:54:27,110719,50.635571168,-123.405564598,476.212000000,19,0.134000000,0.145000000,0.318000000
22:54:28,110719,50.635571168,-123.405564617,476.215000000,19,0.134000000,0.145000000,0.318000000
22:54:29,110719,50.635571190,-123.405564615,476.214000000,20,0.133000000,0.140000000,0.315000000
22:54:30,110719,50.635571225,-123.405564620,476.211000000,20,0.133000000,0.140000000,0.315000000
22:54:31,110719,50.635571275,-123.405564617,476.205000000,20,0.133000000,0.140000000,0.315000000
22:54:32,110719,50.635571288,-123.405564620,476.199000000,20,0.133000000,0.140000000,0.315000000
22:54:33,110719,50.635571300,-123.405564630,476.194000000,20,0.133000000,0.140000000,0.315000000
22:54:34,110719,50.635571325,-123.405564637,476.189000000,20,0.133000000,0.140000000,0.315000000
22:54:35,110719,50.635571342,-123.405564657,476.190000000,20,0.133000000,0.140000000,0.315000000
22:54:36,110719,50.635571363,-123.405564662,476.190000000,20,0.133000000,0.140000000,0.315000000
22:54:37,110719,50.635571373,-123.405564675,476.189000000,20,0.133000000,0.140000000,0.315000000
22:54:38,110719,50.635571390,-123.405564723,476.190000000,20,0.133000000,0.140000000,0.315000000
22:54:39,110719,50.635571407,-123.405564728,476.189000000,20,0.133000000,0.140000000,0.315000000
22:54:40,110719,50.635571413,-123.405564702,476.185000000,20,0.133000000,0.140000000,0.315000000
22:54:41,110719,50.635571423,-123.405564680,476.181000000,20,0.133000000,0.140000000,0.315000000
22:54:42,110719,50.635571440,-123.405564658,476.176000000,20,0.133000000,0.140000000,0.315000000
22:54:43,110719,50.635571475,-123.405564645,476.174000000,20,0.133000000,0.140000000,0.315000000
22:54:44,110719,50.635571517,-123.405564670,476.174000000,20,0.133000000,0.140000000,0.315000000
22:54:45,110719,50.635571553,-123.405564675,476.174000000,20,0.133000000,0.140000000,0.315000000
22:54:46,110719,50.635571598,-123.405564687,476.174000000,20,0.133000000,0.140000000,0.315000000
22:54:47,110719,50.635571617,-123.405564685,476.175000000,20,0.133000000,0.140000000,0.315000000
22:54:48,110719,50.635571625,-123.405564683,476.172000000,20,0.133000000,0.140000000,0.315000000
22:54:49,110719,50.635571623,-123.405564683,476.169000000,20,0.133000000,0.140000000,0.315000000
22:54:50,110719,50.635571620,-123.405564680,476.167000000,20,0.133000000,0.140000000,0.315000000
22:54:51,110719,50.635571617,-123.405564675,476.166000000,20,0.133000000,0.140000000,0.315000000
22:54:52,110719,50.635571633,-123.405564662,476.165000000,20,0.133000000,0.140000000,0.315000000
22:54:53,110719,50.635571637,-123.405564665,476.161000000,20,0.133000000,0.140000000,0.315000000
22:54:54,110719,50.635571627,-123.405564663,476.162000000,19,0.134000000,0.145000000,0.318000000
22:54:55,110719,50.635571643,-123.405564672,476.164000000,19,0.134000000,0.145000000,0.318000000
22:54:56,110719,50.635571658,-123.405564673,476.166000000,19,0.134000000,0.145000000,0.318000000
22:54:57,110719,50.635571657,-123.405564677,476.166000000,19,0.134000000,0.145000000,0.318000000
22:54:58,110719,50.635571660,-123.405564660,476.170000000,19,0.134000000,0.145000000,0.318000000
22:54:59,110719,50.635571663,-123.405564683,476.175000000,19,0.134000000,0.145000000,0.318000000
22:55:00,110719,50.635571695,-123.405564698,476.177000000,19,0.134000000,0.145000000,0.318000000
22:55:01,110719,50.635571713,-123.405564740,476.178000000,19,0.134000000,0.145000000,0.318000000
22:55:02,110719,50.635571742,-123.405564778,476.182000000,19,0.134000000,0.145000000,0.318000000
22:55:03,110719,50.635571765,-123.405564813,476.187000000,19,0.134000000,0.145000000,0.318000000
22:55:04,110719,50.635571790,-123.405564815,476.188000000,19,0.134000000,0.145000000,0.318000000
22:55:05,110719,50.635571817,-123.405564827,476.192000000,19,0.134000000,0.145000000,0.318000000
22:55:06,110719,50.635571842,-123.405564840,476.195000000,19,0.134000000,0.145000000,0.318000000
22:55:07,110719,50.635571855,-123.405564865,476.201000000,19,0.134000000,0.145000000,0.318000000
22:55:08,110719,50.635571875,-123.405564907,476.208000000,19,0.134000000,0.145000000,0.318000000
22:55:09,110719,50.635571900,-123.405564922,476.206000000,19,0.134000000,0.145000000,0.318000000
22:55:10,110719,50.635571933,-123.405564965,476.217000000,20,0.133000000,0.140000000,0.316000000
22:55:11,110719,50.635571990,-123.405564970,476.223000000,20,0.133000000,0.140000000,0.316000000
22:55:12,110719,50.635572035,-123.405565008,476.229000000,20,0.133000000,0.140000000,0.316000000
22:55:13,110719,50.635572065,-123.405565022,476.229000000,20,0.133000000,0.140000000,0.316000000
22:55:14,110719,50.635572100,-123.405565053,476.235000000,20,0.133000000,0.140000000,0.316000000
22:55:15,110719,50.635572135,-123.405565077,476.237000000,20,0.133000000,0.140000000,0.316000000
22:55:16,110719,50.635572182,-123.405565087,476.242000000,20,0.133000000,0.140000000,0.316000000
22:55:17,110719,50.635572200,-123.405565097,476.246000000,20,0.133000000,0.140000000,0.316000000
22:55:18,110719,50.635572198,-123.405565092,476.247000000,20,0.133000000,0.140000000,0.316000000
22:55:19,110719,50.635572197,-123.405565092,476.245000000,20,0.133000000,0.140000000,0.316000000
22:55:20,110719,50.635572210,-123.405565092,476.245000000,20,0.133000000,0.140000000,0.316000000
22:55:21,110719,50.635572222,-123.405565097,476.243000000,20,0.133000000,0.140000000,0.316000000
22:55:22,110719,50.635572218,-123.405565125,476.244000000,20,0.133000000,0.140000000,0.316000000
22:55:23,110719,50.635572238,-123.405565172,476.249000000,21,0.128000000,0.127000000,0.295000000
22:55:24,110719,50.635572292,-123.405565250,476.259000000,21,0.128000000,0.127000000,0.295000000
22:55:25,110719,50.635572325,-123.405565283,476.263000000,21,0.128000000,0.127000000,0.295000000
22:55:26,110719,50.635572342,-123.405565310,476.265000000,21,0.128000000,0.127000000,0.295000000
22:55:27,110719,50.635572358,-123.405565325,476.271000000,21,0.128000000,0.127000000,0.295000000
22:55:28,110719,50.635572362,-123.405565302,476.273000000,21,0.128000000,0.127000000,0.295000000
22:55:29,110719,50.635572342,-123.405565305,476.275000000,21,0.128000000,0.127000000,0.295000000
22:55:30,110719,50.635572325,-123.405565290,476.272000000,21,0.128000000,0.127000000,0.295000000
22:55:31,110719,50.635572288,-123.405565260,476.272000000,21,0.128000000,0.127000000,0.295000000
22:55:32,110719,50.635572258,-123.405565242,476.267000000,21,0.128000000,0.127000000,0.295000000
22:55:33,110719,50.635572230,-123.405565215,476.268000000,21,0.128000000,0.127000000,0.295000000
22:55:34,110719,50.635572210,-123.405565202,476.260000000,21,0.128000000,0.127000000,0.295000000
22:55:35,110719,50.635572163,-123.405565193,476.256000000,21,0.128000000,0.127000000,0.295000000
22:55:36,110719,50.635572117,-123.405565183,476.243000000,21,0.128000000,0.127000000,0.295000000
22:55:37,110719,50.635572060,-123.405565168,476.232000000,21,0.128000000,0.127000000,0.295000000
22:55:38,110719,50.635572022,-123.405565155,476.223000000,21,0.128000000,0.127000000,0.295000000
22:55:39,110719,50.635572015,-123.405565147,476.217000000,21,0.128000000,0.127000000,0.295000000
22:55:40,110719,50.635572015,-123.405565150,476.211000000,21,0.128000000,0.127000000,0.295000000
22:55:41,110719,50.635572005,-123.405565138,476.207000000,21,0.128000000,0.127000000,0.295000000
22:55:42,110719,50.635571988,-123.405565132,476.194000000,21,0.128000000,0.127000000,0.295000000
22:55:43,110719,50.635571937,-123.405565102,476.180000000,21,0.128000000,0.127000000,0.295000000
22:55:44,110719,50.635571930,-123.405565052,476.174000000,21,0.128000000,0.127000000,0.295000000
22:55:45,110719,50.635571942,-123.405565087,476.170000000,21,0.128000000,0.127000000,0.295000000
22:55:46,110719,50.635571948,-123.405565118,476.161000000,21,0.128000000,0.127000000,0.295000000
22:55:47,110719,50.635571945,-123.405565128,476.160000000,21,0.128000000,0.127000000,0.296000000
22:55:48,110719,50.635571948,-123.405565158,476.158000000,21,0.128000000,0.127000000,0.296000000
22:55:49,110719,50.635571943,-123.405565158,476.156000000,21,0.128000000,0.127000000,0.296000000
22:55:50,110719,50.635571945,-123.405565128,476.155000000,21,0.128000000,0.127000000,0.296000000
22:55:51,110719,50.635571945,-123.405565117,476.153000000,21,0.128000000,0.127000000,0.296000000
22:55:52,110719,50.635571920,-123.405565095,476.148000000,21,0.128000000,0.127000000,0.296000000
22:55:53,110719,50.635571913,-123.405565078,476.149000000,21,0.128000000,0.127000000,0.296000000
22:55:54,110719,50.635571930,-123.405565095,476.151000000,21,0.128000000,0.127000000,0.296000000
22:55:55,110719,50.635571927,-123.405565107,476.149000000,21,0.128000000,0.127000000,0.296000000
22:55:56,110719,50.635571928,-123.405565133,476.145000000,21,0.128000000,0.127000000,0.296000000
22:55:57,110719,50.635571930,-123.405565187,476.143000000,21,0.128000000,0.127000000,0.296000000
22:55:58,110719,50.635571928,-123.405565225,476.145000000,21,0.128000000,0.127000000,0.296000000
22:55:59,110719,50.635571917,-123.405565265,476.143000000,21,0.128000000,0.127000000,0.296000000
22:56:00,110719,50.635571898,-123.405565288,476.145000000,21,0.128000000,0.127000000,0.296000000
22:56:01,110719,50.635571853,-123.405565283,476.143000000,21,0.128000000,0.127000000,0.296000000
22:56:02,110719,50.635571822,-123.405565273,476.137000000,21,0.128000000,0.127000000,0.296000000
22:56:03,110719,50.635571770,-123.405565270,476.130000000,21,0.128000000,0.127000000,0.296000000
22:56:04,110719,50.635571718,-123.405565275,476.124000000,21,0.128000000,0.127000000,0.296000000
22:56:05,110719,50.635571653,-123.405565297,476.110000000,21,0.128000000,0.126000000,0.296000000
22:56:06,110719,50.635571607,-123.405565292,476.102000000,21,0.128000000,0.126000000,0.296000000
22:56:07,110719,50.635571553,-123.405565243,476.093000000,21,0.128000000,0.126000000,0.296000000
22:56:08,110719,50.635571505,-123.405565240,476.081000000,21,0.128000000,0.126000000,0.296000000
22:56:09,110719,50.635571447,-123.405565228,476.067000000,21,0.128000000,0.126000000,0.296000000
22:56:10,110719,50.635571415,-123.405565208,476.057000000,21,0.128000000,0.126000000,0.296000000
22:56:11,110719,50.635571368,-123.405565187,476.044000000,21,0.128000000,0.126000000,0.296000000
22:56:12,110719,50.635571278,-123.405565157,476.027000000,21,0.128000000,0.126000000,0.296000000
22:56:13,110719,50.635571195,-123.405565130,476.007000000,21,0.128000000,0.126000000,0.296000000
22:56:14,110719,50.635571095,-123.405565088,475.987000000,21,0.128000000,0.126000000,0.296000000
22:56:15,110719,50.635571008,-123.405565065,475.975000000,21,0.128000000,0.126000000,0.296000000
22:56:16,110719,50.635570958,-123.405565035,475.966000000,21,0.128000000,0.126000000,0.296000000
22:56:17,110719,50.635570880,-123.405565025,475.955000000,21,0.128000000,0.126000000,0.296000000
22:56:18,110719,50.635570812,-123.405564990,475.944000000,21,0.128000000,0.126000000,0.296000000
22:56:19,110719,50.635570725,-123.405564975,475.935000000,21,0.128000000,0.126000000,0.296000000
22:56:20,110719,50.635570665,-123.405564943,475.928000000,21,0.128000000,0.126000000,0.296000000
22:56:21,110719,50.635570597,-123.405564930,475.925000000,21,0.128000000,0.126000000,0.296000000
22:56:22,110719,50.635570527,-123.405564925,475.915000000,21,0.128000000,0.126000000,0.296000000
22:56:23,110719,50.635570473,-123.405564943,475.911000000,21,0.128000000,0.126000000,0.296000000
22:56:24,110719,50.635570450,-123.405564910,475.906000000,21,0.128000000,0.126000000,0.296000000
22:56:25,110719,50.635570387,-123.405564927,475.900000000,21,0.128000000,0.126000000,0.296000000
22:56:26,110719,50.635570357,-123.405564953,475.899000000,21,0.128000000,0.126000000,0.296000000
22:56:27,110719,50.635570325,-123.405564962,475.901000000,21,0.128000000,0.126000000,0.296000000
22:56:28,110719,50.635570295,-123.405564962,475.898000000,21,0.128000000,0.126000000,0.296000000
22:56:29,110719,50.635570283,-123.405564945,475.898000000,21,0.128000000,0.126000000,0.296000000
22:56:30,110719,50.635570297,-123.405564952,475.896000000,21,0.128000000,0.126000000,0.296000000
22:56:31,110719,50.635570288,-123.405564955,475.897000000,20,0.133000000,0.140000000,0.316000000
22:56:32,110719,50.635570258,-123.405565008,475.896000000,20,0.133000000,0.140000000,0.316000000
22:56:33,110719,50.635570262,-123.405565045,475.894000000,20,0.133000000,0.140000000,0.316000000
22:56:34,110719,50.635570260,-123.405565108,475.896000000,20,0.133000000,0.140000000,0.316000000
22:56:35,110719,50.635570257,-123.405565167,475.898000000,20,0.133000000,0.140000000,0.316000000
22:56:36,110719,50.635570252,-123.405565185,475.905000000,20,0.133000000,0.140000000,0.316000000
22:56:37,110719,50.635570240,-123.405565183,475.908000000,20,0.133000000,0.140000000,0.316000000
22:56:38,110719,50.635570207,-123.405565198,475.911000000,20,0.133000000,0.140000000,0.316000000
22:56:39,110719,50.635570145,-123.405565207,475.914000000,19,0.139000000,0.140000000,0.331000000
22:56:40,110719,50.635570132,-123.405565197,475.917000000,19,0.139000000,0.140000000,0.331000000
22:56:41,110719,50.635570138,-123.405565215,475.921000000,19,0.139000000,0.140000000,0.331000000
22:56:42,110719,50.635570163,-123.405565227,475.923000000,20,0.135000000,0.126000000,0.311000000
22:56:43,110719,50.635570157,-123.405565240,475.930000000,20,0.135000000,0.126000000,0.311000000
22:56:44,110719,50.635570138,-123.405565255,475.932000000,20,0.135000000,0.126000000,0.311000000
22:56:45,110719,50.635570165,-123.405565297,475.938000000,19,0.139000000,0.140000000,0.331000000
22:56:46,110719,50.635570153,-123.405565332,475.940000000,19,0.139000000,0.140000000,0.331000000
22:56:47,110719,50.635570127,-123.405565387,475.941000000,19,0.139000000,0.140000000,0.331000000
22:56:48,110719,50.635570063,-123.405565395,475.947000000,19,0.139000000,0.140000000,0.331000000
22:56:49,110719,50.635570063,-123.405565348,475.949000000,19,0.139000000,0.140000000,0.331000000
22:56:50,110719,50.635570058,-123.405565312,475.953000000,19,0.139000000,0.140000000,0.331000000
22:56:51,110719,50.635570057,-123.405565285,475.956000000,19,0.139000000,0.140000000,0.331000000
22:56:52,110719,50.635570087,-123.405565240,475.962000000,19,0.139000000,0.140000000,0.331000000
22:56:53,110719,50.635570123,-123.405565162,475.961000000,19,0.139000000,0.140000000,0.331000000
22:56:54,110719,50.635570132,-123.405565155,475.963000000,19,0.139000000,0.140000000,0.331000000
22:56:55,110719,50.635570177,-123.405565133,475.966000000,19,0.139000000,0.140000000,0.331000000
22:56:56,110719,50.635570238,-123.405565155,475.973000000,19,0.139000000,0.140000000,0.331000000
22:56:57,110719,50.635570288,-123.405565188,475.977000000,19,0.139000000,0.140000000,0.331000000
22:56:58,110719,50.635570343,-123.405565253,475.988000000,19,0.139000000,0.140000000,0.331000000
22:56:59,110719,50.635570418,-123.405565300,475.995000000,19,0.139000000,0.140000000,0.331000000
22:57:00,110719,50.635570465,-123.405565373,476.003000000,19,0.139000000,0.140000000,0.331000000
22:57:01,110719,50.635570527,-123.405565420,476.008000000,19,0.139000000,0.140000000,0.331000000
22:57:02,110719,50.635570575,-123.405565463,476.019000000,19,0.139000000,0.140000000,0.331000000
22:57:03,110719,50.635570620,-123.405565510,476.028000000,19,0.139000000,0.140000000,0.331000000
22:57:04,110719,50.635570687,-123.405565532,476.037000000,19,0.139000000,0.140000000,0.331000000
22:57:05,110719,50.635570767,-123.405565555,476.044000000,19,0.139000000,0.140000000,0.331000000
22:57:06,110719,50.635570830,-123.405565590,476.053000000,19,0.139000000,0.140000000,0.331000000
22:57:07,110719,50.635570903,-123.405565603,476.061000000,19,0.139000000,0.140000000,0.331000000
22:57:08,110719,50.635570955,-123.405565588,476.065000000,19,0.139000000,0.140000000,0.331000000
22:57:09,110719,50.635571008,-123.405565598,476.070000000,19,0.139000000,0.140000000,0.331000000
22:57:10,110719,50.635571048,-123.405565565,476.076000000,19,0.139000000,0.140000000,0.331000000
22:57:11,110719,50.635571113,-123.405565515,476.078000000,19,0.139000000,0.140000000,0.331000000
22:57:12,110719,50.635571167,-123.405565473,476.082000000,19,0.139000000,0.140000000,0.331000000
22:57:13,110719,50.635571232,-123.405565480,476.089000000,19,0.139000000,0.140000000,0.331000000
22:57:14,110719,50.635571268,-123.405565503,476.094000000,19,0.139000000,0.140000000,0.331000000
22:57:15,110719,50.635571292,-123.405565510,476.101000000,19,0.139000000,0.140000000,0.331000000
22:57:16,110719,50.635571320,-123.405565515,476.108000000,19,0.139000000,0.140000000,0.331000000
22:57:17,110719,50.635571355,-123.405565552,476.108000000,19,0.139000000,0.140000000,0.331000000
22:57:18,110719,50.635571380,-123.405565612,476.109000000,19,0.139000000,0.139000000,0.331000000
22:57:19,110719,50.635571418,-123.405565633,476.110000000,19,0.139000000,0.139000000,0.331000000
22:57:20,110719,50.635571448,-123.405565648,476.110000000,19,0.139000000,0.139000000,0.331000000
22:57:21,110719,50.635571472,-123.405565652,476.109000000,20,0.133000000,0.139000000,0.316000000
22:57:22,110719,50.635571492,-123.405565713,476.115000000,20,0.133000000,0.139000000,0.316000000
22:57:23,110719,50.635571510,-123.405565760,476.117000000,20,0.133000000,0.139000000,0.316000000
22:57:24,110719,50.635571537,-123.405565772,476.113000000,20,0.172000000,0.180000000,0.408000000
22:57:25,110719,50.635571535,-123.405565775,476.113000000,20,0.172000000,0.180000000,0.408000000
22:57:26,110719,50.635571537,-123.405565803,476.116000000,20,0.172000000,0.180000000,0.408000000
22:57:27,110719,50.635571530,-123.405565785,476.112000000,20,0.144000000,0.151000000,0.342000000
22:57:28,110719,50.635571527,-123.405565788,476.112000000,20,0.144000000,0.151000000,0.342000000
22:57:29,110719,50.635571513,-123.405565817,476.120000000,20,0.133000000,0.139000000,0.316000000
22:57:30,110719,50.635571545,-123.405565867,476.124000000,20,0.133000000,0.139000000,0.316000000
22:57:31,110719,50.635571562,-123.405565908,476.132000000,20,0.133000000,0.139000000,0.316000000
22:57:32,110719,50.635571562,-123.405565953,476.138000000,20,0.133000000,0.139000000,0.316000000
22:57:33,110719,50.635571573,-123.405565945,476.140000000,21,0.128000000,0.126000000,0.296000000
22:57:34,110719,50.635571560,-123.405565912,476.140000000,21,0.128000000,0.126000000,0.296000000
22:57:35,110719,50.635571563,-123.405565845,476.136000000,21,0.128000000,0.126000000,0.296000000
22:57:36,110719,50.635571552,-123.405565840,476.139000000,21,0.128000000,0.126000000,0.296000000
22:57:37,110719,50.635571548,-123.405565828,476.143000000,21,0.128000000,0.126000000,0.296000000
22:57:38,110719,50.635571558,-123.405565845,476.144000000,20,0.133000000,0.139000000,0.316000000
22:57:39,110719,50.635571553,-123.405565828,476.147000000,21,0.128000000,0.126000000,0.296000000
22:57:40,110719,50.635571548,-123.405565828,476.147000000,21,0.128000000,0.126000000,0.296000000
22:57:41,110719,50.635571552,-123.405565842,476.144000000,20,0.133000000,0.139000000,0.316000000
22:57:42,110719,50.635571540,-123.405565857,476.141000000,21,0.128000000,0.126000000,0.296000000
22:57:43,110719,50.635571540,-123.405565887,476.138000000,21,0.128000000,0.126000000,0.296000000
22:57:44,110719,50.635571543,-123.405565898,476.135000000,20,0.133000000,0.139000000,0.316000000
22:57:45,110719,50.635571552,-123.405565923,476.136000000,21,0.128000000,0.126000000,0.296000000
22:57:46,110719,50.635571555,-123.405565932,476.132000000,21,0.128000000,0.126000000,0.296000000
22:57:47,110719,50.635571572,-123.405565960,476.125000000,21,0.128000000,0.126000000,0.296000000
22:57:48,110719,50.635571573,-123.405566032,476.123000000,21,0.128000000,0.126000000,0.296000000
22:57:49,110719,50.635571572,-123.405566095,476.122000000,21,0.128000000,0.126000000,0.296000000
22:57:50,110719,50.635571575,-123.405566108,476.121000000,21,0.128000000,0.126000000,0.296000000
22:57:51,110719,50.635571575,-123.405566097,476.122000000,21,0.128000000,0.126000000,0.296000000
22:57:52,110719,50.635571602,-123.405566008,476.120000000,21,0.128000000,0.126000000,0.296000000
22:57:53,110719,50.635571620,-123.405565935,476.125000000,21,0.128000000,0.126000000,0.296000000
22:57:54,110719,50.635571637,-123.405565852,476.129000000,21,0.128000000,0.126000000,0.296000000
22:57:55,110719,50.635571647,-123.405565780,476.137000000,21,0.128000000,0.126000000,0.296000000
22:57:56,110719,50.635571653,-123.405565687,476.140000000,21,0.128000000,0.126000000,0.296000000
22:57:57,110719,50.635571648,-123.405565602,476.142000000,21,0.128000000,0.126000000,0.296000000
22:57:58,110719,50.635571647,-123.405565515,476.140000000,21,0.128000000,0.126000000,0.296000000
22:57:59,110719,50.635571650,-123.405565473,476.137000000,21,0.128000000,0.126000000,0.296000000
22:58:00,110719,50.635571673,-123.405565488,476.137000000,21,0.128000000,0.126000000,0.296000000
22:58:01,110719,50.635571693,-123.405565518,476.140000000,21,0.128000000,0.126000000,0.296000000
22:58:02,110719,50.635571722,-123.405565522,476.139000000,21,0.128000000,0.126000000,0.296000000
22:58:03,110719,50.635571758,-123.405565522,476.136000000,20,0.133000000,0.139000000,0.316000000
22:58:04,110719,50.635571768,-123.405565522,476.127000000,20,0.133000000,0.139000000,0.316000000
22:58:05,110719,50.635571772,-123.405565540,476.126000000,20,0.133000000,0.139000000,0.316000000
22:58:06,110719,50.635571782,-123.405565613,476.128000000,20,0.133000000,0.139000000,0.316000000
22:58:07,110719,50.635571800,-123.405565638,476.129000000,20,0.133000000,0.139000000,0.316000000
22:58:08,110719,50.635571808,-123.405565623,476.131000000,20,0.133000000,0.139000000,0.316000000
22:58:09,110719,50.635571812,-123.405565608,476.127000000,20,0.133000000,0.139000000,0.316000000
22:58:10,110719,50.635571813,-123.405565567,476.126000000,21,0.133000000,0.139000000,0.316000000
22:58:11,110719,50.635571825,-123.405565545,476.127000000,21,0.128000000,0.126000000,0.296000000
22:58:12,110719,50.635571830,-123.405565545,476.132000000,21,0.128000000,0.126000000,0.296000000
22:58:13,110719,50.635571828,-123.405565557,476.130000000,21,0.128000000,0.126000000,0.296000000
22:58:14,110719,50.635571842,-123.405565592,476.133000000,21,0.128000000,0.126000000,0.296000000
22:58:15,110719,50.635571840,-123.405565643,476.139000000,21,0.128000000,0.126000000,0.296000000
22:58:16,110719,50.635571847,-123.405565673,476.136000000,21,0.128000000,0.126000000,0.296000000
22:58:17,110719,50.635571863,-123.405565652,476.129000000,21,0.128000000,0.126000000,0.296000000
22:58:18,110719,50.635571883,-123.405565640,476.123000000,21,0.128000000,0.126000000,0.296000000
22:58:19,110719,50.635571912,-123.405565630,476.119000000,20,0.133000000,0.139000000,0.316000000
22:58:20,110719,50.635571945,-123.405565655,476.115000000,21,0.128000000,0.126000000,0.296000000
22:58:21,110719,50.635571972,-123.405565680,476.112000000,21,0.128000000,0.126000000,0.296000000
22:58:22,110719,50.635571998,-123.405565718,476.114000000,20,0.133000000,0.139000000,0.316000000
22:58:23,110719,50.635572028,-123.405565720,476.115000000,21,0.128000000,0.126000000,0.297000000
22:58:24,110719,50.635572080,-123.405565795,476.127000000,20,0.133000000,0.139000000,0.316000000
22:58:25,110719,50.635572122,-123.405565825,476.131000000,20,0.133000000,0.139000000,0.316000000
22:58:26,110719,50.635572147,-123.405565835,476.136000000,20,0.133000000,0.139000000,0.316000000
22:58:27,110719,50.635572178,-123.405565822,476.134000000,20,0.133000000,0.139000000,0.316000000
22:58:28,110719,50.635572203,-123.405565845,476.133000000,20,0.133000000,0.139000000,0.316000000
22:58:29,110719,50.635572212,-123.405565880,476.133000000,20,0.133000000,0.139000000,0.316000000
22:58:30,110719,50.635572238,-123.405565920,476.136000000,20,0.133000000,0.139000000,0.316000000
22:58:31,110719,50.635572270,-123.405565943,476.135000000,20,0.133000000,0.139000000,0.316000000
22:58:32,110719,50.635572308,-123.405565957,476.129000000,20,0.133000000,0.139000000,0.316000000
22:58:33,110719,50.635572318,-123.405565990,476.123000000,20,0.134000000,0.139000000,0.316000000
22:58:34,110719,50.635572332,-123.405565997,476.119000000,20,0.134000000,0.139000000,0.316000000
22:58:35,110719,50.635572362,-123.405565988,476.114000000,21,0.128000000,0.126000000,0.297000000
22:58:36,110719,50.635572393,-123.405565963,476.108000000,20,0.134000000,0.142000000,0.306000000
22:58:37,110719,50.635572432,-123.405565978,476.102000000,20,0.134000000,0.142000000,0.306000000
22:58:38,110719,50.635572435,-123.405565990,476.101000000,20,0.134000000,0.142000000,0.306000000
22:58:39,110719,50.635572472,-123.405565990,476.097000000,19,0.137000000,0.162000000,0.333000000
22:58:40,110719,50.635572500,-123.405565955,476.098000000,20,0.134000000,0.142000000,0.306000000
22:58:41,110719,50.635572538,-123.405566098,476.084000000,19,0.135000000,0.148000000,0.310000000
22:58:42,110719,50.635572627,-123.405566320,476.083000000,18,0.137000000,0.171000000,0.334000000
22:58:43,110719,50.635572640,-123.405566593,476.080000000,19,0.135000000,0.148000000,0.310000000
22:58:44,110719,50.635572638,-123.405566790,476.080000000,18,0.137000000,0.171000000,0.334000000
22:58:45,110719,50.635572683,-123.405567027,476.086000000,18,0.137000000,0.171000000,0.334000000
22:58:46,110719,50.635572767,-123.405567215,476.089000000,18,0.137000000,0.171000000,0.334000000
22:58:47,110719,50.635572807,-123.405567372,476.098000000,18,0.137000000,0.171000000,0.334000000
22:58:48,110719,50.635572825,-123.405567492,476.100000000,18,0.137000000,0.171000000,0.334000000
22:58:49,110719,50.635572828,-123.405567572,476.099000000,18,0.137000000,0.171000000,0.334000000
22:58:50,110719,50.635572852,-123.405567640,476.097000000,18,0.137000000,0.171000000,0.334000000
22:58:51,110719,50.635572880,-123.405567705,476.097000000,18,0.137000000,0.171000000,0.334000000
22:58:52,110719,50.635572907,-123.405567762,476.092000000,18,0.137000000,0.171000000,0.334000000
22:58:53,110719,50.635572875,-123.405567775,476.084000000,18,0.137000000,0.171000000,0.334000000
22:58:54,110719,50.635572845,-123.405567742,476.072000000,18,0.137000000,0.171000000,0.334000000
22:58:55,110719,50.635572877,-123.405567735,476.063000000,18,0.137000000,0.171000000,0.334000000
22:58:56,110719,50.635572917,-123.405567743,476.062000000,18,0.137000000,0.171000000,0.334000000
22:58:57,110719,50.635572930,-123.405567777,476.058000000,18,0.137000000,0.171000000,0.334000000
22:58:58,110719,50.635572958,-123.405567832,476.061000000,18,0.137000000,0.171000000,0.334000000
22:58:59,110719,50.635573002,-123.405567863,476.060000000,18,0.137000000,0.171000000,0.335000000
22:59:00,110719,50.635573045,-123.405567860,476.060000000,18,0.137000000,0.171000000,0.335000000
22:59:01,110719,50.635573095,-123.405567810,476.052000000,18,0.137000000,0.171000000,0.335000000
22:59:02,110719,50.635573152,-123.405567795,476.054000000,18,0.137000000,0.171000000,0.335000000
22:59:03,110719,50.635573198,-123.405567777,476.053000000,17,0.139000000,0.179000000,0.337000000
22:59:04,110719,50.635573257,-123.405567780,476.057000000,17,0.139000000,0.179000000,0.337000000
22:59:05,110719,50.635573330,-123.405567763,476.059000000,17,0.140000000,0.179000000,0.337000000
22:59:06,110719,50.635573338,-123.405567740,476.056000000,17,0.140000000,0.179000000,0.337000000
22:59:07,110719,50.635573373,-123.405567708,476.054000000,17,0.140000000,0.179000000,0.337000000
22:59:08,110719,50.635573403,-123.405567697,476.054000000,17,0.140000000,0.179000000,0.337000000
22:59:09,110719,50.635573450,-123.405567657,476.055000000,17,0.140000000,0.179000000,0.337000000
22:59:10,110719,50.635573472,-123.405567635,476.051000000,17,0.140000000,0.179000000,0.337000000
22:59:11,110719,50.635573533,-123.405567608,476.048000000,17,0.140000000,0.179000000,0.337000000
