TIME,DATE(ddMMyy),LATITUDEGGA,LONGITUDEGGA,ALTITUDEGGA,NUMBERSAT,LATERR,LONGERR,ALTERR
18:52:53,270819,50.580352610,-123.422903455,1720.138000000,16,0.194000000,0.119000000,0.396000000
18:52:54,270819,50.580352555,-123.422903443,1720.137000000,16,0.194000000,0.119000000,0.396000000
18:52:55,270819,50.580352633,-123.422903503,1720.144000000,16,0.194000000,0.119000000,0.396000000
18:52:56,270819,50.580352650,-123.422903522,1720.145000000,16,0.194000000,0.119000000,0.396000000
18:52:57,270819,50.580352657,-123.422903517,1720.152000000,16,0.194000000,0.119000000,0.396000000
18:52:58,270819,50.580352600,-123.422903542,1720.145000000,16,0.194000000,0.119000000,0.396000000
18:52:59,270819,50.580352597,-123.422903562,1720.145000000,16,0.194000000,0.119000000,0.396000000
18:53:00,270819,50.580352545,-123.422903585,1720.136000000,16,0.194000000,0.119000000,0.396000000
18:53:01,270819,50.580352503,-123.422903587,1720.131000000,16,0.194000000,0.119000000,0.396000000
18:53:02,270819,50.580352402,-123.422903578,1720.123000000,16,0.194000000,0.119000000,0.396000000
18:53:03,270819,50.580352423,-123.422903565,1720.121000000,16,0.194000000,0.119000000,0.396000000
18:53:04,270819,50.580352390,-123.422903558,1720.117000000,16,0.194000000,0.119000000,0.396000000
18:53:05,270819,50.580352453,-123.422903557,1720.123000000,16,0.194000000,0.119000000,0.396000000
18:53:06,270819,50.580352503,-123.422903563,1720.124000000,16,0.194000000,0.119000000,0.396000000
18:53:07,270819,50.580352530,-123.422903570,1720.125000000,16,0.194000000,0.119000000,0.396000000
18:53:08,270819,50.580352510,-123.422903597,1720.124000000,16,0.194000000,0.119000000,0.396000000
18:53:09,270819,50.580352510,-123.422903592,1720.124000000,16,0.194000000,0.119000000,0.396000000
18:53:10,270819,50.580352485,-123.422903627,1720.120000000,15,0.216000000,0.123000000,0.401000000
18:53:11,270819,50.580352453,-123.422903683,1720.115000000,15,0.216000000,0.123000000,0.401000000
18:53:12,270819,50.580352392,-123.422903722,1720.101000000,14,0.236000000,0.129000000,0.409000000
18:53:13,270819,50.580352340,-123.422903733,1720.094000000,14,0.236000000,0.129000000,0.409000000
18:53:14,270819,50.580352248,-123.422903737,1720.081000000,14,0.236000000,0.129000000,0.409000000
18:53:15,270819,50.580352218,-123.422903742,1720.077000000,14,0.236000000,0.129000000,0.409000000
18:53:16,270819,50.580352225,-123.422903733,1720.074000000,14,0.236000000,0.129000000,0.409000000
18:53:17,270819,50.580352215,-123.422903730,1720.073000000,15,0.236000000,0.129000000,0.409000000
18:53:18,270819,50.580352213,-123.422903733,1720.072000000,15,0.207000000,0.127000000,0.401000000
18:53:19,270819,50.580352310,-123.422903757,1720.076000000,15,0.207000000,0.127000000,0.401000000
18:53:20,270819,50.580352310,-123.422903783,1720.070000000,14,0.236000000,0.129000000,0.409000000
18:53:21,270819,50.580352290,-123.422903783,1720.067000000,14,0.236000000,0.129000000,0.409000000
18:53:22,270819,50.580352290,-123.422903802,1720.065000000,15,0.189000000,0.128000000,0.403000000
18:53:23,270819,50.580352393,-123.422903775,1720.070000000,15,0.189000000,0.128000000,0.403000000
18:53:24,270819,50.580352360,-123.422903802,1720.069000000,15,0.189000000,0.128000000,0.403000000
18:53:25,270819,50.580352357,-123.422903803,1720.069000000,15,0.189000000,0.128000000,0.403000000
18:53:26,270819,50.580352413,-123.422903803,1720.070000000,15,0.189000000,0.128000000,0.403000000
18:53:27,270819,50.580352472,-123.422903785,1720.076000000,16,0.176000000,0.125000000,0.398000000
18:53:28,270819,50.580352595,-123.422903788,1720.087000000,16,0.176000000,0.125000000,0.398000000
18:53:29,270819,50.580352463,-123.422903683,1720.079000000,17,0.171000000,0.118000000,0.394000000
18:53:30,270819,50.580352198,-123.422903560,1720.067000000,16,0.171000000,0.118000000,0.394000000
18:53:31,270819,50.580352058,-123.422903530,1720.058000000,16,0.380000000,0.256000000,0.830000000
18:53:32,270819,50.580351800,-123.422903467,1720.044000000,16,0.380000000,0.256000000,0.830000000
18:53:33,270819,50.580351720,-123.422903472,1720.047000000,16,0.380000000,0.256000000,0.830000000
18:53:34,270819,50.580351778,-123.422903512,1720.047000000,16,0.264000000,0.178000000,0.576000000
18:53:35,270819,50.580351817,-123.422903547,1720.051000000,16,0.264000000,0.178000000,0.576000000
18:53:36,270819,50.580351830,-123.422903567,1720.062000000,16,0.264000000,0.178000000,0.576000000
18:53:37,270819,50.580351873,-123.422903557,1720.068000000,16,0.185000000,0.125000000,0.404000000
18:53:38,270819,50.580351835,-123.422903518,1720.070000000,16,0.185000000,0.125000000,0.404000000
18:53:39,270819,50.580351817,-123.422903492,1720.066000000,16,0.185000000,0.125000000,0.404000000
18:53:40,270819,50.580351827,-123.422903478,1720.071000000,16,0.182000000,0.123000000,0.398000000
18:53:41,270819,50.580351820,-123.422903475,1720.070000000,16,0.182000000,0.123000000,0.398000000
18:53:42,270819,50.580351835,-123.422903487,1720.067000000,17,0.171000000,0.118000000,0.394000000
18:53:43,270819,50.580351868,-123.422903498,1720.069000000,17,0.171000000,0.118000000,0.394000000
18:53:44,270819,50.580351933,-123.422903512,1720.074000000,17,0.171000000,0.118000000,0.394000000
18:53:45,270819,50.580352003,-123.422903508,1720.079000000,17,0.171000000,0.118000000,0.394000000
18:53:46,270819,50.580352057,-123.422903528,1720.077000000,17,0.171000000,0.118000000,0.394000000
18:53:47,270819,50.580352062,-123.422903522,1720.077000000,17,0.171000000,0.118000000,0.394000000
18:53:48,270819,50.580352122,-123.422903542,1720.081000000,17,0.171000000,0.118000000,0.394000000
18:53:49,270819,50.580352193,-123.422903583,1720.089000000,17,0.171000000,0.118000000,0.394000000
18:53:50,270819,50.580352310,-123.422903628,1720.100000000,17,0.171000000,0.118000000,0.394000000
18:53:51,270819,50.580352415,-123.422903660,1720.106000000,17,0.171000000,0.118000000,0.394000000
18:53:52,270819,50.580352572,-123.422903683,1720.111000000,17,0.171000000,0.118000000,0.394000000
18:53:53,270819,50.580352645,-123.422903678,1720.115000000,17,0.171000000,0.118000000,0.394000000
18:53:54,270819,50.580352647,-123.422903648,1720.115000000,17,0.171000000,0.118000000,0.394000000
18:53:55,270819,50.580352697,-123.422903628,1720.118000000,17,0.171000000,0.118000000,0.394000000
18:53:56,270819,50.580352677,-123.422903615,1720.113000000,17,0.171000000,0.118000000,0.394000000
18:53:57,270819,50.580352732,-123.422903627,1720.118000000,17,0.171000000,0.118000000,0.394000000
18:53:58,270819,50.580352783,-123.422903638,1720.119000000,17,0.171000000,0.118000000,0.394000000
18:53:59,270819,50.580352785,-123.422903663,1720.118000000,17,0.171000000,0.118000000,0.394000000
18:54:00,270819,50.580352817,-123.422903675,1720.118000000,17,0.171000000,0.118000000,0.394000000
18:54:01,270819,50.580352798,-123.422903678,1720.117000000,17,0.171000000,0.118000000,0.394000000
18:54:02,270819,50.580352790,-123.422903665,1720.115000000,17,0.171000000,0.118000000,0.394000000
18:54:03,270819,50.580352745,-123.422903632,1720.113000000,17,0.171000000,0.118000000,0.394000000
18:54:04,270819,50.580352752,-123.422903615,1720.110000000,17,0.171000000,0.118000000,0.394000000
18:54:05,270819,50.580352730,-123.422903623,1720.104000000,18,0.161000000,0.116000000,0.394000000
18:54:06,270819,50.580352740,-123.422903657,1720.105000000,18,0.161000000,0.116000000,0.394000000
18:54:07,270819,50.580352782,-123.422903660,1720.107000000,17,0.171000000,0.118000000,0.394000000
18:54:08,270819,50.580352793,-123.422903657,1720.109000000,18,0.161000000,0.116000000,0.394000000
18:54:09,270819,50.580352758,-123.422903665,1720.112000000,18,0.161000000,0.116000000,0.394000000
18:54:10,270819,50.580352815,-123.422903660,1720.126000000,18,0.161000000,0.116000000,0.394000000
18:54:11,270819,50.580353095,-123.422903677,1720.146000000,17,0.171000000,0.118000000,0.394000000
18:54:12,270819,50.580353398,-123.422903720,1720.162000000,16,0.195000000,0.119000000,0.394000000
18:54:13,270819,50.580353762,-123.422903745,1720.189000000,16,0.195000000,0.119000000,0.394000000
18:54:14,270819,50.580354085,-123.422903777,1720.216000000,16,0.195000000,0.119000000,0.394000000
18:54:15,270819,50.580354117,-123.422903815,1720.224000000,16,0.195000000,0.119000000,0.394000000
18:54:16,270819,50.580354193,-123.422903817,1720.230000000,16,0.195000000,0.119000000,0.394000000
18:54:17,270819,50.580354223,-123.422903795,1720.238000000,15,0.240000000,0.162000000,0.509000000
18:54:18,270819,50.580354213,-123.422903772,1720.246000000,15,0.240000000,0.162000000,0.509000000
18:54:19,270819,50.580354125,-123.422903757,1720.249000000,15,0.240000000,0.162000000,0.509000000
18:54:20,270819,50.580354040,-123.422903752,1720.243000000,15,0.189000000,0.128000000,0.402000000
18:54:21,270819,50.580353982,-123.422903725,1720.244000000,15,0.189000000,0.128000000,0.402000000
18:54:22,270819,50.580354018,-123.422903692,1720.246000000,15,0.207000000,0.127000000,0.399000000
18:54:23,270819,50.580353918,-123.422903700,1720.234000000,15,0.207000000,0.127000000,0.399000000
18:54:24,270819,50.580353817,-123.422903673,1720.230000000,15,0.207000000,0.127000000,0.399000000
18:54:25,270819,50.580353790,-123.422903665,1720.230000000,15,0.207000000,0.127000000,0.399000000
18:54:26,270819,50.580353857,-123.422903665,1720.232000000,15,0.207000000,0.127000000,0.399000000
18:54:27,270819,50.580353897,-123.422903672,1720.235000000,15,0.207000000,0.127000000,0.399000000
18:54:28,270819,50.580353987,-123.422903658,1720.240000000,15,0.207000000,0.127000000,0.399000000
18:54:29,270819,50.580354033,-123.422903635,1720.241000000,16,0.195000000,0.119000000,0.394000000
18:54:30,270819,50.580354058,-123.422903610,1720.248000000,16,0.195000000,0.119000000,0.394000000
18:54:31,270819,50.580354092,-123.422903595,1720.258000000,16,0.195000000,0.119000000,0.394000000
18:54:32,270819,50.580354150,-123.422903623,1720.256000000,16,0.195000000,0.119000000,0.394000000
18:54:33,270819,50.580355477,-123.422903648,1720.354000000,16,0.195000000,0.119000000,0.394000000
18:54:34,270819,50.580356720,-123.422903757,1720.450000000,16,0.195000000,0.119000000,0.394000000
18:54:35,270819,50.580356932,-123.422903735,1720.465000000,16,0.195000000,0.119000000,0.394000000
18:54:36,270819,50.580357293,-123.422903730,1720.500000000,16,0.195000000,0.119000000,0.394000000
18:54:37,270819,50.580357532,-123.422903753,1720.522000000,16,0.195000000,0.119000000,0.394000000
18:54:38,270819,50.580357613,-123.422903778,1720.536000000,16,0.195000000,0.119000000,0.394000000
18:54:39,270819,50.580357733,-123.422903772,1720.547000000,16,0.195000000,0.119000000,0.394000000
18:54:40,270819,50.580357608,-123.422903792,1720.543000000,16,0.195000000,0.119000000,0.394000000
18:54:41,270819,50.580357552,-123.422903838,1720.551000000,16,0.195000000,0.119000000,0.394000000
18:54:42,270819,50.580357532,-123.422903870,1720.565000000,17,0.178000000,0.117000000,0.394000000
18:54:43,270819,50.580357463,-123.422903888,1720.577000000,17,0.178000000,0.117000000,0.394000000
18:54:44,270819,50.580357408,-123.422903897,1720.584000000,17,0.178000000,0.117000000,0.394000000
18:54:45,270819,50.580357323,-123.422903897,1720.586000000,17,0.178000000,0.117000000,0.394000000
18:54:46,270819,50.580357240,-123.422903895,1720.585000000,18,0.161000000,0.116000000,0.393000000
18:54:47,270819,50.580357105,-123.422903943,1720.572000000,18,0.161000000,0.116000000,0.393000000
18:54:48,270819,50.580357008,-123.422903930,1720.566000000,18,0.161000000,0.116000000,0.393000000
18:54:49,270819,50.580356835,-123.422903922,1720.564000000,18,0.161000000,0.116000000,0.393000000
18:54:50,270819,50.580356687,-123.422903890,1720.562000000,18,0.161000000,0.116000000,0.393000000
18:54:51,270819,50.580356607,-123.422903877,1720.564000000,18,0.161000000,0.116000000,0.393000000
18:54:52,270819,50.580356582,-123.422903883,1720.566000000,18,0.161000000,0.116000000,0.393000000
18:54:53,270819,50.580356472,-123.422903875,1720.565000000,18,0.161000000,0.116000000,0.393000000
18:54:54,270819,50.580356468,-123.422903862,1720.566000000,18,0.161000000,0.116000000,0.393000000
18:54:55,270819,50.580356382,-123.422903867,1720.561000000,18,0.161000000,0.116000000,0.393000000
18:54:56,270819,50.580356283,-123.422903862,1720.558000000,18,0.161000000,0.116000000,0.393000000
18:54:57,270819,50.580356303,-123.422903837,1720.556000000,18,0.161000000,0.116000000,0.393000000
18:54:58,270819,50.580356242,-123.422903827,1720.554000000,18,0.161000000,0.116000000,0.393000000
18:54:59,270819,50.580356133,-123.422903808,1720.550000000,18,0.161000000,0.116000000,0.393000000
18:55:00,270819,50.580356060,-123.422903810,1720.542000000,18,0.161000000,0.116000000,0.393000000
18:55:01,270819,50.580356028,-123.422903822,1720.539000000,18,0.161000000,0.116000000,0.393000000
18:55:02,270819,50.580355950,-123.422903840,1720.534000000,18,0.161000000,0.116000000,0.393000000
18:55:03,270819,50.580355910,-123.422903863,1720.533000000,18,0.161000000,0.116000000,0.393000000
18:55:04,270819,50.580355838,-123.422903845,1720.528000000,18,0.161000000,0.116000000,0.393000000
18:55:05,270819,50.580355762,-123.422903838,1720.523000000,18,0.161000000,0.116000000,0.393000000
18:55:06,270819,50.580355667,-123.422903817,1720.511000000,18,0.161000000,0.116000000,0.393000000
18:55:07,270819,50.580355598,-123.422903798,1720.509000000,18,0.166000000,0.120000000,0.404000000
18:55:08,270819,50.580355445,-123.422903747,1720.500000000,18,0.166000000,0.120000000,0.404000000
18:55:09,270819,50.580355337,-123.422903683,1720.491000000,18,0.166000000,0.120000000,0.404000000
18:55:10,270819,50.580355132,-123.422903610,1720.476000000,18,0.229000000,0.164000000,0.555000000
18:55:11,270819,50.580354918,-123.422903518,1720.450000000,18,0.229000000,0.164000000,0.555000000
18:55:12,270819,50.580354768,-123.422903468,1720.437000000,17,0.280000000,0.183000000,0.619000000
18:55:13,270819,50.580354633,-123.422903415,1720.420000000,17,0.280000000,0.183000000,0.619000000
18:55:14,270819,50.580354483,-123.422903392,1720.405000000,17,0.280000000,0.183000000,0.619000000
18:55:15,270819,50.580354352,-123.422903353,1720.391000000,17,0.295000000,0.193000000,0.652000000
18:55:16,270819,50.580354190,-123.422903342,1720.375000000,17,0.295000000,0.193000000,0.652000000
18:55:17,270819,50.580353978,-123.422903293,1720.354000000,17,0.295000000,0.193000000,0.652000000
18:55:18,270819,50.580353875,-123.422903277,1720.339000000,17,0.321000000,0.210000000,0.709000000
18:55:19,270819,50.580353807,-123.422903275,1720.332000000,17,0.321000000,0.210000000,0.709000000
18:55:20,270819,50.580353785,-123.422903257,1720.327000000,17,0.321000000,0.210000000,0.709000000
18:55:21,270819,50.580353765,-123.422903275,1720.329000000,17,0.314000000,0.206000000,0.693000000
18:55:22,270819,50.580353803,-123.422903312,1720.334000000,17,0.314000000,0.206000000,0.693000000
18:55:23,270819,50.580353837,-123.422903363,1720.323000000,17,0.314000000,0.206000000,0.693000000
18:55:24,270819,50.580353697,-123.422903367,1720.312000000,17,0.316000000,0.207000000,0.698000000
18:55:25,270819,50.580353527,-123.422903352,1720.298000000,17,0.316000000,0.207000000,0.698000000
18:55:26,270819,50.580353428,-123.422903328,1720.294000000,17,0.316000000,0.207000000,0.698000000
18:55:27,270819,50.580353325,-123.422903338,1720.281000000,18,0.277000000,0.199000000,0.673000000
18:55:28,270819,50.580353223,-123.422903340,1720.276000000,18,0.277000000,0.199000000,0.673000000
18:55:29,270819,50.580353150,-123.422903348,1720.276000000,18,0.277000000,0.199000000,0.673000000
18:55:30,270819,50.580353105,-123.422903355,1720.269000000,18,0.236000000,0.170000000,0.572000000
18:55:31,270819,50.580353063,-123.422903383,1720.264000000,18,0.236000000,0.170000000,0.572000000
18:55:32,270819,50.580353047,-123.422903433,1720.261000000,18,0.236000000,0.170000000,0.572000000
18:55:33,270819,50.580353087,-123.422903473,1720.264000000,18,0.178000000,0.128000000,0.432000000
18:55:34,270819,50.580353107,-123.422903515,1720.267000000,18,0.178000000,0.128000000,0.432000000
18:55:35,270819,50.580353187,-123.422903532,1720.278000000,18,0.178000000,0.128000000,0.432000000
18:55:36,270819,50.580353157,-123.422903530,1720.283000000,18,0.162000000,0.116000000,0.392000000
18:55:37,270819,50.580353197,-123.422903550,1720.288000000,18,0.162000000,0.116000000,0.392000000
18:55:38,270819,50.580353305,-123.422903597,1720.298000000,18,0.162000000,0.116000000,0.392000000
18:55:39,270819,50.580353415,-123.422903675,1720.307000000,18,0.162000000,0.116000000,0.392000000
18:55:40,270819,50.580353513,-123.422903723,1720.315000000,18,0.162000000,0.116000000,0.392000000
18:55:41,270819,50.580353640,-123.422903773,1720.328000000,18,0.162000000,0.116000000,0.392000000
18:55:42,270819,50.580353753,-123.422903815,1720.344000000,18,0.162000000,0.116000000,0.392000000
18:55:43,270819,50.580353923,-123.422903850,1720.364000000,18,0.162000000,0.116000000,0.392000000
18:55:44,270819,50.580354222,-123.422903873,1720.393000000,18,0.162000000,0.116000000,0.392000000
18:55:45,270819,50.580354388,-123.422903898,1720.412000000,18,0.162000000,0.116000000,0.392000000
18:55:46,270819,50.580354498,-123.422903915,1720.423000000,18,0.162000000,0.116000000,0.392000000
18:55:47,270819,50.580354590,-123.422903928,1720.432000000,18,0.162000000,0.116000000,0.392000000
18:55:48,270819,50.580354665,-123.422903920,1720.441000000,18,0.162000000,0.116000000,0.392000000
18:55:49,270819,50.580354725,-123.422903907,1720.445000000,17,0.171000000,0.118000000,0.392000000
18:55:50,270819,50.580354755,-123.422903905,1720.453000000,17,0.171000000,0.118000000,0.392000000
18:55:51,270819,50.580354777,-123.422903877,1720.456000000,17,0.171000000,0.118000000,0.392000000
18:55:52,270819,50.580354733,-123.422903862,1720.454000000,17,0.171000000,0.118000000,0.392000000
18:55:53,270819,50.580354632,-123.422903800,1720.454000000,16,0.195000000,0.119000000,0.392000000
18:55:54,270819,50.580354688,-123.422903772,1720.455000000,16,0.195000000,0.119000000,0.392000000
18:55:55,270819,50.580354740,-123.422903728,1720.458000000,16,0.195000000,0.119000000,0.392000000
18:55:56,270819,50.580354653,-123.422903693,1720.460000000,16,0.195000000,0.119000000,0.392000000
18:55:57,270819,50.580354657,-123.422903647,1720.460000000,16,0.195000000,0.119000000,0.392000000
18:55:58,270819,50.580354588,-123.422903577,1720.457000000,16,0.195000000,0.119000000,0.392000000
18:55:59,270819,50.580354548,-123.422903540,1720.452000000,16,0.195000000,0.119000000,0.392000000
18:56:00,270819,50.580354525,-123.422903502,1720.451000000,16,0.195000000,0.119000000,0.392000000
18:56:01,270819,50.580354492,-123.422903473,1720.451000000,16,0.195000000,0.119000000,0.392000000
18:56:02,270819,50.580354377,-123.422903433,1720.445000000,16,0.195000000,0.119000000,0.392000000
18:56:03,270819,50.580354285,-123.422903392,1720.434000000,16,0.195000000,0.119000000,0.392000000
18:56:04,270819,50.580354200,-123.422903363,1720.433000000,16,0.195000000,0.119000000,0.392000000
18:56:05,270819,50.580354143,-123.422903323,1720.429000000,16,0.195000000,0.119000000,0.392000000
18:56:06,270819,50.580354032,-123.422903272,1720.425000000,16,0.195000000,0.119000000,0.392000000
18:56:07,270819,50.580353902,-123.422903233,1720.419000000,16,0.195000000,0.119000000,0.392000000
18:56:08,270819,50.580353780,-123.422903188,1720.412000000,16,0.195000000,0.119000000,0.392000000
18:56:09,270819,50.580353712,-123.422903150,1720.413000000,16,0.195000000,0.119000000,0.392000000
18:56:10,270819,50.580353683,-123.422903085,1720.409000000,16,0.195000000,0.119000000,0.392000000
18:56:11,270819,50.580353653,-123.422903068,1720.413000000,16,0.195000000,0.119000000,0.392000000
18:56:12,270819,50.580353665,-123.422903035,1720.410000000,16,0.195000000,0.119000000,0.392000000
18:56:13,270819,50.580353632,-123.422902968,1720.409000000,16,0.195000000,0.119000000,0.392000000
18:56:14,270819,50.580353640,-123.422902943,1720.408000000,16,0.195000000,0.119000000,0.391000000
18:56:15,270819,50.580353733,-123.422902970,1720.409000000,16,0.195000000,0.119000000,0.391000000
18:56:16,270819,50.580353800,-123.422903003,1720.414000000,16,0.195000000,0.119000000,0.391000000
18:56:17,270819,50.580354127,-123.422903017,1720.433000000,16,0.195000000,0.119000000,0.391000000
18:56:18,270819,50.580354320,-123.422903025,1720.445000000,16,0.195000000,0.119000000,0.391000000
18:56:19,270819,50.580354318,-123.422903013,1720.440000000,16,0.195000000,0.119000000,0.391000000
18:56:20,270819,50.580354315,-123.422903037,1720.440000000,16,0.195000000,0.119000000,0.391000000
18:56:21,270819,50.580354272,-123.422903055,1720.430000000,16,0.195000000,0.119000000,0.391000000
18:56:22,270819,50.580354545,-123.422903073,1720.459000000,16,0.195000000,0.119000000,0.391000000
18:56:23,270819,50.580354435,-123.422903063,1720.451000000,16,0.195000000,0.119000000,0.391000000
18:56:24,270819,50.580354332,-123.422902983,1720.447000000,16,0.195000000,0.119000000,0.391000000
18:56:25,270819,50.580354272,-123.422902962,1720.441000000,16,0.195000000,0.119000000,0.391000000
18:56:26,270819,50.580354212,-123.422902917,1720.438000000,16,0.195000000,0.119000000,0.391000000
18:56:27,270819,50.580354157,-123.422902875,1720.429000000,16,0.195000000,0.119000000,0.391000000
18:56:28,270819,50.580354167,-123.422902890,1720.421000000,17,0.172000000,0.118000000,0.391000000
18:56:29,270819,50.580354162,-123.422902880,1720.421000000,17,0.172000000,0.118000000,0.391000000
18:56:30,270819,50.580354147,-123.422902897,1720.417000000,18,0.162000000,0.116000000,0.391000000
18:56:31,270819,50.580354245,-123.422902930,1720.417000000,18,0.162000000,0.116000000,0.391000000
18:56:32,270819,50.580354347,-123.422902953,1720.422000000,18,0.162000000,0.116000000,0.391000000
18:56:33,270819,50.580354503,-123.422902952,1720.433000000,18,0.162000000,0.116000000,0.391000000
18:56:34,270819,50.580354717,-123.422902977,1720.447000000,18,0.162000000,0.116000000,0.391000000
18:56:35,270819,50.580354843,-123.422903007,1720.453000000,18,0.162000000,0.116000000,0.391000000
18:56:36,270819,50.580355012,-123.422903053,1720.460000000,18,0.162000000,0.116000000,0.391000000
18:56:37,270819,50.580355140,-123.422903107,1720.469000000,18,0.162000000,0.116000000,0.391000000
18:56:38,270819,50.580355243,-123.422903152,1720.473000000,18,0.162000000,0.116000000,0.391000000
18:56:39,270819,50.580355362,-123.422903205,1720.480000000,18,0.162000000,0.116000000,0.390000000
18:56:40,270819,50.580355368,-123.422903247,1720.482000000,18,0.162000000,0.116000000,0.390000000
18:56:41,270819,50.580355332,-123.422903303,1720.475000000,18,0.162000000,0.116000000,0.390000000
18:56:42,270819,50.580355257,-123.422903332,1720.462000000,18,0.162000000,0.116000000,0.390000000
18:56:43,270819,50.580355228,-123.422903327,1720.459000000,18,0.162000000,0.116000000,0.390000000
18:56:44,270819,50.580355232,-123.422903323,1720.461000000,18,0.162000000,0.116000000,0.390000000
18:56:45,270819,50.580355283,-123.422903328,1720.465000000,18,0.162000000,0.116000000,0.390000000
18:56:46,270819,50.580355332,-123.422903360,1720.468000000,18,0.162000000,0.116000000,0.390000000
18:56:47,270819,50.580355385,-123.422903395,1720.469000000,18,0.162000000,0.116000000,0.390000000
18:56:48,270819,50.580355487,-123.422903393,1720.479000000,18,0.162000000,0.116000000,0.390000000
18:56:49,270819,50.580355613,-123.422903423,1720.486000000,18,0.162000000,0.116000000,0.390000000
18:56:50,270819,50.580355722,-123.422903438,1720.498000000,18,0.162000000,0.116000000,0.390000000
18:56:51,270819,50.580355852,-123.422903470,1720.503000000,18,0.162000000,0.116000000,0.390000000
18:56:52,270819,50.580355972,-123.422903490,1720.515000000,17,0.172000000,0.118000000,0.390000000
18:56:53,270819,50.580356053,-123.422903472,1720.527000000,17,0.172000000,0.118000000,0.390000000
18:56:54,270819,50.580356092,-123.422903485,1720.526000000,17,0.172000000,0.118000000,0.390000000
18:56:55,270819,50.580356213,-123.422903480,1720.542000000,17,0.172000000,0.118000000,0.390000000
18:56:56,270819,50.580356370,-123.422903482,1720.561000000,17,0.172000000,0.118000000,0.390000000
18:56:57,270819,50.580356522,-123.422903482,1720.581000000,17,0.172000000,0.118000000,0.390000000
18:56:58,270819,50.580356672,-123.422903477,1720.602000000,17,0.172000000,0.118000000,0.390000000
18:56:59,270819,50.580356815,-123.422903480,1720.620000000,17,0.172000000,0.118000000,0.390000000
18:57:00,270819,50.580356902,-123.422903492,1720.629000000,17,0.172000000,0.118000000,0.390000000
18:57:01,270819,50.580357067,-123.422903507,1720.641000000,17,0.172000000,0.118000000,0.390000000
18:57:02,270819,50.580357128,-123.422903507,1720.647000000,17,0.172000000,0.118000000,0.390000000
18:57:03,270819,50.580357223,-123.422903497,1720.658000000,17,0.172000000,0.118000000,0.390000000
18:57:04,270819,50.580357343,-123.422903487,1720.669000000,17,0.172000000,0.118000000,0.390000000
18:57:05,270819,50.580357412,-123.422903503,1720.675000000,17,0.172000000,0.118000000,0.390000000
18:57:06,270819,50.580357347,-123.422903472,1720.668000000,17,0.172000000,0.118000000,0.390000000
18:57:07,270819,50.580357248,-123.422903418,1720.663000000,17,0.172000000,0.118000000,0.390000000
18:57:08,270819,50.580357198,-123.422903393,1720.665000000,17,0.172000000,0.118000000,0.390000000
18:57:09,270819,50.580357190,-123.422903372,1720.670000000,17,0.172000000,0.118000000,0.390000000
18:57:10,270819,50.580357205,-123.422903353,1720.680000000,18,0.182000000,0.125000000,0.412000000
18:57:11,270819,50.580357137,-123.422903358,1720.677000000,18,0.173000000,0.124000000,0.416000000
18:57:12,270819,50.580356972,-123.422903277,1720.666000000,18,0.173000000,0.124000000,0.416000000
18:57:13,270819,50.580356875,-123.422903245,1720.658000000,18,0.173000000,0.124000000,0.416000000
18:57:14,270819,50.580356765,-123.422903208,1720.647000000,18,0.193000000,0.139000000,0.465000000
18:57:15,270819,50.580356708,-123.422903187,1720.640000000,18,0.193000000,0.139000000,0.465000000
18:57:16,270819,50.580356645,-123.422903160,1720.627000000,18,0.193000000,0.139000000,0.465000000
18:57:17,270819,50.580356565,-123.422903138,1720.619000000,18,0.223000000,0.160000000,0.535000000
18:57:18,270819,50.580356465,-123.422903122,1720.608000000,18,0.223000000,0.160000000,0.535000000
18:57:19,270819,50.580356507,-123.422903137,1720.607000000,18,0.223000000,0.160000000,0.535000000
18:57:20,270819,50.580356540,-123.422903152,1720.615000000,18,0.226000000,0.162000000,0.544000000
18:57:21,270819,50.580356582,-123.422903163,1720.612000000,18,0.226000000,0.162000000,0.544000000
18:57:22,270819,50.580356530,-123.422903172,1720.603000000,17,0.238000000,0.164000000,0.539000000
18:57:23,270819,50.580356480,-123.422903130,1720.597000000,17,0.238000000,0.164000000,0.539000000
18:57:24,270819,50.580356467,-123.422903062,1720.599000000,17,0.238000000,0.164000000,0.539000000
18:57:25,270819,50.580356602,-123.422903048,1720.599000000,17,0.229000000,0.158000000,0.518000000
18:57:26,270819,50.580356903,-123.422903097,1720.621000000,16,0.257000000,0.157000000,0.512000000
18:57:27,270819,50.580357038,-123.422903158,1720.627000000,16,0.257000000,0.157000000,0.512000000
18:57:28,270819,50.580357117,-123.422903177,1720.625000000,16,0.257000000,0.157000000,0.512000000
18:57:29,270819,50.580357158,-123.422903170,1720.622000000,16,0.273000000,0.167000000,0.544000000
18:57:30,270819,50.580357205,-123.422903240,1720.620000000,16,0.273000000,0.167000000,0.544000000
18:57:31,270819,50.580357178,-123.422903292,1720.614000000,16,0.273000000,0.167000000,0.544000000
18:57:32,270819,50.580357045,-123.422903298,1720.607000000,16,0.271000000,0.166000000,0.541000000
18:57:33,270819,50.580356878,-123.422903302,1720.595000000,16,0.271000000,0.166000000,0.541000000
18:57:34,270819,50.580356737,-123.422903290,1720.583000000,16,0.271000000,0.166000000,0.541000000
18:57:35,270819,50.580356682,-123.422903303,1720.578000000,16,0.262000000,0.160000000,0.522000000
18:57:36,270819,50.580356602,-123.422903305,1720.573000000,16,0.262000000,0.160000000,0.522000000
18:57:37,270819,50.580356482,-123.422903317,1720.566000000,16,0.262000000,0.160000000,0.522000000
18:57:38,270819,50.580356463,-123.422903335,1720.559000000,16,0.241000000,0.148000000,0.481000000
18:57:39,270819,50.580356465,-123.422903340,1720.557000000,16,0.241000000,0.148000000,0.481000000
18:57:40,270819,50.580356507,-123.422903348,1720.558000000,16,0.241000000,0.148000000,0.481000000
18:57:41,270819,50.580356503,-123.422903378,1720.553000000,16,0.209000000,0.128000000,0.417000000
18:57:42,270819,50.580356498,-123.422903407,1720.553000000,16,0.209000000,0.128000000,0.417000000
18:57:43,270819,50.580356442,-123.422903415,1720.543000000,16,0.209000000,0.128000000,0.417000000
18:57:44,270819,50.580356415,-123.422903428,1720.542000000,16,0.207000000,0.127000000,0.412000000
18:57:45,270819,50.580356342,-123.422903450,1720.536000000,16,0.207000000,0.127000000,0.412000000
18:57:46,270819,50.580356355,-123.422903478,1720.530000000,16,0.207000000,0.127000000,0.412000000
18:57:47,270819,50.580356165,-123.422903445,1720.506000000,16,0.219000000,0.134000000,0.436000000
18:57:48,270819,50.580355852,-123.422903352,1720.479000000,16,0.219000000,0.134000000,0.436000000
18:57:49,270819,50.580355703,-123.422903302,1720.463000000,16,0.219000000,0.134000000,0.436000000
18:57:50,270819,50.580355728,-123.422903350,1720.457000000,16,0.213000000,0.131000000,0.425000000
18:57:51,270819,50.580355373,-123.422903360,1720.426000000,16,0.213000000,0.131000000,0.425000000
18:57:52,270819,50.580355302,-123.422903380,1720.411000000,16,0.213000000,0.131000000,0.425000000
18:57:53,270819,50.580355405,-123.422903400,1720.423000000,15,0.245000000,0.120000000,0.396000000
18:57:54,270819,50.580355533,-123.422903423,1720.437000000,15,0.245000000,0.120000000,0.396000000
18:57:55,270819,50.580355675,-123.422903455,1720.455000000,15,0.245000000,0.120000000,0.396000000
18:57:56,270819,50.580355732,-123.422903485,1720.452000000,15,0.245000000,0.120000000,0.396000000
18:57:57,270819,50.580355717,-123.422903507,1720.451000000,15,0.245000000,0.120000000,0.396000000
18:57:58,270819,50.580355805,-123.422903458,1720.461000000,15,0.245000000,0.120000000,0.396000000
18:57:59,270819,50.580356017,-123.422903507,1720.482000000,15,0.245000000,0.120000000,0.395000000
18:58:00,270819,50.580356165,-123.422903598,1720.492000000,15,0.245000000,0.120000000,0.395000000
18:58:01,270819,50.580355917,-123.422903542,1720.474000000,15,0.245000000,0.120000000,0.395000000
18:58:02,270819,50.580355598,-123.422903473,1720.452000000,15,0.284000000,0.138000000,0.458000000
18:58:03,270819,50.580355383,-123.422903430,1720.426000000,15,0.284000000,0.138000000,0.458000000
18:58:04,270819,50.580355315,-123.422903417,1720.416000000,15,0.284000000,0.138000000,0.458000000
18:58:05,270819,50.580355363,-123.422903423,1720.417000000,15,0.361000000,0.176000000,0.582000000
18:58:06,270819,50.580355428,-123.422903462,1720.416000000,15,0.361000000,0.176000000,0.582000000
18:58:07,270819,50.580355477,-123.422903488,1720.417000000,17,0.261000000,0.180000000,0.589000000
18:58:08,270819,50.580355458,-123.422903497,1720.417000000,17,0.261000000,0.180000000,0.589000000
18:58:09,270819,50.580355490,-123.422903510,1720.424000000,17,0.261000000,0.180000000,0.589000000
18:58:10,270819,50.580355468,-123.422903530,1720.424000000,16,0.278000000,0.168000000,0.555000000
18:58:11,270819,50.580355442,-123.422903543,1720.421000000,17,0.233000000,0.161000000,0.526000000
18:58:12,270819,50.580355412,-123.422903547,1720.424000000,17,0.233000000,0.161000000,0.526000000
18:58:13,270819,50.580355423,-123.422903578,1720.425000000,16,0.237000000,0.142000000,0.471000000
18:58:14,270819,50.580355468,-123.422903625,1720.429000000,17,0.195000000,0.134000000,0.440000000
18:58:15,270819,50.580355468,-123.422903655,1720.429000000,17,0.195000000,0.134000000,0.440000000
18:58:16,270819,50.580355495,-123.422903688,1720.427000000,16,0.211000000,0.127000000,0.421000000
18:58:17,270819,50.580355480,-123.422903695,1720.426000000,17,0.178000000,0.123000000,0.402000000
18:58:18,270819,50.580355405,-123.422903677,1720.418000000,16,0.197000000,0.119000000,0.393000000
18:58:19,270819,50.580355373,-123.422903642,1720.415000000,17,0.172000000,0.118000000,0.388000000
18:58:20,270819,50.580355372,-123.422903635,1720.410000000,17,0.172000000,0.118000000,0.388000000
18:58:21,270819,50.580355353,-123.422903665,1720.419000000,17,0.172000000,0.118000000,0.388000000
18:58:22,270819,50.580355297,-123.422903660,1720.416000000,17,0.172000000,0.118000000,0.388000000
18:58:23,270819,50.580355348,-123.422903692,1720.420000000,17,0.172000000,0.118000000,0.388000000
18:58:24,270819,50.580355457,-123.422903703,1720.435000000,17,0.172000000,0.118000000,0.388000000
18:58:25,270819,50.580355583,-123.422903780,1720.448000000,17,0.172000000,0.118000000,0.388000000
18:58:26,270819,50.580355645,-123.422903852,1720.459000000,18,0.156000000,0.114000000,0.345000000
18:58:27,270819,50.580355745,-123.422903865,1720.475000000,18,0.156000000,0.114000000,0.345000000
18:58:28,270819,50.580355682,-123.422903830,1720.485000000,18,0.156000000,0.114000000,0.345000000
18:58:29,270819,50.580355565,-123.422903763,1720.489000000,18,0.208000000,0.152000000,0.460000000
18:58:30,270819,50.580355463,-123.422903738,1720.491000000,18,0.208000000,0.152000000,0.460000000
18:58:31,270819,50.580355377,-123.422903730,1720.487000000,18,0.208000000,0.152000000,0.460000000
18:58:32,270819,50.580355327,-123.422903723,1720.491000000,18,0.232000000,0.170000000,0.513000000
18:58:33,270819,50.580355285,-123.422903707,1720.500000000,18,0.232000000,0.170000000,0.513000000
18:58:34,270819,50.580355273,-123.422903707,1720.501000000,18,0.232000000,0.170000000,0.513000000
18:58:35,270819,50.580355348,-123.422903725,1720.506000000,17,0.266000000,0.174000000,0.525000000
18:58:36,270819,50.580355323,-123.422903695,1720.509000000,17,0.266000000,0.174000000,0.525000000
18:58:37,270819,50.580355300,-123.422903668,1720.514000000,17,0.266000000,0.174000000,0.525000000
18:58:38,270819,50.580355242,-123.422903663,1720.514000000,17,0.275000000,0.179000000,0.542000000
18:58:39,270819,50.580355227,-123.422903662,1720.516000000,17,0.275000000,0.179000000,0.542000000
18:58:40,270819,50.580355105,-123.422903645,1720.505000000,17,0.275000000,0.179000000,0.542000000
18:58:41,270819,50.580354678,-123.422903493,1720.462000000,17,0.277000000,0.181000000,0.546000000
18:58:42,270819,50.580353942,-123.422903238,1720.388000000,17,0.277000000,0.181000000,0.546000000
18:58:43,270819,50.580353495,-123.422903077,1720.344000000,17,0.277000000,0.181000000,0.546000000
18:58:44,270819,50.580353595,-123.422903115,1720.365000000,17,0.246000000,0.161000000,0.486000000
18:58:45,270819,50.580353707,-123.422903192,1720.387000000,17,0.246000000,0.161000000,0.486000000
18:58:46,270819,50.580353822,-123.422903302,1720.417000000,17,0.246000000,0.161000000,0.486000000
18:58:47,270819,50.580353833,-123.422903402,1720.429000000,17,0.206000000,0.134000000,0.406000000
18:58:48,270819,50.580353920,-123.422903447,1720.434000000,17,0.206000000,0.134000000,0.406000000
18:58:49,270819,50.580353893,-123.422903483,1720.435000000,17,0.206000000,0.134000000,0.406000000
18:58:50,270819,50.580353957,-123.422903510,1720.433000000,17,0.198000000,0.129000000,0.390000000
18:58:51,270819,50.580353903,-123.422903530,1720.422000000,17,0.198000000,0.129000000,0.390000000
18:58:52,270819,50.580353738,-123.422903485,1720.408000000,17,0.198000000,0.129000000,0.390000000
18:58:53,270819,50.580353673,-123.422903463,1720.403000000,17,0.186000000,0.122000000,0.367000000
18:58:54,270819,50.580353623,-123.422903455,1720.398000000,17,0.186000000,0.122000000,0.367000000
18:58:55,270819,50.580353433,-123.422903342,1720.376000000,17,0.186000000,0.122000000,0.367000000
18:58:56,270819,50.580353458,-123.422903325,1720.380000000,17,0.176000000,0.115000000,0.347000000
18:58:57,270819,50.580353582,-123.422903375,1720.392000000,18,0.156000000,0.114000000,0.345000000
18:58:58,270819,50.580353647,-123.422903422,1720.402000000,18,0.156000000,0.114000000,0.345000000
18:58:59,270819,50.580353638,-123.422903425,1720.413000000,18,0.156000000,0.114000000,0.345000000
18:59:00,270819,50.580353647,-123.422903428,1720.418000000,18,0.156000000,0.114000000,0.345000000
18:59:01,270819,50.580353612,-123.422903392,1720.420000000,18,0.156000000,0.114000000,0.345000000
18:59:02,270819,50.580353505,-123.422903348,1720.410000000,18,0.156000000,0.114000000,0.345000000
18:59:03,270819,50.580353418,-123.422903327,1720.406000000,18,0.156000000,0.114000000,0.345000000
18:59:04,270819,50.580353433,-123.422903308,1720.409000000,18,0.156000000,0.114000000,0.345000000
18:59:05,270819,50.580353463,-123.422903403,1720.405000000,18,0.156000000,0.114000000,0.345000000
18:59:06,270819,50.580353410,-123.422903420,1720.404000000,18,0.156000000,0.114000000,0.345000000
18:59:07,270819,50.580353272,-123.422903375,1720.398000000,18,0.156000000,0.114000000,0.345000000
18:59:08,270819,50.580353092,-123.422903315,1720.393000000,18,0.156000000,0.114000000,0.345000000
18:59:09,270819,50.580352982,-123.422903312,1720.390000000,18,0.156000000,0.114000000,0.345000000
18:59:10,270819,50.580352923,-123.422903338,1720.385000000,18,0.156000000,0.114000000,0.345000000
18:59:11,270819,50.580352957,-123.422903350,1720.392000000,18,0.156000000,0.114000000,0.345000000
18:59:12,270819,50.580353028,-123.422903393,1720.400000000,18,0.156000000,0.114000000,0.345000000
18:59:13,270819,50.580353103,-123.422903445,1720.404000000,18,0.156000000,0.114000000,0.345000000
18:59:14,270819,50.580353215,-123.422903488,1720.411000000,18,0.156000000,0.114000000,0.345000000
18:59:15,270819,50.580353268,-123.422903518,1720.418000000,18,0.156000000,0.114000000,0.345000000
18:59:16,270819,50.580353348,-123.422903557,1720.425000000,18,0.156000000,0.114000000,0.345000000
18:59:17,270819,50.580353472,-123.422903588,1720.437000000,18,0.156000000,0.114000000,0.345000000
18:59:18,270819,50.580353417,-123.422903575,1720.434000000,17,0.176000000,0.115000000,0.346000000
18:59:19,270819,50.580353522,-123.422903605,1720.449000000,17,0.176000000,0.115000000,0.346000000
18:59:20,270819,50.580353678,-123.422903638,1720.467000000,17,0.176000000,0.115000000,0.346000000
18:59:21,270819,50.580353778,-123.422903653,1720.479000000,17,0.176000000,0.115000000,0.346000000
18:59:22,270819,50.580353913,-123.422903707,1720.493000000,17,0.176000000,0.115000000,0.346000000
18:59:23,270819,50.580353987,-123.422903742,1720.504000000,17,0.176000000,0.115000000,0.346000000
18:59:24,270819,50.580353867,-123.422903703,1720.498000000,17,0.181000000,0.118000000,0.356000000
18:59:25,270819,50.580353802,-123.422903685,1720.485000000,18,0.160000000,0.117000000,0.355000000
18:59:26,270819,50.580353697,-123.422903663,1720.476000000,18,0.160000000,0.117000000,0.355000000
18:59:27,270819,50.580353603,-123.422903632,1720.468000000,18,0.160000000,0.117000000,0.355000000
18:59:28,270819,50.580353482,-123.422903570,1720.452000000,18,0.156000000,0.114000000,0.345000000
18:59:29,270819,50.580353425,-123.422903552,1720.446000000,18,0.156000000,0.114000000,0.345000000
18:59:30,270819,50.580353270,-123.422903558,1720.424000000,18,0.156000000,0.114000000,0.345000000
18:59:31,270819,50.580353125,-123.422903532,1720.410000000,18,0.156000000,0.114000000,0.345000000
18:59:32,270819,50.580353168,-123.422903553,1720.412000000,18,0.156000000,0.114000000,0.345000000
18:59:33,270819,50.580353183,-123.422903567,1720.420000000,18,0.156000000,0.114000000,0.345000000
18:59:34,270819,50.580353077,-123.422903493,1720.417000000,17,0.156000000,0.114000000,0.345000000
18:59:35,270819,50.580352803,-123.422903390,1720.393000000,17,0.176000000,0.115000000,0.346000000
18:59:36,270819,50.580352933,-123.422903472,1720.406000000,17,0.176000000,0.115000000,0.346000000
18:59:37,270819,50.580353047,-123.422903538,1720.429000000,16,0.205000000,0.121000000,0.362000000
18:59:38,270819,50.580353198,-123.422903673,1720.444000000,16,0.205000000,0.121000000,0.362000000
18:59:39,270819,50.580353350,-123.422903743,1720.462000000,16,0.205000000,0.121000000,0.362000000
18:59:40,270819,50.580353430,-123.422903805,1720.463000000,16,0.200000000,0.118000000,0.354000000
18:59:41,270819,50.580353408,-123.422903853,1720.461000000,16,0.200000000,0.118000000,0.354000000
18:59:42,270819,50.580353432,-123.422903892,1720.454000000,16,0.200000000,0.118000000,0.354000000
18:59:43,270819,50.580353302,-123.422903852,1720.441000000,16,0.200000000,0.118000000,0.354000000
18:59:44,270819,50.580353168,-123.422903818,1720.434000000,16,0.200000000,0.118000000,0.354000000
18:59:45,270819,50.580353045,-123.422903778,1720.428000000,17,0.176000000,0.115000000,0.346000000
18:59:46,270819,50.580353003,-123.422903732,1720.419000000,17,0.176000000,0.115000000,0.346000000
18:59:47,270819,50.580352990,-123.422903772,1720.424000000,16,0.200000000,0.118000000,0.354000000
18:59:48,270819,50.580353082,-123.422903863,1720.436000000,16,0.200000000,0.118000000,0.354000000
18:59:49,270819,50.580353123,-123.422903908,1720.459000000,16,0.200000000,0.118000000,0.354000000
18:59:50,270819,50.580353273,-123.422903965,1720.469000000,16,0.200000000,0.118000000,0.354000000
18:59:51,270819,50.580353343,-123.422904035,1720.481000000,16,0.200000000,0.118000000,0.354000000
18:59:52,270819,50.580353343,-123.422904050,1720.492000000,16,0.200000000,0.118000000,0.354000000
18:59:53,270819,50.580353327,-123.422904060,1720.484000000,16,0.200000000,0.118000000,0.354000000
18:59:54,270819,50.580353178,-123.422903985,1720.464000000,16,0.200000000,0.118000000,0.354000000
18:59:55,270819,50.580352958,-123.422903838,1720.438000000,16,0.200000000,0.118000000,0.354000000
18:59:56,270819,50.580352863,-123.422903752,1720.431000000,16,0.200000000,0.118000000,0.354000000
18:59:57,270819,50.580352702,-123.422903680,1720.421000000,16,0.200000000,0.118000000,0.354000000
18:59:58,270819,50.580352598,-123.422903638,1720.410000000,17,0.176000000,0.115000000,0.346000000
18:59:59,270819,50.580352560,-123.422903610,1720.406000000,17,0.176000000,0.115000000,0.346000000
19:00:00,270819,50.580352577,-123.422903640,1720.403000000,17,0.176000000,0.115000000,0.346000000
19:00:01,270819,50.580352242,-123.422903583,1720.369000000,17,0.176000000,0.115000000,0.346000000
19:00:02,270819,50.580352055,-123.422903512,1720.340000000,17,0.176000000,0.115000000,0.346000000
19:00:03,270819,50.580351907,-123.422903438,1720.317000000,17,0.176000000,0.115000000,0.346000000
19:00:04,270819,50.580351792,-123.422903403,1720.301000000,17,0.176000000,0.115000000,0.346000000
19:00:05,270819,50.580351552,-123.422903277,1720.272000000,17,0.176000000,0.115000000,0.346000000
19:00:06,270819,50.580351235,-123.422903198,1720.245000000,18,0.156000000,0.114000000,0.345000000
19:00:07,270819,50.580351038,-123.422903128,1720.219000000,18,0.156000000,0.114000000,0.345000000
19:00:08,270819,50.580351042,-123.422903073,1720.211000000,17,0.156000000,0.114000000,0.345000000
19:00:09,270819,50.580350770,-123.422902968,1720.180000000,17,0.176000000,0.115000000,0.346000000
19:00:10,270819,50.580350632,-123.422902865,1720.155000000,17,0.176000000,0.115000000,0.346000000
19:00:11,270819,50.580350475,-123.422902785,1720.132000000,17,0.176000000,0.115000000,0.346000000
19:00:12,270819,50.580350477,-123.422902818,1720.127000000,17,0.176000000,0.115000000,0.346000000
19:00:13,270819,50.580350375,-123.422902822,1720.104000000,17,0.176000000,0.115000000,0.346000000
19:00:14,270819,50.580350303,-123.422902750,1720.089000000,17,0.176000000,0.115000000,0.346000000
19:00:15,270819,50.580350243,-123.422902652,1720.072000000,17,0.176000000,0.115000000,0.346000000
19:00:16,270819,50.580350458,-123.422902787,1720.075000000,16,0.200000000,0.118000000,0.353000000
19:00:17,270819,50.580350788,-123.422902907,1720.094000000,16,0.200000000,0.118000000,0.353000000
19:00:18,270819,50.580351028,-123.422902993,1720.106000000,16,0.200000000,0.118000000,0.353000000
19:00:19,270819,50.580351290,-123.422903035,1720.129000000,16,0.200000000,0.118000000,0.353000000
19:00:20,270819,50.580351658,-123.422903198,1720.157000000,16,0.200000000,0.118000000,0.353000000
19:00:21,270819,50.580351980,-123.422903313,1720.196000000,16,0.200000000,0.118000000,0.353000000
19:00:22,270819,50.580352272,-123.422903410,1720.225000000,16,0.200000000,0.118000000,0.353000000
19:00:23,270819,50.580352177,-123.422903413,1720.226000000,16,0.200000000,0.118000000,0.353000000
19:00:24,270819,50.580350948,-123.422903075,1720.103000000,16,0.200000000,0.118000000,0.353000000
19:00:25,270819,50.580350195,-123.422902795,1720.024000000,16,0.200000000,0.118000000,0.353000000
19:00:26,270819,50.580350343,-123.422902872,1720.033000000,16,0.200000000,0.118000000,0.353000000
19:00:27,270819,50.580349995,-123.422902708,1719.995000000,16,0.200000000,0.118000000,0.353000000
19:00:28,270819,50.580349508,-123.422902490,1719.944000000,16,0.200000000,0.118000000,0.353000000
19:00:29,270819,50.580349040,-123.422902345,1719.892000000,16,0.200000000,0.118000000,0.353000000
19:00:30,270819,50.580348647,-123.422902222,1719.848000000,16,0.200000000,0.118000000,0.353000000
19:00:31,270819,50.580348327,-123.422902092,1719.808000000,16,0.200000000,0.118000000,0.353000000
19:00:32,270819,50.580348438,-123.422902147,1719.812000000,16,0.200000000,0.118000000,0.353000000
19:00:33,270819,50.580348600,-123.422902228,1719.820000000,16,0.200000000,0.118000000,0.353000000
19:00:34,270819,50.580348802,-123.422902263,1719.836000000,16,0.200000000,0.118000000,0.353000000
19:00:35,270819,50.580348858,-123.422902258,1719.835000000,16,0.200000000,0.118000000,0.353000000
19:00:36,270819,50.580348832,-123.422902240,1719.832000000,16,0.200000000,0.118000000,0.353000000
19:00:37,270819,50.580348810,-123.422902202,1719.826000000,16,0.200000000,0.118000000,0.353000000
19:00:38,270819,50.580348862,-123.422902177,1719.821000000,16,0.200000000,0.118000000,0.353000000
19:00:39,270819,50.580348963,-123.422902147,1719.818000000,16,0.200000000,0.118000000,0.353000000
19:00:40,270819,50.580348993,-123.422902122,1719.814000000,16,0.200000000,0.118000000,0.353000000
19:00:41,270819,50.580349043,-123.422902103,1719.815000000,16,0.200000000,0.118000000,0.353000000
19:00:42,270819,50.580349022,-123.422902113,1719.814000000,16,0.200000000,0.118000000,0.353000000
19:00:43,270819,50.580349045,-123.422902125,1719.814000000,16,0.200000000,0.118000000,0.353000000
19:00:44,270819,50.580349138,-123.422902173,1719.828000000,16,0.200000000,0.118000000,0.353000000
19:00:45,270819,50.580349253,-123.422902200,1719.833000000,16,0.200000000,0.118000000,0.353000000
19:00:46,270819,50.580349523,-123.422902340,1719.859000000,16,0.200000000,0.118000000,0.353000000
19:00:47,270819,50.580349782,-123.422902480,1719.875000000,16,0.200000000,0.118000000,0.353000000
19:00:48,270819,50.580350027,-123.422902617,1719.886000000,16,0.200000000,0.118000000,0.353000000
19:00:49,270819,50.580350223,-123.422902727,1719.898000000,16,0.200000000,0.118000000,0.353000000
