TIME,DATE(ddMMyy),LATITUDEGGA,LONGITUDEGGA,ALTITUDEGGA,NUMBERSAT,LATERR,LONGERR,ALTERR
21:31:54,150719,50.600811898,-123.482482362,1706.739000000,12,0.211000000,0.137000000,0.459000000
21:31:55,150719,50.600811905,-123.482482353,1706.740000000,12,0.211000000,0.137000000,0.459000000
21:31:56,150719,50.600811917,-123.482482348,1706.736000000,12,0.211000000,0.137000000,0.459000000
21:31:57,150719,50.600811940,-123.482482337,1706.736000000,12,0.211000000,0.137000000,0.459000000
21:31:58,150719,50.600812002,-123.482482332,1706.740000000,12,0.211000000,0.137000000,0.459000000
21:31:59,150719,50.600812018,-123.482482298,1706.738000000,12,0.211000000,0.137000000,0.459000000
21:32:00,150719,50.600812030,-123.482482260,1706.739000000,12,0.211000000,0.137000000,0.459000000
21:32:01,150719,50.600812030,-123.482482230,1706.745000000,12,0.211000000,0.137000000,0.459000000
21:32:02,150719,50.600812052,-123.482482217,1706.751000000,12,0.211000000,0.137000000,0.459000000
21:32:03,150719,50.600812120,-123.482482213,1706.752000000,12,0.211000000,0.137000000,0.459000000
21:32:04,150719,50.600812170,-123.482482215,1706.752000000,12,0.211000000,0.137000000,0.459000000
21:32:05,150719,50.600812165,-123.482482203,1706.756000000,12,0.211000000,0.137000000,0.459000000
21:32:06,150719,50.600812138,-123.482482203,1706.751000000,12,0.211000000,0.137000000,0.459000000
21:32:07,150719,50.600812140,-123.482482210,1706.749000000,12,0.211000000,0.137000000,0.459000000
21:32:08,150719,50.600812125,-123.482482205,1706.746000000,12,0.211000000,0.137000000,0.459000000
21:32:09,150719,50.600812090,-123.482482200,1706.747000000,12,0.211000000,0.137000000,0.459000000
21:32:10,150719,50.600812103,-123.482482180,1706.753000000,12,0.211000000,0.137000000,0.459000000
21:32:11,150719,50.600812153,-123.482482175,1706.759000000,12,0.211000000,0.137000000,0.459000000
21:32:12,150719,50.600812203,-123.482482153,1706.767000000,12,0.211000000,0.137000000,0.459000000
21:32:13,150719,50.600812217,-123.482482137,1706.773000000,12,0.211000000,0.137000000,0.459000000
21:32:14,150719,50.600812207,-123.482482132,1706.780000000,12,0.211000000,0.137000000,0.459000000
21:32:15,150719,50.600812237,-123.482482113,1706.787000000,12,0.211000000,0.137000000,0.459000000
21:32:16,150719,50.600812237,-123.482482118,1706.794000000,12,0.211000000,0.137000000,0.459000000
21:32:17,150719,50.600812227,-123.482482127,1706.789000000,12,0.211000000,0.137000000,0.459000000
21:32:18,150719,50.600812222,-123.482482132,1706.786000000,12,0.211000000,0.137000000,0.459000000
21:32:19,150719,50.600812210,-123.482482135,1706.783000000,12,0.211000000,0.137000000,0.459000000
21:32:20,150719,50.600812183,-123.482482123,1706.775000000,12,0.211000000,0.137000000,0.459000000
21:32:21,150719,50.600812147,-123.482482118,1706.777000000,12,0.211000000,0.137000000,0.459000000
21:32:22,150719,50.600812115,-123.482482075,1706.778000000,12,0.211000000,0.137000000,0.459000000
21:32:23,150719,50.600812115,-123.482482040,1706.785000000,12,0.211000000,0.137000000,0.459000000
21:32:24,150719,50.600812133,-123.482481990,1706.785000000,12,0.211000000,0.137000000,0.459000000
21:32:25,150719,50.600812173,-123.482481983,1706.790000000,12,0.211000000,0.137000000,0.459000000
21:32:26,150719,50.600812243,-123.482481975,1706.798000000,12,0.211000000,0.137000000,0.459000000
21:32:27,150719,50.600812297,-123.482481962,1706.800000000,12,0.211000000,0.137000000,0.459000000
21:32:28,150719,50.600812348,-123.482481913,1706.800000000,12,0.211000000,0.137000000,0.459000000
21:32:29,150719,50.600812367,-123.482481883,1706.799000000,12,0.211000000,0.137000000,0.459000000
21:32:30,150719,50.600812380,-123.482481860,1706.800000000,12,0.211000000,0.137000000,0.459000000
21:32:31,150719,50.600812380,-123.482481878,1706.798000000,12,0.211000000,0.137000000,0.459000000
21:32:32,150719,50.600812382,-123.482481878,1706.792000000,12,0.211000000,0.137000000,0.459000000
21:32:33,150719,50.600812410,-123.482481877,1706.786000000,12,0.211000000,0.137000000,0.459000000
21:32:34,150719,50.600812478,-123.482481872,1706.788000000,12,0.211000000,0.137000000,0.459000000
21:32:35,150719,50.600812553,-123.482481885,1706.791000000,12,0.211000000,0.137000000,0.459000000
21:32:36,150719,50.600812613,-123.482481882,1706.792000000,12,0.211000000,0.137000000,0.459000000
21:32:37,150719,50.600812658,-123.482481880,1706.799000000,12,0.211000000,0.137000000,0.459000000
21:32:38,150719,50.600812713,-123.482481902,1706.802000000,12,0.211000000,0.137000000,0.459000000
21:32:39,150719,50.600812752,-123.482481912,1706.808000000,12,0.211000000,0.137000000,0.459000000
21:32:40,150719,50.600812752,-123.482481942,1706.805000000,12,0.211000000,0.137000000,0.459000000
21:32:41,150719,50.600812723,-123.482481950,1706.801000000,12,0.211000000,0.137000000,0.459000000
21:32:42,150719,50.600812690,-123.482481932,1706.795000000,12,0.211000000,0.137000000,0.459000000
21:32:43,150719,50.600812647,-123.482481918,1706.795000000,12,0.211000000,0.137000000,0.459000000
21:32:44,150719,50.600812622,-123.482481920,1706.792000000,12,0.211000000,0.137000000,0.459000000
21:32:45,150719,50.600812592,-123.482481928,1706.788000000,12,0.211000000,0.137000000,0.459000000
21:32:46,150719,50.600812560,-123.482481928,1706.786000000,12,0.211000000,0.137000000,0.459000000
21:32:47,150719,50.600812515,-123.482481917,1706.784000000,12,0.211000000,0.137000000,0.459000000
21:32:48,150719,50.600812468,-123.482481920,1706.785000000,12,0.211000000,0.137000000,0.459000000
21:32:49,150719,50.600812453,-123.482481917,1706.785000000,12,0.211000000,0.137000000,0.459000000
21:32:50,150719,50.600812443,-123.482481927,1706.793000000,12,0.211000000,0.137000000,0.459000000
21:32:51,150719,50.600812437,-123.482481908,1706.796000000,12,0.211000000,0.137000000,0.459000000
21:32:52,150719,50.600812453,-123.482481902,1706.806000000,12,0.211000000,0.137000000,0.459000000
21:32:53,150719,50.600812528,-123.482481893,1706.807000000,12,0.211000000,0.137000000,0.459000000
21:32:54,150719,50.600812592,-123.482481858,1706.817000000,12,0.211000000,0.137000000,0.459000000
21:32:55,150719,50.600812670,-123.482481817,1706.826000000,12,0.211000000,0.137000000,0.459000000
21:32:56,150719,50.600812748,-123.482481788,1706.827000000,12,0.212000000,0.137000000,0.459000000
21:32:57,150719,50.600812793,-123.482481765,1706.833000000,12,0.212000000,0.137000000,0.459000000
21:32:58,150719,50.600812823,-123.482481740,1706.835000000,12,0.212000000,0.137000000,0.459000000
21:32:59,150719,50.600812813,-123.482481733,1706.832000000,12,0.212000000,0.137000000,0.459000000
21:33:00,150719,50.600812775,-123.482481720,1706.829000000,12,0.212000000,0.137000000,0.459000000
21:33:01,150719,50.600812725,-123.482481722,1706.831000000,12,0.212000000,0.137000000,0.459000000
21:33:02,150719,50.600812678,-123.482481725,1706.830000000,12,0.212000000,0.137000000,0.459000000
21:33:03,150719,50.600812638,-123.482481720,1706.835000000,12,0.212000000,0.137000000,0.459000000
21:33:04,150719,50.600812633,-123.482481717,1706.838000000,12,0.212000000,0.137000000,0.459000000
21:33:05,150719,50.600812638,-123.482481723,1706.828000000,12,0.212000000,0.137000000,0.459000000
21:33:06,150719,50.600812622,-123.482481715,1706.822000000,12,0.212000000,0.137000000,0.459000000
21:33:07,150719,50.600812600,-123.482481708,1706.812000000,12,0.212000000,0.137000000,0.459000000
21:33:08,150719,50.600812588,-123.482481680,1706.807000000,12,0.212000000,0.137000000,0.459000000
21:33:09,150719,50.600812570,-123.482481643,1706.804000000,12,0.212000000,0.137000000,0.459000000
21:33:10,150719,50.600812533,-123.482481602,1706.797000000,12,0.212000000,0.137000000,0.459000000
21:33:11,150719,50.600812513,-123.482481587,1706.796000000,12,0.212000000,0.137000000,0.459000000
21:33:12,150719,50.600812478,-123.482481578,1706.797000000,12,0.212000000,0.137000000,0.459000000
21:33:13,150719,50.600812460,-123.482481577,1706.797000000,12,0.212000000,0.137000000,0.459000000
21:33:14,150719,50.600812430,-123.482481577,1706.802000000,12,0.212000000,0.137000000,0.459000000
21:33:15,150719,50.600812400,-123.482481582,1706.807000000,12,0.212000000,0.137000000,0.459000000
21:33:16,150719,50.600812398,-123.482481577,1706.810000000,12,0.212000000,0.137000000,0.459000000
21:33:17,150719,50.600812390,-123.482481560,1706.808000000,12,0.212000000,0.137000000,0.459000000
21:33:18,150719,50.600812415,-123.482481552,1706.804000000,12,0.212000000,0.137000000,0.459000000
21:33:19,150719,50.600812417,-123.482481542,1706.800000000,12,0.212000000,0.137000000,0.459000000
21:33:20,150719,50.600812423,-123.482481530,1706.798000000,12,0.212000000,0.137000000,0.459000000
21:33:21,150719,50.600812423,-123.482481533,1706.792000000,12,0.212000000,0.137000000,0.459000000
21:33:22,150719,50.600812382,-123.482481532,1706.785000000,12,0.212000000,0.137000000,0.459000000
21:33:23,150719,50.600812342,-123.482481530,1706.777000000,12,0.212000000,0.137000000,0.459000000
21:33:24,150719,50.600812283,-123.482481550,1706.773000000,12,0.212000000,0.137000000,0.459000000
21:33:25,150719,50.600812232,-123.482481552,1706.771000000,12,0.212000000,0.137000000,0.459000000
21:33:26,150719,50.600812203,-123.482481550,1706.768000000,12,0.212000000,0.137000000,0.459000000
21:33:27,150719,50.600812160,-123.482481558,1706.772000000,12,0.212000000,0.137000000,0.459000000
21:33:28,150719,50.600812142,-123.482481538,1706.767000000,12,0.212000000,0.137000000,0.459000000
21:33:29,150719,50.600812128,-123.482481522,1706.766000000,12,0.212000000,0.137000000,0.459000000
21:33:30,150719,50.600812108,-123.482481488,1706.760000000,12,0.212000000,0.137000000,0.459000000
21:33:31,150719,50.600812098,-123.482481478,1706.758000000,12,0.212000000,0.137000000,0.459000000
21:33:32,150719,50.600812098,-123.482481463,1706.759000000,12,0.212000000,0.137000000,0.459000000
21:33:33,150719,50.600812088,-123.482481465,1706.756000000,12,0.212000000,0.137000000,0.459000000
21:33:34,150719,50.600812070,-123.482481440,1706.753000000,12,0.212000000,0.137000000,0.459000000
21:33:35,150719,50.600812050,-123.482481445,1706.753000000,12,0.212000000,0.137000000,0.459000000
21:33:36,150719,50.600812043,-123.482481432,1706.757000000,12,0.212000000,0.137000000,0.459000000
21:33:37,150719,50.600812013,-123.482481423,1706.760000000,12,0.212000000,0.137000000,0.459000000
21:33:38,150719,50.600812000,-123.482481382,1706.768000000,12,0.212000000,0.137000000,0.459000000
21:33:39,150719,50.600811990,-123.482481360,1706.772000000,12,0.212000000,0.137000000,0.459000000
21:33:40,150719,50.600812030,-123.482481360,1706.773000000,12,0.212000000,0.137000000,0.459000000
21:33:41,150719,50.600812080,-123.482481350,1706.776000000,12,0.212000000,0.137000000,0.459000000
21:33:42,150719,50.600812125,-123.482481357,1706.776000000,12,0.212000000,0.137000000,0.459000000
21:33:43,150719,50.600812167,-123.482481357,1706.776000000,12,0.212000000,0.137000000,0.459000000
21:33:44,150719,50.600812200,-123.482481365,1706.778000000,12,0.212000000,0.137000000,0.459000000
21:33:45,150719,50.600812202,-123.482481370,1706.774000000,12,0.212000000,0.137000000,0.459000000
21:33:46,150719,50.600812167,-123.482481387,1706.768000000,12,0.212000000,0.137000000,0.459000000
21:33:47,150719,50.600812093,-123.482481377,1706.768000000,12,0.212000000,0.137000000,0.459000000
21:33:48,150719,50.600812052,-123.482481367,1706.767000000,12,0.212000000,0.137000000,0.459000000
21:33:49,150719,50.600812035,-123.482481372,1706.765000000,12,0.212000000,0.137000000,0.459000000
21:33:50,150719,50.600812022,-123.482481373,1706.769000000,12,0.212000000,0.137000000,0.459000000
21:33:51,150719,50.600812000,-123.482481378,1706.761000000,12,0.212000000,0.137000000,0.459000000
21:33:52,150719,50.600811983,-123.482481380,1706.758000000,12,0.212000000,0.137000000,0.459000000
21:33:53,150719,50.600811953,-123.482481373,1706.752000000,12,0.212000000,0.137000000,0.459000000
21:33:54,150719,50.600811928,-123.482481357,1706.746000000,12,0.212000000,0.137000000,0.459000000
21:33:55,150719,50.600811897,-123.482481385,1706.740000000,12,0.212000000,0.137000000,0.459000000
21:33:56,150719,50.600811875,-123.482481378,1706.735000000,12,0.212000000,0.137000000,0.459000000
21:33:57,150719,50.600811862,-123.482481372,1706.732000000,12,0.212000000,0.137000000,0.459000000
21:33:58,150719,50.600811838,-123.482481375,1706.729000000,12,0.212000000,0.137000000,0.459000000
21:33:59,150719,50.600811802,-123.482481380,1706.729000000,12,0.212000000,0.137000000,0.459000000
21:34:00,150719,50.600811743,-123.482481380,1706.727000000,12,0.212000000,0.137000000,0.459000000
21:34:01,150719,50.600811723,-123.482481395,1706.727000000,12,0.212000000,0.137000000,0.459000000
21:34:02,150719,50.600811735,-123.482481402,1706.728000000,12,0.212000000,0.137000000,0.459000000
21:34:03,150719,50.600811780,-123.482481388,1706.733000000,12,0.212000000,0.137000000,0.459000000
21:34:04,150719,50.600811837,-123.482481390,1706.737000000,12,0.212000000,0.137000000,0.459000000
21:34:05,150719,50.600811890,-123.482481378,1706.733000000,12,0.212000000,0.137000000,0.459000000
21:34:06,150719,50.600811942,-123.482481375,1706.724000000,12,0.212000000,0.137000000,0.459000000
21:34:07,150719,50.600811963,-123.482481357,1706.724000000,12,0.212000000,0.137000000,0.459000000
21:34:08,150719,50.600811997,-123.482481352,1706.718000000,12,0.213000000,0.137000000,0.459000000
21:34:09,150719,50.600811998,-123.482481333,1706.718000000,12,0.213000000,0.137000000,0.459000000
21:34:10,150719,50.600811992,-123.482481343,1706.720000000,12,0.213000000,0.137000000,0.459000000
21:34:11,150719,50.600812022,-123.482481317,1706.728000000,12,0.213000000,0.137000000,0.459000000
21:34:12,150719,50.600811998,-123.482481327,1706.729000000,12,0.213000000,0.137000000,0.459000000
21:34:13,150719,50.600811982,-123.482481332,1706.736000000,12,0.213000000,0.137000000,0.459000000
21:34:14,150719,50.600811968,-123.482481335,1706.741000000,12,0.213000000,0.137000000,0.458000000
21:34:15,150719,50.600811988,-123.482481320,1706.747000000,12,0.213000000,0.137000000,0.458000000
21:34:16,150719,50.600811980,-123.482481303,1706.743000000,12,0.213000000,0.137000000,0.458000000
21:34:17,150719,50.600811928,-123.482481317,1706.738000000,12,0.213000000,0.137000000,0.458000000
21:34:18,150719,50.600811867,-123.482481332,1706.725000000,12,0.213000000,0.137000000,0.458000000
21:34:19,150719,50.600811855,-123.482481342,1706.719000000,12,0.213000000,0.137000000,0.458000000
21:34:20,150719,50.600811827,-123.482481315,1706.712000000,12,0.213000000,0.137000000,0.458000000
21:34:21,150719,50.600811778,-123.482481308,1706.703000000,12,0.213000000,0.137000000,0.458000000
21:34:22,150719,50.600811773,-123.482481300,1706.704000000,12,0.213000000,0.137000000,0.458000000
21:34:23,150719,50.600811795,-123.482481292,1706.709000000,12,0.213000000,0.137000000,0.458000000
21:34:24,150719,50.600811820,-123.482481305,1706.715000000,12,0.213000000,0.137000000,0.458000000
21:34:25,150719,50.600811837,-123.482481313,1706.717000000,12,0.213000000,0.137000000,0.458000000
21:34:26,150719,50.600811850,-123.482481305,1706.717000000,12,0.213000000,0.137000000,0.458000000
21:34:27,150719,50.600811895,-123.482481327,1706.719000000,12,0.213000000,0.137000000,0.458000000
21:34:28,150719,50.600811947,-123.482481338,1706.715000000,12,0.213000000,0.137000000,0.458000000
21:34:29,150719,50.600811977,-123.482481337,1706.710000000,12,0.213000000,0.137000000,0.458000000
21:34:30,150719,50.600811995,-123.482481355,1706.702000000,12,0.213000000,0.137000000,0.458000000
21:34:31,150719,50.600811998,-123.482481353,1706.698000000,12,0.213000000,0.137000000,0.458000000
21:34:32,150719,50.600811990,-123.482481365,1706.694000000,12,0.213000000,0.137000000,0.458000000
21:34:33,150719,50.600811972,-123.482481370,1706.687000000,12,0.213000000,0.137000000,0.458000000
21:34:34,150719,50.600811922,-123.482481382,1706.679000000,12,0.213000000,0.137000000,0.458000000
21:34:35,150719,50.600811848,-123.482481387,1706.677000000,12,0.213000000,0.137000000,0.458000000
21:34:36,150719,50.600811780,-123.482481380,1706.670000000,12,0.213000000,0.137000000,0.458000000
21:34:37,150719,50.600811698,-123.482481388,1706.661000000,12,0.213000000,0.137000000,0.458000000
21:34:38,150719,50.600811638,-123.482481380,1706.654000000,12,0.213000000,0.137000000,0.458000000
21:34:39,150719,50.600811585,-123.482481388,1706.649000000,12,0.213000000,0.137000000,0.458000000
21:34:40,150719,50.600811603,-123.482481392,1706.643000000,12,0.213000000,0.137000000,0.458000000
21:34:41,150719,50.600811638,-123.482481367,1706.642000000,12,0.213000000,0.137000000,0.458000000
21:34:42,150719,50.600811652,-123.482481357,1706.637000000,12,0.213000000,0.137000000,0.458000000
21:34:43,150719,50.600811653,-123.482481340,1706.632000000,12,0.213000000,0.137000000,0.458000000
21:34:44,150719,50.600811673,-123.482481312,1706.627000000,12,0.213000000,0.137000000,0.458000000
21:34:45,150719,50.600811702,-123.482481295,1706.625000000,12,0.213000000,0.137000000,0.458000000
21:34:46,150719,50.600811715,-123.482481295,1706.624000000,12,0.213000000,0.137000000,0.458000000
21:34:47,150719,50.600811728,-123.482481282,1706.629000000,12,0.213000000,0.137000000,0.458000000
21:34:48,150719,50.600811712,-123.482481265,1706.630000000,12,0.213000000,0.137000000,0.458000000
21:34:49,150719,50.600811727,-123.482481257,1706.633000000,12,0.213000000,0.137000000,0.458000000
21:34:50,150719,50.600811737,-123.482481250,1706.631000000,12,0.213000000,0.137000000,0.458000000
21:34:51,150719,50.600811750,-123.482481255,1706.630000000,12,0.213000000,0.137000000,0.458000000
21:34:52,150719,50.600811758,-123.482481265,1706.630000000,12,0.213000000,0.137000000,0.458000000
21:34:53,150719,50.600811755,-123.482481282,1706.627000000,12,0.213000000,0.137000000,0.458000000
21:34:54,150719,50.600811733,-123.482481292,1706.623000000,12,0.213000000,0.137000000,0.458000000
21:34:55,150719,50.600811747,-123.482481298,1706.624000000,12,0.213000000,0.137000000,0.458000000
21:34:56,150719,50.600811735,-123.482481328,1706.624000000,12,0.213000000,0.137000000,0.458000000
21:34:57,150719,50.600811722,-123.482481332,1706.623000000,12,0.213000000,0.137000000,0.458000000
21:34:58,150719,50.600811697,-123.482481350,1706.624000000,12,0.213000000,0.137000000,0.458000000
21:34:59,150719,50.600811648,-123.482481385,1706.629000000,12,0.213000000,0.137000000,0.458000000
21:35:00,150719,50.600811610,-123.482481427,1706.633000000,12,0.213000000,0.137000000,0.458000000
21:35:01,150719,50.600811577,-123.482481437,1706.629000000,12,0.213000000,0.137000000,0.458000000
21:35:02,150719,50.600811508,-123.482481448,1706.630000000,12,0.213000000,0.137000000,0.458000000
21:35:03,150719,50.600811463,-123.482481462,1706.630000000,12,0.213000000,0.137000000,0.458000000
21:35:04,150719,50.600811460,-123.482481478,1706.628000000,12,0.213000000,0.137000000,0.458000000
21:35:05,150719,50.600811498,-123.482481498,1706.627000000,12,0.213000000,0.137000000,0.458000000
21:35:06,150719,50.600811545,-123.482481532,1706.627000000,12,0.213000000,0.137000000,0.458000000
21:35:07,150719,50.600811558,-123.482481578,1706.622000000,12,0.213000000,0.137000000,0.458000000
21:35:08,150719,50.600811572,-123.482481597,1706.620000000,12,0.213000000,0.137000000,0.458000000
21:35:09,150719,50.600811612,-123.482481633,1706.619000000,12,0.213000000,0.137000000,0.458000000
21:35:10,150719,50.600811622,-123.482481645,1706.624000000,12,0.213000000,0.137000000,0.458000000
21:35:11,150719,50.600811600,-123.482481673,1706.625000000,13,0.213000000,0.137000000,0.458000000
21:35:12,150719,50.600811600,-123.482481683,1706.627000000,13,0.213000000,0.128000000,0.418000000
21:35:13,150719,50.600811623,-123.482481727,1706.628000000,13,0.213000000,0.128000000,0.418000000
21:35:14,150719,50.600811643,-123.482481767,1706.625000000,13,0.213000000,0.128000000,0.418000000
21:35:15,150719,50.600811643,-123.482481770,1706.627000000,13,0.213000000,0.128000000,0.418000000
21:35:16,150719,50.600811660,-123.482481787,1706.623000000,13,0.213000000,0.128000000,0.418000000
21:35:17,150719,50.600811668,-123.482481813,1706.627000000,13,0.213000000,0.128000000,0.418000000
21:35:18,150719,50.600811702,-123.482481812,1706.620000000,13,0.213000000,0.128000000,0.418000000
21:35:19,150719,50.600811730,-123.482481828,1706.618000000,13,0.213000000,0.128000000,0.418000000
21:35:20,150719,50.600811743,-123.482481842,1706.613000000,13,0.213000000,0.128000000,0.418000000
21:35:21,150719,50.600811785,-123.482481848,1706.611000000,13,0.213000000,0.128000000,0.418000000
21:35:22,150719,50.600811808,-123.482481855,1706.612000000,13,0.213000000,0.128000000,0.418000000
21:35:23,150719,50.600811782,-123.482481852,1706.615000000,13,0.213000000,0.128000000,0.418000000
21:35:24,150719,50.600811750,-123.482481848,1706.619000000,13,0.214000000,0.128000000,0.418000000
21:35:25,150719,50.600811732,-123.482481855,1706.617000000,13,0.214000000,0.128000000,0.418000000
21:35:26,150719,50.600811727,-123.482481858,1706.613000000,13,0.214000000,0.128000000,0.418000000
21:35:27,150719,50.600811738,-123.482481872,1706.611000000,13,0.214000000,0.128000000,0.418000000
21:35:28,150719,50.600811770,-123.482481858,1706.612000000,13,0.214000000,0.128000000,0.418000000
21:35:29,150719,50.600811793,-123.482481843,1706.616000000,13,0.214000000,0.128000000,0.418000000
21:35:30,150719,50.600811802,-123.482481838,1706.615000000,13,0.214000000,0.128000000,0.418000000
21:35:31,150719,50.600811785,-123.482481828,1706.617000000,13,0.214000000,0.128000000,0.418000000
21:35:32,150719,50.600811795,-123.482481817,1706.618000000,13,0.214000000,0.128000000,0.418000000
21:35:33,150719,50.600811798,-123.482481815,1706.622000000,13,0.214000000,0.128000000,0.418000000
21:35:34,150719,50.600811813,-123.482481833,1706.630000000,13,0.214000000,0.128000000,0.418000000
21:35:35,150719,50.600811803,-123.482481838,1706.636000000,13,0.214000000,0.128000000,0.418000000
21:35:36,150719,50.600811788,-123.482481833,1706.641000000,13,0.214000000,0.128000000,0.418000000
21:35:37,150719,50.600811762,-123.482481855,1706.646000000,13,0.214000000,0.128000000,0.418000000
21:35:38,150719,50.600811737,-123.482481858,1706.649000000,13,0.214000000,0.128000000,0.418000000
21:35:39,150719,50.600811740,-123.482481873,1706.658000000,13,0.214000000,0.128000000,0.418000000
21:35:40,150719,50.600811777,-123.482481883,1706.659000000,13,0.214000000,0.128000000,0.418000000
21:35:41,150719,50.600811783,-123.482481897,1706.656000000,13,0.214000000,0.128000000,0.418000000
21:35:42,150719,50.600811790,-123.482481882,1706.652000000,13,0.214000000,0.128000000,0.418000000
21:35:43,150719,50.600811787,-123.482481898,1706.650000000,13,0.214000000,0.128000000,0.418000000
21:35:44,150719,50.600811777,-123.482481892,1706.645000000,13,0.214000000,0.128000000,0.418000000
21:35:45,150719,50.600811778,-123.482481900,1706.642000000,13,0.214000000,0.128000000,0.418000000
21:35:46,150719,50.600811817,-123.482481892,1706.639000000,13,0.214000000,0.128000000,0.418000000
21:35:47,150719,50.600811822,-123.482481915,1706.647000000,13,0.214000000,0.128000000,0.418000000
21:35:48,150719,50.600811810,-123.482481885,1706.647000000,13,0.214000000,0.128000000,0.418000000
21:35:49,150719,50.600811775,-123.482481878,1706.645000000,13,0.214000000,0.128000000,0.418000000
21:35:50,150719,50.600811758,-123.482481875,1706.647000000,13,0.214000000,0.128000000,0.418000000
21:35:51,150719,50.600811758,-123.482481893,1706.648000000,13,0.214000000,0.128000000,0.418000000
21:35:52,150719,50.600811792,-123.482481890,1706.654000000,13,0.214000000,0.128000000,0.418000000
21:35:53,150719,50.600811842,-123.482481897,1706.659000000,13,0.214000000,0.128000000,0.418000000
21:35:54,150719,50.600811875,-123.482481892,1706.662000000,13,0.214000000,0.128000000,0.419000000
21:35:55,150719,50.600811917,-123.482481885,1706.667000000,13,0.214000000,0.128000000,0.419000000
21:35:56,150719,50.600811950,-123.482481870,1706.665000000,13,0.214000000,0.128000000,0.419000000
21:35:57,150719,50.600811967,-123.482481878,1706.666000000,13,0.214000000,0.128000000,0.419000000
21:35:58,150719,50.600811980,-123.482481880,1706.668000000,13,0.214000000,0.128000000,0.419000000
21:35:59,150719,50.600812003,-123.482481898,1706.666000000,13,0.214000000,0.128000000,0.419000000
21:36:00,150719,50.600812027,-123.482481885,1706.672000000,13,0.214000000,0.128000000,0.419000000
21:36:01,150719,50.600812008,-123.482481900,1706.676000000,13,0.214000000,0.128000000,0.419000000
21:36:02,150719,50.600812008,-123.482481905,1706.676000000,13,0.214000000,0.128000000,0.419000000
21:36:03,150719,50.600812042,-123.482481918,1706.677000000,13,0.214000000,0.128000000,0.419000000
21:36:04,150719,50.600812073,-123.482481950,1706.677000000,13,0.214000000,0.128000000,0.419000000
21:36:05,150719,50.600812047,-123.482481968,1706.681000000,13,0.214000000,0.128000000,0.419000000
21:36:06,150719,50.600812002,-123.482481987,1706.677000000,13,0.214000000,0.128000000,0.419000000
21:36:07,150719,50.600811937,-123.482481973,1706.669000000,13,0.214000000,0.128000000,0.419000000
21:36:08,150719,50.600811857,-123.482481972,1706.668000000,13,0.214000000,0.128000000,0.419000000
21:36:09,150719,50.600811800,-123.482481958,1706.661000000,13,0.214000000,0.128000000,0.419000000
21:36:10,150719,50.600811777,-123.482481955,1706.661000000,13,0.214000000,0.128000000,0.419000000
21:36:11,150719,50.600811838,-123.482481970,1706.667000000,13,0.214000000,0.128000000,0.419000000
21:36:12,150719,50.600811887,-123.482481978,1706.671000000,13,0.214000000,0.128000000,0.419000000
21:36:13,150719,50.600811917,-123.482481978,1706.675000000,13,0.214000000,0.128000000,0.419000000
21:36:14,150719,50.600811935,-123.482481955,1706.684000000,13,0.214000000,0.128000000,0.419000000
21:36:15,150719,50.600811977,-123.482481950,1706.687000000,13,0.214000000,0.128000000,0.419000000
21:36:16,150719,50.600812055,-123.482481977,1706.697000000,13,0.214000000,0.128000000,0.419000000
21:36:17,150719,50.600812127,-123.482482015,1706.701000000,13,0.214000000,0.128000000,0.419000000
21:36:18,150719,50.600812170,-123.482482065,1706.703000000,13,0.214000000,0.128000000,0.419000000
21:36:19,150719,50.600812202,-123.482482103,1706.703000000,13,0.214000000,0.128000000,0.419000000
21:36:20,150719,50.600812208,-123.482482108,1706.708000000,13,0.214000000,0.128000000,0.419000000
21:36:21,150719,50.600812227,-123.482482152,1706.707000000,13,0.214000000,0.128000000,0.419000000
21:36:22,150719,50.600812220,-123.482482162,1706.703000000,13,0.214000000,0.128000000,0.419000000
21:36:23,150719,50.600812205,-123.482482195,1706.701000000,13,0.214000000,0.128000000,0.419000000
21:36:24,150719,50.600812192,-123.482482202,1706.697000000,13,0.214000000,0.128000000,0.419000000
21:36:25,150719,50.600812200,-123.482482227,1706.697000000,13,0.214000000,0.128000000,0.419000000
21:36:26,150719,50.600812195,-123.482482243,1706.698000000,13,0.214000000,0.128000000,0.419000000
21:36:27,150719,50.600812175,-123.482482257,1706.698000000,13,0.214000000,0.128000000,0.419000000
21:36:28,150719,50.600812107,-123.482482253,1706.695000000,13,0.214000000,0.128000000,0.419000000
21:36:29,150719,50.600812040,-123.482482247,1706.690000000,13,0.214000000,0.128000000,0.419000000
21:36:30,150719,50.600811987,-123.482482247,1706.687000000,13,0.214000000,0.128000000,0.419000000
21:36:31,150719,50.600811972,-123.482482257,1706.690000000,13,0.214000000,0.128000000,0.419000000
21:36:32,150719,50.600811967,-123.482482258,1706.690000000,13,0.214000000,0.128000000,0.419000000
21:36:33,150719,50.600811943,-123.482482262,1706.688000000,13,0.214000000,0.128000000,0.419000000
21:36:34,150719,50.600811923,-123.482482263,1706.686000000,13,0.214000000,0.128000000,0.419000000
21:36:35,150719,50.600811980,-123.482482262,1706.693000000,13,0.214000000,0.128000000,0.419000000
21:36:36,150719,50.600812043,-123.482482255,1706.700000000,13,0.215000000,0.128000000,0.419000000
21:36:37,150719,50.600812098,-123.482482247,1706.704000000,13,0.215000000,0.128000000,0.419000000
21:36:38,150719,50.600812160,-123.482482250,1706.709000000,13,0.215000000,0.128000000,0.419000000
21:36:39,150719,50.600812240,-123.482482247,1706.711000000,13,0.215000000,0.128000000,0.419000000
21:36:40,150719,50.600812348,-123.482482282,1706.714000000,13,0.215000000,0.128000000,0.419000000
21:36:41,150719,50.600812412,-123.482482302,1706.723000000,13,0.215000000,0.128000000,0.419000000
21:36:42,150719,50.600812452,-123.482482305,1706.725000000,13,0.215000000,0.128000000,0.419000000
21:36:43,150719,50.600812433,-123.482482285,1706.727000000,13,0.215000000,0.128000000,0.419000000
21:36:44,150719,50.600812408,-123.482482282,1706.735000000,13,0.215000000,0.128000000,0.419000000
21:36:45,150719,50.600812370,-123.482482283,1706.739000000,13,0.215000000,0.128000000,0.419000000
21:36:46,150719,50.600812323,-123.482482300,1706.739000000,13,0.215000000,0.128000000,0.419000000
21:36:47,150719,50.600812257,-123.482482297,1706.734000000,13,0.215000000,0.128000000,0.419000000
21:36:48,150719,50.600812193,-123.482482298,1706.732000000,13,0.215000000,0.128000000,0.419000000
21:36:49,150719,50.600812153,-123.482482302,1706.731000000,13,0.215000000,0.128000000,0.419000000
21:36:50,150719,50.600812127,-123.482482295,1706.730000000,13,0.215000000,0.128000000,0.419000000
21:36:51,150719,50.600812145,-123.482482317,1706.731000000,13,0.215000000,0.128000000,0.419000000
21:36:52,150719,50.600812198,-123.482482333,1706.730000000,13,0.215000000,0.128000000,0.419000000
21:36:53,150719,50.600812252,-123.482482318,1706.730000000,13,0.215000000,0.128000000,0.419000000
21:36:54,150719,50.600812292,-123.482482323,1706.729000000,13,0.215000000,0.128000000,0.419000000
21:36:55,150719,50.600812323,-123.482482330,1706.731000000,13,0.215000000,0.128000000,0.419000000
21:36:56,150719,50.600812397,-123.482482335,1706.738000000,13,0.215000000,0.128000000,0.419000000
21:36:57,150719,50.600812472,-123.482482343,1706.748000000,13,0.215000000,0.128000000,0.419000000
21:36:58,150719,50.600812510,-123.482482347,1706.753000000,13,0.215000000,0.128000000,0.419000000
21:36:59,150719,50.600812577,-123.482482340,1706.750000000,13,0.215000000,0.128000000,0.419000000
21:37:00,150719,50.600812617,-123.482482302,1706.748000000,13,0.215000000,0.128000000,0.419000000
21:37:01,150719,50.600812622,-123.482482277,1706.745000000,13,0.215000000,0.128000000,0.419000000
21:37:02,150719,50.600812652,-123.482482252,1706.743000000,13,0.215000000,0.128000000,0.419000000
21:37:03,150719,50.600812682,-123.482482232,1706.743000000,13,0.215000000,0.128000000,0.419000000
21:37:04,150719,50.600812748,-123.482482233,1706.748000000,13,0.215000000,0.128000000,0.419000000
21:37:05,150719,50.600812825,-123.482482245,1706.754000000,13,0.215000000,0.128000000,0.419000000
21:37:06,150719,50.600812887,-123.482482263,1706.768000000,13,0.215000000,0.128000000,0.419000000
21:37:07,150719,50.600812928,-123.482482260,1706.776000000,13,0.215000000,0.128000000,0.419000000
21:37:08,150719,50.600812973,-123.482482250,1706.785000000,13,0.215000000,0.128000000,0.419000000
21:37:09,150719,50.600813002,-123.482482253,1706.786000000,13,0.215000000,0.128000000,0.419000000
21:37:10,150719,50.600813022,-123.482482250,1706.792000000,13,0.215000000,0.128000000,0.419000000
21:37:11,150719,50.600812972,-123.482482250,1706.785000000,13,0.215000000,0.128000000,0.419000000
21:37:12,150719,50.600812965,-123.482482273,1706.778000000,13,0.215000000,0.128000000,0.419000000
21:37:13,150719,50.600812920,-123.482482283,1706.764000000,13,0.215000000,0.128000000,0.419000000
21:37:14,150719,50.600812863,-123.482482277,1706.755000000,13,0.215000000,0.128000000,0.419000000
21:37:15,150719,50.600812812,-123.482482258,1706.749000000,13,0.215000000,0.128000000,0.419000000
21:37:16,150719,50.600812805,-123.482482225,1706.742000000,13,0.215000000,0.128000000,0.419000000
21:37:17,150719,50.600812880,-123.482482215,1706.750000000,13,0.215000000,0.128000000,0.419000000
21:37:18,150719,50.600812983,-123.482482220,1706.751000000,13,0.215000000,0.128000000,0.419000000
21:37:19,150719,50.600813072,-123.482482225,1706.755000000,13,0.215000000,0.128000000,0.419000000
21:37:20,150719,50.600813160,-123.482482243,1706.760000000,13,0.215000000,0.128000000,0.419000000
21:37:21,150719,50.600813252,-123.482482232,1706.760000000,13,0.215000000,0.128000000,0.419000000
21:37:22,150719,50.600813283,-123.482482238,1706.763000000,13,0.215000000,0.128000000,0.419000000
21:37:23,150719,50.600813308,-123.482482240,1706.771000000,13,0.215000000,0.128000000,0.419000000
21:37:24,150719,50.600813318,-123.482482212,1706.779000000,13,0.215000000,0.128000000,0.419000000
21:37:25,150719,50.600813328,-123.482482215,1706.787000000,13,0.215000000,0.128000000,0.419000000
21:37:26,150719,50.600813327,-123.482482198,1706.791000000,13,0.215000000,0.128000000,0.419000000
21:37:27,150719,50.600813333,-123.482482193,1706.794000000,13,0.215000000,0.128000000,0.419000000
21:37:28,150719,50.600813337,-123.482482175,1706.796000000,13,0.215000000,0.128000000,0.419000000
21:37:29,150719,50.600813325,-123.482482145,1706.798000000,13,0.215000000,0.128000000,0.419000000
21:37:30,150719,50.600813298,-123.482482133,1706.794000000,13,0.215000000,0.128000000,0.419000000
21:37:31,150719,50.600813265,-123.482482113,1706.794000000,13,0.215000000,0.128000000,0.419000000
21:37:32,150719,50.600813220,-123.482482102,1706.786000000,13,0.215000000,0.128000000,0.419000000
21:37:33,150719,50.600813185,-123.482482090,1706.780000000,13,0.215000000,0.128000000,0.419000000
21:37:34,150719,50.600813167,-123.482482095,1706.784000000,13,0.215000000,0.128000000,0.419000000
21:37:35,150719,50.600813165,-123.482482065,1706.791000000,13,0.215000000,0.128000000,0.419000000
21:37:36,150719,50.600813148,-123.482482013,1706.800000000,13,0.215000000,0.128000000,0.419000000
21:37:37,150719,50.600813127,-123.482481978,1706.807000000,13,0.215000000,0.128000000,0.419000000
21:37:38,150719,50.600813100,-123.482481947,1706.811000000,13,0.215000000,0.128000000,0.419000000
21:37:39,150719,50.600813068,-123.482481927,1706.811000000,13,0.215000000,0.128000000,0.419000000
21:37:40,150719,50.600813077,-123.482481925,1706.819000000,13,0.215000000,0.128000000,0.419000000
21:37:41,150719,50.600813105,-123.482481903,1706.822000000,13,0.215000000,0.128000000,0.419000000
21:37:42,150719,50.600813150,-123.482481922,1706.826000000,13,0.215000000,0.128000000,0.419000000
21:37:43,150719,50.600813205,-123.482481907,1706.832000000,13,0.215000000,0.128000000,0.419000000
21:37:44,150719,50.600813233,-123.482481905,1706.835000000,13,0.215000000,0.128000000,0.419000000
21:37:45,150719,50.600813248,-123.482481898,1706.839000000,13,0.215000000,0.128000000,0.419000000
21:37:46,150719,50.600813252,-123.482481885,1706.842000000,13,0.215000000,0.128000000,0.419000000
21:37:47,150719,50.600813282,-123.482481875,1706.846000000,13,0.215000000,0.128000000,0.419000000
21:37:48,150719,50.600813307,-123.482481862,1706.854000000,13,0.216000000,0.128000000,0.419000000
21:37:49,150719,50.600813342,-123.482481827,1706.858000000,13,0.216000000,0.128000000,0.419000000
21:37:50,150719,50.600813347,-123.482481838,1706.866000000,13,0.216000000,0.128000000,0.419000000
21:37:51,150719,50.600813348,-123.482481838,1706.871000000,13,0.216000000,0.128000000,0.419000000
21:37:52,150719,50.600813313,-123.482481832,1706.872000000,13,0.216000000,0.128000000,0.419000000
21:37:53,150719,50.600813233,-123.482481822,1706.868000000,13,0.216000000,0.128000000,0.419000000
21:37:54,150719,50.600813163,-123.482481830,1706.860000000,13,0.216000000,0.128000000,0.419000000
21:37:55,150719,50.600813127,-123.482481832,1706.854000000,13,0.216000000,0.128000000,0.419000000
21:37:56,150719,50.600813093,-123.482481853,1706.847000000,13,0.216000000,0.128000000,0.419000000
21:37:57,150719,50.600813038,-123.482481885,1706.845000000,13,0.216000000,0.128000000,0.419000000
21:37:58,150719,50.600812998,-123.482481900,1706.840000000,13,0.216000000,0.128000000,0.419000000
21:37:59,150719,50.600812950,-123.482481902,1706.842000000,13,0.216000000,0.128000000,0.419000000
21:38:00,150719,50.600812918,-123.482481883,1706.837000000,13,0.216000000,0.128000000,0.419000000
21:38:01,150719,50.600812883,-123.482481888,1706.838000000,13,0.216000000,0.128000000,0.419000000
21:38:02,150719,50.600812830,-123.482481868,1706.836000000,13,0.216000000,0.128000000,0.419000000
21:38:03,150719,50.600812773,-123.482481870,1706.834000000,13,0.216000000,0.128000000,0.419000000
21:38:04,150719,50.600812758,-123.482481870,1706.830000000,13,0.216000000,0.128000000,0.419000000
21:38:05,150719,50.600812780,-123.482481883,1706.828000000,13,0.216000000,0.128000000,0.419000000
21:38:06,150719,50.600812823,-123.482481915,1706.828000000,13,0.216000000,0.128000000,0.419000000
21:38:07,150719,50.600812808,-123.482481920,1706.827000000,13,0.216000000,0.128000000,0.419000000
21:38:08,150719,50.600812837,-123.482481935,1706.825000000,13,0.216000000,0.128000000,0.419000000
21:38:09,150719,50.600812852,-123.482481945,1706.824000000,13,0.216000000,0.128000000,0.419000000
21:38:10,150719,50.600812858,-123.482481955,1706.822000000,13,0.216000000,0.128000000,0.419000000
21:38:11,150719,50.600812922,-123.482481950,1706.830000000,13,0.216000000,0.128000000,0.419000000
21:38:12,150719,50.600812952,-123.482481933,1706.836000000,13,0.216000000,0.128000000,0.419000000
21:38:13,150719,50.600812982,-123.482481922,1706.837000000,13,0.216000000,0.128000000,0.419000000
21:38:14,150719,50.600813003,-123.482481928,1706.842000000,13,0.216000000,0.128000000,0.419000000
21:38:15,150719,50.600813030,-123.482481927,1706.845000000,13,0.216000000,0.128000000,0.419000000
21:38:16,150719,50.600813010,-123.482481922,1706.842000000,13,0.216000000,0.128000000,0.419000000
21:38:17,150719,50.600812943,-123.482481912,1706.832000000,13,0.216000000,0.128000000,0.419000000
21:38:18,150719,50.600812873,-123.482481883,1706.820000000,13,0.216000000,0.128000000,0.419000000
21:38:19,150719,50.600812830,-123.482481865,1706.809000000,13,0.216000000,0.128000000,0.419000000
21:38:20,150719,50.600812792,-123.482481852,1706.802000000,13,0.216000000,0.128000000,0.419000000
21:38:21,150719,50.600812737,-123.482481852,1706.793000000,13,0.216000000,0.127000000,0.419000000
21:38:22,150719,50.600812738,-123.482481863,1706.789000000,13,0.216000000,0.127000000,0.419000000
21:38:23,150719,50.600812767,-123.482481840,1706.796000000,13,0.216000000,0.127000000,0.419000000
21:38:24,150719,50.600812813,-123.482481833,1706.798000000,13,0.216000000,0.127000000,0.419000000
21:38:25,150719,50.600812847,-123.482481805,1706.810000000,13,0.216000000,0.127000000,0.419000000
21:38:26,150719,50.600812907,-123.482481813,1706.816000000,13,0.216000000,0.127000000,0.419000000
21:38:27,150719,50.600812980,-123.482481820,1706.821000000,13,0.216000000,0.127000000,0.419000000
21:38:28,150719,50.600813047,-123.482481833,1706.827000000,13,0.216000000,0.127000000,0.419000000
21:38:29,150719,50.600813088,-123.482481850,1706.826000000,13,0.216000000,0.127000000,0.419000000
21:38:30,150719,50.600813108,-123.482481825,1706.826000000,13,0.216000000,0.127000000,0.419000000
21:38:31,150719,50.600813138,-123.482481788,1706.827000000,13,0.216000000,0.127000000,0.419000000
21:38:32,150719,50.600813163,-123.482481770,1706.830000000,13,0.216000000,0.127000000,0.419000000
21:38:33,150719,50.600813187,-123.482481757,1706.832000000,13,0.216000000,0.127000000,0.419000000
21:38:34,150719,50.600813187,-123.482481737,1706.835000000,13,0.216000000,0.127000000,0.419000000
21:38:35,150719,50.600813155,-123.482481747,1706.838000000,13,0.216000000,0.127000000,0.419000000
21:38:36,150719,50.600813115,-123.482481763,1706.838000000,13,0.216000000,0.127000000,0.419000000
21:38:37,150719,50.600813060,-123.482481765,1706.841000000,13,0.216000000,0.127000000,0.419000000
21:38:38,150719,50.600813002,-123.482481757,1706.835000000,13,0.216000000,0.127000000,0.419000000
21:38:39,150719,50.600812933,-123.482481748,1706.835000000,13,0.216000000,0.127000000,0.419000000
21:38:40,150719,50.600812873,-123.482481755,1706.837000000,13,0.216000000,0.127000000,0.419000000
21:38:41,150719,50.600812835,-123.482481738,1706.840000000,13,0.216000000,0.127000000,0.419000000
21:38:42,150719,50.600812803,-123.482481750,1706.835000000,13,0.216000000,0.127000000,0.419000000
21:38:43,150719,50.600812790,-123.482481727,1706.835000000,13,0.216000000,0.127000000,0.419000000
21:38:44,150719,50.600812763,-123.482481722,1706.830000000,13,0.216000000,0.127000000,0.419000000
21:38:45,150719,50.600812740,-123.482481693,1706.827000000,13,0.216000000,0.127000000,0.419000000
21:38:46,150719,50.600812733,-123.482481678,1706.825000000,13,0.216000000,0.127000000,0.419000000
21:38:47,150719,50.600812768,-123.482481683,1706.833000000,13,0.216000000,0.127000000,0.419000000
21:38:48,150719,50.600812825,-123.482481692,1706.831000000,13,0.216000000,0.127000000,0.419000000
21:38:49,150719,50.600812835,-123.482481695,1706.833000000,13,0.216000000,0.127000000,0.419000000
21:38:50,150719,50.600812880,-123.482481698,1706.838000000,13,0.216000000,0.127000000,0.419000000
21:38:51,150719,50.600812905,-123.482481690,1706.837000000,13,0.216000000,0.127000000,0.420000000
21:38:52,150719,50.600812967,-123.482481683,1706.839000000,13,0.216000000,0.127000000,0.420000000
21:38:53,150719,50.600812992,-123.482481675,1706.839000000,13,0.216000000,0.127000000,0.420000000
21:38:54,150719,50.600813033,-123.482481667,1706.837000000,13,0.216000000,0.127000000,0.420000000
21:38:55,150719,50.600813042,-123.482481642,1706.832000000,13,0.216000000,0.127000000,0.420000000
21:38:56,150719,50.600813047,-123.482481670,1706.829000000,13,0.216000000,0.127000000,0.420000000
21:38:57,150719,50.600813045,-123.482481653,1706.824000000,13,0.216000000,0.127000000,0.420000000
21:38:58,150719,50.600813017,-123.482481668,1706.818000000,13,0.216000000,0.127000000,0.420000000
21:38:59,150719,50.600812887,-123.482481667,1706.814000000,13,0.216000000,0.127000000,0.420000000
21:39:00,150719,50.600812792,-123.482481675,1706.814000000,13,0.217000000,0.127000000,0.420000000
21:39:01,150719,50.600812685,-123.482481668,1706.807000000,13,0.217000000,0.127000000,0.420000000
21:39:02,150719,50.600812602,-123.482481653,1706.807000000,13,0.217000000,0.127000000,0.420000000
21:39:03,150719,50.600812552,-123.482481640,1706.806000000,13,0.217000000,0.127000000,0.420000000
21:39:04,150719,50.600812577,-123.482481640,1706.807000000,13,0.217000000,0.127000000,0.420000000
21:39:05,150719,50.600812613,-123.482481632,1706.807000000,13,0.217000000,0.127000000,0.420000000
21:39:06,150719,50.600812645,-123.482481600,1706.806000000,13,0.217000000,0.127000000,0.420000000
21:39:07,150719,50.600812680,-123.482481580,1706.804000000,13,0.217000000,0.127000000,0.420000000
21:39:08,150719,50.600812697,-123.482481538,1706.809000000,13,0.217000000,0.127000000,0.420000000
21:39:09,150719,50.600812752,-123.482481527,1706.813000000,13,0.217000000,0.127000000,0.420000000
21:39:10,150719,50.600812810,-123.482481518,1706.818000000,13,0.217000000,0.127000000,0.420000000
21:39:11,150719,50.600812852,-123.482481495,1706.831000000,13,0.217000000,0.127000000,0.420000000
21:39:12,150719,50.600812895,-123.482481485,1706.836000000,13,0.217000000,0.127000000,0.420000000
21:39:13,150719,50.600812912,-123.482481475,1706.844000000,13,0.217000000,0.127000000,0.420000000
21:39:14,150719,50.600812938,-123.482481468,1706.851000000,13,0.217000000,0.127000000,0.420000000
21:39:15,150719,50.600812950,-123.482481478,1706.856000000,13,0.217000000,0.127000000,0.420000000
21:39:16,150719,50.600812938,-123.482481472,1706.857000000,13,0.217000000,0.127000000,0.420000000
21:39:17,150719,50.600812930,-123.482481465,1706.856000000,13,0.217000000,0.127000000,0.420000000
21:39:18,150719,50.600812940,-123.482481470,1706.860000000,13,0.217000000,0.127000000,0.420000000
21:39:19,150719,50.600812927,-123.482481478,1706.858000000,13,0.217000000,0.127000000,0.420000000
21:39:20,150719,50.600812923,-123.482481470,1706.861000000,13,0.217000000,0.127000000,0.420000000
21:39:21,150719,50.600812867,-123.482481488,1706.856000000,13,0.217000000,0.127000000,0.420000000
21:39:22,150719,50.600812765,-123.482481460,1706.851000000,13,0.217000000,0.127000000,0.420000000
21:39:23,150719,50.600812615,-123.482481430,1706.846000000,13,0.217000000,0.127000000,0.420000000
21:39:24,150719,50.600812470,-123.482481420,1706.842000000,13,0.217000000,0.127000000,0.420000000
21:39:25,150719,50.600812357,-123.482481413,1706.842000000,13,0.217000000,0.127000000,0.420000000
21:39:26,150719,50.600812262,-123.482481395,1706.844000000,13,0.217000000,0.127000000,0.420000000
21:39:27,150719,50.600812190,-123.482481385,1706.846000000,13,0.217000000,0.127000000,0.420000000
21:39:28,150719,50.600812180,-123.482481347,1706.849000000,13,0.217000000,0.127000000,0.420000000
21:39:29,150719,50.600812255,-123.482481343,1706.855000000,13,0.217000000,0.127000000,0.420000000
21:39:30,150719,50.600812332,-123.482481323,1706.863000000,13,0.217000000,0.127000000,0.420000000
21:39:31,150719,50.600812395,-123.482481338,1706.866000000,13,0.217000000,0.127000000,0.420000000
21:39:32,150719,50.600812463,-123.482481333,1706.877000000,13,0.217000000,0.127000000,0.420000000
21:39:33,150719,50.600812520,-123.482481318,1706.886000000,13,0.217000000,0.127000000,0.420000000
21:39:34,150719,50.600812527,-123.482481320,1706.896000000,13,0.217000000,0.127000000,0.420000000
21:39:35,150719,50.600812563,-123.482481325,1706.906000000,13,0.217000000,0.127000000,0.420000000
21:39:36,150719,50.600812615,-123.482481343,1706.912000000,13,0.217000000,0.127000000,0.420000000
21:39:37,150719,50.600812665,-123.482481348,1706.917000000,13,0.217000000,0.127000000,0.420000000
21:39:38,150719,50.600812692,-123.482481350,1706.923000000,13,0.217000000,0.127000000,0.420000000
21:39:39,150719,50.600812725,-123.482481323,1706.927000000,13,0.217000000,0.127000000,0.420000000
21:39:40,150719,50.600812735,-123.482481333,1706.928000000,13,0.217000000,0.127000000,0.420000000
21:39:41,150719,50.600812675,-123.482481320,1706.924000000,13,0.217000000,0.127000000,0.420000000
21:39:42,150719,50.600812630,-123.482481350,1706.925000000,13,0.217000000,0.127000000,0.420000000
21:39:43,150719,50.600812565,-123.482481353,1706.926000000,13,0.217000000,0.127000000,0.420000000
21:39:44,150719,50.600812490,-123.482481352,1706.931000000,13,0.217000000,0.127000000,0.420000000
21:39:45,150719,50.600812385,-123.482481318,1706.925000000,13,0.217000000,0.127000000,0.420000000
21:39:46,150719,50.600812320,-123.482481323,1706.924000000,13,0.217000000,0.127000000,0.420000000
21:39:47,150719,50.600812302,-123.482481338,1706.920000000,13,0.217000000,0.127000000,0.420000000
21:39:48,150719,50.600812308,-123.482481357,1706.913000000,13,0.217000000,0.127000000,0.420000000
21:39:49,150719,50.600812302,-123.482481382,1706.908000000,13,0.217000000,0.127000000,0.420000000
21:39:50,150719,50.600812285,-123.482481393,1706.903000000,13,0.217000000,0.127000000,0.420000000
21:39:51,150719,50.600812293,-123.482481392,1706.900000000,13,0.217000000,0.127000000,0.420000000
21:39:52,150719,50.600812308,-123.482481405,1706.898000000,13,0.217000000,0.127000000,0.420000000
21:39:53,150719,50.600812343,-123.482481403,1706.899000000,13,0.217000000,0.127000000,0.420000000
21:39:54,150719,50.600812378,-123.482481420,1706.897000000,13,0.217000000,0.127000000,0.419000000
21:39:55,150719,50.600812408,-123.482481415,1706.900000000,13,0.217000000,0.127000000,0.419000000
21:39:56,150719,50.600812428,-123.482481423,1706.898000000,13,0.217000000,0.127000000,0.419000000
21:39:57,150719,50.600812482,-123.482481423,1706.896000000,13,0.217000000,0.127000000,0.419000000
21:39:58,150719,50.600812513,-123.482481435,1706.890000000,13,0.217000000,0.127000000,0.419000000
21:39:59,150719,50.600812565,-123.482481432,1706.880000000,12,0.217000000,0.137000000,0.452000000
21:40:00,150719,50.600812600,-123.482481415,1706.882000000,12,0.217000000,0.137000000,0.452000000
21:40:01,150719,50.600812607,-123.482481402,1706.876000000,12,0.217000000,0.137000000,0.452000000
21:40:02,150719,50.600812607,-123.482481402,1706.870000000,12,0.217000000,0.137000000,0.452000000
21:40:03,150719,50.600812642,-123.482481422,1706.864000000,12,0.217000000,0.137000000,0.452000000
21:40:04,150719,50.600812657,-123.482481408,1706.860000000,12,0.217000000,0.137000000,0.452000000
21:40:05,150719,50.600812628,-123.482481392,1706.854000000,12,0.217000000,0.137000000,0.452000000
21:40:06,150719,50.600812592,-123.482481362,1706.851000000,12,0.217000000,0.137000000,0.452000000
21:40:07,150719,50.600812577,-123.482481348,1706.849000000,12,0.217000000,0.137000000,0.452000000
21:40:08,150719,50.600812575,-123.482481355,1706.845000000,12,0.217000000,0.137000000,0.452000000
21:40:09,150719,50.600812583,-123.482481340,1706.845000000,12,0.217000000,0.137000000,0.452000000
21:40:10,150719,50.600812575,-123.482481347,1706.846000000,12,0.217000000,0.137000000,0.452000000
21:40:11,150719,50.600812560,-123.482481330,1706.850000000,12,0.218000000,0.137000000,0.452000000
21:40:12,150719,50.600812545,-123.482481318,1706.850000000,12,0.218000000,0.137000000,0.452000000
21:40:13,150719,50.600812542,-123.482481322,1706.850000000,12,0.218000000,0.137000000,0.452000000
21:40:14,150719,50.600812537,-123.482481307,1706.855000000,12,0.218000000,0.137000000,0.452000000
21:40:15,150719,50.600812537,-123.482481308,1706.863000000,12,0.218000000,0.137000000,0.452000000
21:40:16,150719,50.600812597,-123.482481322,1706.863000000,12,0.218000000,0.137000000,0.452000000
21:40:17,150719,50.600812687,-123.482481340,1706.872000000,12,0.218000000,0.137000000,0.451000000
21:40:18,150719,50.600812758,-123.482481360,1706.877000000,12,0.218000000,0.137000000,0.451000000
21:40:19,150719,50.600812843,-123.482481333,1706.886000000,12,0.218000000,0.137000000,0.451000000
21:40:20,150719,50.600812920,-123.482481337,1706.891000000,12,0.218000000,0.137000000,0.451000000
21:40:21,150719,50.600813000,-123.482481348,1706.896000000,12,0.218000000,0.137000000,0.451000000
21:40:22,150719,50.600813077,-123.482481347,1706.903000000,12,0.218000000,0.137000000,0.451000000
21:40:23,150719,50.600813108,-123.482481365,1706.905000000,12,0.218000000,0.137000000,0.451000000
21:40:24,150719,50.600813102,-123.482481382,1706.904000000,12,0.218000000,0.137000000,0.451000000
21:40:25,150719,50.600813080,-123.482481372,1706.904000000,12,0.218000000,0.137000000,0.451000000
21:40:26,150719,50.600813035,-123.482481372,1706.908000000,12,0.218000000,0.137000000,0.451000000
21:40:27,150719,50.600813033,-123.482481368,1706.910000000,12,0.218000000,0.137000000,0.451000000
21:40:28,150719,50.600813033,-123.482481362,1706.910000000,12,0.218000000,0.137000000,0.451000000
21:40:29,150719,50.600813027,-123.482481367,1706.912000000,12,0.218000000,0.137000000,0.451000000
21:40:30,150719,50.600813043,-123.482481362,1706.913000000,12,0.218000000,0.137000000,0.451000000
21:40:31,150719,50.600813070,-123.482481415,1706.912000000,12,0.218000000,0.137000000,0.451000000
21:40:32,150719,50.600813082,-123.482481415,1706.913000000,12,0.218000000,0.137000000,0.451000000
21:40:33,150719,50.600813058,-123.482481427,1706.913000000,12,0.218000000,0.137000000,0.451000000
21:40:34,150719,50.600813033,-123.482481438,1706.910000000,12,0.218000000,0.137000000,0.451000000
21:40:35,150719,50.600813037,-123.482481427,1706.912000000,12,0.218000000,0.137000000,0.451000000
21:40:36,150719,50.600813068,-123.482481438,1706.915000000,12,0.218000000,0.137000000,0.451000000
21:40:37,150719,50.600813113,-123.482481457,1706.920000000,12,0.218000000,0.137000000,0.451000000
21:40:38,150719,50.600813167,-123.482481482,1706.927000000,12,0.218000000,0.137000000,0.451000000
21:40:39,150719,50.600813235,-123.482481495,1706.932000000,12,0.218000000,0.137000000,0.451000000
21:40:40,150719,50.600813267,-123.482481517,1706.938000000,12,0.218000000,0.137000000,0.451000000
21:40:41,150719,50.600813285,-123.482481512,1706.943000000,12,0.218000000,0.137000000,0.451000000
21:40:42,150719,50.600813295,-123.482481537,1706.945000000,12,0.218000000,0.137000000,0.451000000
21:40:43,150719,50.600813318,-123.482481595,1706.945000000,12,0.218000000,0.137000000,0.451000000
21:40:44,150719,50.600813330,-123.482481598,1706.945000000,12,0.218000000,0.137000000,0.451000000
21:40:45,150719,50.600813338,-123.482481627,1706.948000000,13,0.218000000,0.127000000,0.419000000
21:40:46,150719,50.600813357,-123.482481625,1706.944000000,13,0.218000000,0.127000000,0.419000000
21:40:47,150719,50.600813322,-123.482481628,1706.943000000,13,0.218000000,0.127000000,0.419000000
21:40:48,150719,50.600813290,-123.482481645,1706.938000000,13,0.218000000,0.127000000,0.419000000
21:40:49,150719,50.600813270,-123.482481677,1706.936000000,13,0.218000000,0.127000000,0.419000000
21:40:50,150719,50.600813227,-123.482481687,1706.939000000,13,0.218000000,0.127000000,0.419000000
21:40:51,150719,50.600813205,-123.482481712,1706.934000000,13,0.218000000,0.127000000,0.419000000
21:40:52,150719,50.600813208,-123.482481720,1706.935000000,13,0.218000000,0.127000000,0.419000000
21:40:53,150719,50.600813237,-123.482481728,1706.930000000,13,0.218000000,0.127000000,0.419000000
21:40:54,150719,50.600813297,-123.482481755,1706.926000000,13,0.218000000,0.127000000,0.419000000
21:40:55,150719,50.600813355,-123.482481780,1706.929000000,13,0.218000000,0.127000000,0.419000000
21:40:56,150719,50.600813427,-123.482481807,1706.926000000,13,0.218000000,0.127000000,0.419000000
21:40:57,150719,50.600813470,-123.482481805,1706.930000000,13,0.218000000,0.127000000,0.419000000
21:40:58,150719,50.600813477,-123.482481822,1706.930000000,13,0.218000000,0.127000000,0.419000000
21:40:59,150719,50.600813450,-123.482481835,1706.925000000,13,0.218000000,0.127000000,0.419000000
21:41:00,150719,50.600813388,-123.482481843,1706.917000000,13,0.218000000,0.127000000,0.419000000
21:41:01,150719,50.600813330,-123.482481855,1706.912000000,13,0.218000000,0.127000000,0.419000000
21:41:02,150719,50.600813268,-123.482481865,1706.913000000,13,0.218000000,0.127000000,0.419000000
21:41:03,150719,50.600813242,-123.482481868,1706.916000000,13,0.218000000,0.127000000,0.419000000
21:41:04,150719,50.600813263,-123.482481895,1706.915000000,13,0.218000000,0.127000000,0.419000000
21:41:05,150719,50.600813223,-123.482481917,1706.906000000,13,0.218000000,0.127000000,0.419000000
21:41:06,150719,50.600813192,-123.482481950,1706.900000000,13,0.218000000,0.127000000,0.419000000
21:41:07,150719,50.600813187,-123.482481952,1706.894000000,13,0.218000000,0.127000000,0.419000000
21:41:08,150719,50.600813190,-123.482481983,1706.886000000,13,0.218000000,0.127000000,0.419000000
21:41:09,150719,50.600813197,-123.482482003,1706.883000000,13,0.218000000,0.127000000,0.419000000
21:41:10,150719,50.600813218,-123.482481997,1706.880000000,13,0.218000000,0.127000000,0.419000000
21:41:11,150719,50.600813250,-123.482481983,1706.880000000,13,0.218000000,0.127000000,0.419000000
21:41:12,150719,50.600813298,-123.482481980,1706.880000000,13,0.218000000,0.127000000,0.419000000
21:41:13,150719,50.600813310,-123.482481988,1706.881000000,13,0.218000000,0.127000000,0.419000000
21:41:14,150719,50.600813332,-123.482481995,1706.886000000,13,0.218000000,0.127000000,0.419000000
21:41:15,150719,50.600813352,-123.482481990,1706.891000000,13,0.218000000,0.127000000,0.419000000
21:41:16,150719,50.600813383,-123.482481978,1706.890000000,13,0.218000000,0.127000000,0.419000000
21:41:17,150719,50.600813395,-123.482481987,1706.898000000,13,0.218000000,0.127000000,0.419000000
21:41:18,150719,50.600813388,-123.482481975,1706.904000000,13,0.218000000,0.127000000,0.419000000
21:41:19,150719,50.600813382,-123.482481985,1706.902000000,13,0.218000000,0.127000000,0.419000000
21:41:20,150719,50.600813343,-123.482481993,1706.905000000,13,0.218000000,0.127000000,0.419000000
21:41:21,150719,50.600813337,-123.482482003,1706.908000000,13,0.218000000,0.127000000,0.419000000
21:41:22,150719,50.600813318,-123.482481997,1706.909000000,13,0.218000000,0.127000000,0.419000000
21:41:23,150719,50.600813268,-123.482482025,1706.917000000,13,0.218000000,0.127000000,0.419000000
21:41:24,150719,50.600813243,-123.482482037,1706.917000000,13,0.218000000,0.127000000,0.419000000
21:41:25,150719,50.600813200,-123.482482083,1706.916000000,13,0.218000000,0.127000000,0.419000000
21:41:26,150719,50.600813165,-123.482482092,1706.909000000,13,0.218000000,0.127000000,0.419000000
21:41:27,150719,50.600813173,-123.482482102,1706.909000000,13,0.219000000,0.127000000,0.419000000
21:41:28,150719,50.600813240,-123.482482093,1706.908000000,13,0.219000000,0.127000000,0.419000000
21:41:29,150719,50.600813347,-123.482482080,1706.912000000,13,0.219000000,0.127000000,0.419000000
21:41:30,150719,50.600813443,-123.482482073,1706.912000000,13,0.219000000,0.127000000,0.419000000
21:41:31,150719,50.600813507,-123.482482057,1706.915000000,13,0.219000000,0.127000000,0.419000000
21:41:32,150719,50.600813557,-123.482482043,1706.919000000,13,0.219000000,0.127000000,0.419000000
21:41:33,150719,50.600813615,-123.482482043,1706.922000000,13,0.219000000,0.127000000,0.419000000
21:41:34,150719,50.600813632,-123.482482055,1706.930000000,13,0.219000000,0.127000000,0.419000000
21:41:35,150719,50.600813607,-123.482482030,1706.925000000,13,0.219000000,0.127000000,0.419000000
21:41:36,150719,50.600813567,-123.482482015,1706.924000000,13,0.219000000,0.127000000,0.419000000
21:41:37,150719,50.600813523,-123.482482008,1706.919000000,13,0.219000000,0.127000000,0.419000000
21:41:38,150719,50.600813458,-123.482482008,1706.912000000,13,0.219000000,0.127000000,0.419000000
21:41:39,150719,50.600813400,-123.482481982,1706.906000000,13,0.219000000,0.127000000,0.419000000
21:41:40,150719,50.600813348,-123.482481953,1706.897000000,13,0.219000000,0.127000000,0.419000000
21:41:41,150719,50.600813320,-123.482481948,1706.893000000,13,0.219000000,0.127000000,0.419000000
21:41:42,150719,50.600813322,-123.482481883,1706.885000000,13,0.219000000,0.127000000,0.419000000
21:41:43,150719,50.600813315,-123.482481962,1706.890000000,13,0.219000000,0.127000000,0.419000000
21:41:44,150719,50.600813323,-123.482482022,1706.893000000,13,0.219000000,0.127000000,0.419000000
21:41:45,150719,50.600813342,-123.482481935,1706.899000000,13,0.219000000,0.127000000,0.419000000
21:41:46,150719,50.600813330,-123.482482008,1706.910000000,13,0.219000000,0.127000000,0.419000000
21:41:47,150719,50.600813360,-123.482481978,1706.909000000,13,0.219000000,0.127000000,0.419000000
21:41:48,150719,50.600813353,-123.482481940,1706.904000000,13,0.219000000,0.127000000,0.419000000
21:41:49,150719,50.600813340,-123.482481933,1706.903000000,13,0.219000000,0.127000000,0.419000000
21:41:50,150719,50.600813333,-123.482481957,1706.901000000,13,0.219000000,0.127000000,0.419000000
21:41:51,150719,50.600813275,-123.482481968,1706.906000000,13,0.219000000,0.127000000,0.419000000
21:41:52,150719,50.600813102,-123.482481967,1707.149000000,9,0.228000000,0.161000000,0.499000000
21:41:53,150719,50.600812397,-123.482481648,1706.616000000,7,2.344000000,1.860000000,6.547000000
21:41:54,150719,50.600812572,-123.482481613,1706.581000000,7,2.344000000,1.860000000,6.547000000
21:41:55,150719,50.600811370,-123.482478002,1706.177000000,5,4.143000000,2.613000000,12.039000000
21:41:56,150719,50.600814250,-123.482478170,1705.981000000,6,4.196000000,2.372000000,12.757000000
21:41:57,150719,50.600817058,-123.482477078,1705.550000000,6,4.196000000,2.372000000,12.757000000
21:41:58,150719,50.600807777,-123.482469782,1706.080000000,8,3.400000000,2.116000000,7.241000000
21:41:59,150719,50.600801567,-123.482475492,1706.547000000,11,2.789000000,1.722000000,6.666000000
21:42:00,150719,50.600801600,-123.482474460,1706.316000000,13,1.984000000,1.150000000,3.795000000
21:42:01,150719,50.600802005,-123.482474762,1706.271000000,13,1.984000000,1.150000000,3.795000000
21:42:02,150719,50.600802145,-123.482475238,1706.277000000,13,1.984000000,1.150000000,3.795000000
21:42:03,150719,50.600801948,-123.482475657,1706.240000000,13,1.366000000,0.792000000,2.613000000
21:42:04,150719,50.600801843,-123.482476060,1706.201000000,13,1.366000000,0.792000000,2.613000000
21:42:05,150719,50.600801827,-123.482476377,1706.190000000,13,1.366000000,0.792000000,2.613000000
21:42:06,150719,50.600801780,-123.482476627,1706.167000000,13,1.028000000,0.596000000,1.966000000
21:42:07,150719,50.600801847,-123.482476797,1706.172000000,13,1.028000000,0.596000000,1.966000000
21:42:08,150719,50.600802483,-123.482475727,1706.096000000,9,2.284000000,1.607000000,4.983000000
21:42:09,150719,50.600805477,-123.482476567,1706.371000000,7,2.355000000,1.867000000,6.557000000
21:42:10,150719,50.600807097,-123.482471952,1706.744000000,6,2.843000000,2.488000000,8.186000000
21:42:16,150719,50.600800008,-123.482423843,1709.836000000,6,3.235000000,2.806000000,8.493000000
21:42:17,150719,50.600846672,-123.482482618,1707.260000000,7,2.997000000,2.376000000,8.334000000
21:42:18,150719,50.600855137,-123.482486282,1706.252000000,7,2.997000000,2.376000000,8.334000000
21:42:19,150719,50.600853710,-123.482477697,1703.079000000,6,5.135000000,2.902000000,15.600000000
21:42:20,150719,50.600854143,-123.482475917,1700.811000000,7,5.135000000,2.902000000,15.600000000
21:42:21,150719,50.600856132,-123.482473873,1699.116000000,6,4.849000000,2.740000000,14.732000000
21:42:22,150719,50.600858062,-123.482472242,1697.750000000,6,4.849000000,2.740000000,14.732000000
21:42:23,150719,50.600859018,-123.482471658,1696.749000000,7,2.672000000,1.905000000,6.765000000
21:42:24,150719,50.600859708,-123.482472832,1696.591000000,7,2.646000000,2.097000000,7.348000000
21:42:25,150719,50.600861282,-123.482473393,1696.179000000,6,4.068000000,2.299000000,12.358000000
21:42:26,150719,50.600863097,-123.482473130,1695.659000000,6,4.068000000,2.299000000,12.358000000
21:42:27,150719,50.600864380,-123.482473473,1695.219000000,6,4.068000000,2.299000000,12.358000000
21:42:28,150719,50.600865355,-123.482473703,1694.843000000,6,3.722000000,2.103000000,11.305000000
21:42:31,150719,50.600862312,-123.482480887,1694.627000000,6,3.843000000,2.172000000,11.671000000
21:42:32,150719,50.600866503,-123.482474442,1693.953000000,6,3.843000000,2.172000000,11.671000000
21:42:33,150719,50.600808515,-123.482481663,1705.664000000,10,2.825000000,1.536000000,5.270000000
21:42:34,150719,50.600806928,-123.482480513,1706.105000000,12,2.545000000,1.431000000,5.030000000
21:42:35,150719,50.600807272,-123.482479573,1706.204000000,13,1.858000000,1.074000000,3.544000000
21:42:36,150719,50.600808038,-123.482479593,1706.266000000,13,1.858000000,1.074000000,3.544000000
21:42:37,150719,50.600808448,-123.482480028,1706.258000000,13,1.858000000,1.074000000,3.544000000
21:42:38,150719,50.600808525,-123.482480193,1706.242000000,13,1.278000000,0.739000000,2.438000000
21:42:39,150719,50.600808557,-123.482480252,1706.263000000,13,1.278000000,0.739000000,2.438000000
21:42:40,150719,50.600808580,-123.482480263,1706.293000000,13,1.278000000,0.739000000,2.438000000
21:42:41,150719,50.600808545,-123.482480183,1706.317000000,13,0.884000000,0.511000000,1.686000000
21:42:42,150719,50.600808537,-123.482480017,1706.327000000,13,0.884000000,0.511000000,1.686000000
21:42:43,150719,50.600808538,-123.482479940,1706.321000000,13,0.884000000,0.511000000,1.686000000
21:42:44,150719,50.600808540,-123.482479952,1706.315000000,13,0.620000000,0.358000000,1.181000000
21:42:45,150719,50.600808618,-123.482480052,1706.321000000,13,0.620000000,0.358000000,1.181000000
21:42:46,150719,50.600808682,-123.482480110,1706.337000000,13,0.620000000,0.358000000,1.181000000
21:42:47,150719,50.600808695,-123.482480185,1706.360000000,13,0.461000000,0.266000000,0.879000000
21:42:48,150719,50.600808742,-123.482480283,1706.374000000,13,0.461000000,0.266000000,0.879000000
21:42:49,150719,50.600808777,-123.482480405,1706.378000000,13,0.461000000,0.266000000,0.879000000
21:42:50,150719,50.600808823,-123.482480505,1706.379000000,13,0.369000000,0.213000000,0.704000000
21:42:51,150719,50.600808943,-123.482480590,1706.382000000,13,0.369000000,0.213000000,0.704000000
21:42:52,150719,50.600809135,-123.482480697,1706.386000000,13,0.369000000,0.213000000,0.704000000
21:42:53,150719,50.600809318,-123.482480788,1706.397000000,13,0.302000000,0.175000000,0.576000000
21:42:54,150719,50.600809490,-123.482480807,1706.404000000,13,0.302000000,0.175000000,0.576000000
21:42:55,150719,50.600809623,-123.482480782,1706.404000000,13,0.302000000,0.175000000,0.576000000
21:42:56,150719,50.600809732,-123.482480692,1706.398000000,13,0.265000000,0.153000000,0.505000000
21:42:57,150719,50.600809822,-123.482480635,1706.389000000,13,0.265000000,0.153000000,0.505000000
21:42:58,150719,50.600809883,-123.482480568,1706.378000000,13,0.265000000,0.153000000,0.505000000
21:42:59,150719,50.600809917,-123.482480532,1706.369000000,13,0.230000000,0.133000000,0.438000000
21:43:00,150719,50.600809923,-123.482480517,1706.365000000,13,0.230000000,0.133000000,0.438000000
21:43:01,150719,50.600809903,-123.482480498,1706.363000000,13,0.230000000,0.133000000,0.438000000
21:43:02,150719,50.600809908,-123.482480482,1706.359000000,13,0.220000000,0.127000000,0.418000000
21:43:03,150719,50.600809937,-123.482480502,1706.359000000,13,0.220000000,0.127000000,0.418000000
21:43:04,150719,50.600809917,-123.482480547,1706.350000000,13,0.220000000,0.127000000,0.418000000
21:43:05,150719,50.600809858,-123.482480585,1706.344000000,13,0.220000000,0.127000000,0.418000000
21:43:06,150719,50.600809835,-123.482480605,1706.335000000,13,0.220000000,0.127000000,0.418000000
21:43:07,150719,50.600809812,-123.482480643,1706.335000000,13,0.220000000,0.127000000,0.418000000
21:43:08,150719,50.600809775,-123.482480652,1706.330000000,13,0.220000000,0.127000000,0.418000000
21:43:09,150719,50.600809715,-123.482480643,1706.321000000,13,0.220000000,0.127000000,0.418000000
21:43:10,150719,50.600809643,-123.482480625,1706.309000000,13,0.220000000,0.127000000,0.418000000
21:43:11,150719,50.600809602,-123.482480630,1706.307000000,13,0.220000000,0.127000000,0.418000000
21:43:12,150719,50.600809597,-123.482480635,1706.303000000,13,0.220000000,0.127000000,0.418000000
21:43:13,150719,50.600809593,-123.482480640,1706.305000000,13,0.220000000,0.127000000,0.418000000
21:43:14,150719,50.600809595,-123.482480642,1706.307000000,13,0.220000000,0.127000000,0.418000000
21:43:15,150719,50.600809563,-123.482480642,1706.305000000,13,0.220000000,0.127000000,0.418000000
21:43:16,150719,50.600809598,-123.482480603,1706.308000000,13,0.220000000,0.127000000,0.418000000
21:43:17,150719,50.600809663,-123.482480575,1706.317000000,13,0.220000000,0.127000000,0.418000000
21:43:18,150719,50.600809738,-123.482480522,1706.330000000,13,0.220000000,0.127000000,0.418000000
21:43:19,150719,50.600809822,-123.482480483,1706.341000000,13,0.220000000,0.127000000,0.418000000
21:43:20,150719,50.600809912,-123.482480442,1706.357000000,13,0.220000000,0.127000000,0.418000000
21:43:21,150719,50.600809977,-123.482480410,1706.369000000,13,0.220000000,0.127000000,0.418000000
21:43:22,150719,50.600810002,-123.482480370,1706.381000000,13,0.220000000,0.127000000,0.418000000
21:43:23,150719,50.600809952,-123.482480352,1706.379000000,13,0.220000000,0.127000000,0.418000000
21:43:24,150719,50.600809882,-123.482480325,1706.377000000,13,0.220000000,0.127000000,0.418000000
21:43:25,150719,50.600809825,-123.482480282,1706.378000000,13,0.220000000,0.127000000,0.418000000
21:43:26,150719,50.600809763,-123.482480258,1706.376000000,13,0.220000000,0.127000000,0.418000000
21:43:27,150719,50.600809735,-123.482480233,1706.377000000,13,0.220000000,0.127000000,0.418000000
21:43:28,150719,50.600809710,-123.482480247,1706.374000000,13,0.220000000,0.127000000,0.418000000
21:43:29,150719,50.600809647,-123.482480258,1706.362000000,13,0.220000000,0.127000000,0.418000000
21:43:30,150719,50.600809600,-123.482480252,1706.353000000,13,0.220000000,0.127000000,0.418000000
21:43:31,150719,50.600809557,-123.482480225,1706.352000000,13,0.220000000,0.127000000,0.418000000
21:43:32,150719,50.600809527,-123.482480178,1706.349000000,13,0.220000000,0.127000000,0.418000000
21:43:33,150719,50.600809557,-123.482480138,1706.346000000,13,0.220000000,0.127000000,0.418000000
21:43:34,150719,50.600809570,-123.482480127,1706.338000000,13,0.220000000,0.127000000,0.418000000
21:43:35,150719,50.600809612,-123.482480123,1706.340000000,13,0.220000000,0.127000000,0.418000000
21:43:36,150719,50.600809653,-123.482480105,1706.341000000,13,0.220000000,0.127000000,0.418000000
21:43:37,150719,50.600809723,-123.482480072,1706.346000000,13,0.220000000,0.127000000,0.418000000
