TIME,DATE(ddMMyy),LATITUDEGGA,LONGITUDEGGA,ALTITUDEGGA,NUMBERSAT,LATERR,LONGERR,ALTERR
22:15:21,150719,50.601429068,-123.478041297,1676.321000000,13,0.888000000,0.607000000,1.949000000
22:15:22,150719,50.601429217,-123.478041470,1676.329000000,13,0.888000000,0.607000000,1.949000000
22:15:23,150719,50.601429237,-123.478041712,1676.353000000,13,0.913000000,0.624000000,2.005000000
22:15:24,150719,50.601429227,-123.478041922,1676.374000000,13,0.913000000,0.624000000,2.005000000
22:15:25,150719,50.601429185,-123.478042218,1676.410000000,13,0.913000000,0.624000000,2.005000000
22:15:26,150719,50.601429220,-123.478042385,1676.427000000,13,0.922000000,0.630000000,2.024000000
22:15:27,150719,50.601429253,-123.478042512,1676.443000000,13,0.922000000,0.630000000,2.024000000
22:15:28,150719,50.601429360,-123.478042517,1676.445000000,12,0.999000000,0.681000000,2.077000000
22:15:29,150719,50.601428918,-123.478041848,1676.465000000,12,0.999000000,0.681000000,2.077000000
22:15:30,150719,50.601429072,-123.478041697,1676.452000000,12,0.999000000,0.681000000,2.077000000
22:15:31,150719,50.601429125,-123.478041873,1676.473000000,12,0.998000000,0.681000000,2.075000000
22:15:32,150719,50.601429308,-123.478041890,1676.444000000,12,0.998000000,0.681000000,2.075000000
22:15:33,150719,50.601430025,-123.478041058,1676.340000000,12,0.998000000,0.681000000,2.075000000
22:15:34,150719,50.601430182,-123.478041022,1676.328000000,12,1.012000000,0.691000000,2.104000000
22:15:35,150719,50.601430238,-123.478041080,1676.334000000,12,1.012000000,0.691000000,2.104000000
22:15:36,150719,50.601430243,-123.478041213,1676.346000000,12,1.012000000,0.691000000,2.104000000
22:15:37,150719,50.601430333,-123.478041190,1676.338000000,12,1.038000000,0.708000000,2.158000000
22:15:38,150719,50.601430382,-123.478041172,1676.338000000,12,1.038000000,0.708000000,2.158000000
22:15:39,150719,50.601430538,-123.478040988,1676.317000000,12,1.038000000,0.708000000,2.158000000
22:15:40,150719,50.601430657,-123.478040857,1676.302000000,12,1.055000000,0.720000000,2.192000000
22:15:41,150719,50.601430847,-123.478040587,1676.273000000,12,1.055000000,0.720000000,2.192000000
22:15:42,150719,50.601431145,-123.478040173,1676.220000000,12,1.055000000,0.720000000,2.192000000
22:15:43,150719,50.601431602,-123.478039570,1676.143000000,12,1.086000000,0.741000000,2.258000000
22:15:44,150719,50.601432080,-123.478038893,1676.053000000,12,1.086000000,0.741000000,2.258000000
22:15:45,150719,50.601432555,-123.478038173,1675.961000000,12,1.086000000,0.741000000,2.258000000
22:15:46,150719,50.601432880,-123.478037658,1675.898000000,12,1.157000000,0.789000000,2.404000000
22:15:47,150719,50.601433347,-123.478036995,1675.818000000,12,1.157000000,0.789000000,2.404000000
22:15:48,150719,50.601433772,-123.478036358,1675.741000000,12,1.157000000,0.789000000,2.404000000
22:15:49,150719,50.601434415,-123.478035422,1675.618000000,12,1.247000000,0.851000000,2.592000000
22:15:50,150719,50.601435117,-123.478034393,1675.494000000,12,1.247000000,0.851000000,2.592000000
22:15:51,150719,50.601435840,-123.478033287,1675.353000000,12,1.247000000,0.851000000,2.592000000
22:15:52,150719,50.601436520,-123.478032197,1675.223000000,12,1.390000000,0.949000000,2.889000000
22:15:53,150719,50.601437100,-123.478031188,1675.107000000,12,1.390000000,0.949000000,2.889000000
22:15:54,150719,50.601437707,-123.478030183,1674.987000000,12,1.390000000,0.949000000,2.889000000
22:15:55,150719,50.601438298,-123.478029137,1674.857000000,12,1.561000000,1.065000000,3.244000000
22:15:56,150719,50.601438852,-123.478028220,1674.743000000,12,1.561000000,1.065000000,3.244000000
22:15:57,150719,50.601439375,-123.478027308,1674.631000000,12,1.561000000,1.065000000,3.244000000
22:15:58,150719,50.601439767,-123.478026593,1674.542000000,12,1.754000000,1.197000000,3.645000000
22:15:59,150719,50.601440185,-123.478025868,1674.449000000,12,1.754000000,1.197000000,3.645000000
22:16:00,150719,50.601440482,-123.478025280,1674.379000000,12,1.754000000,1.197000000,3.645000000
22:16:01,150719,50.601440662,-123.478024870,1674.326000000,12,1.938000000,1.322000000,4.027000000
22:16:02,150719,50.601440883,-123.478024427,1674.270000000,12,1.938000000,1.322000000,4.027000000
22:16:03,150719,50.601440962,-123.478024213,1674.240000000,12,1.938000000,1.322000000,4.027000000
22:16:04,150719,50.601441040,-123.478024037,1674.212000000,13,1.919000000,1.315000000,4.215000000
22:16:05,150719,50.601441158,-123.478023910,1674.194000000,13,1.919000000,1.315000000,4.215000000
22:16:06,150719,50.601441090,-123.478024015,1674.204000000,13,1.919000000,1.315000000,4.215000000
22:16:07,150719,50.601440697,-123.478024550,1674.268000000,13,1.987000000,1.362000000,4.364000000
22:16:08,150719,50.601440412,-123.478024920,1674.314000000,13,1.987000000,1.362000000,4.364000000
22:16:09,150719,50.601439648,-123.478025908,1674.450000000,13,1.987000000,1.362000000,4.364000000
22:16:10,150719,50.601438575,-123.478027348,1674.640000000,13,1.955000000,1.340000000,4.295000000
22:16:11,150719,50.601437805,-123.478028390,1674.779000000,13,1.955000000,1.340000000,4.295000000
22:16:12,150719,50.601437350,-123.478029012,1674.857000000,13,1.955000000,1.340000000,4.295000000
22:16:13,150719,50.601436827,-123.478029847,1674.969000000,14,1.786000000,1.084000000,3.518000000
22:16:14,150719,50.601436502,-123.478030290,1675.022000000,14,1.786000000,1.084000000,3.518000000
22:16:15,150719,50.601436202,-123.478030725,1675.079000000,14,1.786000000,1.084000000,3.518000000
22:16:16,150719,50.601435760,-123.478031305,1675.154000000,14,1.441000000,0.875000000,2.840000000
22:16:17,150719,50.601435663,-123.478031352,1675.171000000,14,1.441000000,0.875000000,2.840000000
22:16:18,150719,50.601435025,-123.478032158,1675.283000000,14,1.441000000,0.875000000,2.840000000
22:16:19,150719,50.601434432,-123.478032922,1675.380000000,15,1.209000000,0.734000000,2.382000000
22:16:20,150719,50.601433953,-123.478033593,1675.467000000,15,1.136000000,0.674000000,2.216000000
22:16:21,150719,50.601433337,-123.478034408,1675.582000000,15,1.136000000,0.674000000,2.216000000
22:16:22,150719,50.601432627,-123.478035305,1675.705000000,15,1.136000000,0.674000000,2.216000000
22:16:23,150719,50.601432075,-123.478035982,1675.793000000,15,0.920000000,0.546000000,1.795000000
22:16:24,150719,50.601431548,-123.478036657,1675.881000000,15,0.920000000,0.546000000,1.795000000
22:16:25,150719,50.601431155,-123.478037160,1675.942000000,15,0.920000000,0.546000000,1.795000000
22:16:26,150719,50.601430820,-123.478037602,1676.001000000,15,0.745000000,0.442000000,1.453000000
22:16:27,150719,50.601430577,-123.478037918,1676.039000000,15,0.745000000,0.442000000,1.453000000
22:16:28,150719,50.601430373,-123.478038168,1676.064000000,15,0.745000000,0.442000000,1.453000000
22:16:29,150719,50.601430195,-123.478038345,1676.094000000,15,0.612000000,0.363000000,1.195000000
22:16:30,150719,50.601430038,-123.478038475,1676.118000000,14,0.612000000,0.363000000,1.195000000
22:16:31,150719,50.601430090,-123.478038440,1676.109000000,14,0.570000000,0.346000000,1.123000000
22:16:32,150719,50.601429998,-123.478038612,1676.130000000,14,0.570000000,0.346000000,1.123000000
22:16:33,150719,50.601429838,-123.478038782,1676.156000000,14,0.570000000,0.346000000,1.123000000
22:16:34,150719,50.601429735,-123.478038923,1676.173000000,14,0.572000000,0.347000000,1.127000000
22:16:35,150719,50.601429705,-123.478038992,1676.181000000,14,0.572000000,0.347000000,1.127000000
22:16:36,150719,50.601429637,-123.478039082,1676.188000000,14,0.572000000,0.347000000,1.127000000
22:16:37,150719,50.601429555,-123.478039168,1676.192000000,14,0.564000000,0.343000000,1.113000000
22:16:38,150719,50.601429487,-123.478039223,1676.203000000,14,0.564000000,0.343000000,1.113000000
22:16:39,150719,50.601429435,-123.478039297,1676.210000000,14,0.564000000,0.343000000,1.113000000
22:16:40,150719,50.601429367,-123.478039382,1676.225000000,14,0.558000000,0.339000000,1.100000000
22:16:41,150719,50.601429243,-123.478039477,1676.240000000,14,0.558000000,0.339000000,1.100000000
22:16:42,150719,50.601429162,-123.478039487,1676.244000000,14,0.558000000,0.339000000,1.100000000
22:16:43,150719,50.601429030,-123.478039527,1676.261000000,14,0.554000000,0.337000000,1.092000000
22:16:44,150719,50.601428917,-123.478039540,1676.273000000,14,0.554000000,0.337000000,1.092000000
22:16:45,150719,50.601428813,-123.478039562,1676.289000000,14,0.554000000,0.337000000,1.092000000
22:16:46,150719,50.601428767,-123.478039578,1676.303000000,13,0.561000000,0.385000000,1.232000000
22:16:47,150719,50.601428760,-123.478039640,1676.326000000,13,0.561000000,0.385000000,1.232000000
22:16:48,150719,50.601428770,-123.478039697,1676.348000000,13,0.561000000,0.385000000,1.232000000
22:16:49,150719,50.601428792,-123.478039738,1676.368000000,13,0.682000000,0.469000000,1.499000000
22:16:50,150719,50.601428835,-123.478039772,1676.380000000,14,0.682000000,0.469000000,1.499000000
22:16:51,150719,50.601428927,-123.478039827,1676.403000000,14,0.700000000,0.446000000,1.455000000
22:16:52,150719,50.601428995,-123.478039830,1676.423000000,14,0.700000000,0.446000000,1.455000000
22:16:53,150719,50.601429047,-123.478039780,1676.436000000,14,0.700000000,0.446000000,1.455000000
22:16:54,150719,50.601429095,-123.478039658,1676.437000000,13,0.615000000,0.368000000,1.199000000
22:16:55,150719,50.601429133,-123.478039530,1676.432000000,13,0.615000000,0.368000000,1.199000000
22:16:56,150719,50.601429152,-123.478039495,1676.432000000,13,0.615000000,0.368000000,1.199000000
22:16:57,150719,50.601429218,-123.478039328,1676.422000000,13,0.577000000,0.345000000,1.124000000
22:16:58,150719,50.601429240,-123.478039287,1676.429000000,13,0.577000000,0.345000000,1.124000000
22:16:59,150719,50.601429213,-123.478039212,1676.429000000,13,0.577000000,0.345000000,1.124000000
22:17:00,150719,50.601429228,-123.478039113,1676.425000000,13,0.572000000,0.342000000,1.115000000
22:17:01,150719,50.601429215,-123.478039035,1676.423000000,13,0.572000000,0.342000000,1.115000000
22:17:02,150719,50.601429240,-123.478038882,1676.415000000,13,0.572000000,0.342000000,1.115000000
22:17:03,150719,50.601429237,-123.478038753,1676.407000000,13,0.568000000,0.340000000,1.107000000
22:17:04,150719,50.601429240,-123.478038615,1676.393000000,13,0.568000000,0.340000000,1.107000000
22:17:05,150719,50.601429182,-123.478038547,1676.389000000,13,0.568000000,0.340000000,1.107000000
22:17:06,150719,50.601429120,-123.478038418,1676.369000000,13,0.565000000,0.338000000,1.101000000
22:17:07,150719,50.601429080,-123.478038365,1676.364000000,13,0.565000000,0.338000000,1.101000000
22:17:08,150719,50.601429077,-123.478038263,1676.354000000,13,0.565000000,0.338000000,1.101000000
22:17:09,150719,50.601429095,-123.478038187,1676.352000000,13,0.562000000,0.336000000,1.094000000
22:17:10,150719,50.601429072,-123.478038060,1676.342000000,13,0.562000000,0.336000000,1.094000000
22:17:11,150719,50.601429110,-123.478037938,1676.334000000,13,0.562000000,0.336000000,1.094000000
22:17:12,150719,50.601429067,-123.478037865,1676.331000000,13,0.551000000,0.330000000,1.073000000
22:17:13,150719,50.601429108,-123.478037785,1676.326000000,13,0.551000000,0.330000000,1.073000000
22:17:14,150719,50.601429103,-123.478037747,1676.330000000,13,0.551000000,0.330000000,1.073000000
22:17:15,150719,50.601429157,-123.478037612,1676.331000000,13,0.541000000,0.324000000,1.055000000
22:17:16,150719,50.601429245,-123.478037488,1676.322000000,13,0.541000000,0.324000000,1.055000000
22:17:17,150719,50.601429337,-123.478037375,1676.318000000,13,0.541000000,0.324000000,1.055000000
22:17:18,150719,50.601429518,-123.478037230,1676.299000000,13,0.535000000,0.320000000,1.042000000
22:17:19,150719,50.601429632,-123.478037147,1676.297000000,13,0.535000000,0.320000000,1.042000000
22:17:20,150719,50.601429805,-123.478037005,1676.284000000,12,0.548000000,0.354000000,1.122000000
22:17:21,150719,50.601429943,-123.478036923,1676.282000000,12,0.548000000,0.354000000,1.122000000
22:17:22,150719,50.601430075,-123.478036813,1676.278000000,12,0.548000000,0.354000000,1.122000000
22:17:23,150719,50.601430163,-123.478036730,1676.273000000,12,0.656000000,0.424000000,1.343000000
22:17:24,150719,50.601430255,-123.478036622,1676.269000000,12,0.656000000,0.424000000,1.343000000
22:17:25,150719,50.601430303,-123.478036565,1676.266000000,12,0.656000000,0.424000000,1.343000000
22:17:26,150719,50.601430385,-123.478036443,1676.259000000,12,0.690000000,0.446000000,1.412000000
22:17:27,150719,50.601430445,-123.478036352,1676.245000000,12,0.690000000,0.446000000,1.412000000
22:17:28,150719,50.601430483,-123.478036277,1676.240000000,12,0.690000000,0.446000000,1.412000000
22:17:29,150719,50.601430502,-123.478036195,1676.237000000,12,0.700000000,0.452000000,1.431000000
22:17:30,150719,50.601430550,-123.478036097,1676.227000000,12,0.700000000,0.452000000,1.431000000
22:17:31,150719,50.601430575,-123.478035995,1676.223000000,12,0.700000000,0.452000000,1.431000000
22:17:32,150719,50.601430593,-123.478035908,1676.217000000,12,0.697000000,0.450000000,1.425000000
22:17:33,150719,50.601430652,-123.478035803,1676.199000000,12,0.697000000,0.450000000,1.425000000
22:17:34,150719,50.601430705,-123.478035758,1676.198000000,12,0.697000000,0.450000000,1.425000000
22:17:35,150719,50.601430792,-123.478035670,1676.189000000,12,0.684000000,0.442000000,1.398000000
22:17:36,150719,50.601430848,-123.478035592,1676.179000000,12,0.684000000,0.442000000,1.398000000
22:17:37,150719,50.601430943,-123.478035527,1676.168000000,12,0.684000000,0.442000000,1.398000000
22:17:38,150719,50.601431038,-123.478035415,1676.152000000,12,0.669000000,0.432000000,1.367000000
22:17:39,150719,50.601431138,-123.478035333,1676.137000000,12,0.669000000,0.432000000,1.367000000
22:17:40,150719,50.601431203,-123.478035262,1676.120000000,12,0.669000000,0.432000000,1.367000000
22:17:41,150719,50.601431280,-123.478035213,1676.116000000,12,0.656000000,0.424000000,1.341000000
22:17:42,150719,50.601431357,-123.478035177,1676.108000000,12,0.656000000,0.424000000,1.341000000
22:17:43,150719,50.601431425,-123.478035113,1676.101000000,12,0.656000000,0.424000000,1.341000000
22:17:44,150719,50.601431513,-123.478035048,1676.092000000,12,0.644000000,0.416000000,1.315000000
22:17:45,150719,50.601431612,-123.478034968,1676.079000000,12,0.644000000,0.416000000,1.315000000
22:17:46,150719,50.601431648,-123.478034922,1676.084000000,12,0.644000000,0.416000000,1.315000000
22:17:47,150719,50.601431677,-123.478034890,1676.080000000,12,0.629000000,0.406000000,1.284000000
22:17:48,150719,50.601431687,-123.478034828,1676.069000000,12,0.629000000,0.406000000,1.284000000
22:17:49,150719,50.601431737,-123.478034775,1676.066000000,12,0.629000000,0.406000000,1.284000000
22:17:50,150719,50.601431737,-123.478034730,1676.059000000,12,0.615000000,0.397000000,1.256000000
22:17:51,150719,50.601431760,-123.478034685,1676.051000000,12,0.615000000,0.397000000,1.256000000
22:17:52,150719,50.601431775,-123.478034678,1676.046000000,12,0.615000000,0.397000000,1.256000000
22:17:53,150719,50.601431792,-123.478034683,1676.043000000,12,0.606000000,0.392000000,1.238000000
22:17:54,150719,50.601431783,-123.478034668,1676.045000000,12,0.606000000,0.392000000,1.238000000
22:17:55,150719,50.601431788,-123.478034657,1676.042000000,12,0.606000000,0.392000000,1.238000000
22:17:56,150719,50.601431813,-123.478034602,1676.033000000,12,0.597000000,0.385000000,1.218000000
22:17:57,150719,50.601431843,-123.478034577,1676.033000000,12,0.597000000,0.385000000,1.218000000
22:17:58,150719,50.601431900,-123.478034555,1676.032000000,12,0.597000000,0.385000000,1.218000000
22:17:59,150719,50.601431973,-123.478034498,1676.022000000,12,0.587000000,0.379000000,1.197000000
22:18:00,150719,50.601432008,-123.478034500,1676.024000000,12,0.587000000,0.379000000,1.197000000
22:18:01,150719,50.601432045,-123.478034510,1676.021000000,12,0.587000000,0.379000000,1.197000000
22:18:02,150719,50.601431992,-123.478034415,1676.024000000,12,0.580000000,0.374000000,1.182000000
22:18:03,150719,50.601432020,-123.478034393,1676.030000000,12,0.580000000,0.374000000,1.182000000
22:18:04,150719,50.601432090,-123.478034390,1676.029000000,12,0.580000000,0.374000000,1.182000000
22:18:05,150719,50.601432150,-123.478034450,1676.035000000,12,0.579000000,0.374000000,1.180000000
22:18:06,150719,50.601432248,-123.478034430,1676.028000000,12,0.579000000,0.374000000,1.180000000
22:18:07,150719,50.601432175,-123.478034238,1676.025000000,12,0.579000000,0.374000000,1.180000000
22:18:08,150719,50.601432112,-123.478034080,1676.030000000,12,0.577000000,0.372000000,1.175000000
22:18:09,150719,50.601432080,-123.478033920,1676.026000000,12,0.577000000,0.372000000,1.175000000
22:18:10,150719,50.601432063,-123.478033873,1676.024000000,12,0.577000000,0.372000000,1.175000000
22:18:11,150719,50.601432083,-123.478033790,1676.022000000,12,0.577000000,0.372000000,1.175000000
22:18:12,150719,50.601432083,-123.478033772,1676.024000000,12,0.577000000,0.372000000,1.175000000
22:18:13,150719,50.601432057,-123.478033592,1676.016000000,12,0.577000000,0.372000000,1.175000000
22:18:14,150719,50.601432030,-123.478033443,1676.014000000,12,0.576000000,0.372000000,1.173000000
22:18:15,150719,50.601432020,-123.478033260,1676.006000000,12,0.576000000,0.372000000,1.173000000
22:18:16,150719,50.601432052,-123.478033053,1676.001000000,12,0.576000000,0.372000000,1.173000000
22:18:17,150719,50.601432120,-123.478032963,1675.991000000,12,0.582000000,0.376000000,1.185000000
22:18:18,150719,50.601432160,-123.478032825,1675.985000000,12,0.582000000,0.376000000,1.185000000
22:18:19,150719,50.601432205,-123.478032733,1675.980000000,12,0.582000000,0.376000000,1.185000000
22:18:20,150719,50.601432277,-123.478032642,1675.966000000,12,0.587000000,0.379000000,1.195000000
22:18:21,150719,50.601432310,-123.478032493,1675.958000000,12,0.587000000,0.379000000,1.195000000
22:18:22,150719,50.601432372,-123.478032357,1675.945000000,12,0.587000000,0.379000000,1.195000000
22:18:23,150719,50.601432563,-123.478032390,1675.928000000,12,0.589000000,0.380000000,1.198000000
22:18:24,150719,50.601432760,-123.478032438,1675.914000000,12,0.589000000,0.380000000,1.198000000
22:18:25,150719,50.601432968,-123.478032483,1675.893000000,12,0.589000000,0.380000000,1.198000000
22:18:26,150719,50.601433192,-123.478032505,1675.874000000,12,0.590000000,0.381000000,1.201000000
22:18:27,150719,50.601433365,-123.478032497,1675.862000000,12,0.590000000,0.381000000,1.201000000
22:18:28,150719,50.601433505,-123.478032535,1675.849000000,12,0.590000000,0.381000000,1.201000000
22:18:29,150719,50.601433595,-123.478032480,1675.828000000,12,0.596000000,0.384000000,1.211000000
22:18:30,150719,50.601433683,-123.478032435,1675.802000000,12,0.596000000,0.384000000,1.211000000
22:18:31,150719,50.601433775,-123.478032385,1675.786000000,13,0.579000000,0.348000000,1.127000000
22:18:32,150719,50.601433842,-123.478032355,1675.772000000,13,0.579000000,0.348000000,1.127000000
22:18:33,150719,50.601433892,-123.478032320,1675.762000000,13,0.579000000,0.348000000,1.127000000
22:18:34,150719,50.601433973,-123.478032243,1675.748000000,13,0.496000000,0.298000000,0.965000000
22:18:35,150719,50.601434028,-123.478032177,1675.735000000,13,0.496000000,0.298000000,0.965000000
22:18:36,150719,50.601434097,-123.478032125,1675.727000000,13,0.496000000,0.298000000,0.965000000
22:18:37,150719,50.601434153,-123.478032093,1675.725000000,13,0.455000000,0.273000000,0.886000000
22:18:38,150719,50.601434198,-123.478032008,1675.710000000,13,0.455000000,0.273000000,0.886000000
22:18:39,150719,50.601434217,-123.478031923,1675.700000000,13,0.455000000,0.273000000,0.886000000
22:18:40,150719,50.601434277,-123.478031898,1675.690000000,13,0.435000000,0.261000000,0.846000000
22:18:41,150719,50.601434355,-123.478031823,1675.675000000,13,0.435000000,0.261000000,0.846000000
22:18:42,150719,50.601434257,-123.478031493,1675.607000000,13,0.435000000,0.261000000,0.846000000
22:18:43,150719,50.601434170,-123.478031263,1675.559000000,13,0.424000000,0.255000000,0.825000000
22:18:44,150719,50.601434093,-123.478031010,1675.505000000,13,0.424000000,0.255000000,0.825000000
22:18:45,150719,50.601434070,-123.478030860,1675.469000000,13,0.424000000,0.255000000,0.825000000
22:18:46,150719,50.601434000,-123.478030667,1675.434000000,13,0.421000000,0.253000000,0.819000000
22:18:47,150719,50.601433898,-123.478030542,1675.412000000,13,0.421000000,0.253000000,0.819000000
22:18:48,150719,50.601433792,-123.478030452,1675.394000000,13,0.421000000,0.253000000,0.819000000
22:18:49,150719,50.601433752,-123.478030412,1675.393000000,13,0.407000000,0.245000000,0.792000000
22:18:50,150719,50.601433717,-123.478030332,1675.388000000,13,0.407000000,0.245000000,0.792000000
22:18:51,150719,50.601433728,-123.478030312,1675.386000000,13,0.407000000,0.245000000,0.792000000
22:18:52,150719,50.601433730,-123.478030317,1675.385000000,13,0.377000000,0.227000000,0.734000000
22:18:53,150719,50.601433748,-123.478030263,1675.366000000,13,0.377000000,0.227000000,0.734000000
22:18:54,150719,50.601433748,-123.478030218,1675.347000000,13,0.377000000,0.227000000,0.734000000
22:18:55,150719,50.601433760,-123.478030137,1675.324000000,13,0.365000000,0.219000000,0.710000000
22:18:56,150719,50.601433732,-123.478030038,1675.301000000,13,0.365000000,0.219000000,0.710000000
22:18:57,150719,50.601433732,-123.478029927,1675.278000000,13,0.365000000,0.219000000,0.710000000
22:18:58,150719,50.601433692,-123.478029813,1675.256000000,13,0.379000000,0.228000000,0.737000000
22:18:59,150719,50.601433665,-123.478029725,1675.239000000,13,0.379000000,0.228000000,0.737000000
22:19:00,150719,50.601433635,-123.478029647,1675.223000000,13,0.379000000,0.228000000,0.737000000
22:19:01,150719,50.601433592,-123.478029592,1675.213000000,13,0.384000000,0.231000000,0.748000000
22:19:02,150719,50.601433582,-123.478029525,1675.194000000,13,0.384000000,0.231000000,0.748000000
22:19:03,150719,50.601433515,-123.478029437,1675.180000000,13,0.384000000,0.231000000,0.748000000
22:19:04,150719,50.601433465,-123.478029393,1675.163000000,13,0.394000000,0.237000000,0.767000000
22:19:05,150719,50.601433427,-123.478029343,1675.150000000,13,0.394000000,0.237000000,0.767000000
22:19:06,150719,50.601433398,-123.478029317,1675.135000000,13,0.394000000,0.237000000,0.767000000
22:19:07,150719,50.601433392,-123.478029258,1675.113000000,13,0.397000000,0.239000000,0.772000000
22:19:08,150719,50.601433402,-123.478029253,1675.108000000,13,0.397000000,0.239000000,0.772000000
22:19:09,150719,50.601433365,-123.478029168,1675.088000000,13,0.397000000,0.239000000,0.772000000
22:19:10,150719,50.601433345,-123.478029142,1675.079000000,13,0.398000000,0.240000000,0.775000000
22:19:11,150719,50.601433288,-123.478029062,1675.069000000,13,0.398000000,0.240000000,0.775000000
22:19:12,150719,50.601433232,-123.478029035,1675.056000000,13,0.398000000,0.240000000,0.775000000
22:19:13,150719,50.601433227,-123.478029053,1675.054000000,14,0.403000000,0.243000000,0.785000000
22:19:14,150719,50.601433208,-123.478029005,1675.044000000,14,0.375000000,0.242000000,0.784000000
22:19:15,150719,50.601433218,-123.478029043,1675.044000000,14,0.375000000,0.242000000,0.784000000
22:19:16,150719,50.601433212,-123.478029065,1675.043000000,14,0.375000000,0.242000000,0.784000000
22:19:17,150719,50.601433215,-123.478029045,1675.036000000,14,0.375000000,0.242000000,0.784000000
22:19:18,150719,50.601433228,-123.478029025,1675.039000000,14,0.375000000,0.242000000,0.784000000
22:19:19,150719,50.601433183,-123.478029042,1675.034000000,14,0.372000000,0.240000000,0.779000000
22:19:20,150719,50.601433213,-123.478029038,1675.035000000,14,0.372000000,0.240000000,0.779000000
22:19:21,150719,50.601433210,-123.478029047,1675.038000000,14,0.372000000,0.240000000,0.779000000
22:19:22,150719,50.601433205,-123.478029040,1675.035000000,14,0.367000000,0.237000000,0.768000000
22:19:23,150719,50.601433213,-123.478029015,1675.033000000,14,0.367000000,0.237000000,0.768000000
22:19:24,150719,50.601433217,-123.478029052,1675.033000000,14,0.367000000,0.237000000,0.768000000
22:19:25,150719,50.601433197,-123.478029098,1675.039000000,14,0.360000000,0.233000000,0.754000000
22:19:26,150719,50.601433195,-123.478029110,1675.041000000,14,0.360000000,0.233000000,0.754000000
22:19:27,150719,50.601433213,-123.478029142,1675.046000000,14,0.360000000,0.233000000,0.754000000
22:19:28,150719,50.601433233,-123.478029153,1675.045000000,14,0.353000000,0.228000000,0.739000000
22:19:29,150719,50.601433265,-123.478029183,1675.044000000,14,0.353000000,0.228000000,0.739000000
22:19:30,150719,50.601433312,-123.478029218,1675.054000000,14,0.353000000,0.228000000,0.739000000
22:19:31,150719,50.601433338,-123.478029253,1675.055000000,14,0.343000000,0.222000000,0.718000000
22:19:32,150719,50.601433348,-123.478029295,1675.064000000,14,0.343000000,0.222000000,0.718000000
22:19:33,150719,50.601433387,-123.478029302,1675.073000000,14,0.343000000,0.222000000,0.718000000
22:19:34,150719,50.601433375,-123.478029305,1675.082000000,14,0.335000000,0.217000000,0.701000000
22:19:35,150719,50.601433395,-123.478029308,1675.095000000,14,0.335000000,0.217000000,0.701000000
22:19:36,150719,50.601433367,-123.478029320,1675.104000000,14,0.335000000,0.217000000,0.701000000
22:19:37,150719,50.601433383,-123.478029338,1675.101000000,14,0.329000000,0.213000000,0.688000000
22:19:38,150719,50.601433390,-123.478029348,1675.111000000,14,0.329000000,0.213000000,0.688000000
22:19:39,150719,50.601433400,-123.478029360,1675.116000000,14,0.329000000,0.213000000,0.688000000
22:19:40,150719,50.601433458,-123.478029343,1675.115000000,14,0.324000000,0.210000000,0.678000000
22:19:41,150719,50.601433458,-123.478029357,1675.116000000,14,0.324000000,0.210000000,0.678000000
22:19:42,150719,50.601433522,-123.478029362,1675.115000000,14,0.324000000,0.210000000,0.678000000
22:19:43,150719,50.601433562,-123.478029350,1675.119000000,14,0.321000000,0.208000000,0.672000000
22:19:44,150719,50.601433605,-123.478029277,1675.117000000,14,0.321000000,0.208000000,0.672000000
22:19:45,150719,50.601433688,-123.478029247,1675.112000000,14,0.321000000,0.208000000,0.672000000
22:19:46,150719,50.601433760,-123.478029237,1675.111000000,14,0.316000000,0.205000000,0.662000000
22:19:47,150719,50.601433915,-123.478029150,1675.107000000,14,0.316000000,0.205000000,0.662000000
22:19:48,150719,50.601434013,-123.478029050,1675.102000000,14,0.316000000,0.205000000,0.662000000
22:19:49,150719,50.601434107,-123.478028972,1675.100000000,14,0.309000000,0.200000000,0.647000000
22:19:50,150719,50.601434227,-123.478028835,1675.088000000,14,0.309000000,0.200000000,0.647000000
22:19:51,150719,50.601434250,-123.478028678,1675.088000000,15,0.299000000,0.181000000,0.591000000
22:19:52,150719,50.601434223,-123.478028457,1675.091000000,15,0.299000000,0.181000000,0.591000000
22:19:53,150719,50.601434183,-123.478028292,1675.094000000,15,0.299000000,0.181000000,0.591000000
22:19:54,150719,50.601434195,-123.478028128,1675.099000000,15,0.299000000,0.180000000,0.590000000
22:19:55,150719,50.601434220,-123.478027980,1675.101000000,15,0.299000000,0.180000000,0.590000000
22:19:56,150719,50.601434260,-123.478027852,1675.105000000,15,0.299000000,0.180000000,0.590000000
22:19:57,150719,50.601434303,-123.478027735,1675.110000000,15,0.292000000,0.176000000,0.577000000
22:19:58,150719,50.601434325,-123.478027603,1675.115000000,15,0.292000000,0.176000000,0.577000000
22:19:59,150719,50.601434370,-123.478027512,1675.116000000,15,0.292000000,0.176000000,0.577000000
22:20:00,150719,50.601434433,-123.478027407,1675.112000000,15,0.256000000,0.155000000,0.506000000
22:20:01,150719,50.601434445,-123.478027268,1675.110000000,15,0.256000000,0.155000000,0.506000000
22:20:02,150719,50.601434480,-123.478027118,1675.109000000,15,0.256000000,0.155000000,0.506000000
22:20:03,150719,50.601434465,-123.478026995,1675.112000000,15,0.238000000,0.144000000,0.469000000
22:20:04,150719,50.601434535,-123.478026818,1675.114000000,15,0.238000000,0.144000000,0.469000000
22:20:05,150719,50.601434625,-123.478026703,1675.110000000,15,0.238000000,0.144000000,0.469000000
22:20:06,150719,50.601434732,-123.478026528,1675.100000000,15,0.227000000,0.137000000,0.449000000
22:20:07,150719,50.601434847,-123.478026422,1675.099000000,15,0.227000000,0.137000000,0.449000000
22:20:08,150719,50.601434935,-123.478026363,1675.095000000,15,0.227000000,0.137000000,0.449000000
22:20:09,150719,50.601435038,-123.478026333,1675.097000000,15,0.223000000,0.135000000,0.440000000
22:20:10,150719,50.601435130,-123.478026272,1675.099000000,15,0.223000000,0.135000000,0.440000000
22:20:11,150719,50.601435240,-123.478026197,1675.096000000,15,0.223000000,0.135000000,0.440000000
22:20:12,150719,50.601435357,-123.478026103,1675.092000000,15,0.226000000,0.136000000,0.446000000
22:20:13,150719,50.601435607,-123.478025888,1675.067000000,15,0.226000000,0.136000000,0.446000000
22:20:14,150719,50.601435867,-123.478025767,1675.042000000,15,0.226000000,0.136000000,0.446000000
22:20:15,150719,50.601436132,-123.478025707,1675.022000000,15,0.237000000,0.143000000,0.468000000
22:20:16,150719,50.601436367,-123.478025652,1675.004000000,15,0.237000000,0.143000000,0.468000000
22:20:17,150719,50.601436753,-123.478025617,1674.961000000,15,0.237000000,0.143000000,0.468000000
22:20:18,150719,50.601437097,-123.478025527,1674.917000000,15,0.253000000,0.153000000,0.501000000
22:20:19,150719,50.601437472,-123.478025322,1674.858000000,15,0.253000000,0.153000000,0.501000000
22:20:20,150719,50.601437887,-123.478024973,1674.792000000,15,0.253000000,0.153000000,0.501000000
22:20:21,150719,50.601438293,-123.478024550,1674.722000000,15,0.316000000,0.191000000,0.625000000
22:20:22,150719,50.601438587,-123.478024173,1674.671000000,15,0.316000000,0.191000000,0.625000000
22:20:23,150719,50.601438890,-123.478023887,1674.626000000,14,0.355000000,0.230000000,0.743000000
22:20:24,150719,50.601439042,-123.478023618,1674.601000000,14,0.355000000,0.230000000,0.743000000
22:20:25,150719,50.601439303,-123.478023385,1674.568000000,14,0.355000000,0.230000000,0.743000000
22:20:26,150719,50.601439503,-123.478023270,1674.549000000,14,0.319000000,0.207000000,0.668000000
22:20:27,150719,50.601439715,-123.478023098,1674.523000000,14,0.319000000,0.207000000,0.668000000
22:20:28,150719,50.601439708,-123.478023193,1674.531000000,14,0.319000000,0.207000000,0.668000000
22:20:29,150719,50.601439883,-123.478023083,1674.510000000,14,0.297000000,0.193000000,0.623000000
22:20:30,150719,50.601440120,-123.478023013,1674.484000000,14,0.297000000,0.193000000,0.623000000
22:20:31,150719,50.601440240,-123.478023038,1674.479000000,14,0.297000000,0.193000000,0.623000000
22:20:32,150719,50.601440222,-123.478023122,1674.488000000,14,0.283000000,0.184000000,0.592000000
22:20:33,150719,50.601440067,-123.478023422,1674.529000000,14,0.283000000,0.184000000,0.592000000
22:20:34,150719,50.601440060,-123.478023568,1674.540000000,14,0.283000000,0.184000000,0.592000000
22:20:35,150719,50.601440037,-123.478023633,1674.542000000,14,0.275000000,0.179000000,0.577000000
22:20:36,150719,50.601440265,-123.478023508,1674.519000000,14,0.275000000,0.179000000,0.577000000
22:20:37,150719,50.601440447,-123.478023365,1674.490000000,14,0.275000000,0.179000000,0.577000000
22:20:38,150719,50.601440502,-123.478023350,1674.483000000,14,0.271000000,0.176000000,0.567000000
22:20:39,150719,50.601440653,-123.478023165,1674.462000000,14,0.271000000,0.176000000,0.567000000
22:20:40,150719,50.601440797,-123.478023082,1674.443000000,14,0.271000000,0.176000000,0.567000000
22:20:41,150719,50.601440983,-123.478022898,1674.410000000,14,0.265000000,0.173000000,0.556000000
22:20:42,150719,50.601441150,-123.478022693,1674.373000000,14,0.265000000,0.173000000,0.556000000
22:20:43,150719,50.601441395,-123.478022423,1674.329000000,14,0.265000000,0.173000000,0.556000000
22:20:44,150719,50.601441665,-123.478022130,1674.282000000,14,0.260000000,0.169000000,0.545000000
22:20:45,150719,50.601441905,-123.478021812,1674.233000000,14,0.260000000,0.169000000,0.545000000
22:20:46,150719,50.601442162,-123.478021490,1674.183000000,14,0.260000000,0.169000000,0.545000000
22:20:47,150719,50.601442422,-123.478021165,1674.132000000,14,0.255000000,0.166000000,0.535000000
22:20:48,150719,50.601442715,-123.478020822,1674.078000000,14,0.255000000,0.166000000,0.535000000
22:20:49,150719,50.601443020,-123.478020492,1674.024000000,14,0.255000000,0.166000000,0.535000000
22:20:50,150719,50.601443233,-123.478020258,1673.982000000,14,0.286000000,0.186000000,0.600000000
22:20:51,150719,50.601443353,-123.478020178,1673.965000000,14,0.286000000,0.186000000,0.600000000
22:20:52,150719,50.601443553,-123.478019993,1673.935000000,14,0.286000000,0.186000000,0.600000000
22:20:53,150719,50.601443627,-123.478019802,1673.916000000,14,0.293000000,0.191000000,0.614000000
22:20:54,150719,50.601443723,-123.478019573,1673.891000000,13,0.337000000,0.235000000,0.738000000
22:20:55,150719,50.601443867,-123.478019353,1673.873000000,13,0.337000000,0.235000000,0.738000000
22:20:56,150719,50.601443938,-123.478019193,1673.854000000,13,0.337000000,0.235000000,0.738000000
22:20:57,150719,50.601443997,-123.478019070,1673.842000000,13,1.169000000,0.816000000,2.559000000
22:20:58,150719,50.601444122,-123.478018880,1673.807000000,13,1.169000000,0.816000000,2.559000000
22:20:59,150719,50.601444290,-123.478018670,1673.775000000,13,1.169000000,0.816000000,2.559000000
22:21:00,150719,50.601444580,-123.478018430,1673.723000000,13,1.295000000,0.904000000,2.836000000
22:21:01,150719,50.601444862,-123.478018162,1673.671000000,13,1.295000000,0.904000000,2.836000000
22:21:02,150719,50.601445115,-123.478017892,1673.625000000,13,1.295000000,0.904000000,2.836000000
22:21:03,150719,50.601445385,-123.478017553,1673.570000000,13,1.213000000,0.847000000,2.656000000
22:21:04,150719,50.601445695,-123.478017217,1673.510000000,13,1.213000000,0.847000000,2.656000000
22:21:05,150719,50.601446017,-123.478016897,1673.450000000,13,1.213000000,0.847000000,2.656000000
22:21:06,150719,50.601446307,-123.478016608,1673.390000000,13,0.995000000,0.695000000,2.177000000
22:21:07,150719,50.601446648,-123.478016247,1673.328000000,12,1.074000000,0.747000000,2.238000000
22:21:08,150719,50.601446978,-123.478015920,1673.265000000,12,1.074000000,0.747000000,2.238000000
22:21:09,150719,50.601447273,-123.478015590,1673.208000000,13,1.077000000,0.650000000,2.017000000
22:21:10,150719,50.601447563,-123.478015307,1673.160000000,13,1.077000000,0.650000000,2.017000000
22:21:11,150719,50.601447573,-123.478015607,1673.214000000,13,1.077000000,0.650000000,2.017000000
22:21:12,150719,50.601447570,-123.478015892,1673.265000000,13,2.621000000,1.583000000,4.911000000
22:21:13,150719,50.601447570,-123.478016143,1673.306000000,13,2.621000000,1.583000000,4.911000000
22:21:14,150719,50.601447598,-123.478016330,1673.333000000,13,2.621000000,1.583000000,4.911000000
22:21:15,150719,50.601447643,-123.478016413,1673.357000000,13,2.129000000,1.286000000,3.988000000
22:21:16,150719,50.601447715,-123.478016492,1673.369000000,13,2.129000000,1.286000000,3.988000000
22:21:17,150719,50.601447737,-123.478016512,1673.367000000,13,2.129000000,1.286000000,3.988000000
22:21:18,150719,50.601447618,-123.478016897,1673.430000000,13,1.775000000,1.072000000,3.326000000
22:21:19,150719,50.601447715,-123.478016875,1673.425000000,13,1.775000000,1.072000000,3.326000000
22:21:20,150719,50.601447680,-123.478017095,1673.459000000,13,1.775000000,1.072000000,3.326000000
22:21:21,150719,50.601447725,-123.478017045,1673.461000000,13,1.513000000,0.914000000,2.835000000
22:21:22,150719,50.601447720,-123.478017018,1673.461000000,13,1.513000000,0.914000000,2.835000000
22:21:23,150719,50.601447690,-123.478016923,1673.455000000,13,1.513000000,0.914000000,2.835000000
22:21:24,150719,50.601447677,-123.478016893,1673.451000000,13,1.343000000,0.811000000,2.516000000
22:21:25,150719,50.601447753,-123.478016722,1673.427000000,13,1.343000000,0.811000000,2.516000000
22:21:26,150719,50.601447773,-123.478016670,1673.415000000,13,1.343000000,0.811000000,2.516000000
22:21:27,150719,50.601447782,-123.478016590,1673.398000000,13,1.268000000,0.767000000,2.376000000
22:21:28,150719,50.601447780,-123.478016588,1673.388000000,13,1.268000000,0.767000000,2.376000000
22:21:29,150719,50.601447852,-123.478016473,1673.371000000,13,1.268000000,0.767000000,2.376000000
22:21:30,150719,50.601447963,-123.478016353,1673.343000000,13,1.294000000,0.782000000,2.425000000
22:21:31,150719,50.601448158,-123.478016142,1673.303000000,13,1.294000000,0.782000000,2.425000000
22:21:32,150719,50.601448233,-123.478016097,1673.291000000,13,1.294000000,0.782000000,2.425000000
22:21:33,150719,50.601448212,-123.478016183,1673.301000000,13,1.386000000,0.838000000,2.596000000
22:21:34,150719,50.601448230,-123.478016148,1673.297000000,13,1.386000000,0.838000000,2.596000000
22:21:35,150719,50.601447973,-123.478016590,1673.370000000,13,1.386000000,0.838000000,2.596000000
22:21:36,150719,50.601447932,-123.478016697,1673.390000000,13,1.438000000,0.870000000,2.695000000
22:21:37,150719,50.601447882,-123.478016830,1673.415000000,13,1.438000000,0.870000000,2.695000000
22:21:38,150719,50.601447858,-123.478016938,1673.433000000,13,1.438000000,0.870000000,2.695000000
22:21:39,150719,50.601447862,-123.478016942,1673.432000000,13,1.421000000,0.860000000,2.663000000
22:21:40,150719,50.601447820,-123.478017090,1673.448000000,13,1.421000000,0.860000000,2.663000000
22:21:41,150719,50.601447747,-123.478017252,1673.474000000,13,1.421000000,0.860000000,2.663000000
22:21:42,150719,50.601447715,-123.478017375,1673.493000000,13,1.403000000,0.848000000,2.629000000
22:21:43,150719,50.601447738,-123.478017327,1673.496000000,13,1.403000000,0.848000000,2.629000000
22:21:44,150719,50.601447668,-123.478017415,1673.508000000,13,1.403000000,0.848000000,2.629000000
22:21:45,150719,50.601447605,-123.478017387,1673.505000000,13,1.395000000,0.844000000,2.613000000
22:21:46,150719,50.601447593,-123.478017310,1673.495000000,13,1.395000000,0.844000000,2.613000000
22:21:47,150719,50.601447507,-123.478017293,1673.488000000,13,1.395000000,0.844000000,2.613000000
22:21:48,150719,50.601447453,-123.478017217,1673.470000000,13,1.388000000,0.839000000,2.600000000
22:21:49,150719,50.601447387,-123.478017162,1673.458000000,13,1.388000000,0.839000000,2.600000000
22:21:50,150719,50.601447393,-123.478016988,1673.422000000,13,1.388000000,0.839000000,2.600000000
22:21:51,150719,50.601447405,-123.478016865,1673.400000000,13,1.377000000,0.833000000,2.580000000
22:21:52,150719,50.601447437,-123.478016725,1673.367000000,13,1.377000000,0.833000000,2.580000000
22:21:53,150719,50.601447588,-123.478016397,1673.304000000,13,1.377000000,0.833000000,2.580000000
22:21:54,150719,50.601447748,-123.478016092,1673.245000000,13,1.163000000,0.704000000,2.179000000
22:21:55,150719,50.601447858,-123.478015903,1673.211000000,13,1.163000000,0.704000000,2.179000000
22:21:56,150719,50.601448000,-123.478015712,1673.173000000,13,1.163000000,0.704000000,2.179000000
22:21:57,150719,50.601448182,-123.478015452,1673.134000000,13,0.873000000,0.528000000,1.635000000
22:21:58,150719,50.601448263,-123.478015285,1673.115000000,13,0.873000000,0.528000000,1.635000000
22:21:59,150719,50.601448350,-123.478015092,1673.103000000,13,0.873000000,0.528000000,1.635000000
22:22:00,150719,50.601448380,-123.478015007,1673.096000000,13,0.859000000,0.520000000,1.609000000
22:22:01,150719,50.601448357,-123.478015063,1673.109000000,13,0.859000000,0.520000000,1.609000000
22:22:02,150719,50.601448355,-123.478015058,1673.113000000,13,0.859000000,0.520000000,1.609000000
22:22:03,150719,50.601448443,-123.478014942,1673.110000000,14,0.880000000,0.533000000,1.649000000
22:22:04,150719,50.601448487,-123.478014870,1673.102000000,14,0.796000000,0.496000000,1.582000000
22:22:05,150719,50.601448517,-123.478014795,1673.091000000,14,0.796000000,0.496000000,1.582000000
22:22:06,150719,50.601448517,-123.478014692,1673.081000000,14,0.796000000,0.496000000,1.582000000
22:22:07,150719,50.601448518,-123.478014607,1673.055000000,14,0.642000000,0.400000000,1.275000000
22:22:08,150719,50.601448520,-123.478014503,1673.034000000,14,0.642000000,0.400000000,1.275000000
22:22:09,150719,50.601448528,-123.478014382,1673.013000000,14,0.642000000,0.400000000,1.275000000
22:22:10,150719,50.601448520,-123.478014255,1672.996000000,14,0.512000000,0.319000000,1.018000000
22:22:11,150719,50.601448535,-123.478014147,1672.978000000,14,0.512000000,0.319000000,1.018000000
22:22:12,150719,50.601448507,-123.478014088,1672.975000000,14,0.512000000,0.319000000,1.018000000
22:22:13,150719,50.601448520,-123.478013998,1672.957000000,14,0.368000000,0.229000000,0.731000000
22:22:14,150719,50.601448492,-123.478013998,1672.960000000,14,0.368000000,0.229000000,0.731000000
22:22:15,150719,50.601448457,-123.478013930,1672.965000000,14,0.368000000,0.229000000,0.731000000
22:22:16,150719,50.601448438,-123.478013925,1672.970000000,14,0.275000000,0.172000000,0.546000000
22:22:17,150719,50.601448445,-123.478013948,1672.980000000,14,0.275000000,0.172000000,0.546000000
22:22:18,150719,50.601448435,-123.478013938,1672.979000000,14,0.275000000,0.172000000,0.546000000
22:22:19,150719,50.601448465,-123.478013978,1672.992000000,14,0.217000000,0.135000000,0.431000000
22:22:20,150719,50.601448497,-123.478013987,1672.984000000,14,0.217000000,0.135000000,0.431000000
22:22:21,150719,50.601448483,-123.478013972,1672.974000000,15,0.196000000,0.120000000,0.388000000
22:22:22,150719,50.601448452,-123.478013990,1672.985000000,15,0.196000000,0.120000000,0.388000000
22:22:23,150719,50.601448430,-123.478013978,1672.986000000,15,0.196000000,0.120000000,0.388000000
22:22:24,150719,50.601448370,-123.478014057,1673.003000000,15,0.354000000,0.217000000,0.703000000
22:22:25,150719,50.601448333,-123.478014077,1673.006000000,15,0.354000000,0.217000000,0.703000000
22:22:26,150719,50.601448283,-123.478014062,1673.008000000,15,0.354000000,0.217000000,0.703000000
22:22:27,150719,50.601448213,-123.478014060,1673.016000000,15,0.431000000,0.264000000,0.856000000
22:22:28,150719,50.601448162,-123.478014102,1673.025000000,15,0.431000000,0.264000000,0.856000000
22:22:29,150719,50.601448097,-123.478014123,1673.041000000,15,0.431000000,0.264000000,0.856000000
22:22:30,150719,50.601448033,-123.478014197,1673.055000000,15,0.501000000,0.307000000,0.995000000
22:22:31,150719,50.601448000,-123.478014233,1673.066000000,15,0.501000000,0.307000000,0.995000000
22:22:32,150719,50.601448120,-123.478014523,1673.142000000,15,0.501000000,0.307000000,0.995000000
22:22:33,150719,50.601448245,-123.478014788,1673.216000000,15,0.521000000,0.319000000,1.035000000
22:22:34,150719,50.601448378,-123.478015097,1673.301000000,15,0.521000000,0.319000000,1.035000000
22:22:35,150719,50.601448403,-123.478015257,1673.365000000,15,0.521000000,0.319000000,1.035000000
22:22:36,150719,50.601448437,-123.478015453,1673.430000000,15,0.511000000,0.313000000,1.014000000
22:22:37,150719,50.601448522,-123.478015602,1673.487000000,15,0.511000000,0.313000000,1.014000000
22:22:38,150719,50.601448673,-123.478015828,1673.567000000,15,0.511000000,0.313000000,1.014000000
22:22:39,150719,50.601448817,-123.478015888,1673.618000000,15,0.505000000,0.309000000,1.003000000
22:22:40,150719,50.601449007,-123.478015987,1673.680000000,15,0.505000000,0.309000000,1.003000000
22:22:41,150719,50.601449233,-123.478016147,1673.754000000,15,0.505000000,0.309000000,1.003000000
22:22:42,150719,50.601449500,-123.478016298,1673.834000000,15,0.470000000,0.288000000,0.933000000
22:22:43,150719,50.601449693,-123.478016385,1673.897000000,15,0.470000000,0.288000000,0.933000000
22:22:44,150719,50.601449885,-123.478016492,1673.971000000,15,0.470000000,0.288000000,0.933000000
22:22:45,150719,50.601450078,-123.478016725,1674.075000000,15,0.453000000,0.277000000,0.899000000
22:22:46,150719,50.601450255,-123.478016742,1674.120000000,15,0.453000000,0.277000000,0.899000000
22:22:47,150719,50.601450368,-123.478016887,1674.186000000,15,0.453000000,0.277000000,0.899000000
22:22:48,150719,50.601450437,-123.478016965,1674.241000000,15,0.456000000,0.280000000,0.907000000
22:22:49,150719,50.601450532,-123.478016988,1674.283000000,15,0.456000000,0.280000000,0.907000000
22:22:50,150719,50.601450627,-123.478017005,1674.333000000,15,0.456000000,0.280000000,0.907000000
22:22:51,150719,50.601450760,-123.478017070,1674.378000000,15,0.503000000,0.309000000,1.000000000
22:22:52,150719,50.601450820,-123.478017245,1674.441000000,15,0.503000000,0.309000000,1.000000000
22:22:53,150719,50.601450820,-123.478017415,1674.502000000,15,0.503000000,0.309000000,1.000000000
22:22:54,150719,50.601450880,-123.478017492,1674.548000000,15,0.482000000,0.295000000,0.957000000
22:22:55,150719,50.601450912,-123.478017523,1674.584000000,15,0.482000000,0.295000000,0.957000000
22:22:56,150719,50.601451042,-123.478017470,1674.604000000,15,0.482000000,0.295000000,0.957000000
22:22:57,150719,50.601451172,-123.478017422,1674.626000000,15,0.394000000,0.242000000,0.783000000
22:22:58,150719,50.601451273,-123.478017363,1674.637000000,15,0.394000000,0.242000000,0.783000000
22:22:59,150719,50.601451472,-123.478017302,1674.661000000,14,0.394000000,0.242000000,0.783000000
22:23:00,150719,50.601451613,-123.478017307,1674.706000000,14,0.362000000,0.216000000,0.678000000
22:23:01,150719,50.601451753,-123.478017168,1674.719000000,14,0.362000000,0.216000000,0.678000000
22:23:02,150719,50.601451902,-123.478017013,1674.722000000,14,0.362000000,0.216000000,0.678000000
22:23:03,150719,50.601452078,-123.478016738,1674.698000000,14,0.333000000,0.198000000,0.623000000
22:23:04,150719,50.601452260,-123.478016442,1674.668000000,14,0.333000000,0.198000000,0.623000000
22:23:05,150719,50.601452317,-123.478016232,1674.635000000,13,0.330000000,0.208000000,0.620000000
22:23:06,150719,50.601452420,-123.478015877,1674.582000000,14,0.335000000,0.199000000,0.627000000
22:23:07,150719,50.601452255,-123.478015815,1674.547000000,14,0.335000000,0.199000000,0.627000000
22:23:08,150719,50.601452258,-123.478015685,1674.522000000,13,0.370000000,0.234000000,0.696000000
22:23:09,150719,50.601452278,-123.478015545,1674.503000000,14,0.388000000,0.231000000,0.727000000
22:23:10,150719,50.601452237,-123.478015542,1674.503000000,14,0.388000000,0.231000000,0.727000000
22:23:11,150719,50.601452303,-123.478015420,1674.491000000,14,0.388000000,0.231000000,0.727000000
22:23:12,150719,50.601452350,-123.478015325,1674.485000000,14,0.388000000,0.231000000,0.726000000
22:23:13,150719,50.601452483,-123.478015142,1674.469000000,14,0.388000000,0.231000000,0.726000000
22:23:14,150719,50.601452550,-123.478015147,1674.488000000,14,0.388000000,0.231000000,0.726000000
22:23:15,150719,50.601452650,-123.478015080,1674.488000000,14,0.324000000,0.193000000,0.607000000
22:23:16,150719,50.601452702,-123.478015148,1674.512000000,13,0.314000000,0.198000000,0.590000000
22:23:17,150719,50.601452883,-123.478015052,1674.516000000,12,0.345000000,0.211000000,0.592000000
22:23:18,150719,50.601452997,-123.478015028,1674.528000000,11,0.345000000,0.211000000,0.592000000
22:23:19,150719,50.601453175,-123.478014953,1674.535000000,11,0.549000000,0.315000000,0.792000000
22:23:20,150719,50.601453312,-123.478014937,1674.551000000,11,0.549000000,0.315000000,0.792000000
22:23:21,150719,50.601453480,-123.478014860,1674.558000000,11,0.549000000,0.315000000,0.792000000
22:23:22,150719,50.601453648,-123.478014775,1674.575000000,11,0.628000000,0.360000000,0.906000000
22:23:23,150719,50.601453822,-123.478014677,1674.586000000,11,0.628000000,0.360000000,0.906000000
22:23:24,150719,50.601453975,-123.478014655,1674.614000000,11,0.628000000,0.360000000,0.906000000
22:23:25,150719,50.601453985,-123.478014828,1674.668000000,11,0.655000000,0.375000000,0.944000000
22:23:26,150719,50.601453988,-123.478015020,1674.720000000,11,0.655000000,0.375000000,0.944000000
22:23:27,150719,50.601453847,-123.478015377,1674.796000000,11,0.655000000,0.375000000,0.944000000
22:23:28,150719,50.601453788,-123.478015617,1674.858000000,11,0.638000000,0.365000000,0.920000000
22:23:29,150719,50.601453750,-123.478015780,1674.909000000,12,0.552000000,0.329000000,0.889000000
22:23:30,150719,50.601453707,-123.478015987,1674.966000000,12,0.552000000,0.329000000,0.889000000
22:23:31,150719,50.601453750,-123.478016095,1675.014000000,13,0.446000000,0.246000000,0.736000000
22:23:32,150719,50.601453773,-123.478016258,1675.057000000,12,0.447000000,0.266000000,0.719000000
22:23:33,150719,50.601453870,-123.478016257,1675.089000000,13,0.397000000,0.219000000,0.656000000
22:23:34,150719,50.601453913,-123.478016367,1675.127000000,14,0.327000000,0.192000000,0.606000000
22:23:35,150719,50.601453970,-123.478016323,1675.153000000,14,0.327000000,0.192000000,0.606000000
22:23:36,150719,50.601454055,-123.478016340,1675.187000000,14,0.327000000,0.192000000,0.606000000
22:23:37,150719,50.601454153,-123.478016278,1675.206000000,14,0.297000000,0.175000000,0.551000000
22:23:38,150719,50.601454298,-123.478016223,1675.226000000,14,0.297000000,0.175000000,0.551000000
22:23:39,150719,50.601454452,-123.478016052,1675.227000000,14,0.297000000,0.175000000,0.551000000
22:23:40,150719,50.601454678,-123.478015883,1675.233000000,14,0.300000000,0.177000000,0.556000000
22:23:41,150719,50.601455062,-123.478015638,1675.229000000,14,0.300000000,0.177000000,0.556000000
22:23:42,150719,50.601455510,-123.478015343,1675.222000000,14,0.300000000,0.177000000,0.556000000
22:23:43,150719,50.601455915,-123.478015163,1675.234000000,14,0.472000000,0.278000000,0.875000000
22:23:44,150719,50.601456410,-123.478014903,1675.251000000,13,0.523000000,0.331000000,0.968000000
22:23:45,150719,50.601456917,-123.478014672,1675.267000000,13,0.523000000,0.331000000,0.968000000
22:23:46,150719,50.601457410,-123.478014363,1675.283000000,13,0.523000000,0.331000000,0.968000000
22:23:47,150719,50.601457817,-123.478014118,1675.304000000,13,0.861000000,0.545000000,1.593000000
22:23:48,150719,50.601458123,-123.478013970,1675.337000000,13,0.861000000,0.545000000,1.593000000
22:23:49,150719,50.601458502,-123.478013652,1675.323000000,13,0.861000000,0.545000000,1.593000000
22:23:50,150719,50.601458792,-123.478013375,1675.312000000,13,0.984000000,0.623000000,1.823000000
22:23:51,150719,50.601459090,-123.478013018,1675.285000000,13,0.984000000,0.623000000,1.823000000
22:23:52,150719,50.601459268,-123.478012800,1675.266000000,13,0.984000000,0.623000000,1.823000000
22:23:53,150719,50.601459147,-123.478012648,1675.197000000,13,0.940000000,0.595000000,1.742000000
22:23:54,150719,50.601458932,-123.478012607,1675.136000000,13,0.940000000,0.595000000,1.742000000
22:23:55,150719,50.601458710,-123.478012528,1675.070000000,13,0.755000000,0.495000000,1.510000000
22:23:56,150719,50.601458178,-123.478012648,1675.006000000,13,0.998000000,0.683000000,2.016000000
22:23:57,150719,50.601456208,-123.478014067,1675.058000000,13,0.998000000,0.683000000,2.016000000
22:23:58,150719,50.601451673,-123.478017968,1675.341000000,13,0.998000000,0.683000000,2.016000000
22:23:59,150719,50.601448698,-123.478020333,1675.468000000,13,1.290000000,0.883000000,2.605000000
22:24:00,150719,50.601443787,-123.478024563,1675.776000000,13,1.290000000,0.883000000,2.605000000
22:24:01,150719,50.601440212,-123.478027468,1675.956000000,13,1.290000000,0.883000000,2.605000000
22:24:02,150719,50.601436837,-123.478030148,1676.123000000,13,1.559000000,1.067000000,3.148000000
22:24:03,150719,50.601434698,-123.478031587,1676.164000000,13,1.559000000,1.067000000,3.148000000
22:24:04,150719,50.601432840,-123.478032780,1676.177000000,13,1.559000000,1.067000000,3.148000000
22:24:05,150719,50.601431458,-123.478033475,1676.147000000,13,1.632000000,1.117000000,3.295000000
22:24:06,150719,50.601430462,-123.478033678,1676.052000000,13,1.632000000,1.117000000,3.295000000
22:24:07,150719,50.601429010,-123.478034275,1675.982000000,13,1.632000000,1.117000000,3.295000000
22:24:08,150719,50.601427607,-123.478034732,1675.871000000,14,1.606000000,1.010000000,3.189000000
22:24:09,150719,50.601425552,-123.478035807,1675.814000000,14,1.606000000,1.010000000,3.189000000
22:24:10,150719,50.601423992,-123.478036335,1675.702000000,14,1.606000000,1.010000000,3.189000000
22:24:11,150719,50.601421512,-123.478037787,1675.676000000,14,1.524000000,0.959000000,3.027000000
22:24:12,150719,50.601419998,-123.478038365,1675.580000000,14,1.524000000,0.959000000,3.027000000
22:24:13,150719,50.601418147,-123.478039153,1675.482000000,14,1.524000000,0.959000000,3.027000000
22:24:14,150719,50.601416758,-123.478039542,1675.357000000,14,1.342000000,0.845000000,2.665000000
22:24:15,150719,50.601415158,-123.478040147,1675.256000000,14,1.342000000,0.845000000,2.665000000
22:24:16,150719,50.601414247,-123.478040293,1675.134000000,14,1.342000000,0.845000000,2.665000000
22:24:17,150719,50.601413408,-123.478040420,1675.020000000,14,1.121000000,0.706000000,2.226000000
22:24:18,150719,50.601412538,-123.478040627,1674.922000000,14,1.121000000,0.706000000,2.226000000
22:24:19,150719,50.601411533,-123.478040967,1674.838000000,14,1.121000000,0.706000000,2.226000000
22:24:20,150719,50.601410832,-123.478041150,1674.759000000,14,0.947000000,0.596000000,1.880000000
22:24:21,150719,50.601410060,-123.478041308,1674.675000000,14,0.947000000,0.596000000,1.880000000
22:24:22,150719,50.601409367,-123.478041447,1674.602000000,14,0.947000000,0.596000000,1.880000000
22:24:23,150719,50.601408872,-123.478041473,1674.535000000,14,0.846000000,0.533000000,1.680000000
22:24:24,150719,50.601408448,-123.478041525,1674.486000000,13,0.817000000,0.561000000,1.651000000
22:24:25,150719,50.601408238,-123.478041498,1674.458000000,13,0.817000000,0.561000000,1.651000000
22:24:26,150719,50.601408017,-123.478041525,1674.435000000,13,0.817000000,0.561000000,1.651000000
22:24:27,150719,50.601407833,-123.478041520,1674.411000000,13,0.772000000,0.529000000,1.559000000
22:24:28,150719,50.601407648,-123.478041592,1674.399000000,13,0.772000000,0.529000000,1.559000000
22:24:29,150719,50.601407490,-123.478041687,1674.383000000,13,0.772000000,0.529000000,1.559000000
22:24:30,150719,50.601407347,-123.478041765,1674.368000000,13,0.750000000,0.515000000,1.515000000
22:24:31,150719,50.601407198,-123.478041842,1674.355000000,14,0.747000000,0.471000000,1.483000000
22:24:32,150719,50.601407088,-123.478041862,1674.339000000,14,0.747000000,0.471000000,1.483000000
22:24:33,150719,50.601406982,-123.478041888,1674.327000000,14,0.747000000,0.471000000,1.483000000
22:24:34,150719,50.601406863,-123.478041900,1674.316000000,14,0.756000000,0.476000000,1.501000000
22:24:35,150719,50.601406857,-123.478041772,1674.283000000,14,0.756000000,0.476000000,1.501000000
22:24:36,150719,50.601407060,-123.478041597,1674.273000000,14,0.756000000,0.476000000,1.501000000
22:24:37,150719,50.601407360,-123.478041258,1674.243000000,14,0.780000000,0.492000000,1.550000000
22:24:38,150719,50.601407665,-123.478040873,1674.198000000,14,0.780000000,0.492000000,1.550000000
22:24:39,150719,50.601407847,-123.478040587,1674.149000000,14,0.780000000,0.492000000,1.550000000
22:24:40,150719,50.601408037,-123.478040307,1674.088000000,14,0.789000000,0.498000000,1.567000000
22:24:41,150719,50.601408130,-123.478040128,1674.043000000,14,0.789000000,0.498000000,1.567000000
22:24:42,150719,50.601408223,-123.478040033,1674.016000000,14,0.789000000,0.498000000,1.567000000
22:24:43,150719,50.601408547,-123.478039628,1673.945000000,14,0.793000000,0.500000000,1.574000000
22:24:44,150719,50.601408810,-123.478039283,1673.886000000,14,0.793000000,0.500000000,1.574000000
22:24:45,150719,50.601409260,-123.478038790,1673.810000000,14,0.793000000,0.500000000,1.574000000
22:24:46,150719,50.601409828,-123.478038218,1673.743000000,14,0.793000000,0.501000000,1.575000000
22:24:47,150719,50.601410475,-123.478037598,1673.678000000,14,0.793000000,0.501000000,1.575000000
22:24:48,150719,50.601411117,-123.478036985,1673.614000000,14,0.793000000,0.501000000,1.575000000
22:24:49,150719,50.601411713,-123.478036460,1673.574000000,14,0.784000000,0.495000000,1.556000000
22:24:50,150719,50.601412328,-123.478035843,1673.519000000,14,0.784000000,0.495000000,1.556000000
22:24:51,150719,50.601412712,-123.478035493,1673.486000000,13,0.787000000,0.523000000,1.681000000
22:24:52,150719,50.601413255,-123.478035003,1673.430000000,13,0.787000000,0.523000000,1.681000000
22:24:53,150719,50.601413958,-123.478034343,1673.358000000,13,0.787000000,0.523000000,1.681000000
22:24:54,150719,50.601414835,-123.478033577,1673.279000000,13,0.725000000,0.482000000,1.549000000
22:24:55,150719,50.601415893,-123.478032640,1673.202000000,13,0.725000000,0.482000000,1.549000000
22:24:56,150719,50.601417102,-123.478031532,1673.103000000,13,0.725000000,0.482000000,1.549000000
22:24:57,150719,50.601418288,-123.478030508,1673.016000000,12,0.611000000,0.406000000,1.305000000
22:24:58,150719,50.601419417,-123.478029533,1672.928000000,12,0.603000000,0.438000000,1.419000000
22:24:59,150719,50.601420553,-123.478028565,1672.854000000,12,0.603000000,0.438000000,1.419000000
22:25:00,150719,50.601421633,-123.478027637,1672.789000000,12,0.603000000,0.438000000,1.419000000
22:25:01,150719,50.601422648,-123.478026795,1672.727000000,12,0.848000000,0.616000000,1.997000000
22:25:02,150719,50.601423670,-123.478025953,1672.680000000,12,0.848000000,0.616000000,1.997000000
22:25:03,150719,50.601424600,-123.478025240,1672.650000000,12,0.848000000,0.616000000,1.997000000
22:25:04,150719,50.601425468,-123.478024550,1672.592000000,12,0.706000000,0.513000000,1.663000000
22:25:05,150719,50.601426290,-123.478023785,1672.522000000,12,0.706000000,0.513000000,1.663000000
22:25:06,150719,50.601427103,-123.478023060,1672.452000000,12,0.706000000,0.513000000,1.663000000
22:25:07,150719,50.601427782,-123.478022415,1672.394000000,12,0.556000000,0.404000000,1.309000000
22:25:08,150719,50.601428440,-123.478021802,1672.335000000,12,0.556000000,0.404000000,1.309000000
22:25:09,150719,50.601429040,-123.478021245,1672.271000000,12,0.556000000,0.404000000,1.309000000
22:25:10,150719,50.601429528,-123.478020792,1672.223000000,12,0.435000000,0.316000000,1.025000000
22:25:11,150719,50.601429995,-123.478020308,1672.183000000,12,0.435000000,0.316000000,1.025000000
22:25:12,150719,50.601430375,-123.478019883,1672.133000000,12,0.435000000,0.316000000,1.025000000
22:25:13,150719,50.601430813,-123.478019395,1672.077000000,12,0.347000000,0.253000000,0.818000000
22:25:14,150719,50.601431272,-123.478018913,1672.018000000,12,0.347000000,0.253000000,0.818000000
22:25:15,150719,50.601431673,-123.478018458,1671.962000000,12,0.347000000,0.253000000,0.818000000
22:25:16,150719,50.601432097,-123.478017993,1671.901000000,12,0.288000000,0.210000000,0.679000000
22:25:17,150719,50.601432557,-123.478017480,1671.835000000,12,0.288000000,0.210000000,0.679000000
22:25:18,150719,50.601433005,-123.478017005,1671.773000000,12,0.288000000,0.210000000,0.679000000
22:25:19,150719,50.601433432,-123.478016563,1671.707000000,12,0.252000000,0.184000000,0.594000000
22:25:20,150719,50.601433902,-123.478016082,1671.644000000,12,0.252000000,0.184000000,0.594000000
22:25:21,150719,50.601434342,-123.478015602,1671.578000000,12,0.252000000,0.184000000,0.594000000
22:25:22,150719,50.601434807,-123.478015078,1671.512000000,12,0.223000000,0.162000000,0.525000000
22:25:23,150719,50.601435215,-123.478014562,1671.449000000,12,0.223000000,0.162000000,0.525000000
22:25:24,150719,50.601435600,-123.478014063,1671.388000000,12,0.223000000,0.162000000,0.525000000
22:25:25,150719,50.601435985,-123.478013565,1671.326000000,12,0.276000000,0.201000000,0.650000000
22:25:26,150719,50.601436338,-123.478013110,1671.277000000,11,0.307000000,0.220000000,0.682000000
22:25:27,150719,50.601436663,-123.478012735,1671.230000000,11,0.307000000,0.220000000,0.682000000
22:25:28,150719,50.601436972,-123.478012397,1671.185000000,11,0.307000000,0.220000000,0.682000000
22:25:29,150719,50.601437265,-123.478012032,1671.136000000,10,0.343000000,0.246000000,0.762000000
22:25:30,150719,50.601437542,-123.478011730,1671.102000000,10,0.367000000,0.323000000,0.891000000
22:25:31,150719,50.601437842,-123.478011363,1671.055000000,11,0.367000000,0.323000000,0.891000000
22:25:32,150719,50.601438102,-123.478011077,1671.010000000,11,0.428000000,0.439000000,1.088000000
22:25:33,150719,50.601438358,-123.478010767,1670.972000000,11,0.428000000,0.439000000,1.088000000
22:25:34,150719,50.601438552,-123.478010477,1670.935000000,11,0.428000000,0.439000000,1.088000000
22:25:35,150719,50.601438752,-123.478010180,1670.898000000,12,0.326000000,0.285000000,0.712000000
22:25:36,150719,50.601438907,-123.478009942,1670.872000000,12,0.326000000,0.285000000,0.712000000
22:25:37,150719,50.601439083,-123.478009650,1670.835000000,11,0.326000000,0.285000000,0.712000000
22:25:38,150719,50.601439277,-123.478009372,1670.807000000,12,0.252000000,0.258000000,0.640000000
22:25:39,150719,50.601439478,-123.478009148,1670.789000000,12,0.227000000,0.198000000,0.495000000
22:25:40,150719,50.601439690,-123.478008952,1670.760000000,12,0.227000000,0.198000000,0.495000000
22:25:41,150719,50.601439888,-123.478008808,1670.739000000,12,0.227000000,0.198000000,0.495000000
22:25:42,150719,50.601440062,-123.478008677,1670.731000000,12,0.203000000,0.177000000,0.443000000
22:25:43,150719,50.601440107,-123.478008672,1670.741000000,12,0.203000000,0.177000000,0.443000000
22:25:44,150719,50.601440108,-123.478008678,1670.772000000,13,0.203000000,0.177000000,0.443000000
22:25:45,150719,50.601439947,-123.478008828,1670.832000000,13,0.178000000,0.151000000,0.424000000
22:25:46,150719,50.601439728,-123.478008953,1670.883000000,13,0.178000000,0.151000000,0.424000000
22:25:47,150719,50.601439403,-123.478009183,1670.960000000,13,0.178000000,0.151000000,0.424000000
22:25:48,150719,50.601439253,-123.478009260,1671.003000000,13,0.474000000,0.403000000,1.130000000
22:25:49,150719,50.601439105,-123.478009350,1671.045000000,13,0.474000000,0.403000000,1.130000000
22:25:50,150719,50.601439052,-123.478009300,1671.071000000,13,0.474000000,0.403000000,1.130000000
22:25:51,150719,50.601439027,-123.478009265,1671.075000000,13,0.872000000,0.741000000,2.079000000
22:25:52,150719,50.601439058,-123.478009223,1671.079000000,13,0.872000000,0.741000000,2.079000000
22:25:53,150719,50.601439067,-123.478009238,1671.085000000,13,0.872000000,0.741000000,2.079000000
22:25:54,150719,50.601439107,-123.478009232,1671.089000000,13,1.115000000,0.949000000,2.662000000
22:25:55,150719,50.601439155,-123.478009218,1671.081000000,13,1.115000000,0.949000000,2.662000000
22:25:56,150719,50.601439090,-123.478009245,1671.093000000,13,1.115000000,0.949000000,2.662000000
22:25:57,150719,50.601439095,-123.478009248,1671.107000000,13,1.193000000,1.015000000,2.847000000
22:25:58,150719,50.601439063,-123.478009213,1671.121000000,13,1.193000000,1.015000000,2.847000000
22:25:59,150719,50.601439125,-123.478009183,1671.124000000,13,1.193000000,1.015000000,2.847000000
22:26:00,150719,50.601439133,-123.478009170,1671.126000000,13,1.227000000,1.043000000,2.929000000
22:26:01,150719,50.601439193,-123.478009158,1671.133000000,14,1.227000000,1.043000000,2.929000000
22:26:02,150719,50.601439253,-123.478009175,1671.147000000,14,1.230000000,0.949000000,2.878000000
22:26:03,150719,50.601439330,-123.478009322,1671.184000000,14,1.230000000,0.949000000,2.878000000
22:26:04,150719,50.601439487,-123.478009635,1671.256000000,14,1.230000000,0.949000000,2.878000000
22:26:05,150719,50.601439602,-123.478009837,1671.290000000,14,1.205000000,0.930000000,2.820000000
22:26:06,150719,50.601439710,-123.478010032,1671.327000000,14,1.205000000,0.930000000,2.820000000
22:26:07,150719,50.601439775,-123.478010140,1671.352000000,14,1.205000000,0.930000000,2.820000000
22:26:08,150719,50.601439873,-123.478010285,1671.376000000,14,1.171000000,0.904000000,2.741000000
22:26:09,150719,50.601439987,-123.478010315,1671.383000000,13,1.171000000,0.904000000,2.741000000
22:26:10,150719,50.601440173,-123.478010295,1671.356000000,13,1.199000000,0.848000000,2.712000000
22:26:11,150719,50.601440307,-123.478010295,1671.343000000,13,1.199000000,0.848000000,2.712000000
22:26:12,150719,50.601440423,-123.478010297,1671.320000000,13,1.199000000,0.848000000,2.712000000
22:26:13,150719,50.601440537,-123.478010297,1671.310000000,13,0.824000000,0.582000000,1.864000000
22:26:14,150719,50.601440585,-123.478010337,1671.309000000,13,0.824000000,0.582000000,1.864000000
22:26:15,150719,50.601440633,-123.478010328,1671.303000000,13,0.824000000,0.582000000,1.864000000
22:26:16,150719,50.601440673,-123.478010318,1671.302000000,12,0.550000000,0.423000000,1.270000000
22:26:17,150719,50.601440755,-123.478010375,1671.291000000,12,0.550000000,0.423000000,1.270000000
22:26:18,150719,50.601440833,-123.478010437,1671.294000000,12,0.550000000,0.423000000,1.270000000
22:26:19,150719,50.601440893,-123.478010505,1671.293000000,12,0.379000000,0.292000000,0.876000000
22:26:20,150719,50.601440922,-123.478010503,1671.285000000,12,0.379000000,0.292000000,0.876000000
22:26:21,150719,50.601440943,-123.478010500,1671.284000000,12,0.379000000,0.292000000,0.876000000
22:26:22,150719,50.601441002,-123.478010462,1671.276000000,12,0.263000000,0.202000000,0.607000000
22:26:23,150719,50.601441005,-123.478010467,1671.282000000,12,0.263000000,0.202000000,0.607000000
22:26:24,150719,50.601441020,-123.478010525,1671.288000000,12,0.263000000,0.202000000,0.607000000
22:26:25,150719,50.601441037,-123.478010582,1671.294000000,12,0.198000000,0.153000000,0.458000000
22:26:26,150719,50.601441008,-123.478010578,1671.298000000,12,0.198000000,0.153000000,0.458000000
22:26:27,150719,50.601440945,-123.478010495,1671.274000000,13,0.193000000,0.137000000,0.418000000
22:26:28,150719,50.601440882,-123.478010443,1671.258000000,14,0.192000000,0.129000000,0.413000000
22:26:29,150719,50.601440788,-123.478010448,1671.251000000,14,0.192000000,0.129000000,0.413000000
22:26:30,150719,50.601440718,-123.478010453,1671.236000000,14,0.192000000,0.129000000,0.413000000
22:26:31,150719,50.601440698,-123.478010453,1671.233000000,14,0.192000000,0.129000000,0.413000000
22:26:32,150719,50.601440670,-123.478010508,1671.241000000,14,0.192000000,0.129000000,0.413000000
22:26:33,150719,50.601440655,-123.478010515,1671.243000000,14,0.192000000,0.129000000,0.413000000
22:26:34,150719,50.601440622,-123.478010485,1671.247000000,14,0.192000000,0.129000000,0.413000000
22:26:35,150719,50.601440562,-123.478010500,1671.253000000,14,0.192000000,0.129000000,0.413000000
22:26:36,150719,50.601440480,-123.478010622,1671.295000000,14,0.192000000,0.129000000,0.413000000
22:26:37,150719,50.601440427,-123.478010928,1671.363000000,14,0.192000000,0.129000000,0.413000000
22:26:38,150719,50.601440357,-123.478011393,1671.454000000,14,0.192000000,0.129000000,0.413000000
22:26:39,150719,50.601440255,-123.478011818,1671.536000000,14,0.192000000,0.129000000,0.413000000
22:26:40,150719,50.601440115,-123.478012405,1671.645000000,14,0.192000000,0.129000000,0.413000000
22:26:41,150719,50.601439945,-123.478012873,1671.735000000,14,0.192000000,0.129000000,0.413000000
22:26:42,150719,50.601439853,-123.478013158,1671.789000000,14,0.192000000,0.129000000,0.413000000
22:26:43,150719,50.601439782,-123.478013303,1671.815000000,14,0.192000000,0.130000000,0.414000000
22:26:44,150719,50.601439702,-123.478013452,1671.851000000,14,0.192000000,0.130000000,0.414000000
22:26:45,150719,50.601439677,-123.478013515,1671.864000000,14,0.192000000,0.130000000,0.414000000
22:26:46,150719,50.601439630,-123.478013647,1671.894000000,14,0.216000000,0.146000000,0.466000000
22:26:47,150719,50.601439463,-123.478013943,1671.957000000,14,0.216000000,0.146000000,0.466000000
22:26:48,150719,50.601439378,-123.478014000,1671.980000000,14,0.216000000,0.146000000,0.466000000
22:26:49,150719,50.601439305,-123.478014065,1671.997000000,14,0.225000000,0.152000000,0.484000000
22:26:50,150719,50.601439307,-123.478014077,1672.009000000,14,0.225000000,0.152000000,0.484000000
22:26:51,150719,50.601439170,-123.478014233,1672.040000000,14,0.225000000,0.152000000,0.484000000
22:26:52,150719,50.601439005,-123.478014322,1672.056000000,14,0.225000000,0.152000000,0.484000000
22:26:53,150719,50.601438927,-123.478014308,1672.053000000,14,0.225000000,0.152000000,0.484000000
22:26:54,150719,50.601438872,-123.478014330,1672.056000000,14,0.225000000,0.152000000,0.484000000
22:26:55,150719,50.601438775,-123.478014435,1672.072000000,14,0.213000000,0.144000000,0.459000000
22:26:56,150719,50.601438655,-123.478014505,1672.087000000,15,0.192000000,0.139000000,0.429000000
22:26:57,150719,50.601438538,-123.478014492,1672.091000000,15,0.192000000,0.139000000,0.429000000
22:26:58,150719,50.601438257,-123.478014540,1672.130000000,15,0.192000000,0.139000000,0.429000000
22:26:59,150719,50.601437933,-123.478014575,1672.171000000,15,0.296000000,0.213000000,0.661000000
22:27:00,150719,50.601437618,-123.478014707,1672.218000000,15,0.296000000,0.213000000,0.661000000
22:27:01,150719,50.601437342,-123.478014807,1672.260000000,15,0.296000000,0.213000000,0.661000000
22:27:02,150719,50.601437067,-123.478014965,1672.306000000,15,0.331000000,0.239000000,0.739000000
22:27:03,150719,50.601436815,-123.478015107,1672.352000000,15,0.331000000,0.239000000,0.739000000
22:27:04,150719,50.601436652,-123.478015240,1672.393000000,15,0.331000000,0.239000000,0.739000000
22:27:05,150719,50.601436365,-123.478015487,1672.437000000,15,0.353000000,0.254000000,0.788000000
22:27:06,150719,50.601436118,-123.478015735,1672.483000000,15,0.353000000,0.254000000,0.788000000
22:27:07,150719,50.601435950,-123.478015978,1672.525000000,15,0.353000000,0.254000000,0.788000000
22:27:08,150719,50.601435672,-123.478016318,1672.586000000,15,0.355000000,0.256000000,0.794000000
22:27:09,150719,50.601435317,-123.478016645,1672.657000000,15,0.355000000,0.256000000,0.794000000
22:27:10,150719,50.601434925,-123.478017118,1672.743000000,15,0.355000000,0.256000000,0.794000000
22:27:11,150719,50.601434533,-123.478017503,1672.827000000,15,0.333000000,0.240000000,0.744000000
22:27:12,150719,50.601434062,-123.478017863,1672.911000000,15,0.333000000,0.240000000,0.744000000
22:27:13,150719,50.601433760,-123.478018237,1672.963000000,15,0.333000000,0.240000000,0.744000000
22:27:14,150719,50.601433412,-123.478018563,1673.021000000,15,0.290000000,0.209000000,0.647000000
22:27:15,150719,50.601433197,-123.478018812,1673.060000000,15,0.290000000,0.209000000,0.647000000
22:27:16,150719,50.601433008,-123.478019052,1673.094000000,15,0.290000000,0.209000000,0.647000000
22:27:17,150719,50.601432872,-123.478019270,1673.118000000,15,0.252000000,0.181000000,0.562000000
22:27:18,150719,50.601432743,-123.478019460,1673.149000000,15,0.252000000,0.181000000,0.562000000
22:27:19,150719,50.601432678,-123.478019580,1673.173000000,15,0.252000000,0.181000000,0.562000000
22:27:20,150719,50.601432653,-123.478019715,1673.184000000,15,0.226000000,0.163000000,0.505000000
22:27:21,150719,50.601432605,-123.478019835,1673.201000000,15,0.226000000,0.163000000,0.505000000
22:27:22,150719,50.601432612,-123.478019922,1673.211000000,15,0.226000000,0.163000000,0.505000000
22:27:23,150719,50.601432575,-123.478020008,1673.239000000,15,0.202000000,0.146000000,0.453000000
22:27:24,150719,50.601432547,-123.478020082,1673.255000000,15,0.202000000,0.146000000,0.453000000
22:27:25,150719,50.601432537,-123.478020142,1673.265000000,15,0.202000000,0.146000000,0.453000000
22:27:26,150719,50.601432602,-123.478020138,1673.270000000,15,0.189000000,0.137000000,0.424000000
22:27:27,150719,50.601432700,-123.478020130,1673.276000000,15,0.189000000,0.137000000,0.424000000
22:27:28,150719,50.601432677,-123.478020193,1673.288000000,15,0.189000000,0.137000000,0.424000000
22:27:29,150719,50.601432702,-123.478020185,1673.296000000,15,0.191000000,0.138000000,0.428000000
22:27:30,150719,50.601432755,-123.478020168,1673.297000000,15,0.191000000,0.138000000,0.428000000
22:27:31,150719,50.601432833,-123.478020152,1673.301000000,15,0.191000000,0.138000000,0.428000000
22:27:32,150719,50.601432815,-123.478020205,1673.315000000,15,0.206000000,0.149000000,0.461000000
22:27:33,150719,50.601432937,-123.478020168,1673.308000000,15,0.206000000,0.149000000,0.461000000
22:27:34,150719,50.601432990,-123.478020188,1673.325000000,15,0.206000000,0.149000000,0.461000000
22:27:35,150719,50.601433120,-123.478020120,1673.327000000,15,0.282000000,0.203000000,0.631000000
22:27:36,150719,50.601433223,-123.478020058,1673.336000000,15,0.282000000,0.203000000,0.631000000
22:27:37,150719,50.601433303,-123.478020085,1673.349000000,14,0.446000000,0.312000000,0.925000000
22:27:38,150719,50.601433302,-123.478020188,1673.370000000,13,0.616000000,0.420000000,1.134000000
22:27:39,150719,50.601433200,-123.478020360,1673.398000000,13,0.616000000,0.420000000,1.134000000
22:27:40,150719,50.601433108,-123.478020552,1673.432000000,13,0.616000000,0.420000000,1.134000000
22:27:41,150719,50.601433058,-123.478020687,1673.459000000,13,0.449000000,0.306000000,0.826000000
22:27:42,150719,50.601433037,-123.478020838,1673.481000000,13,0.449000000,0.306000000,0.826000000
22:27:43,150719,50.601433042,-123.478020935,1673.505000000,13,0.449000000,0.306000000,0.826000000
22:27:44,150719,50.601433108,-123.478020968,1673.511000000,13,0.340000000,0.232000000,0.627000000
22:27:45,150719,50.601433198,-123.478020977,1673.517000000,13,0.340000000,0.232000000,0.627000000
22:27:46,150719,50.601433272,-123.478020997,1673.520000000,13,0.340000000,0.232000000,0.627000000
22:27:47,150719,50.601433297,-123.478021065,1673.533000000,13,0.273000000,0.186000000,0.502000000
22:27:48,150719,50.601433373,-123.478021052,1673.534000000,13,0.273000000,0.186000000,0.502000000
22:27:49,150719,50.601433442,-123.478021067,1673.542000000,13,0.273000000,0.186000000,0.502000000
22:27:50,150719,50.601433493,-123.478021075,1673.545000000,13,0.232000000,0.158000000,0.428000000
22:27:51,150719,50.601433507,-123.478021125,1673.557000000,13,0.232000000,0.158000000,0.428000000
22:27:52,150719,50.601433535,-123.478021145,1673.568000000,13,0.232000000,0.158000000,0.428000000
22:27:53,150719,50.601433512,-123.478021222,1673.584000000,13,0.213000000,0.145000000,0.392000000
22:27:54,150719,50.601433515,-123.478021260,1673.592000000,13,0.213000000,0.145000000,0.392000000
22:27:55,150719,50.601433527,-123.478021257,1673.596000000,13,0.213000000,0.145000000,0.392000000
22:27:56,150719,50.601433520,-123.478021287,1673.604000000,14,0.188000000,0.133000000,0.391000000
22:27:57,150719,50.601433620,-123.478021288,1673.599000000,14,0.188000000,0.133000000,0.391000000
22:27:58,150719,50.601433617,-123.478021315,1673.602000000,14,0.188000000,0.133000000,0.391000000
22:27:59,150719,50.601433592,-123.478021377,1673.612000000,14,0.188000000,0.133000000,0.391000000
22:28:00,150719,50.601433507,-123.478021417,1673.633000000,14,0.188000000,0.133000000,0.391000000
22:28:01,150719,50.601433580,-123.478021378,1673.635000000,15,0.188000000,0.133000000,0.391000000
22:28:02,150719,50.601433545,-123.478021442,1673.655000000,15,0.175000000,0.130000000,0.380000000
22:28:03,150719,50.601433542,-123.478021515,1673.670000000,15,0.175000000,0.130000000,0.380000000
22:28:04,150719,50.601433572,-123.478021595,1673.677000000,15,0.175000000,0.130000000,0.380000000
22:28:05,150719,50.601433690,-123.478021592,1673.674000000,15,0.225000000,0.168000000,0.490000000
22:28:06,150719,50.601433792,-123.478021613,1673.671000000,15,0.225000000,0.168000000,0.490000000
22:28:07,150719,50.601433878,-123.478021625,1673.669000000,15,0.225000000,0.168000000,0.490000000
22:28:08,150719,50.601434007,-123.478021607,1673.661000000,15,0.247000000,0.184000000,0.536000000
22:28:09,150719,50.601434075,-123.478021585,1673.660000000,15,0.247000000,0.184000000,0.536000000
22:28:10,150719,50.601434113,-123.478021588,1673.663000000,15,0.247000000,0.184000000,0.536000000
22:28:11,150719,50.601434082,-123.478021587,1673.672000000,15,0.253000000,0.189000000,0.551000000
22:28:12,150719,50.601434107,-123.478021588,1673.675000000,15,0.253000000,0.189000000,0.551000000
22:28:13,150719,50.601434135,-123.478021632,1673.680000000,15,0.253000000,0.189000000,0.551000000
22:28:14,150719,50.601434157,-123.478021655,1673.676000000,15,0.257000000,0.192000000,0.559000000
22:28:15,150719,50.601434247,-123.478021648,1673.675000000,15,0.257000000,0.192000000,0.559000000
22:28:16,150719,50.601434335,-123.478021637,1673.674000000,15,0.257000000,0.192000000,0.559000000
22:28:17,150719,50.601434372,-123.478021645,1673.676000000,15,0.259000000,0.193000000,0.563000000
22:28:18,150719,50.601434458,-123.478021653,1673.678000000,15,0.259000000,0.193000000,0.563000000
22:28:19,150719,50.601434537,-123.478021663,1673.675000000,15,0.259000000,0.193000000,0.563000000
22:28:20,150719,50.601434585,-123.478021700,1673.674000000,15,0.259000000,0.193000000,0.563000000
22:28:21,150719,50.601434695,-123.478021682,1673.670000000,15,0.259000000,0.193000000,0.563000000
22:28:22,150719,50.601434830,-123.478021612,1673.662000000,15,0.259000000,0.193000000,0.563000000
22:28:23,150719,50.601435010,-123.478021498,1673.647000000,14,0.294000000,0.197000000,0.606000000
22:28:24,150719,50.601435113,-123.478021442,1673.652000000,14,0.294000000,0.197000000,0.606000000
22:28:25,150719,50.601435205,-123.478021395,1673.652000000,14,0.294000000,0.197000000,0.606000000
22:28:26,150719,50.601435307,-123.478021348,1673.650000000,14,0.262000000,0.175000000,0.539000000
22:28:27,150719,50.601435392,-123.478021317,1673.648000000,14,0.262000000,0.175000000,0.539000000
22:28:28,150719,50.601435485,-123.478021290,1673.652000000,14,0.262000000,0.175000000,0.539000000
