TIME,DATE(ddMMyy),LATITUDEGGA,LONGITUDEGGA,ALTITUDEGGA,NUMBERSAT,LATERR,LONGERR,ALTERR
23:19:11,150719,50.547417392,-123.558378840,1596.852000000,19,0.147000000,0.116000000,0.305000000
23:19:12,150719,50.547417370,-123.558378838,1596.841000000,19,0.147000000,0.116000000,0.305000000
23:19:13,150719,50.547417355,-123.558378852,1596.828000000,18,0.153000000,0.120000000,0.323000000
23:19:14,150719,50.547417340,-123.558378857,1596.821000000,18,0.153000000,0.120000000,0.323000000
23:19:15,150719,50.547417298,-123.558378868,1596.812000000,18,0.153000000,0.120000000,0.323000000
23:19:16,150719,50.547417270,-123.558378890,1596.805000000,18,0.153000000,0.120000000,0.323000000
23:19:17,150719,50.547417242,-123.558378915,1596.797000000,18,0.153000000,0.120000000,0.323000000
23:19:18,150719,50.547417242,-123.558378963,1596.797000000,18,0.153000000,0.120000000,0.323000000
23:19:19,150719,50.547417243,-123.558378990,1596.798000000,18,0.153000000,0.120000000,0.323000000
23:19:20,150719,50.547417247,-123.558379007,1596.797000000,18,0.153000000,0.120000000,0.323000000
23:19:21,150719,50.547417258,-123.558379028,1596.797000000,18,0.153000000,0.120000000,0.323000000
23:19:22,150719,50.547417277,-123.558379063,1596.796000000,18,0.153000000,0.120000000,0.323000000
23:19:23,150719,50.547417287,-123.558379052,1596.792000000,18,0.153000000,0.120000000,0.323000000
23:19:24,150719,50.547417287,-123.558379062,1596.784000000,18,0.153000000,0.120000000,0.323000000
23:19:25,150719,50.547417270,-123.558379052,1596.780000000,18,0.153000000,0.120000000,0.323000000
23:19:26,150719,50.547417247,-123.558379047,1596.777000000,18,0.153000000,0.120000000,0.323000000
23:19:27,150719,50.547417245,-123.558379065,1596.770000000,18,0.153000000,0.120000000,0.323000000
23:19:28,150719,50.547417250,-123.558379078,1596.771000000,18,0.153000000,0.120000000,0.323000000
23:19:29,150719,50.547417257,-123.558379082,1596.770000000,18,0.153000000,0.120000000,0.323000000
23:19:30,150719,50.547417267,-123.558379110,1596.769000000,18,0.153000000,0.120000000,0.323000000
23:19:31,150719,50.547417262,-123.558379123,1596.775000000,18,0.153000000,0.120000000,0.323000000
23:19:32,150719,50.547417255,-123.558379147,1596.778000000,18,0.153000000,0.120000000,0.323000000
23:19:33,150719,50.547417238,-123.558379155,1596.783000000,18,0.153000000,0.120000000,0.323000000
23:19:34,150719,50.547417228,-123.558379167,1596.788000000,18,0.153000000,0.120000000,0.323000000
23:19:35,150719,50.547417228,-123.558379158,1596.793000000,18,0.153000000,0.120000000,0.323000000
23:19:36,150719,50.547417238,-123.558379157,1596.797000000,18,0.153000000,0.120000000,0.323000000
23:19:37,150719,50.547417238,-123.558379145,1596.802000000,18,0.153000000,0.120000000,0.323000000
23:19:38,150719,50.547417233,-123.558379145,1596.799000000,18,0.153000000,0.120000000,0.323000000
23:19:39,150719,50.547417225,-123.558379140,1596.802000000,18,0.153000000,0.120000000,0.323000000
23:19:40,150719,50.547417222,-123.558379145,1596.804000000,18,0.153000000,0.120000000,0.323000000
23:19:41,150719,50.547417217,-123.558379142,1596.807000000,18,0.153000000,0.120000000,0.323000000
23:19:42,150719,50.547417227,-123.558379162,1596.814000000,18,0.153000000,0.120000000,0.323000000
23:19:43,150719,50.547417258,-123.558379158,1596.821000000,18,0.153000000,0.120000000,0.323000000
23:19:44,150719,50.547417298,-123.558379128,1596.831000000,18,0.153000000,0.120000000,0.323000000
23:19:45,150719,50.547417343,-123.558379125,1596.840000000,18,0.153000000,0.120000000,0.323000000
23:19:46,150719,50.547417380,-123.558379118,1596.845000000,18,0.153000000,0.120000000,0.323000000
23:19:47,150719,50.547417398,-123.558379107,1596.843000000,18,0.153000000,0.120000000,0.323000000
23:19:48,150719,50.547417402,-123.558379102,1596.838000000,18,0.153000000,0.120000000,0.323000000
23:19:49,150719,50.547417382,-123.558379083,1596.835000000,18,0.153000000,0.120000000,0.323000000
23:19:50,150719,50.547417362,-123.558379087,1596.834000000,18,0.153000000,0.120000000,0.323000000
23:19:51,150719,50.547417370,-123.558379088,1596.834000000,18,0.153000000,0.120000000,0.323000000
23:19:52,150719,50.547417348,-123.558379078,1596.832000000,18,0.153000000,0.120000000,0.323000000
23:19:53,150719,50.547417322,-123.558379070,1596.832000000,18,0.153000000,0.120000000,0.323000000
23:19:54,150719,50.547417308,-123.558379100,1596.830000000,18,0.153000000,0.120000000,0.323000000
23:19:55,150719,50.547417297,-123.558379097,1596.828000000,18,0.153000000,0.120000000,0.323000000
23:19:56,150719,50.547417283,-123.558379112,1596.825000000,18,0.153000000,0.120000000,0.323000000
23:19:57,150719,50.547417282,-123.558379122,1596.825000000,18,0.153000000,0.120000000,0.323000000
23:19:58,150719,50.547417303,-123.558379140,1596.825000000,18,0.153000000,0.120000000,0.323000000
23:19:59,150719,50.547417318,-123.558379142,1596.822000000,18,0.153000000,0.120000000,0.323000000
23:20:00,150719,50.547417328,-123.558379132,1596.820000000,18,0.153000000,0.120000000,0.323000000
23:20:01,150719,50.547417348,-123.558379130,1596.817000000,18,0.153000000,0.120000000,0.324000000
23:20:02,150719,50.547417340,-123.558379137,1596.812000000,18,0.153000000,0.120000000,0.324000000
23:20:03,150719,50.547417342,-123.558379140,1596.806000000,18,0.153000000,0.120000000,0.324000000
23:20:04,150719,50.547417353,-123.558379128,1596.805000000,18,0.153000000,0.120000000,0.324000000
23:20:05,150719,50.547417363,-123.558379137,1596.803000000,18,0.153000000,0.120000000,0.324000000
23:20:06,150719,50.547417378,-123.558379127,1596.802000000,18,0.153000000,0.120000000,0.324000000
23:20:07,150719,50.547417395,-123.558379133,1596.802000000,18,0.153000000,0.120000000,0.324000000
23:20:08,150719,50.547417422,-123.558379132,1596.801000000,18,0.153000000,0.120000000,0.324000000
23:20:09,150719,50.547417430,-123.558379135,1596.800000000,18,0.153000000,0.120000000,0.324000000
23:20:10,150719,50.547417442,-123.558379152,1596.798000000,18,0.153000000,0.120000000,0.324000000
23:20:11,150719,50.547417455,-123.558379142,1596.797000000,18,0.153000000,0.120000000,0.324000000
23:20:12,150719,50.547417453,-123.558379128,1596.795000000,18,0.153000000,0.120000000,0.324000000
23:20:13,150719,50.547417445,-123.558379107,1596.790000000,18,0.153000000,0.120000000,0.324000000
23:20:14,150719,50.547417437,-123.558379095,1596.786000000,18,0.153000000,0.120000000,0.324000000
23:20:15,150719,50.547417433,-123.558379100,1596.782000000,18,0.153000000,0.120000000,0.324000000
23:20:16,150719,50.547417430,-123.558379077,1596.779000000,18,0.153000000,0.120000000,0.324000000
23:20:17,150719,50.547417435,-123.558379080,1596.776000000,18,0.153000000,0.120000000,0.324000000
23:20:18,150719,50.547417442,-123.558379063,1596.776000000,18,0.153000000,0.120000000,0.324000000
23:20:19,150719,50.547417452,-123.558379057,1596.775000000,18,0.153000000,0.119000000,0.324000000
23:20:20,150719,50.547417468,-123.558379057,1596.776000000,18,0.153000000,0.119000000,0.324000000
23:20:21,150719,50.547417467,-123.558379047,1596.773000000,18,0.153000000,0.119000000,0.324000000
23:20:22,150719,50.547417483,-123.558379040,1596.778000000,18,0.154000000,0.119000000,0.324000000
23:20:23,150719,50.547417485,-123.558379043,1596.781000000,18,0.154000000,0.119000000,0.324000000
23:20:24,150719,50.547417498,-123.558379023,1596.781000000,18,0.154000000,0.119000000,0.324000000
23:20:25,150719,50.547417527,-123.558378993,1596.783000000,18,0.154000000,0.119000000,0.324000000
23:20:26,150719,50.547417527,-123.558378982,1596.781000000,18,0.154000000,0.119000000,0.324000000
23:20:27,150719,50.547417537,-123.558378980,1596.784000000,18,0.154000000,0.119000000,0.324000000
23:20:28,150719,50.547417530,-123.558378983,1596.782000000,18,0.154000000,0.119000000,0.324000000
23:20:29,150719,50.547417538,-123.558378997,1596.787000000,18,0.154000000,0.119000000,0.324000000
23:20:30,150719,50.547417573,-123.558378997,1596.794000000,18,0.154000000,0.119000000,0.324000000
23:20:31,150719,50.547417592,-123.558378977,1596.803000000,18,0.154000000,0.119000000,0.324000000
23:20:32,150719,50.547417593,-123.558378960,1596.805000000,18,0.154000000,0.119000000,0.324000000
23:20:33,150719,50.547417582,-123.558378973,1596.806000000,18,0.154000000,0.119000000,0.324000000
23:20:34,150719,50.547417583,-123.558378998,1596.807000000,18,0.154000000,0.119000000,0.324000000
23:20:35,150719,50.547417582,-123.558378973,1596.809000000,18,0.154000000,0.119000000,0.324000000
23:20:36,150719,50.547417582,-123.558378955,1596.807000000,18,0.154000000,0.119000000,0.324000000
23:20:37,150719,50.547417567,-123.558378930,1596.804000000,18,0.154000000,0.119000000,0.324000000
23:20:38,150719,50.547417550,-123.558378907,1596.802000000,18,0.154000000,0.119000000,0.324000000
23:20:39,150719,50.547417523,-123.558378897,1596.796000000,18,0.154000000,0.119000000,0.324000000
23:20:40,150719,50.547417503,-123.558378893,1596.795000000,18,0.154000000,0.119000000,0.324000000
23:20:41,150719,50.547417495,-123.558378910,1596.794000000,18,0.154000000,0.119000000,0.324000000
23:20:42,150719,50.547417510,-123.558378910,1596.799000000,18,0.154000000,0.119000000,0.324000000
23:20:43,150719,50.547417547,-123.558378927,1596.805000000,18,0.154000000,0.119000000,0.324000000
23:20:44,150719,50.547417587,-123.558378928,1596.808000000,18,0.154000000,0.119000000,0.324000000
23:20:45,150719,50.547417617,-123.558378922,1596.814000000,18,0.154000000,0.119000000,0.324000000
23:20:46,150719,50.547417645,-123.558378930,1596.822000000,18,0.154000000,0.119000000,0.324000000
23:20:47,150719,50.547417675,-123.558378920,1596.826000000,18,0.154000000,0.119000000,0.324000000
23:20:48,150719,50.547417670,-123.558378887,1596.826000000,18,0.154000000,0.119000000,0.324000000
23:20:49,150719,50.547417667,-123.558378878,1596.832000000,18,0.154000000,0.119000000,0.324000000
23:20:50,150719,50.547417653,-123.558378865,1596.833000000,18,0.154000000,0.119000000,0.324000000
23:20:51,150719,50.547417640,-123.558378858,1596.833000000,18,0.154000000,0.119000000,0.324000000
23:20:52,150719,50.547417640,-123.558378845,1596.837000000,18,0.154000000,0.119000000,0.324000000
23:20:53,150719,50.547417623,-123.558378843,1596.835000000,18,0.154000000,0.119000000,0.324000000
23:20:54,150719,50.547417595,-123.558378843,1596.833000000,18,0.154000000,0.119000000,0.324000000
23:20:55,150719,50.547417568,-123.558378858,1596.828000000,18,0.154000000,0.119000000,0.324000000
23:20:56,150719,50.547417517,-123.558378868,1596.820000000,18,0.154000000,0.119000000,0.324000000
23:20:57,150719,50.547417497,-123.558378893,1596.816000000,18,0.154000000,0.119000000,0.324000000
23:20:58,150719,50.547417467,-123.558378897,1596.810000000,18,0.154000000,0.119000000,0.324000000
23:20:59,150719,50.547417437,-123.558378888,1596.807000000,18,0.154000000,0.119000000,0.324000000
23:21:00,150719,50.547417420,-123.558378882,1596.807000000,18,0.154000000,0.119000000,0.324000000
23:21:01,150719,50.547417447,-123.558378895,1596.813000000,18,0.154000000,0.119000000,0.324000000
23:21:02,150719,50.547417465,-123.558378912,1596.815000000,18,0.154000000,0.119000000,0.324000000
23:21:03,150719,50.547417478,-123.558378920,1596.816000000,18,0.154000000,0.119000000,0.324000000
23:21:04,150719,50.547417485,-123.558378905,1596.812000000,18,0.154000000,0.119000000,0.324000000
23:21:05,150719,50.547417478,-123.558378897,1596.815000000,18,0.154000000,0.119000000,0.324000000
23:21:06,150719,50.547417470,-123.558378925,1596.812000000,18,0.154000000,0.119000000,0.324000000
23:21:07,150719,50.547417467,-123.558378940,1596.809000000,18,0.154000000,0.119000000,0.324000000
23:21:08,150719,50.547417498,-123.558378897,1596.795000000,18,0.154000000,0.119000000,0.324000000
23:21:09,150719,50.547417533,-123.558378865,1596.784000000,18,0.154000000,0.119000000,0.324000000
23:21:10,150719,50.547417550,-123.558378813,1596.775000000,18,0.154000000,0.119000000,0.324000000
23:21:11,150719,50.547417567,-123.558378788,1596.769000000,18,0.154000000,0.119000000,0.324000000
23:21:12,150719,50.547417608,-123.558378765,1596.769000000,18,0.154000000,0.119000000,0.324000000
23:21:13,150719,50.547417647,-123.558378758,1596.772000000,18,0.154000000,0.119000000,0.324000000
23:21:14,150719,50.547417665,-123.558378747,1596.772000000,18,0.154000000,0.119000000,0.324000000
23:21:15,150719,50.547417695,-123.558378728,1596.771000000,18,0.154000000,0.119000000,0.324000000
23:21:16,150719,50.547417723,-123.558378725,1596.766000000,18,0.154000000,0.119000000,0.324000000
23:21:17,150719,50.547417750,-123.558378692,1596.760000000,18,0.154000000,0.119000000,0.324000000
23:21:18,150719,50.547417765,-123.558378708,1596.753000000,18,0.154000000,0.119000000,0.324000000
23:21:19,150719,50.547417727,-123.558378732,1596.755000000,18,0.154000000,0.119000000,0.324000000
23:21:20,150719,50.547417737,-123.558378695,1596.749000000,18,0.154000000,0.119000000,0.324000000
23:21:21,150719,50.547417745,-123.558378683,1596.741000000,18,0.154000000,0.119000000,0.324000000
23:21:22,150719,50.547417775,-123.558378658,1596.742000000,18,0.154000000,0.119000000,0.324000000
23:21:23,150719,50.547417762,-123.558378677,1596.743000000,18,0.154000000,0.119000000,0.324000000
23:21:24,150719,50.547417765,-123.558378670,1596.739000000,18,0.154000000,0.119000000,0.324000000
23:21:25,150719,50.547417812,-123.558378683,1596.743000000,18,0.154000000,0.119000000,0.324000000
23:21:26,150719,50.547417845,-123.558378678,1596.747000000,18,0.154000000,0.119000000,0.324000000
23:21:27,150719,50.547417890,-123.558378680,1596.751000000,18,0.154000000,0.119000000,0.324000000
23:21:28,150719,50.547417920,-123.558378653,1596.756000000,18,0.154000000,0.119000000,0.324000000
23:21:29,150719,50.547417972,-123.558378653,1596.763000000,18,0.154000000,0.119000000,0.324000000
23:21:30,150719,50.547417973,-123.558378698,1596.760000000,18,0.154000000,0.119000000,0.324000000
23:21:31,150719,50.547417980,-123.558378688,1596.758000000,18,0.154000000,0.119000000,0.324000000
23:21:32,150719,50.547418017,-123.558378692,1596.759000000,18,0.154000000,0.119000000,0.324000000
23:21:33,150719,50.547418017,-123.558378700,1596.753000000,18,0.154000000,0.119000000,0.324000000
23:21:34,150719,50.547418000,-123.558378723,1596.748000000,18,0.154000000,0.119000000,0.324000000
23:21:35,150719,50.547418018,-123.558378728,1596.754000000,18,0.154000000,0.119000000,0.324000000
23:21:36,150719,50.547418038,-123.558378747,1596.757000000,18,0.154000000,0.119000000,0.324000000
23:21:37,150719,50.547418025,-123.558378798,1596.757000000,18,0.154000000,0.119000000,0.324000000
23:21:38,150719,50.547417988,-123.558378815,1596.759000000,18,0.154000000,0.119000000,0.324000000
23:21:39,150719,50.547417953,-123.558378827,1596.756000000,18,0.154000000,0.119000000,0.324000000
23:21:40,150719,50.547417933,-123.558378835,1596.753000000,18,0.154000000,0.119000000,0.324000000
23:21:41,150719,50.547417915,-123.558378837,1596.752000000,18,0.154000000,0.119000000,0.324000000
23:21:42,150719,50.547417910,-123.558378860,1596.754000000,18,0.154000000,0.119000000,0.324000000
23:21:43,150719,50.547417882,-123.558378885,1596.754000000,18,0.155000000,0.119000000,0.324000000
23:21:44,150719,50.547417882,-123.558378898,1596.757000000,18,0.155000000,0.119000000,0.324000000
23:21:45,150719,50.547417875,-123.558378895,1596.759000000,18,0.155000000,0.119000000,0.324000000
23:21:46,150719,50.547417890,-123.558378923,1596.766000000,18,0.155000000,0.119000000,0.324000000
23:21:47,150719,50.547417907,-123.558378952,1596.770000000,18,0.155000000,0.119000000,0.324000000
23:21:48,150719,50.547417912,-123.558378977,1596.771000000,18,0.155000000,0.119000000,0.324000000
23:21:49,150719,50.547417928,-123.558379008,1596.775000000,18,0.155000000,0.119000000,0.324000000
23:21:50,150719,50.547417937,-123.558379052,1596.777000000,18,0.155000000,0.119000000,0.324000000
23:21:51,150719,50.547417950,-123.558379080,1596.784000000,18,0.155000000,0.119000000,0.324000000
23:21:52,150719,50.547417955,-123.558379102,1596.785000000,18,0.155000000,0.119000000,0.324000000
23:21:53,150719,50.547417993,-123.558379137,1596.789000000,18,0.155000000,0.119000000,0.324000000
23:21:54,150719,50.547418002,-123.558379160,1596.785000000,18,0.155000000,0.119000000,0.324000000
23:21:55,150719,50.547418008,-123.558379162,1596.783000000,18,0.155000000,0.119000000,0.324000000
23:21:56,150719,50.547418020,-123.558379188,1596.787000000,18,0.155000000,0.119000000,0.324000000
23:21:57,150719,50.547418033,-123.558379198,1596.788000000,18,0.155000000,0.119000000,0.324000000
23:21:58,150719,50.547418047,-123.558379215,1596.787000000,18,0.155000000,0.119000000,0.324000000
23:21:59,150719,50.547418122,-123.558379178,1596.802000000,18,0.155000000,0.119000000,0.324000000
23:22:00,150719,50.547418128,-123.558379170,1596.798000000,18,0.155000000,0.119000000,0.324000000
23:22:01,150719,50.547418140,-123.558379167,1596.799000000,18,0.155000000,0.119000000,0.324000000
23:22:02,150719,50.547418145,-123.558379132,1596.793000000,18,0.155000000,0.119000000,0.324000000
23:22:03,150719,50.547418162,-123.558379098,1596.792000000,18,0.155000000,0.119000000,0.324000000
23:22:04,150719,50.547418178,-123.558379068,1596.792000000,18,0.155000000,0.119000000,0.324000000
23:22:05,150719,50.547418213,-123.558379070,1596.789000000,18,0.155000000,0.119000000,0.324000000
23:22:06,150719,50.547418223,-123.558379050,1596.782000000,18,0.155000000,0.119000000,0.324000000
23:22:07,150719,50.547418238,-123.558379043,1596.779000000,18,0.155000000,0.119000000,0.324000000
23:22:08,150719,50.547418270,-123.558379018,1596.776000000,18,0.155000000,0.119000000,0.324000000
23:22:09,150719,50.547418298,-123.558379007,1596.775000000,18,0.155000000,0.119000000,0.324000000
23:22:10,150719,50.547418310,-123.558378998,1596.770000000,18,0.155000000,0.119000000,0.324000000
23:22:11,150719,50.547418355,-123.558378980,1596.773000000,18,0.155000000,0.119000000,0.324000000
23:22:12,150719,50.547418382,-123.558378963,1596.774000000,18,0.155000000,0.119000000,0.324000000
23:22:13,150719,50.547418462,-123.558378907,1596.784000000,18,0.155000000,0.119000000,0.324000000
23:22:14,150719,50.547418505,-123.558378888,1596.790000000,18,0.155000000,0.119000000,0.324000000
23:22:15,150719,50.547418580,-123.558378877,1596.798000000,18,0.155000000,0.119000000,0.324000000
23:22:16,150719,50.547418622,-123.558378838,1596.802000000,18,0.155000000,0.119000000,0.324000000
23:22:17,150719,50.547418673,-123.558378817,1596.810000000,18,0.155000000,0.119000000,0.324000000
23:22:18,150719,50.547418683,-123.558378810,1596.811000000,18,0.155000000,0.119000000,0.324000000
23:22:19,150719,50.547418703,-123.558378792,1596.813000000,18,0.155000000,0.119000000,0.324000000
23:22:20,150719,50.547418707,-123.558378782,1596.812000000,18,0.155000000,0.119000000,0.324000000
23:22:21,150719,50.547418713,-123.558378780,1596.810000000,18,0.155000000,0.119000000,0.324000000
23:22:22,150719,50.547418728,-123.558378770,1596.813000000,18,0.155000000,0.119000000,0.324000000
23:22:23,150719,50.547418738,-123.558378780,1596.820000000,18,0.155000000,0.119000000,0.324000000
23:22:24,150719,50.547418772,-123.558378780,1596.826000000,18,0.155000000,0.119000000,0.324000000
23:22:25,150719,50.547418795,-123.558378785,1596.833000000,18,0.155000000,0.119000000,0.324000000
23:22:26,150719,50.547418830,-123.558378773,1596.841000000,18,0.155000000,0.119000000,0.324000000
23:22:27,150719,50.547418865,-123.558378760,1596.849000000,18,0.155000000,0.119000000,0.324000000
23:22:28,150719,50.547418877,-123.558378752,1596.852000000,18,0.155000000,0.119000000,0.324000000
23:22:29,150719,50.547418875,-123.558378748,1596.848000000,18,0.155000000,0.119000000,0.324000000
23:22:30,150719,50.547418892,-123.558378738,1596.850000000,18,0.155000000,0.119000000,0.324000000
23:22:31,150719,50.547418932,-123.558378723,1596.853000000,18,0.155000000,0.119000000,0.324000000
23:22:32,150719,50.547418982,-123.558378713,1596.859000000,18,0.155000000,0.119000000,0.324000000
23:22:33,150719,50.547419008,-123.558378727,1596.863000000,18,0.155000000,0.119000000,0.324000000
23:22:34,150719,50.547419040,-123.558378732,1596.869000000,18,0.155000000,0.119000000,0.324000000
23:22:35,150719,50.547419063,-123.558378752,1596.873000000,18,0.155000000,0.119000000,0.324000000
23:22:36,150719,50.547419068,-123.558378750,1596.876000000,18,0.155000000,0.119000000,0.324000000
23:22:37,150719,50.547419070,-123.558378740,1596.880000000,18,0.155000000,0.119000000,0.324000000
23:22:38,150719,50.547419052,-123.558378743,1596.876000000,18,0.155000000,0.119000000,0.324000000
23:22:39,150719,50.547419072,-123.558378742,1596.880000000,18,0.155000000,0.119000000,0.324000000
23:22:40,150719,50.547419075,-123.558378750,1596.882000000,18,0.155000000,0.119000000,0.324000000
23:22:41,150719,50.547419087,-123.558378750,1596.885000000,18,0.155000000,0.119000000,0.324000000
23:22:42,150719,50.547419088,-123.558378763,1596.888000000,18,0.155000000,0.119000000,0.324000000
23:22:43,150719,50.547419088,-123.558378775,1596.886000000,18,0.155000000,0.119000000,0.324000000
23:22:44,150719,50.547419080,-123.558378767,1596.885000000,18,0.155000000,0.119000000,0.324000000
23:22:45,150719,50.547419055,-123.558378790,1596.884000000,18,0.155000000,0.119000000,0.324000000
23:22:46,150719,50.547419073,-123.558378793,1596.887000000,18,0.155000000,0.119000000,0.324000000
23:22:47,150719,50.547419060,-123.558378813,1596.887000000,18,0.155000000,0.119000000,0.324000000
23:22:48,150719,50.547419075,-123.558378837,1596.889000000,18,0.155000000,0.119000000,0.324000000
23:22:49,150719,50.547419113,-123.558378875,1596.894000000,18,0.155000000,0.119000000,0.324000000
23:22:50,150719,50.547419123,-123.558378878,1596.892000000,18,0.155000000,0.119000000,0.324000000
23:22:51,150719,50.547419107,-123.558378918,1596.882000000,18,0.155000000,0.119000000,0.324000000
23:22:52,150719,50.547419110,-123.558378937,1596.884000000,18,0.155000000,0.119000000,0.324000000
23:22:53,150719,50.547419133,-123.558378940,1596.885000000,18,0.155000000,0.119000000,0.324000000
23:22:54,150719,50.547419167,-123.558378928,1596.890000000,18,0.155000000,0.119000000,0.324000000
23:22:55,150719,50.547419193,-123.558378908,1596.895000000,18,0.155000000,0.119000000,0.324000000
23:22:56,150719,50.547419215,-123.558378907,1596.899000000,18,0.155000000,0.119000000,0.324000000
23:22:57,150719,50.547419232,-123.558378903,1596.903000000,18,0.155000000,0.119000000,0.324000000
23:22:58,150719,50.547419247,-123.558378905,1596.908000000,18,0.155000000,0.119000000,0.324000000
23:22:59,150719,50.547419257,-123.558378875,1596.907000000,18,0.155000000,0.119000000,0.324000000
23:23:00,150719,50.547419232,-123.558378897,1596.897000000,18,0.155000000,0.119000000,0.324000000
23:23:01,150719,50.547419145,-123.558378915,1596.878000000,18,0.155000000,0.119000000,0.324000000
23:23:02,150719,50.547419050,-123.558378943,1596.858000000,18,0.155000000,0.119000000,0.324000000
23:23:03,150719,50.547418973,-123.558378987,1596.846000000,18,0.155000000,0.119000000,0.324000000
23:23:04,150719,50.547418927,-123.558379003,1596.839000000,18,0.155000000,0.119000000,0.324000000
23:23:05,150719,50.547418877,-123.558379030,1596.830000000,18,0.155000000,0.119000000,0.324000000
23:23:06,150719,50.547418843,-123.558379043,1596.827000000,18,0.155000000,0.119000000,0.324000000
23:23:07,150719,50.547418853,-123.558379030,1596.827000000,18,0.156000000,0.119000000,0.324000000
23:23:08,150719,50.547418872,-123.558379027,1596.830000000,18,0.156000000,0.119000000,0.324000000
23:23:09,150719,50.547418892,-123.558379022,1596.829000000,18,0.156000000,0.119000000,0.324000000
23:23:10,150719,50.547418907,-123.558379007,1596.831000000,18,0.156000000,0.119000000,0.324000000
23:23:11,150719,50.547418897,-123.558379010,1596.823000000,18,0.156000000,0.119000000,0.324000000
23:23:12,150719,50.547418895,-123.558378995,1596.818000000,18,0.156000000,0.119000000,0.324000000
23:23:13,150719,50.547418918,-123.558378977,1596.817000000,18,0.156000000,0.119000000,0.324000000
23:23:14,150719,50.547418925,-123.558378975,1596.812000000,18,0.156000000,0.119000000,0.324000000
23:23:15,150719,50.547418940,-123.558378960,1596.811000000,18,0.156000000,0.119000000,0.324000000
23:23:16,150719,50.547418953,-123.558378957,1596.813000000,18,0.156000000,0.119000000,0.324000000
23:23:17,150719,50.547418967,-123.558378950,1596.818000000,18,0.156000000,0.119000000,0.324000000
23:23:18,150719,50.547418967,-123.558378937,1596.815000000,18,0.156000000,0.119000000,0.324000000
23:23:19,150719,50.547418950,-123.558378940,1596.815000000,18,0.156000000,0.119000000,0.324000000
23:23:20,150719,50.547418925,-123.558378948,1596.812000000,18,0.156000000,0.119000000,0.324000000
23:23:21,150719,50.547418942,-123.558378932,1596.816000000,18,0.156000000,0.119000000,0.324000000
23:23:22,150719,50.547418957,-123.558378942,1596.816000000,18,0.156000000,0.119000000,0.324000000
23:23:23,150719,50.547418912,-123.558378943,1596.809000000,18,0.156000000,0.119000000,0.324000000
23:23:24,150719,50.547418885,-123.558378978,1596.804000000,18,0.156000000,0.119000000,0.324000000
23:23:25,150719,50.547418903,-123.558378982,1596.802000000,18,0.156000000,0.119000000,0.324000000
23:23:26,150719,50.547418897,-123.558378992,1596.800000000,18,0.156000000,0.119000000,0.324000000
23:23:27,150719,50.547418903,-123.558378995,1596.793000000,18,0.156000000,0.119000000,0.324000000
23:23:28,150719,50.547418900,-123.558379005,1596.793000000,18,0.156000000,0.119000000,0.324000000
23:23:29,150719,50.547418895,-123.558379017,1596.789000000,18,0.156000000,0.119000000,0.324000000
23:23:30,150719,50.547418863,-123.558379042,1596.786000000,18,0.156000000,0.119000000,0.324000000
23:23:31,150719,50.547418857,-123.558379042,1596.788000000,18,0.156000000,0.119000000,0.324000000
23:23:32,150719,50.547418850,-123.558379060,1596.784000000,18,0.156000000,0.119000000,0.324000000
23:23:33,150719,50.547418815,-123.558379098,1596.784000000,18,0.156000000,0.119000000,0.324000000
23:23:34,150719,50.547418810,-123.558379112,1596.782000000,18,0.156000000,0.119000000,0.324000000
23:23:35,150719,50.547418798,-123.558379150,1596.781000000,18,0.156000000,0.119000000,0.324000000
23:23:36,150719,50.547418793,-123.558379180,1596.776000000,18,0.156000000,0.119000000,0.324000000
23:23:37,150719,50.547418777,-123.558379203,1596.771000000,18,0.156000000,0.119000000,0.324000000
23:23:38,150719,50.547418765,-123.558379220,1596.767000000,18,0.156000000,0.119000000,0.324000000
23:23:39,150719,50.547418767,-123.558379250,1596.764000000,18,0.156000000,0.119000000,0.324000000
23:23:40,150719,50.547418763,-123.558379260,1596.761000000,18,0.156000000,0.119000000,0.324000000
23:23:41,150719,50.547418742,-123.558379262,1596.757000000,18,0.156000000,0.119000000,0.324000000
23:23:42,150719,50.547418713,-123.558379273,1596.753000000,18,0.156000000,0.119000000,0.324000000
23:23:43,150719,50.547418687,-123.558379287,1596.747000000,18,0.156000000,0.119000000,0.324000000
23:23:44,150719,50.547418657,-123.558379288,1596.745000000,18,0.156000000,0.119000000,0.324000000
23:23:45,150719,50.547418635,-123.558379287,1596.741000000,18,0.156000000,0.119000000,0.324000000
23:23:46,150719,50.547418642,-123.558379282,1596.740000000,18,0.156000000,0.119000000,0.324000000
23:23:47,150719,50.547418650,-123.558379263,1596.740000000,18,0.156000000,0.119000000,0.324000000
23:23:48,150719,50.547418670,-123.558379250,1596.740000000,18,0.156000000,0.119000000,0.324000000
23:23:49,150719,50.547418712,-123.558379243,1596.738000000,18,0.156000000,0.119000000,0.324000000
23:23:50,150719,50.547418715,-123.558379258,1596.732000000,18,0.156000000,0.119000000,0.324000000
23:23:51,150719,50.547418737,-123.558379257,1596.726000000,18,0.156000000,0.119000000,0.324000000
23:23:52,150719,50.547418752,-123.558379230,1596.726000000,18,0.156000000,0.119000000,0.324000000
23:23:53,150719,50.547418768,-123.558379252,1596.724000000,18,0.156000000,0.119000000,0.324000000
23:23:54,150719,50.547418765,-123.558379260,1596.721000000,18,0.156000000,0.119000000,0.324000000
23:23:55,150719,50.547418763,-123.558379267,1596.717000000,18,0.156000000,0.119000000,0.324000000
23:23:56,150719,50.547418765,-123.558379282,1596.712000000,18,0.156000000,0.119000000,0.324000000
23:23:57,150719,50.547418747,-123.558379297,1596.714000000,18,0.156000000,0.119000000,0.324000000
23:23:58,150719,50.547418743,-123.558379298,1596.712000000,18,0.156000000,0.119000000,0.324000000
23:23:59,150719,50.547418743,-123.558379292,1596.707000000,18,0.156000000,0.119000000,0.324000000
23:24:00,150719,50.547418765,-123.558379297,1596.705000000,18,0.156000000,0.119000000,0.324000000
23:24:01,150719,50.547418787,-123.558379293,1596.702000000,18,0.156000000,0.119000000,0.324000000
23:24:02,150719,50.547418803,-123.558379283,1596.695000000,18,0.156000000,0.119000000,0.324000000
23:24:03,150719,50.547418808,-123.558379290,1596.695000000,18,0.156000000,0.119000000,0.324000000
23:24:04,150719,50.547418803,-123.558379292,1596.690000000,18,0.156000000,0.119000000,0.324000000
23:24:05,150719,50.547418825,-123.558379313,1596.692000000,18,0.156000000,0.119000000,0.324000000
23:24:06,150719,50.547418827,-123.558379318,1596.690000000,18,0.156000000,0.119000000,0.324000000
23:24:07,150719,50.547418812,-123.558379308,1596.691000000,18,0.156000000,0.119000000,0.324000000
23:24:08,150719,50.547418790,-123.558379302,1596.683000000,18,0.156000000,0.119000000,0.324000000
23:24:09,150719,50.547418760,-123.558379300,1596.675000000,18,0.156000000,0.119000000,0.324000000
23:24:10,150719,50.547418725,-123.558379318,1596.670000000,18,0.156000000,0.119000000,0.324000000
23:24:11,150719,50.547418713,-123.558379325,1596.662000000,18,0.156000000,0.119000000,0.324000000
23:24:12,150719,50.547418710,-123.558379328,1596.658000000,18,0.156000000,0.119000000,0.324000000
23:24:13,150719,50.547418730,-123.558379330,1596.656000000,18,0.156000000,0.119000000,0.324000000
23:24:14,150719,50.547418745,-123.558379333,1596.652000000,18,0.156000000,0.119000000,0.324000000
23:24:15,150719,50.547418755,-123.558379325,1596.650000000,18,0.156000000,0.119000000,0.324000000
23:24:16,150719,50.547418777,-123.558379312,1596.647000000,18,0.156000000,0.119000000,0.324000000
23:24:17,150719,50.547418795,-123.558379340,1596.647000000,18,0.156000000,0.119000000,0.324000000
23:24:18,150719,50.547418787,-123.558379345,1596.649000000,18,0.156000000,0.119000000,0.324000000
23:24:19,150719,50.547418772,-123.558379357,1596.648000000,18,0.156000000,0.119000000,0.324000000
23:24:20,150719,50.547418755,-123.558379372,1596.643000000,18,0.156000000,0.119000000,0.324000000
23:24:21,150719,50.547418750,-123.558379367,1596.641000000,18,0.156000000,0.119000000,0.324000000
23:24:22,150719,50.547418728,-123.558379367,1596.634000000,18,0.156000000,0.119000000,0.324000000
23:24:23,150719,50.547418725,-123.558379363,1596.630000000,18,0.156000000,0.119000000,0.324000000
23:24:24,150719,50.547418697,-123.558379373,1596.620000000,18,0.156000000,0.119000000,0.324000000
23:24:25,150719,50.547418653,-123.558379392,1596.613000000,18,0.156000000,0.119000000,0.324000000
23:24:26,150719,50.547418613,-123.558379402,1596.605000000,18,0.156000000,0.119000000,0.324000000
23:24:27,150719,50.547418595,-123.558379413,1596.601000000,18,0.156000000,0.119000000,0.324000000
23:24:28,150719,50.547418582,-123.558379417,1596.600000000,18,0.156000000,0.119000000,0.324000000
23:24:29,150719,50.547418560,-123.558379410,1596.598000000,18,0.156000000,0.119000000,0.324000000
23:24:30,150719,50.547418548,-123.558379402,1596.596000000,18,0.156000000,0.119000000,0.324000000
23:24:31,150719,50.547418553,-123.558379403,1596.599000000,18,0.156000000,0.119000000,0.324000000
23:24:32,150719,50.547418545,-123.558379400,1596.596000000,18,0.156000000,0.119000000,0.324000000
23:24:33,150719,50.547418533,-123.558379413,1596.600000000,18,0.156000000,0.119000000,0.324000000
23:24:34,150719,50.547418547,-123.558379422,1596.601000000,18,0.156000000,0.119000000,0.324000000
23:24:35,150719,50.547418568,-123.558379423,1596.604000000,18,0.156000000,0.119000000,0.324000000
23:24:36,150719,50.547418587,-123.558379445,1596.602000000,18,0.156000000,0.119000000,0.324000000
23:24:37,150719,50.547418592,-123.558379452,1596.600000000,18,0.157000000,0.119000000,0.324000000
23:24:38,150719,50.547418597,-123.558379465,1596.595000000,18,0.157000000,0.119000000,0.324000000
23:24:39,150719,50.547418602,-123.558379467,1596.591000000,18,0.157000000,0.119000000,0.324000000
23:24:40,150719,50.547418605,-123.558379468,1596.592000000,18,0.157000000,0.119000000,0.324000000
23:24:41,150719,50.547418602,-123.558379478,1596.592000000,18,0.157000000,0.119000000,0.324000000
23:24:42,150719,50.547418598,-123.558379475,1596.591000000,18,0.157000000,0.119000000,0.324000000
23:24:43,150719,50.547418588,-123.558379467,1596.589000000,18,0.157000000,0.119000000,0.324000000
23:24:44,150719,50.547418565,-123.558379455,1596.587000000,18,0.157000000,0.119000000,0.324000000
23:24:45,150719,50.547418572,-123.558379452,1596.585000000,18,0.157000000,0.119000000,0.324000000
23:24:46,150719,50.547418555,-123.558379445,1596.585000000,18,0.157000000,0.119000000,0.324000000
23:24:47,150719,50.547418548,-123.558379425,1596.585000000,18,0.157000000,0.119000000,0.324000000
23:24:48,150719,50.547418560,-123.558379420,1596.587000000,18,0.157000000,0.119000000,0.324000000
23:24:49,150719,50.547418585,-123.558379413,1596.589000000,18,0.157000000,0.119000000,0.324000000
23:24:50,150719,50.547418598,-123.558379422,1596.590000000,18,0.157000000,0.119000000,0.324000000
23:24:51,150719,50.547418613,-123.558379417,1596.590000000,18,0.157000000,0.119000000,0.324000000
23:24:52,150719,50.547418615,-123.558379400,1596.592000000,18,0.157000000,0.119000000,0.324000000
23:24:53,150719,50.547418625,-123.558379382,1596.595000000,18,0.157000000,0.119000000,0.324000000
23:24:54,150719,50.547418608,-123.558379365,1596.596000000,18,0.157000000,0.119000000,0.324000000
23:24:55,150719,50.547418615,-123.558379358,1596.600000000,18,0.157000000,0.119000000,0.324000000
23:24:56,150719,50.547418598,-123.558379348,1596.599000000,18,0.157000000,0.119000000,0.324000000
23:24:57,150719,50.547418595,-123.558379338,1596.598000000,18,0.157000000,0.119000000,0.324000000
23:24:58,150719,50.547418618,-123.558379312,1596.602000000,18,0.157000000,0.119000000,0.324000000
23:24:59,150719,50.547418632,-123.558379313,1596.602000000,18,0.157000000,0.119000000,0.324000000
23:25:00,150719,50.547418638,-123.558379327,1596.606000000,18,0.157000000,0.119000000,0.324000000
23:25:01,150719,50.547418642,-123.558379327,1596.604000000,18,0.157000000,0.119000000,0.324000000
23:25:02,150719,50.547418650,-123.558379312,1596.602000000,18,0.157000000,0.119000000,0.324000000
23:25:03,150719,50.547418682,-123.558379318,1596.604000000,18,0.157000000,0.119000000,0.324000000
23:25:04,150719,50.547418695,-123.558379315,1596.601000000,18,0.157000000,0.119000000,0.324000000
23:25:05,150719,50.547418667,-123.558379317,1596.594000000,18,0.157000000,0.119000000,0.324000000
23:25:06,150719,50.547418650,-123.558379328,1596.592000000,18,0.157000000,0.119000000,0.324000000
23:25:07,150719,50.547418622,-123.558379345,1596.593000000,18,0.157000000,0.119000000,0.324000000
23:25:08,150719,50.547418573,-123.558379360,1596.588000000,18,0.157000000,0.119000000,0.324000000
23:25:09,150719,50.547418550,-123.558379378,1596.587000000,18,0.157000000,0.119000000,0.324000000
23:25:10,150719,50.547418533,-123.558379360,1596.584000000,18,0.157000000,0.119000000,0.324000000
23:25:11,150719,50.547418507,-123.558379380,1596.580000000,18,0.157000000,0.119000000,0.324000000
23:25:12,150719,50.547418493,-123.558379402,1596.579000000,18,0.157000000,0.119000000,0.324000000
23:25:13,150719,50.547418483,-123.558379408,1596.574000000,18,0.157000000,0.119000000,0.324000000
23:25:14,150719,50.547418493,-123.558379398,1596.574000000,18,0.157000000,0.119000000,0.324000000
23:25:15,150719,50.547418495,-123.558379398,1596.570000000,18,0.157000000,0.119000000,0.324000000
23:25:16,150719,50.547418517,-123.558379408,1596.572000000,18,0.157000000,0.119000000,0.324000000
23:25:17,150719,50.547418512,-123.558379412,1596.572000000,18,0.157000000,0.119000000,0.324000000
23:25:18,150719,50.547418530,-123.558379417,1596.582000000,18,0.157000000,0.119000000,0.324000000
23:25:19,150719,50.547418555,-123.558379430,1596.589000000,18,0.157000000,0.119000000,0.324000000
23:25:20,150719,50.547418580,-123.558379435,1596.595000000,18,0.157000000,0.119000000,0.324000000
23:25:21,150719,50.547418600,-123.558379428,1596.599000000,18,0.157000000,0.119000000,0.324000000
23:25:22,150719,50.547418618,-123.558379433,1596.604000000,18,0.157000000,0.119000000,0.324000000
23:25:23,150719,50.547418612,-123.558379448,1596.604000000,18,0.157000000,0.119000000,0.324000000
23:25:24,150719,50.547418605,-123.558379470,1596.603000000,18,0.157000000,0.119000000,0.324000000
23:25:25,150719,50.547418608,-123.558379492,1596.602000000,18,0.157000000,0.119000000,0.324000000
23:25:26,150719,50.547418615,-123.558379487,1596.603000000,18,0.157000000,0.119000000,0.324000000
23:25:27,150719,50.547418647,-123.558379480,1596.610000000,18,0.157000000,0.119000000,0.324000000
23:25:28,150719,50.547418658,-123.558379472,1596.617000000,18,0.157000000,0.119000000,0.324000000
23:25:29,150719,50.547418687,-123.558379477,1596.622000000,18,0.157000000,0.119000000,0.324000000
23:25:30,150719,50.547418703,-123.558379497,1596.626000000,18,0.157000000,0.119000000,0.324000000
23:25:31,150719,50.547418692,-123.558379502,1596.627000000,18,0.157000000,0.118000000,0.324000000
23:25:32,150719,50.547418698,-123.558379508,1596.633000000,18,0.157000000,0.118000000,0.324000000
23:25:33,150719,50.547418693,-123.558379503,1596.638000000,18,0.157000000,0.118000000,0.324000000
23:25:34,150719,50.547418695,-123.558379497,1596.641000000,18,0.157000000,0.118000000,0.324000000
23:25:35,150719,50.547418717,-123.558379490,1596.650000000,18,0.157000000,0.118000000,0.324000000
23:25:36,150719,50.547418732,-123.558379473,1596.654000000,18,0.157000000,0.118000000,0.324000000
23:25:37,150719,50.547418725,-123.558379472,1596.657000000,18,0.157000000,0.118000000,0.324000000
23:25:38,150719,50.547418735,-123.558379460,1596.662000000,18,0.157000000,0.118000000,0.324000000
23:25:39,150719,50.547418737,-123.558379470,1596.663000000,18,0.157000000,0.118000000,0.324000000
23:25:40,150719,50.547418745,-123.558379455,1596.664000000,18,0.157000000,0.118000000,0.323000000
23:25:41,150719,50.547418777,-123.558379442,1596.672000000,18,0.157000000,0.118000000,0.323000000
23:25:42,150719,50.547418787,-123.558379423,1596.676000000,18,0.157000000,0.118000000,0.323000000
23:25:43,150719,50.547418805,-123.558379403,1596.687000000,18,0.157000000,0.118000000,0.323000000
23:25:44,150719,50.547418825,-123.558379407,1596.697000000,18,0.157000000,0.118000000,0.323000000
23:25:45,150719,50.547418845,-123.558379400,1596.704000000,18,0.157000000,0.118000000,0.323000000
23:25:46,150719,50.547418847,-123.558379385,1596.710000000,18,0.157000000,0.118000000,0.323000000
23:25:47,150719,50.547418857,-123.558379370,1596.720000000,18,0.157000000,0.118000000,0.323000000
23:25:48,150719,50.547418860,-123.558379362,1596.720000000,18,0.157000000,0.118000000,0.323000000
23:25:49,150719,50.547418887,-123.558379352,1596.722000000,18,0.157000000,0.118000000,0.323000000
23:25:50,150719,50.547418910,-123.558379320,1596.723000000,18,0.157000000,0.118000000,0.323000000
23:25:51,150719,50.547418920,-123.558379302,1596.723000000,18,0.157000000,0.118000000,0.323000000
23:25:52,150719,50.547418942,-123.558379315,1596.723000000,18,0.157000000,0.118000000,0.323000000
23:25:53,150719,50.547418925,-123.558379317,1596.722000000,18,0.157000000,0.118000000,0.323000000
23:25:54,150719,50.547418903,-123.558379317,1596.716000000,18,0.157000000,0.118000000,0.323000000
23:25:55,150719,50.547418885,-123.558379328,1596.716000000,18,0.157000000,0.118000000,0.323000000
23:25:56,150719,50.547418892,-123.558379307,1596.715000000,18,0.157000000,0.118000000,0.323000000
23:25:57,150719,50.547418888,-123.558379290,1596.710000000,18,0.157000000,0.118000000,0.323000000
23:25:58,150719,50.547418885,-123.558379287,1596.713000000,18,0.157000000,0.118000000,0.323000000
23:25:59,150719,50.547418883,-123.558379247,1596.712000000,18,0.157000000,0.118000000,0.323000000
23:26:00,150719,50.547418892,-123.558379263,1596.716000000,18,0.157000000,0.118000000,0.323000000
23:26:01,150719,50.547418893,-123.558379265,1596.718000000,17,0.158000000,0.132000000,0.351000000
23:26:02,150719,50.547418925,-123.558379233,1596.718000000,17,0.158000000,0.132000000,0.351000000
23:26:03,150719,50.547418947,-123.558379232,1596.714000000,17,0.158000000,0.132000000,0.351000000
23:26:04,150719,50.547418943,-123.558379220,1596.705000000,17,0.159000000,0.132000000,0.351000000
23:26:05,150719,50.547418933,-123.558379213,1596.694000000,17,0.159000000,0.132000000,0.351000000
23:26:06,150719,50.547418935,-123.558379182,1596.682000000,17,0.159000000,0.132000000,0.351000000
23:26:07,150719,50.547418917,-123.558379153,1596.675000000,17,0.159000000,0.132000000,0.351000000
23:26:08,150719,50.547418915,-123.558379137,1596.671000000,17,0.159000000,0.132000000,0.351000000
23:26:09,150719,50.547418900,-123.558379132,1596.663000000,17,0.159000000,0.132000000,0.351000000
23:26:10,150719,50.547418895,-123.558379155,1596.662000000,17,0.159000000,0.132000000,0.351000000
23:26:11,150719,50.547418877,-123.558379135,1596.656000000,17,0.159000000,0.132000000,0.351000000
23:26:12,150719,50.547418877,-123.558379128,1596.651000000,17,0.159000000,0.132000000,0.351000000
23:26:13,150719,50.547418875,-123.558379110,1596.650000000,17,0.159000000,0.132000000,0.351000000
23:26:14,150719,50.547418870,-123.558379093,1596.649000000,17,0.159000000,0.132000000,0.351000000
23:26:15,150719,50.547418887,-123.558379075,1596.652000000,17,0.159000000,0.132000000,0.351000000
23:26:16,150719,50.547418915,-123.558379050,1596.660000000,17,0.159000000,0.132000000,0.351000000
23:26:17,150719,50.547418927,-123.558379028,1596.661000000,17,0.159000000,0.132000000,0.351000000
23:26:18,150719,50.547418922,-123.558379037,1596.662000000,17,0.159000000,0.132000000,0.351000000
23:26:19,150719,50.547418920,-123.558379062,1596.663000000,17,0.159000000,0.132000000,0.351000000
23:26:20,150719,50.547418902,-123.558379080,1596.663000000,17,0.159000000,0.132000000,0.351000000
23:26:21,150719,50.547418915,-123.558379090,1596.665000000,17,0.159000000,0.132000000,0.351000000
23:26:22,150719,50.547418922,-123.558379108,1596.666000000,17,0.159000000,0.132000000,0.351000000
23:26:23,150719,50.547418922,-123.558379133,1596.668000000,17,0.159000000,0.132000000,0.351000000
23:26:24,150719,50.547418895,-123.558379172,1596.671000000,17,0.159000000,0.132000000,0.351000000
23:26:25,150719,50.547418862,-123.558379192,1596.670000000,17,0.159000000,0.132000000,0.351000000
23:26:26,150719,50.547418823,-123.558379205,1596.669000000,17,0.159000000,0.132000000,0.351000000
23:26:27,150719,50.547418802,-123.558379210,1596.661000000,17,0.159000000,0.132000000,0.351000000
23:26:28,150719,50.547418790,-123.558379228,1596.659000000,17,0.159000000,0.132000000,0.351000000
23:26:29,150719,50.547418777,-123.558379220,1596.656000000,17,0.159000000,0.132000000,0.351000000
23:26:30,150719,50.547418780,-123.558379233,1596.656000000,17,0.159000000,0.132000000,0.351000000
23:26:31,150719,50.547418790,-123.558379225,1596.657000000,17,0.159000000,0.132000000,0.351000000
23:26:32,150719,50.547418782,-123.558379245,1596.649000000,17,0.159000000,0.132000000,0.351000000
23:26:33,150719,50.547418822,-123.558379245,1596.653000000,17,0.159000000,0.132000000,0.351000000
23:26:34,150719,50.547418825,-123.558379240,1596.649000000,17,0.159000000,0.132000000,0.351000000
23:26:35,150719,50.547418833,-123.558379235,1596.649000000,17,0.159000000,0.132000000,0.351000000
23:26:36,150719,50.547418827,-123.558379238,1596.650000000,17,0.159000000,0.132000000,0.351000000
23:26:37,150719,50.547418855,-123.558379245,1596.654000000,17,0.159000000,0.132000000,0.351000000
23:26:38,150719,50.547418868,-123.558379245,1596.658000000,17,0.159000000,0.132000000,0.351000000
23:26:39,150719,50.547418882,-123.558379235,1596.657000000,17,0.159000000,0.132000000,0.351000000
23:26:40,150719,50.547418893,-123.558379225,1596.653000000,17,0.159000000,0.132000000,0.351000000
23:26:41,150719,50.547418887,-123.558379242,1596.648000000,17,0.159000000,0.132000000,0.351000000
23:26:42,150719,50.547418877,-123.558379225,1596.641000000,17,0.159000000,0.132000000,0.351000000
23:26:43,150719,50.547418848,-123.558379218,1596.637000000,17,0.159000000,0.132000000,0.351000000
23:26:44,150719,50.547418827,-123.558379188,1596.634000000,17,0.159000000,0.132000000,0.351000000
23:26:45,150719,50.547418818,-123.558379160,1596.627000000,17,0.159000000,0.132000000,0.351000000
23:26:46,150719,50.547418820,-123.558379140,1596.626000000,17,0.159000000,0.132000000,0.351000000
23:26:47,150719,50.547418815,-123.558379108,1596.620000000,17,0.159000000,0.132000000,0.351000000
23:26:48,150719,50.547418813,-123.558379077,1596.618000000,17,0.159000000,0.132000000,0.351000000
23:26:49,150719,50.547418820,-123.558379058,1596.613000000,17,0.159000000,0.132000000,0.351000000
23:26:50,150719,50.547418825,-123.558379033,1596.607000000,17,0.159000000,0.132000000,0.351000000
23:26:51,150719,50.547418822,-123.558379020,1596.600000000,17,0.159000000,0.132000000,0.351000000
23:26:52,150719,50.547418810,-123.558379007,1596.593000000,17,0.159000000,0.132000000,0.351000000
23:26:53,150719,50.547418802,-123.558378995,1596.587000000,17,0.159000000,0.132000000,0.351000000
23:26:54,150719,50.547418787,-123.558378995,1596.575000000,17,0.159000000,0.132000000,0.351000000
23:26:55,150719,50.547418787,-123.558378982,1596.567000000,17,0.159000000,0.132000000,0.351000000
23:26:56,150719,50.547418783,-123.558378947,1596.560000000,17,0.159000000,0.132000000,0.351000000
23:26:57,150719,50.547418777,-123.558378960,1596.556000000,17,0.159000000,0.132000000,0.351000000
23:26:58,150719,50.547418768,-123.558378975,1596.554000000,17,0.159000000,0.132000000,0.351000000
23:26:59,150719,50.547418760,-123.558378957,1596.546000000,17,0.159000000,0.132000000,0.351000000
23:27:00,150719,50.547418767,-123.558378960,1596.540000000,17,0.159000000,0.132000000,0.351000000
23:27:01,150719,50.547418762,-123.558378942,1596.535000000,17,0.159000000,0.132000000,0.351000000
23:27:02,150719,50.547418757,-123.558378908,1596.530000000,17,0.159000000,0.132000000,0.351000000
23:27:03,150719,50.547418748,-123.558378908,1596.529000000,17,0.159000000,0.132000000,0.351000000
23:27:04,150719,50.547418732,-123.558378953,1596.527000000,17,0.159000000,0.132000000,0.351000000
23:27:05,150719,50.547418715,-123.558378962,1596.525000000,17,0.159000000,0.132000000,0.351000000
23:27:06,150719,50.547418692,-123.558378962,1596.525000000,17,0.159000000,0.132000000,0.351000000
23:27:07,150719,50.547418695,-123.558378968,1596.523000000,17,0.159000000,0.132000000,0.351000000
23:27:08,150719,50.547418618,-123.558378898,1596.519000000,17,0.159000000,0.132000000,0.351000000
23:27:09,150719,50.547418643,-123.558378920,1596.516000000,17,0.159000000,0.132000000,0.351000000
23:27:10,150719,50.547418647,-123.558378933,1596.514000000,17,0.159000000,0.132000000,0.351000000
23:27:11,150719,50.547418613,-123.558378932,1596.511000000,17,0.159000000,0.132000000,0.351000000
23:27:12,150719,50.547418625,-123.558378975,1596.514000000,17,0.159000000,0.132000000,0.351000000
23:27:13,150719,50.547418605,-123.558379010,1596.511000000,17,0.159000000,0.132000000,0.351000000
23:27:14,150719,50.547418578,-123.558379023,1596.508000000,17,0.159000000,0.132000000,0.351000000
23:27:15,150719,50.547418585,-123.558379015,1596.508000000,17,0.159000000,0.132000000,0.351000000
23:27:16,150719,50.547418603,-123.558379030,1596.509000000,17,0.159000000,0.132000000,0.351000000
23:27:17,150719,50.547418613,-123.558379037,1596.510000000,17,0.159000000,0.132000000,0.351000000
23:27:18,150719,50.547418602,-123.558379065,1596.517000000,17,0.159000000,0.132000000,0.351000000
23:27:19,150719,50.547418610,-123.558379060,1596.521000000,17,0.159000000,0.132000000,0.351000000
23:27:20,150719,50.547418637,-123.558379050,1596.522000000,17,0.159000000,0.132000000,0.351000000
23:27:21,150719,50.547418645,-123.558379038,1596.517000000,17,0.159000000,0.132000000,0.351000000
23:27:22,150719,50.547418642,-123.558379052,1596.515000000,17,0.159000000,0.132000000,0.351000000
23:27:23,150719,50.547418635,-123.558379063,1596.510000000,17,0.159000000,0.132000000,0.351000000
23:27:24,150719,50.547418625,-123.558379078,1596.508000000,17,0.159000000,0.132000000,0.351000000
23:27:25,150719,50.547418623,-123.558379060,1596.509000000,17,0.159000000,0.132000000,0.351000000
23:27:26,150719,50.547418613,-123.558379078,1596.508000000,17,0.159000000,0.132000000,0.351000000
23:27:27,150719,50.547418623,-123.558379078,1596.507000000,17,0.159000000,0.132000000,0.351000000
23:27:28,150719,50.547418612,-123.558379095,1596.506000000,17,0.159000000,0.132000000,0.351000000
23:27:29,150719,50.547418623,-123.558379093,1596.507000000,17,0.159000000,0.132000000,0.351000000
23:27:30,150719,50.547418608,-123.558379103,1596.511000000,17,0.159000000,0.132000000,0.351000000
23:27:31,150719,50.547418555,-123.558379102,1596.513000000,17,0.159000000,0.132000000,0.351000000
23:27:32,150719,50.547418525,-123.558379072,1596.513000000,17,0.159000000,0.132000000,0.351000000
23:27:33,150719,50.547418513,-123.558379045,1596.507000000,17,0.159000000,0.132000000,0.351000000
23:27:34,150719,50.547418512,-123.558379043,1596.503000000,17,0.159000000,0.132000000,0.351000000
23:27:35,150719,50.547418505,-123.558379042,1596.500000000,17,0.159000000,0.132000000,0.351000000
23:27:36,150719,50.547418490,-123.558379047,1596.502000000,17,0.159000000,0.132000000,0.351000000
23:27:37,150719,50.547418523,-123.558379040,1596.499000000,17,0.159000000,0.132000000,0.351000000
23:27:38,150719,50.547418550,-123.558379027,1596.499000000,17,0.159000000,0.132000000,0.351000000
23:27:39,150719,50.547418555,-123.558379012,1596.494000000,17,0.159000000,0.132000000,0.351000000
23:27:40,150719,50.547418567,-123.558379007,1596.492000000,17,0.159000000,0.132000000,0.351000000
23:27:41,150719,50.547418565,-123.558379017,1596.490000000,17,0.159000000,0.132000000,0.351000000
23:27:42,150719,50.547418563,-123.558379012,1596.492000000,17,0.159000000,0.132000000,0.351000000
23:27:43,150719,50.547418560,-123.558379022,1596.496000000,17,0.159000000,0.132000000,0.351000000
23:27:44,150719,50.547418565,-123.558378993,1596.498000000,17,0.159000000,0.132000000,0.351000000
23:27:45,150719,50.547418585,-123.558378987,1596.496000000,17,0.159000000,0.132000000,0.351000000
23:27:46,150719,50.547418590,-123.558378963,1596.493000000,17,0.159000000,0.132000000,0.351000000
23:27:47,150719,50.547418595,-123.558378957,1596.492000000,17,0.159000000,0.132000000,0.351000000
23:27:48,150719,50.547418587,-123.558378978,1596.491000000,17,0.159000000,0.132000000,0.351000000
23:27:49,150719,50.547418585,-123.558378985,1596.494000000,17,0.159000000,0.132000000,0.351000000
23:27:50,150719,50.547418568,-123.558378985,1596.488000000,17,0.159000000,0.132000000,0.351000000
23:27:51,150719,50.547418583,-123.558378982,1596.489000000,17,0.159000000,0.132000000,0.351000000
23:27:52,150719,50.547418568,-123.558378960,1596.482000000,17,0.159000000,0.132000000,0.351000000
23:27:53,150719,50.547418570,-123.558378943,1596.482000000,17,0.159000000,0.132000000,0.351000000
23:27:54,150719,50.547418565,-123.558378937,1596.485000000,17,0.159000000,0.132000000,0.351000000
23:27:55,150719,50.547418543,-123.558378985,1596.484000000,17,0.159000000,0.132000000,0.351000000
23:27:56,150719,50.547418542,-123.558378947,1596.489000000,17,0.159000000,0.132000000,0.351000000
23:27:57,150719,50.547418597,-123.558378930,1596.489000000,17,0.159000000,0.132000000,0.351000000
23:27:58,150719,50.547418605,-123.558378917,1596.485000000,17,0.159000000,0.132000000,0.351000000
23:27:59,150719,50.547418635,-123.558378918,1596.484000000,17,0.159000000,0.132000000,0.351000000
23:28:00,150719,50.547418657,-123.558378933,1596.484000000,17,0.159000000,0.132000000,0.351000000
23:28:01,150719,50.547418665,-123.558378918,1596.488000000,17,0.159000000,0.132000000,0.351000000
23:28:02,150719,50.547418665,-123.558378982,1596.489000000,17,0.159000000,0.132000000,0.351000000
23:28:03,150719,50.547418745,-123.558378987,1596.489000000,16,0.169000000,0.148000000,0.380000000
23:28:04,150719,50.547418768,-123.558378955,1596.487000000,16,0.169000000,0.148000000,0.380000000
23:28:05,150719,50.547418775,-123.558378957,1596.490000000,16,0.169000000,0.148000000,0.380000000
23:28:06,150719,50.547418805,-123.558378922,1596.494000000,17,0.160000000,0.132000000,0.351000000
23:28:07,150719,50.547418793,-123.558378902,1596.496000000,17,0.160000000,0.132000000,0.351000000
23:28:08,150719,50.547418793,-123.558378880,1596.495000000,17,0.160000000,0.132000000,0.351000000
23:28:09,150719,50.547418780,-123.558378908,1596.492000000,17,0.160000000,0.132000000,0.351000000
23:28:10,150719,50.547418763,-123.558378890,1596.489000000,17,0.160000000,0.132000000,0.351000000
23:28:11,150719,50.547418772,-123.558378873,1596.491000000,17,0.160000000,0.132000000,0.351000000
23:28:12,150719,50.547418803,-123.558378875,1596.493000000,17,0.160000000,0.131000000,0.351000000
23:28:13,150719,50.547418850,-123.558378865,1596.499000000,17,0.160000000,0.131000000,0.351000000
23:28:14,150719,50.547418873,-123.558378860,1596.497000000,17,0.160000000,0.131000000,0.351000000
23:28:15,150719,50.547418893,-123.558378857,1596.501000000,17,0.160000000,0.131000000,0.351000000
23:28:16,150719,50.547418927,-123.558378867,1596.504000000,17,0.160000000,0.131000000,0.351000000
23:28:17,150719,50.547418943,-123.558378890,1596.509000000,17,0.160000000,0.131000000,0.351000000
23:28:18,150719,50.547418973,-123.558378898,1596.516000000,17,0.160000000,0.131000000,0.351000000
23:28:19,150719,50.547419007,-123.558378905,1596.524000000,17,0.160000000,0.131000000,0.351000000
23:28:20,150719,50.547419052,-123.558378923,1596.526000000,17,0.160000000,0.131000000,0.351000000
23:28:21,150719,50.547419082,-123.558378938,1596.532000000,17,0.160000000,0.131000000,0.351000000
23:28:22,150719,50.547419105,-123.558378945,1596.534000000,17,0.160000000,0.131000000,0.351000000
23:28:23,150719,50.547419157,-123.558378948,1596.538000000,17,0.160000000,0.131000000,0.351000000
23:28:24,150719,50.547419187,-123.558378947,1596.545000000,17,0.160000000,0.131000000,0.351000000
23:28:25,150719,50.547419215,-123.558378967,1596.551000000,17,0.160000000,0.131000000,0.351000000
23:28:26,150719,50.547419235,-123.558378967,1596.555000000,17,0.160000000,0.131000000,0.351000000
23:28:27,150719,50.547419255,-123.558378972,1596.554000000,17,0.160000000,0.131000000,0.351000000
23:28:28,150719,50.547419272,-123.558378975,1596.554000000,17,0.160000000,0.131000000,0.351000000
23:28:29,150719,50.547419288,-123.558378975,1596.552000000,17,0.160000000,0.131000000,0.351000000
23:28:30,150719,50.547419290,-123.558378985,1596.558000000,17,0.160000000,0.131000000,0.351000000
23:28:31,150719,50.547419275,-123.558378983,1596.565000000,17,0.160000000,0.131000000,0.351000000
23:28:32,150719,50.547419268,-123.558378968,1596.571000000,17,0.160000000,0.131000000,0.351000000
23:28:33,150719,50.547419253,-123.558378972,1596.575000000,17,0.160000000,0.131000000,0.351000000
23:28:34,150719,50.547419240,-123.558378958,1596.573000000,17,0.160000000,0.131000000,0.351000000
23:28:35,150719,50.547419248,-123.558378955,1596.574000000,17,0.160000000,0.131000000,0.351000000
23:28:36,150719,50.547419248,-123.558378952,1596.575000000,17,0.160000000,0.131000000,0.351000000
23:28:37,150719,50.547419220,-123.558378960,1596.576000000,17,0.160000000,0.131000000,0.351000000
23:28:38,150719,50.547419202,-123.558378945,1596.573000000,17,0.160000000,0.131000000,0.351000000
23:28:39,150719,50.547419193,-123.558378930,1596.570000000,17,0.160000000,0.131000000,0.351000000
