TIME,DATE(ddMMyy),LATITUDEGGA,LONGITUDEGGA,ALTITUDEGGA,NUMBERSAT,LATERR,LONGERR,ALTERR
16:29:56,150719,50.604024543,-123.484404620,1825.271000000,8,0.375000000,0.392000000,0.554000000
16:29:57,150719,50.604024688,-123.484405140,1825.351000000,16,0.219000000,0.215000000,0.444000000
16:29:58,150719,50.604024788,-123.484405255,1825.376000000,16,0.219000000,0.215000000,0.444000000
16:29:59,150719,50.604024778,-123.484405365,1825.374000000,7,0.396000000,0.414000000,0.586000000
16:30:00,150719,50.604024608,-123.484405802,1825.383000000,7,0.409000000,0.453000000,0.608000000
16:30:01,150719,50.604024500,-123.484406110,1825.387000000,7,0.409000000,0.453000000,0.608000000
16:30:02,150719,50.604024417,-123.484406340,1825.384000000,7,0.409000000,0.453000000,0.608000000
16:30:03,150719,50.604024680,-123.484406252,1825.321000000,16,0.223000000,0.218000000,0.451000000
16:30:04,150719,50.604024873,-123.484406390,1825.268000000,16,0.223000000,0.218000000,0.451000000
16:30:05,150719,50.604025022,-123.484406455,1825.227000000,16,0.223000000,0.218000000,0.451000000
16:30:06,150719,50.604025162,-123.484406413,1825.178000000,16,0.165000000,0.161000000,0.333000000
16:30:07,150719,50.604025257,-123.484406265,1825.142000000,16,0.165000000,0.161000000,0.333000000
16:30:08,150719,50.604025343,-123.484406075,1825.108000000,16,0.165000000,0.161000000,0.333000000
16:30:09,150719,50.604025428,-123.484405977,1825.076000000,16,0.154000000,0.151000000,0.311000000
16:30:10,150719,50.604025495,-123.484405895,1825.051000000,16,0.154000000,0.151000000,0.311000000
16:30:11,150719,50.604025567,-123.484405800,1825.026000000,16,0.154000000,0.151000000,0.311000000
16:30:12,150719,50.604025632,-123.484405758,1825.010000000,16,0.154000000,0.151000000,0.311000000
16:30:13,150719,50.604025713,-123.484405617,1824.985000000,16,0.154000000,0.151000000,0.311000000
16:30:14,150719,50.604025810,-123.484405313,1824.931000000,16,0.154000000,0.151000000,0.311000000
16:30:15,150719,50.604025988,-123.484404910,1824.863000000,16,0.154000000,0.151000000,0.311000000
16:30:16,150719,50.604026155,-123.484404590,1824.805000000,16,0.154000000,0.151000000,0.311000000
16:30:17,150719,50.604026268,-123.484404418,1824.762000000,16,0.154000000,0.151000000,0.311000000
16:30:18,150719,50.604026365,-123.484404243,1824.719000000,16,0.154000000,0.150000000,0.311000000
16:30:19,150719,50.604026462,-123.484404050,1824.682000000,16,0.154000000,0.150000000,0.311000000
16:30:20,150719,50.604026565,-123.484403878,1824.645000000,16,0.154000000,0.150000000,0.311000000
16:30:21,150719,50.604026652,-123.484403722,1824.610000000,16,0.154000000,0.150000000,0.311000000
16:30:22,150719,50.604026730,-123.484403572,1824.578000000,16,0.154000000,0.150000000,0.311000000
16:30:23,150719,50.604026810,-123.484403425,1824.551000000,16,0.154000000,0.150000000,0.311000000
16:30:24,150719,50.604026890,-123.484403302,1824.526000000,16,0.154000000,0.150000000,0.311000000
16:30:25,150719,50.604026983,-123.484403165,1824.501000000,16,0.154000000,0.150000000,0.311000000
16:30:26,150719,50.604027077,-123.484403047,1824.478000000,16,0.154000000,0.150000000,0.311000000
16:30:27,150719,50.604027157,-123.484402940,1824.459000000,16,0.154000000,0.150000000,0.311000000
16:30:28,150719,50.604027242,-123.484402785,1824.434000000,16,0.154000000,0.150000000,0.311000000
16:30:29,150719,50.604027325,-123.484402617,1824.412000000,16,0.154000000,0.150000000,0.311000000
16:30:30,150719,50.604027420,-123.484402427,1824.391000000,16,0.154000000,0.150000000,0.311000000
16:30:31,150719,50.604027508,-123.484402228,1824.374000000,16,0.154000000,0.150000000,0.311000000
16:30:32,150719,50.604027558,-123.484402092,1824.361000000,16,0.154000000,0.150000000,0.311000000
16:30:33,150719,50.604027617,-123.484401980,1824.355000000,16,0.154000000,0.150000000,0.311000000
16:30:34,150719,50.604027655,-123.484401890,1824.351000000,16,0.154000000,0.150000000,0.311000000
16:30:35,150719,50.604027665,-123.484401823,1824.353000000,16,0.154000000,0.150000000,0.311000000
16:30:36,150719,50.604027672,-123.484401762,1824.356000000,16,0.154000000,0.150000000,0.311000000
16:30:37,150719,50.604027690,-123.484401657,1824.354000000,16,0.154000000,0.150000000,0.311000000
16:30:38,150719,50.604027697,-123.484401557,1824.357000000,16,0.154000000,0.150000000,0.311000000
16:30:39,150719,50.604027712,-123.484401503,1824.361000000,16,0.154000000,0.150000000,0.311000000
16:30:40,150719,50.604027722,-123.484401428,1824.361000000,16,0.154000000,0.150000000,0.311000000
16:30:41,150719,50.604027730,-123.484401372,1824.366000000,16,0.154000000,0.150000000,0.311000000
16:30:42,150719,50.604027752,-123.484401325,1824.373000000,16,0.154000000,0.150000000,0.311000000
16:30:43,150719,50.604027753,-123.484401270,1824.384000000,16,0.154000000,0.150000000,0.311000000
16:30:44,150719,50.604027755,-123.484401217,1824.394000000,16,0.154000000,0.150000000,0.311000000
16:30:45,150719,50.604027747,-123.484401155,1824.402000000,16,0.154000000,0.150000000,0.311000000
16:30:46,150719,50.604027717,-123.484401110,1824.413000000,16,0.154000000,0.150000000,0.311000000
16:30:47,150719,50.604027688,-123.484401088,1824.421000000,16,0.154000000,0.150000000,0.311000000
16:30:48,150719,50.604027677,-123.484401048,1824.426000000,16,0.154000000,0.150000000,0.311000000
16:30:49,150719,50.604027677,-123.484401010,1824.429000000,16,0.154000000,0.150000000,0.311000000
16:30:50,150719,50.604027695,-123.484400963,1824.431000000,16,0.154000000,0.150000000,0.311000000
16:30:51,150719,50.604027705,-123.484400932,1824.434000000,16,0.154000000,0.150000000,0.311000000
16:30:52,150719,50.604027702,-123.484400887,1824.434000000,16,0.154000000,0.150000000,0.311000000
16:30:53,150719,50.604027693,-123.484400853,1824.433000000,16,0.154000000,0.150000000,0.311000000
16:30:54,150719,50.604027693,-123.484400822,1824.432000000,16,0.154000000,0.150000000,0.311000000
16:30:55,150719,50.604027673,-123.484400802,1824.435000000,16,0.154000000,0.150000000,0.311000000
16:30:56,150719,50.604027640,-123.484400790,1824.436000000,16,0.154000000,0.150000000,0.311000000
16:30:57,150719,50.604027605,-123.484400762,1824.435000000,16,0.154000000,0.150000000,0.311000000
16:30:58,150719,50.604027587,-123.484400760,1824.437000000,16,0.154000000,0.150000000,0.311000000
16:30:59,150719,50.604027578,-123.484400750,1824.439000000,16,0.154000000,0.150000000,0.311000000
16:31:00,150719,50.604027535,-123.484400745,1824.444000000,16,0.154000000,0.150000000,0.311000000
16:31:01,150719,50.604027508,-123.484400710,1824.445000000,17,0.154000000,0.150000000,0.311000000
16:31:02,150719,50.604027517,-123.484400677,1824.453000000,17,0.137000000,0.150000000,0.284000000
16:31:03,150719,50.604027545,-123.484400598,1824.457000000,17,0.137000000,0.150000000,0.284000000
16:31:04,150719,50.604027575,-123.484400527,1824.454000000,17,0.137000000,0.150000000,0.284000000
16:31:05,150719,50.604027610,-123.484400487,1824.455000000,17,0.137000000,0.150000000,0.284000000
16:31:06,150719,50.604027648,-123.484400447,1824.456000000,17,0.137000000,0.150000000,0.284000000
16:31:07,150719,50.604027667,-123.484400408,1824.460000000,17,0.137000000,0.150000000,0.284000000
16:31:08,150719,50.604027662,-123.484400393,1824.461000000,17,0.137000000,0.150000000,0.284000000
16:31:09,150719,50.604027658,-123.484400387,1824.465000000,17,0.137000000,0.150000000,0.284000000
16:31:10,150719,50.604027623,-123.484400382,1824.469000000,17,0.137000000,0.150000000,0.284000000
16:31:11,150719,50.604027572,-123.484400425,1824.471000000,17,0.137000000,0.150000000,0.284000000
16:31:12,150719,50.604027548,-123.484400470,1824.475000000,17,0.137000000,0.150000000,0.284000000
16:31:13,150719,50.604027498,-123.484400507,1824.481000000,17,0.137000000,0.150000000,0.284000000
16:31:14,150719,50.604027450,-123.484400513,1824.487000000,17,0.137000000,0.150000000,0.284000000
16:31:15,150719,50.604027442,-123.484400487,1824.485000000,17,0.137000000,0.150000000,0.284000000
16:31:16,150719,50.604027427,-123.484400492,1824.487000000,17,0.137000000,0.150000000,0.284000000
16:31:17,150719,50.604027417,-123.484400482,1824.489000000,17,0.137000000,0.150000000,0.284000000
16:31:18,150719,50.604027395,-123.484400468,1824.492000000,17,0.137000000,0.150000000,0.284000000
16:31:19,150719,50.604027392,-123.484400467,1824.493000000,17,0.137000000,0.150000000,0.284000000
16:31:20,150719,50.604027393,-123.484400478,1824.497000000,17,0.137000000,0.150000000,0.284000000
16:31:21,150719,50.604027405,-123.484400493,1824.498000000,17,0.137000000,0.150000000,0.284000000
16:31:22,150719,50.604027420,-123.484400538,1824.499000000,17,0.137000000,0.150000000,0.284000000
16:31:23,150719,50.604027433,-123.484400547,1824.495000000,17,0.137000000,0.150000000,0.284000000
16:31:24,150719,50.604027458,-123.484400563,1824.493000000,17,0.137000000,0.150000000,0.284000000
16:31:25,150719,50.604027430,-123.484400578,1824.488000000,17,0.137000000,0.150000000,0.284000000
16:31:26,150719,50.604027385,-123.484400633,1824.487000000,17,0.137000000,0.150000000,0.284000000
16:31:27,150719,50.604027338,-123.484400688,1824.490000000,17,0.137000000,0.150000000,0.284000000
16:31:28,150719,50.604027307,-123.484400738,1824.491000000,17,0.137000000,0.150000000,0.284000000
16:31:29,150719,50.604027297,-123.484400793,1824.486000000,17,0.137000000,0.150000000,0.284000000
16:31:30,150719,50.604027323,-123.484400817,1824.484000000,17,0.137000000,0.150000000,0.284000000
16:31:31,150719,50.604027355,-123.484400827,1824.482000000,17,0.137000000,0.150000000,0.284000000
16:31:32,150719,50.604027358,-123.484400877,1824.481000000,17,0.137000000,0.150000000,0.284000000
16:31:33,150719,50.604027387,-123.484400888,1824.480000000,17,0.137000000,0.150000000,0.284000000
16:31:34,150719,50.604027390,-123.484400943,1824.478000000,17,0.137000000,0.150000000,0.284000000
16:31:35,150719,50.604027362,-123.484400980,1824.478000000,17,0.137000000,0.150000000,0.284000000
16:31:36,150719,50.604027347,-123.484401010,1824.473000000,17,0.137000000,0.150000000,0.284000000
16:31:37,150719,50.604027365,-123.484401022,1824.467000000,17,0.137000000,0.150000000,0.284000000
16:31:38,150719,50.604027373,-123.484401032,1824.461000000,17,0.137000000,0.150000000,0.284000000
16:31:39,150719,50.604027393,-123.484401045,1824.459000000,17,0.137000000,0.150000000,0.284000000
16:31:40,150719,50.604027402,-123.484401043,1824.451000000,17,0.137000000,0.150000000,0.284000000
16:31:41,150719,50.604027415,-123.484401080,1824.449000000,17,0.137000000,0.150000000,0.284000000
16:31:42,150719,50.604027430,-123.484401063,1824.445000000,17,0.137000000,0.150000000,0.284000000
16:31:43,150719,50.604027420,-123.484401048,1824.441000000,17,0.137000000,0.150000000,0.284000000
16:31:44,150719,50.604027413,-123.484401023,1824.437000000,17,0.137000000,0.150000000,0.284000000
16:31:45,150719,50.604027377,-123.484401038,1824.435000000,17,0.137000000,0.150000000,0.284000000
16:31:46,150719,50.604027357,-123.484401048,1824.437000000,17,0.137000000,0.150000000,0.284000000
16:31:47,150719,50.604027313,-123.484401068,1824.436000000,17,0.137000000,0.149000000,0.284000000
16:31:48,150719,50.604027288,-123.484401080,1824.436000000,17,0.137000000,0.149000000,0.284000000
16:31:49,150719,50.604027265,-123.484401073,1824.437000000,17,0.137000000,0.149000000,0.284000000
16:31:50,150719,50.604027252,-123.484401080,1824.434000000,17,0.137000000,0.149000000,0.284000000
16:31:51,150719,50.604027247,-123.484401060,1824.429000000,17,0.137000000,0.149000000,0.284000000
16:31:52,150719,50.604027237,-123.484401052,1824.431000000,17,0.137000000,0.149000000,0.284000000
16:31:53,150719,50.604027208,-123.484401040,1824.434000000,17,0.137000000,0.149000000,0.284000000
16:31:54,150719,50.604027168,-123.484401000,1824.435000000,17,0.137000000,0.149000000,0.284000000
16:31:55,150719,50.604027140,-123.484400980,1824.436000000,17,0.137000000,0.149000000,0.284000000
16:31:56,150719,50.604027133,-123.484400963,1824.440000000,17,0.137000000,0.149000000,0.284000000
16:31:57,150719,50.604027130,-123.484400955,1824.441000000,17,0.137000000,0.149000000,0.284000000
16:31:58,150719,50.604027123,-123.484400958,1824.445000000,17,0.137000000,0.149000000,0.284000000
16:31:59,150719,50.604027117,-123.484400938,1824.444000000,17,0.137000000,0.149000000,0.284000000
16:32:00,150719,50.604027105,-123.484400938,1824.444000000,17,0.137000000,0.149000000,0.284000000
16:32:01,150719,50.604027072,-123.484400933,1824.444000000,17,0.137000000,0.149000000,0.284000000
16:32:02,150719,50.604027042,-123.484400968,1824.451000000,17,0.137000000,0.149000000,0.284000000
16:32:03,150719,50.604027008,-123.484400957,1824.458000000,17,0.137000000,0.149000000,0.284000000
16:32:04,150719,50.604026975,-123.484400965,1824.469000000,17,0.137000000,0.149000000,0.284000000
16:32:05,150719,50.604026933,-123.484400973,1824.483000000,17,0.138000000,0.149000000,0.284000000
16:32:06,150719,50.604026900,-123.484400987,1824.492000000,17,0.138000000,0.149000000,0.284000000
16:32:07,150719,50.604026875,-123.484400993,1824.501000000,17,0.138000000,0.149000000,0.284000000
16:32:08,150719,50.604026870,-123.484400962,1824.503000000,17,0.138000000,0.149000000,0.284000000
16:32:09,150719,50.604026862,-123.484400938,1824.511000000,17,0.138000000,0.149000000,0.284000000
16:32:10,150719,50.604026840,-123.484400958,1824.519000000,17,0.138000000,0.149000000,0.284000000
16:32:11,150719,50.604026827,-123.484400965,1824.526000000,17,0.138000000,0.149000000,0.284000000
16:32:12,150719,50.604026827,-123.484400950,1824.532000000,17,0.138000000,0.149000000,0.284000000
16:32:13,150719,50.604026813,-123.484400940,1824.539000000,17,0.138000000,0.149000000,0.284000000
16:32:14,150719,50.604026805,-123.484400962,1824.548000000,17,0.138000000,0.149000000,0.284000000
16:32:15,150719,50.604026790,-123.484400977,1824.550000000,17,0.138000000,0.149000000,0.284000000
16:32:16,150719,50.604026788,-123.484400987,1824.554000000,17,0.138000000,0.149000000,0.284000000
16:32:17,150719,50.604026795,-123.484401002,1824.556000000,17,0.138000000,0.149000000,0.284000000
16:32:18,150719,50.604026795,-123.484401027,1824.559000000,17,0.138000000,0.149000000,0.284000000
16:32:19,150719,50.604026845,-123.484401043,1824.557000000,17,0.138000000,0.149000000,0.284000000
16:32:20,150719,50.604026867,-123.484401065,1824.562000000,17,0.138000000,0.149000000,0.284000000
16:32:21,150719,50.604026857,-123.484401065,1824.562000000,17,0.138000000,0.149000000,0.284000000
16:32:22,150719,50.604026853,-123.484401055,1824.566000000,17,0.138000000,0.149000000,0.284000000
16:32:23,150719,50.604026865,-123.484401063,1824.572000000,17,0.138000000,0.149000000,0.284000000
16:32:24,150719,50.604026892,-123.484401072,1824.574000000,17,0.138000000,0.149000000,0.284000000
16:32:25,150719,50.604026907,-123.484401065,1824.574000000,17,0.138000000,0.149000000,0.284000000
16:32:26,150719,50.604026923,-123.484401062,1824.577000000,17,0.138000000,0.149000000,0.284000000
16:32:27,150719,50.604026917,-123.484401062,1824.582000000,17,0.138000000,0.149000000,0.284000000
16:32:28,150719,50.604026927,-123.484401060,1824.588000000,17,0.138000000,0.149000000,0.284000000
16:32:29,150719,50.604026915,-123.484401068,1824.588000000,17,0.138000000,0.149000000,0.284000000
16:32:30,150719,50.604026915,-123.484401092,1824.591000000,17,0.138000000,0.149000000,0.284000000
16:32:31,150719,50.604026917,-123.484401093,1824.594000000,17,0.138000000,0.149000000,0.284000000
16:32:32,150719,50.604026912,-123.484401065,1824.592000000,17,0.138000000,0.149000000,0.283000000
16:32:33,150719,50.604026933,-123.484401047,1824.593000000,17,0.138000000,0.149000000,0.283000000
16:32:34,150719,50.604026943,-123.484401030,1824.595000000,17,0.138000000,0.149000000,0.283000000
16:32:35,150719,50.604026952,-123.484400997,1824.594000000,17,0.138000000,0.149000000,0.283000000
16:32:36,150719,50.604026957,-123.484400987,1824.595000000,17,0.138000000,0.149000000,0.283000000
16:32:37,150719,50.604026967,-123.484400970,1824.597000000,17,0.138000000,0.149000000,0.283000000
16:32:38,150719,50.604026977,-123.484400942,1824.598000000,17,0.138000000,0.149000000,0.283000000
16:32:39,150719,50.604026982,-123.484400948,1824.597000000,17,0.138000000,0.149000000,0.283000000
16:32:40,150719,50.604026992,-123.484400960,1824.601000000,17,0.138000000,0.149000000,0.283000000
16:32:41,150719,50.604027028,-123.484400968,1824.604000000,17,0.138000000,0.149000000,0.283000000
16:32:42,150719,50.604027033,-123.484400978,1824.608000000,17,0.138000000,0.149000000,0.283000000
16:32:43,150719,50.604027038,-123.484400963,1824.607000000,17,0.138000000,0.149000000,0.283000000
16:32:44,150719,50.604027058,-123.484400945,1824.609000000,17,0.138000000,0.149000000,0.283000000
16:32:45,150719,50.604027073,-123.484400953,1824.611000000,17,0.138000000,0.149000000,0.283000000
16:32:46,150719,50.604027080,-123.484400957,1824.614000000,17,0.138000000,0.149000000,0.283000000
16:32:47,150719,50.604027088,-123.484400970,1824.614000000,17,0.138000000,0.149000000,0.283000000
16:32:48,150719,50.604027102,-123.484400992,1824.620000000,17,0.138000000,0.149000000,0.283000000
16:32:49,150719,50.604027105,-123.484401030,1824.625000000,17,0.138000000,0.149000000,0.283000000
16:32:50,150719,50.604027100,-123.484401033,1824.627000000,17,0.138000000,0.149000000,0.283000000
16:32:51,150719,50.604027108,-123.484401027,1824.630000000,17,0.138000000,0.149000000,0.283000000
16:32:52,150719,50.604027115,-123.484401032,1824.631000000,17,0.138000000,0.149000000,0.283000000
16:32:53,150719,50.604027128,-123.484401037,1824.632000000,17,0.138000000,0.149000000,0.283000000
16:32:54,150719,50.604027138,-123.484401022,1824.631000000,17,0.138000000,0.149000000,0.283000000
16:32:55,150719,50.604027145,-123.484401008,1824.631000000,17,0.138000000,0.149000000,0.283000000
16:32:56,150719,50.604027118,-123.484401038,1824.635000000,17,0.138000000,0.149000000,0.283000000
16:32:57,150719,50.604027087,-123.484401062,1824.635000000,17,0.138000000,0.149000000,0.283000000
16:32:58,150719,50.604027060,-123.484401085,1824.640000000,17,0.138000000,0.149000000,0.283000000
16:32:59,150719,50.604027023,-123.484401108,1824.646000000,17,0.138000000,0.149000000,0.283000000
16:33:00,150719,50.604027010,-123.484401105,1824.649000000,17,0.138000000,0.149000000,0.283000000
16:33:01,150719,50.604027012,-123.484401090,1824.650000000,17,0.138000000,0.149000000,0.283000000
16:33:02,150719,50.604027037,-123.484401082,1824.649000000,17,0.138000000,0.149000000,0.283000000
16:33:03,150719,50.604027047,-123.484401088,1824.651000000,17,0.138000000,0.149000000,0.283000000
16:33:04,150719,50.604027063,-123.484401060,1824.652000000,17,0.138000000,0.149000000,0.283000000
16:33:05,150719,50.604027070,-123.484401053,1824.654000000,17,0.138000000,0.149000000,0.283000000
16:33:06,150719,50.604027057,-123.484401053,1824.656000000,17,0.138000000,0.149000000,0.283000000
16:33:07,150719,50.604027050,-123.484401025,1824.655000000,17,0.138000000,0.149000000,0.283000000
16:33:08,150719,50.604027040,-123.484400980,1824.651000000,17,0.138000000,0.149000000,0.283000000
16:33:09,150719,50.604027042,-123.484400963,1824.649000000,17,0.138000000,0.149000000,0.283000000
16:33:10,150719,50.604027033,-123.484400963,1824.651000000,17,0.138000000,0.149000000,0.283000000
16:33:11,150719,50.604027003,-123.484400947,1824.648000000,17,0.138000000,0.149000000,0.283000000
16:33:12,150719,50.604026975,-123.484400927,1824.650000000,17,0.138000000,0.149000000,0.283000000
16:33:13,150719,50.604026933,-123.484400912,1824.652000000,17,0.138000000,0.149000000,0.283000000
16:33:14,150719,50.604026903,-123.484400940,1824.656000000,17,0.138000000,0.149000000,0.283000000
16:33:15,150719,50.604026877,-123.484400925,1824.657000000,17,0.138000000,0.149000000,0.283000000
16:33:16,150719,50.604026823,-123.484400933,1824.662000000,17,0.138000000,0.149000000,0.283000000
16:33:17,150719,50.604026807,-123.484400903,1824.665000000,17,0.138000000,0.149000000,0.283000000
16:33:18,150719,50.604026780,-123.484400875,1824.665000000,17,0.138000000,0.149000000,0.283000000
16:33:19,150719,50.604026753,-123.484400887,1824.670000000,17,0.138000000,0.149000000,0.283000000
16:33:20,150719,50.604026767,-123.484400882,1824.672000000,17,0.138000000,0.149000000,0.283000000
16:33:21,150719,50.604026782,-123.484400855,1824.675000000,17,0.138000000,0.149000000,0.283000000
16:33:22,150719,50.604026810,-123.484400835,1824.680000000,17,0.138000000,0.149000000,0.283000000
16:33:23,150719,50.604026828,-123.484400828,1824.683000000,17,0.138000000,0.148000000,0.283000000
16:33:24,150719,50.604026845,-123.484400813,1824.683000000,17,0.138000000,0.148000000,0.283000000
16:33:25,150719,50.604026865,-123.484400823,1824.685000000,17,0.138000000,0.148000000,0.283000000
16:33:26,150719,50.604026892,-123.484400842,1824.688000000,17,0.138000000,0.148000000,0.283000000
16:33:27,150719,50.604026912,-123.484400870,1824.690000000,17,0.138000000,0.148000000,0.283000000
16:33:28,150719,50.604026933,-123.484400885,1824.693000000,17,0.138000000,0.148000000,0.283000000
16:33:29,150719,50.604026922,-123.484400912,1824.695000000,17,0.138000000,0.148000000,0.283000000
16:33:30,150719,50.604026902,-123.484400915,1824.699000000,17,0.138000000,0.148000000,0.283000000
16:33:31,150719,50.604026887,-123.484400928,1824.700000000,17,0.138000000,0.148000000,0.283000000
16:33:32,150719,50.604026850,-123.484400972,1824.700000000,17,0.138000000,0.148000000,0.283000000
16:33:33,150719,50.604026810,-123.484401008,1824.701000000,17,0.138000000,0.148000000,0.283000000
16:33:34,150719,50.604026788,-123.484401040,1824.702000000,17,0.138000000,0.148000000,0.283000000
16:33:35,150719,50.604026758,-123.484401057,1824.700000000,17,0.138000000,0.148000000,0.283000000
16:33:36,150719,50.604026747,-123.484401082,1824.702000000,17,0.138000000,0.148000000,0.283000000
16:33:37,150719,50.604026745,-123.484401108,1824.703000000,17,0.138000000,0.148000000,0.283000000
16:33:38,150719,50.604026727,-123.484401090,1824.701000000,17,0.138000000,0.148000000,0.283000000
16:33:39,150719,50.604026702,-123.484401082,1824.703000000,17,0.138000000,0.148000000,0.283000000
16:33:40,150719,50.604026700,-123.484401063,1824.707000000,17,0.138000000,0.148000000,0.283000000
16:33:41,150719,50.604026707,-123.484401065,1824.712000000,17,0.138000000,0.148000000,0.283000000
16:33:42,150719,50.604026723,-123.484401080,1824.715000000,17,0.138000000,0.148000000,0.283000000
16:33:43,150719,50.604026740,-123.484401090,1824.717000000,17,0.138000000,0.148000000,0.283000000
16:33:44,150719,50.604026787,-123.484401088,1824.715000000,17,0.138000000,0.148000000,0.283000000
16:33:45,150719,50.604026822,-123.484401078,1824.714000000,17,0.138000000,0.148000000,0.283000000
16:33:46,150719,50.604026858,-123.484401077,1824.713000000,17,0.138000000,0.148000000,0.283000000
16:33:47,150719,50.604026878,-123.484401073,1824.714000000,17,0.138000000,0.148000000,0.283000000
16:33:48,150719,50.604026872,-123.484401073,1824.717000000,17,0.138000000,0.148000000,0.283000000
16:33:49,150719,50.604026868,-123.484401055,1824.719000000,17,0.138000000,0.148000000,0.283000000
16:33:50,150719,50.604026853,-123.484401067,1824.718000000,17,0.138000000,0.148000000,0.283000000
16:33:51,150719,50.604026848,-123.484401070,1824.717000000,17,0.138000000,0.148000000,0.283000000
16:33:52,150719,50.604026847,-123.484401095,1824.714000000,17,0.138000000,0.148000000,0.283000000
16:33:53,150719,50.604026862,-123.484401110,1824.710000000,17,0.138000000,0.148000000,0.283000000
16:33:54,150719,50.604026875,-123.484401130,1824.704000000,17,0.138000000,0.148000000,0.283000000
16:33:55,150719,50.604026897,-123.484401110,1824.704000000,17,0.138000000,0.148000000,0.283000000
16:33:56,150719,50.604026893,-123.484401115,1824.702000000,17,0.138000000,0.148000000,0.283000000
16:33:57,150719,50.604026882,-123.484401122,1824.705000000,17,0.138000000,0.148000000,0.283000000
16:33:58,150719,50.604026858,-123.484401123,1824.708000000,17,0.138000000,0.148000000,0.283000000
16:33:59,150719,50.604026847,-123.484401133,1824.710000000,17,0.138000000,0.148000000,0.283000000
16:34:00,150719,50.604026840,-123.484401128,1824.708000000,17,0.138000000,0.148000000,0.283000000
16:34:01,150719,50.604026857,-123.484401110,1824.703000000,17,0.138000000,0.148000000,0.283000000
16:34:02,150719,50.604026880,-123.484401093,1824.701000000,17,0.138000000,0.148000000,0.283000000
16:34:03,150719,50.604026898,-123.484401063,1824.697000000,17,0.138000000,0.148000000,0.283000000
16:34:04,150719,50.604026898,-123.484401053,1824.696000000,17,0.138000000,0.148000000,0.283000000
16:34:05,150719,50.604026920,-123.484401028,1824.695000000,17,0.138000000,0.148000000,0.283000000
16:34:06,150719,50.604026937,-123.484400987,1824.689000000,17,0.138000000,0.148000000,0.283000000
16:34:07,150719,50.604026962,-123.484400932,1824.685000000,17,0.138000000,0.148000000,0.283000000
16:34:08,150719,50.604026987,-123.484400895,1824.684000000,17,0.138000000,0.148000000,0.283000000
16:34:09,150719,50.604027007,-123.484400862,1824.681000000,17,0.138000000,0.148000000,0.283000000
16:34:10,150719,50.604027020,-123.484400803,1824.680000000,17,0.138000000,0.148000000,0.283000000
16:34:11,150719,50.604027023,-123.484400753,1824.681000000,17,0.138000000,0.148000000,0.283000000
16:34:12,150719,50.604027025,-123.484400710,1824.688000000,17,0.138000000,0.148000000,0.283000000
16:34:13,150719,50.604027028,-123.484400660,1824.690000000,17,0.138000000,0.148000000,0.283000000
16:34:14,150719,50.604026995,-123.484400612,1824.694000000,17,0.138000000,0.148000000,0.283000000
16:34:15,150719,50.604026965,-123.484400580,1824.695000000,17,0.138000000,0.148000000,0.283000000
16:34:16,150719,50.604026953,-123.484400562,1824.694000000,17,0.138000000,0.148000000,0.283000000
16:34:17,150719,50.604026965,-123.484400542,1824.694000000,17,0.138000000,0.148000000,0.283000000
16:34:18,150719,50.604026973,-123.484400532,1824.692000000,17,0.138000000,0.148000000,0.283000000
16:34:19,150719,50.604026967,-123.484400528,1824.691000000,17,0.138000000,0.148000000,0.283000000
16:34:20,150719,50.604026980,-123.484400520,1824.694000000,17,0.138000000,0.148000000,0.283000000
16:34:21,150719,50.604026978,-123.484400535,1824.699000000,17,0.138000000,0.148000000,0.283000000
16:34:22,150719,50.604026967,-123.484400555,1824.708000000,17,0.138000000,0.148000000,0.283000000
16:34:23,150719,50.604026935,-123.484400570,1824.716000000,17,0.138000000,0.148000000,0.283000000
16:34:24,150719,50.604026923,-123.484400583,1824.723000000,17,0.138000000,0.148000000,0.283000000
16:34:25,150719,50.604026910,-123.484400602,1824.729000000,17,0.138000000,0.148000000,0.283000000
16:34:26,150719,50.604026920,-123.484400617,1824.732000000,17,0.138000000,0.148000000,0.283000000
16:34:27,150719,50.604026943,-123.484400643,1824.730000000,17,0.138000000,0.148000000,0.283000000
16:34:28,150719,50.604026937,-123.484400657,1824.728000000,17,0.138000000,0.148000000,0.283000000
16:34:29,150719,50.604026947,-123.484400665,1824.725000000,17,0.138000000,0.148000000,0.283000000
16:34:30,150719,50.604026948,-123.484400683,1824.726000000,17,0.138000000,0.148000000,0.283000000
16:34:31,150719,50.604026955,-123.484400675,1824.727000000,17,0.138000000,0.148000000,0.283000000
16:34:32,150719,50.604026937,-123.484400692,1824.730000000,17,0.138000000,0.148000000,0.283000000
16:34:33,150719,50.604026903,-123.484400723,1824.737000000,17,0.138000000,0.148000000,0.283000000
16:34:34,150719,50.604026865,-123.484400728,1824.742000000,17,0.138000000,0.148000000,0.283000000
16:34:35,150719,50.604026842,-123.484400727,1824.749000000,17,0.138000000,0.148000000,0.283000000
16:34:36,150719,50.604026825,-123.484400745,1824.753000000,17,0.138000000,0.148000000,0.283000000
16:34:37,150719,50.604026817,-123.484400747,1824.758000000,17,0.138000000,0.148000000,0.283000000
16:34:38,150719,50.604026833,-123.484400748,1824.761000000,17,0.138000000,0.148000000,0.283000000
16:34:39,150719,50.604026833,-123.484400747,1824.759000000,17,0.138000000,0.148000000,0.283000000
16:34:40,150719,50.604026860,-123.484400740,1824.760000000,17,0.138000000,0.148000000,0.283000000
16:34:41,150719,50.604026872,-123.484400728,1824.762000000,17,0.138000000,0.148000000,0.283000000
16:34:42,150719,50.604026877,-123.484400708,1824.762000000,17,0.138000000,0.148000000,0.283000000
16:34:43,150719,50.604026867,-123.484400685,1824.765000000,17,0.138000000,0.148000000,0.283000000
16:34:44,150719,50.604026848,-123.484400673,1824.765000000,17,0.138000000,0.148000000,0.283000000
16:34:45,150719,50.604026855,-123.484400638,1824.762000000,17,0.138000000,0.148000000,0.283000000
16:34:46,150719,50.604026852,-123.484400607,1824.756000000,17,0.138000000,0.148000000,0.283000000
16:34:47,150719,50.604026858,-123.484400567,1824.755000000,17,0.138000000,0.148000000,0.283000000
16:34:48,150719,50.604026867,-123.484400530,1824.748000000,17,0.138000000,0.148000000,0.283000000
16:34:49,150719,50.604026865,-123.484400493,1824.744000000,17,0.138000000,0.148000000,0.283000000
16:34:50,150719,50.604026857,-123.484400485,1824.743000000,17,0.138000000,0.148000000,0.283000000
16:34:51,150719,50.604026860,-123.484400478,1824.740000000,17,0.138000000,0.148000000,0.283000000
16:34:52,150719,50.604026870,-123.484400490,1824.741000000,17,0.138000000,0.148000000,0.283000000
16:34:53,150719,50.604026883,-123.484400493,1824.738000000,17,0.138000000,0.148000000,0.283000000
16:34:54,150719,50.604026892,-123.484400493,1824.735000000,17,0.138000000,0.148000000,0.283000000
16:34:55,150719,50.604026888,-123.484400495,1824.732000000,17,0.138000000,0.148000000,0.283000000
16:34:56,150719,50.604026908,-123.484400477,1824.724000000,17,0.138000000,0.148000000,0.283000000
16:34:57,150719,50.604026933,-123.484400477,1824.721000000,17,0.138000000,0.148000000,0.283000000
16:34:58,150719,50.604026935,-123.484400470,1824.720000000,17,0.138000000,0.148000000,0.283000000
16:34:59,150719,50.604026928,-123.484400485,1824.719000000,17,0.138000000,0.148000000,0.283000000
16:35:00,150719,50.604026920,-123.484400503,1824.724000000,17,0.138000000,0.148000000,0.283000000
16:35:01,150719,50.604026898,-123.484400520,1824.729000000,17,0.138000000,0.148000000,0.283000000
16:35:02,150719,50.604026890,-123.484400522,1824.730000000,17,0.138000000,0.147000000,0.283000000
16:35:03,150719,50.604026893,-123.484400538,1824.730000000,17,0.138000000,0.147000000,0.283000000
16:35:04,150719,50.604026877,-123.484400588,1824.730000000,17,0.138000000,0.147000000,0.283000000
16:35:05,150719,50.604026885,-123.484400615,1824.728000000,17,0.138000000,0.147000000,0.283000000
16:35:06,150719,50.604026892,-123.484400630,1824.726000000,17,0.138000000,0.147000000,0.283000000
16:35:07,150719,50.604026892,-123.484400633,1824.724000000,17,0.138000000,0.147000000,0.283000000
16:35:08,150719,50.604026855,-123.484400642,1824.726000000,17,0.138000000,0.147000000,0.283000000
16:35:09,150719,50.604026825,-123.484400670,1824.728000000,17,0.138000000,0.147000000,0.283000000
16:35:10,150719,50.604026780,-123.484400693,1824.731000000,17,0.138000000,0.147000000,0.283000000
16:35:11,150719,50.604026752,-123.484400698,1824.734000000,17,0.138000000,0.147000000,0.283000000
16:35:12,150719,50.604026732,-123.484400702,1824.736000000,17,0.138000000,0.147000000,0.283000000
16:35:13,150719,50.604026712,-123.484400712,1824.733000000,17,0.138000000,0.147000000,0.283000000
16:35:14,150719,50.604026710,-123.484400720,1824.734000000,17,0.138000000,0.147000000,0.283000000
16:35:15,150719,50.604026728,-123.484400717,1824.732000000,17,0.138000000,0.147000000,0.283000000
16:35:16,150719,50.604026723,-123.484400725,1824.735000000,17,0.138000000,0.147000000,0.283000000
16:35:17,150719,50.604026722,-123.484400742,1824.740000000,17,0.138000000,0.147000000,0.283000000
16:35:18,150719,50.604026713,-123.484400750,1824.747000000,17,0.138000000,0.147000000,0.283000000
16:35:19,150719,50.604026725,-123.484400743,1824.751000000,17,0.138000000,0.147000000,0.283000000
16:35:20,150719,50.604026740,-123.484400727,1824.750000000,17,0.138000000,0.147000000,0.283000000
16:35:21,150719,50.604026747,-123.484400742,1824.754000000,17,0.138000000,0.147000000,0.283000000
16:35:22,150719,50.604026752,-123.484400742,1824.752000000,17,0.138000000,0.147000000,0.283000000
16:35:23,150719,50.604026748,-123.484400767,1824.757000000,17,0.138000000,0.147000000,0.283000000
16:35:24,150719,50.604026710,-123.484400772,1824.760000000,17,0.138000000,0.147000000,0.283000000
16:35:25,150719,50.604026670,-123.484400792,1824.765000000,17,0.138000000,0.147000000,0.283000000
16:35:26,150719,50.604026625,-123.484400788,1824.767000000,17,0.138000000,0.147000000,0.283000000
16:35:27,150719,50.604026592,-123.484400795,1824.771000000,17,0.138000000,0.147000000,0.283000000
16:35:28,150719,50.604026580,-123.484400830,1824.774000000,17,0.138000000,0.147000000,0.283000000
16:35:29,150719,50.604026565,-123.484400855,1824.774000000,17,0.138000000,0.147000000,0.283000000
16:35:30,150719,50.604026557,-123.484400882,1824.774000000,17,0.138000000,0.147000000,0.283000000
16:35:31,150719,50.604026547,-123.484400873,1824.776000000,17,0.138000000,0.147000000,0.283000000
16:35:32,150719,50.604026547,-123.484400875,1824.780000000,17,0.138000000,0.147000000,0.283000000
16:35:33,150719,50.604026520,-123.484400873,1824.782000000,17,0.138000000,0.147000000,0.283000000
16:35:34,150719,50.604026490,-123.484400875,1824.787000000,17,0.138000000,0.147000000,0.283000000
16:35:35,150719,50.604026493,-123.484400862,1824.789000000,17,0.138000000,0.147000000,0.283000000
16:35:36,150719,50.604026505,-123.484400830,1824.788000000,17,0.138000000,0.147000000,0.283000000
16:35:37,150719,50.604026523,-123.484400778,1824.788000000,17,0.138000000,0.147000000,0.283000000
16:35:38,150719,50.604026512,-123.484400745,1824.785000000,17,0.138000000,0.147000000,0.283000000
16:35:39,150719,50.604026518,-123.484400718,1824.781000000,17,0.138000000,0.147000000,0.283000000
16:35:40,150719,50.604026525,-123.484400688,1824.775000000,17,0.138000000,0.147000000,0.283000000
16:35:41,150719,50.604026533,-123.484400635,1824.768000000,17,0.138000000,0.147000000,0.283000000
16:35:42,150719,50.604026527,-123.484400638,1824.771000000,17,0.138000000,0.147000000,0.283000000
16:35:43,150719,50.604026532,-123.484400637,1824.771000000,17,0.138000000,0.147000000,0.283000000
16:35:44,150719,50.604026513,-123.484400653,1824.775000000,17,0.138000000,0.147000000,0.283000000
16:35:45,150719,50.604026500,-123.484400640,1824.780000000,17,0.138000000,0.147000000,0.283000000
16:35:46,150719,50.604026492,-123.484400640,1824.783000000,17,0.138000000,0.147000000,0.283000000
16:35:47,150719,50.604026490,-123.484400635,1824.784000000,17,0.138000000,0.147000000,0.283000000
16:35:48,150719,50.604026473,-123.484400622,1824.785000000,17,0.138000000,0.147000000,0.283000000
16:35:49,150719,50.604026465,-123.484400622,1824.786000000,17,0.138000000,0.147000000,0.283000000
16:35:50,150719,50.604026443,-123.484400637,1824.787000000,17,0.138000000,0.147000000,0.283000000
16:35:51,150719,50.604026410,-123.484400687,1824.788000000,17,0.138000000,0.147000000,0.283000000
16:35:52,150719,50.604026380,-123.484400740,1824.789000000,17,0.138000000,0.147000000,0.283000000
16:35:53,150719,50.604026360,-123.484400797,1824.795000000,17,0.138000000,0.147000000,0.283000000
16:35:54,150719,50.604026335,-123.484400853,1824.800000000,17,0.138000000,0.147000000,0.283000000
16:35:55,150719,50.604026330,-123.484400925,1824.805000000,17,0.138000000,0.147000000,0.283000000
16:35:56,150719,50.604026340,-123.484400977,1824.810000000,17,0.138000000,0.147000000,0.283000000
16:35:57,150719,50.604026358,-123.484401025,1824.808000000,17,0.138000000,0.147000000,0.283000000
16:35:58,150719,50.604026380,-123.484401068,1824.809000000,17,0.138000000,0.147000000,0.283000000
16:35:59,150719,50.604026393,-123.484401102,1824.806000000,17,0.138000000,0.147000000,0.283000000
16:36:00,150719,50.604026417,-123.484401128,1824.804000000,17,0.138000000,0.147000000,0.283000000
16:36:01,150719,50.604026433,-123.484401143,1824.797000000,17,0.138000000,0.147000000,0.283000000
16:36:02,150719,50.604026467,-123.484401175,1824.794000000,17,0.138000000,0.147000000,0.283000000
16:36:03,150719,50.604026498,-123.484401215,1824.787000000,17,0.138000000,0.147000000,0.283000000
16:36:04,150719,50.604026542,-123.484401227,1824.781000000,17,0.138000000,0.147000000,0.283000000
16:36:05,150719,50.604026577,-123.484401232,1824.772000000,17,0.138000000,0.147000000,0.283000000
16:36:06,150719,50.604026617,-123.484401242,1824.764000000,17,0.138000000,0.147000000,0.283000000
16:36:07,150719,50.604026633,-123.484401248,1824.759000000,17,0.138000000,0.147000000,0.283000000
16:36:08,150719,50.604026595,-123.484401280,1824.757000000,17,0.138000000,0.147000000,0.283000000
16:36:09,150719,50.604026560,-123.484401293,1824.754000000,17,0.138000000,0.147000000,0.283000000
16:36:10,150719,50.604026532,-123.484401308,1824.754000000,17,0.138000000,0.147000000,0.283000000
16:36:11,150719,50.604026527,-123.484401310,1824.754000000,17,0.138000000,0.147000000,0.283000000
16:36:12,150719,50.604026517,-123.484401313,1824.754000000,17,0.138000000,0.147000000,0.283000000
16:36:13,150719,50.604026528,-123.484401310,1824.749000000,17,0.138000000,0.147000000,0.283000000
16:36:14,150719,50.604026577,-123.484401298,1824.740000000,17,0.138000000,0.147000000,0.283000000
16:36:15,150719,50.604026620,-123.484401273,1824.730000000,17,0.138000000,0.147000000,0.283000000
16:36:16,150719,50.604026648,-123.484401270,1824.723000000,17,0.138000000,0.147000000,0.283000000
16:36:17,150719,50.604026705,-123.484401232,1824.714000000,17,0.138000000,0.147000000,0.283000000
16:36:18,150719,50.604026722,-123.484401232,1824.706000000,17,0.138000000,0.147000000,0.283000000
16:36:19,150719,50.604026755,-123.484401217,1824.699000000,17,0.138000000,0.147000000,0.283000000
16:36:20,150719,50.604026795,-123.484401198,1824.691000000,17,0.138000000,0.147000000,0.282000000
16:36:21,150719,50.604026838,-123.484401153,1824.688000000,17,0.138000000,0.147000000,0.282000000
16:36:22,150719,50.604026863,-123.484401113,1824.684000000,17,0.138000000,0.147000000,0.282000000
16:36:23,150719,50.604026893,-123.484401058,1824.681000000,17,0.138000000,0.147000000,0.282000000
16:36:24,150719,50.604026935,-123.484400980,1824.677000000,17,0.138000000,0.147000000,0.282000000
16:36:25,150719,50.604026957,-123.484400932,1824.674000000,17,0.138000000,0.147000000,0.282000000
16:36:26,150719,50.604026963,-123.484400915,1824.673000000,17,0.138000000,0.147000000,0.282000000
16:36:27,150719,50.604026970,-123.484400912,1824.672000000,17,0.138000000,0.147000000,0.282000000
16:36:28,150719,50.604026973,-123.484400928,1824.674000000,17,0.138000000,0.147000000,0.282000000
16:36:29,150719,50.604026975,-123.484400940,1824.674000000,17,0.138000000,0.147000000,0.282000000
16:36:30,150719,50.604026992,-123.484400910,1824.672000000,17,0.138000000,0.147000000,0.282000000
16:36:31,150719,50.604026985,-123.484400887,1824.675000000,17,0.138000000,0.147000000,0.282000000
16:36:32,150719,50.604027002,-123.484400867,1824.676000000,17,0.138000000,0.147000000,0.282000000
16:36:33,150719,50.604026993,-123.484400820,1824.678000000,17,0.138000000,0.147000000,0.282000000
16:36:34,150719,50.604026993,-123.484400770,1824.681000000,17,0.138000000,0.147000000,0.282000000
16:36:35,150719,50.604027003,-123.484400742,1824.684000000,17,0.138000000,0.147000000,0.282000000
16:36:36,150719,50.604027025,-123.484400708,1824.682000000,17,0.138000000,0.147000000,0.282000000
16:36:37,150719,50.604027028,-123.484400690,1824.682000000,17,0.138000000,0.147000000,0.282000000
16:36:38,150719,50.604027030,-123.484400685,1824.685000000,17,0.138000000,0.147000000,0.282000000
16:36:39,150719,50.604027022,-123.484400690,1824.689000000,17,0.138000000,0.147000000,0.282000000
16:36:40,150719,50.604027018,-123.484400695,1824.695000000,17,0.138000000,0.147000000,0.282000000
16:36:41,150719,50.604026997,-123.484400710,1824.697000000,17,0.138000000,0.147000000,0.282000000
16:36:42,150719,50.604026992,-123.484400722,1824.702000000,17,0.138000000,0.147000000,0.282000000
16:36:43,150719,50.604026973,-123.484400740,1824.708000000,17,0.138000000,0.147000000,0.282000000
16:36:44,150719,50.604026970,-123.484400727,1824.712000000,17,0.138000000,0.146000000,0.282000000
16:36:45,150719,50.604026973,-123.484400725,1824.716000000,17,0.138000000,0.146000000,0.282000000
16:36:46,150719,50.604026948,-123.484400722,1824.721000000,17,0.138000000,0.146000000,0.282000000
16:36:47,150719,50.604026923,-123.484400723,1824.729000000,17,0.138000000,0.146000000,0.282000000
16:36:48,150719,50.604026885,-123.484400712,1824.733000000,17,0.138000000,0.146000000,0.282000000
16:36:49,150719,50.604026852,-123.484400715,1824.742000000,17,0.138000000,0.146000000,0.282000000
16:36:50,150719,50.604026815,-123.484400747,1824.754000000,17,0.138000000,0.146000000,0.282000000
16:36:51,150719,50.604026782,-123.484400785,1824.759000000,17,0.138000000,0.146000000,0.282000000
16:36:52,150719,50.604026750,-123.484400825,1824.767000000,17,0.138000000,0.146000000,0.282000000
16:36:53,150719,50.604026728,-123.484400868,1824.773000000,17,0.138000000,0.146000000,0.282000000
16:36:54,150719,50.604026713,-123.484400910,1824.778000000,17,0.138000000,0.146000000,0.282000000
16:36:55,150719,50.604026702,-123.484400927,1824.782000000,17,0.138000000,0.146000000,0.282000000
16:36:56,150719,50.604026717,-123.484400925,1824.786000000,17,0.138000000,0.146000000,0.282000000
16:36:57,150719,50.604026712,-123.484400923,1824.790000000,17,0.138000000,0.146000000,0.282000000
16:36:58,150719,50.604026710,-123.484400907,1824.797000000,17,0.138000000,0.146000000,0.282000000
16:36:59,150719,50.604026708,-123.484400880,1824.805000000,17,0.138000000,0.146000000,0.282000000
16:37:00,150719,50.604026713,-123.484400862,1824.805000000,17,0.138000000,0.146000000,0.282000000
16:37:01,150719,50.604026703,-123.484400837,1824.809000000,17,0.138000000,0.146000000,0.282000000
16:37:02,150719,50.604026695,-123.484400845,1824.809000000,17,0.138000000,0.146000000,0.282000000
16:37:03,150719,50.604026705,-123.484400858,1824.808000000,17,0.138000000,0.146000000,0.282000000
16:37:04,150719,50.604026678,-123.484400877,1824.804000000,17,0.138000000,0.146000000,0.282000000
16:37:05,150719,50.604026693,-123.484400837,1824.801000000,17,0.138000000,0.146000000,0.282000000
16:37:06,150719,50.604026715,-123.484400895,1824.809000000,17,0.138000000,0.146000000,0.282000000
16:37:07,150719,50.604026670,-123.484401115,1824.814000000,17,0.138000000,0.146000000,0.282000000
16:37:08,150719,50.604026492,-123.484401393,1824.791000000,16,0.158000000,0.163000000,0.305000000
16:37:09,150719,50.604026327,-123.484401750,1824.736000000,16,0.158000000,0.163000000,0.305000000
16:37:10,150719,50.604026385,-123.484401783,1824.724000000,16,0.158000000,0.163000000,0.305000000
16:37:11,150719,50.604026677,-123.484401575,1824.739000000,8,1.485000000,2.095000000,3.534000000
16:37:12,150719,50.604026993,-123.484401125,1824.699000000,6,3.441000000,4.441000000,5.811000000
16:37:13,150719,50.604027260,-123.484400752,1824.748000000,6,3.441000000,4.441000000,5.811000000
16:37:14,150719,50.604027497,-123.484400513,1824.785000000,6,3.441000000,4.441000000,5.811000000
16:37:15,150719,50.604027755,-123.484400307,1824.826000000,6,4.749000000,6.127000000,8.015000000
16:37:16,150719,50.604028742,-123.484398467,1824.870000000,5,5.327000000,6.745000000,9.809000000
16:37:17,150719,50.604030427,-123.484396402,1825.660000000,5,5.327000000,6.745000000,9.809000000
16:37:18,150719,50.604032465,-123.484393397,1826.536000000,5,5.327000000,6.745000000,9.809000000
16:37:19,150719,50.604034345,-123.484390725,1827.331000000,5,6.804000000,8.612000000,12.515000000
16:37:20,150719,50.604025878,-123.484405043,1826.308000000,14,3.911000000,4.514000000,8.192000000
16:37:21,150719,50.604026567,-123.484402915,1825.888000000,17,2.608000000,3.163000000,5.611000000
16:37:22,150719,50.604026893,-123.484401405,1825.563000000,17,2.522000000,2.663000000,5.141000000
16:37:23,150719,50.604026652,-123.484400647,1825.446000000,17,2.522000000,2.663000000,5.141000000
16:37:24,150719,50.604026432,-123.484400062,1825.372000000,16,2.096000000,2.157000000,4.029000000
16:37:25,150719,50.604026328,-123.484399653,1825.320000000,16,1.606000000,1.695000000,3.274000000
16:37:26,150719,50.604026202,-123.484399398,1825.290000000,17,1.643000000,1.690000000,3.158000000
16:37:27,150719,50.604025983,-123.484399257,1825.272000000,17,1.357000000,1.433000000,2.766000000
16:37:28,150719,50.604025738,-123.484399220,1825.269000000,17,1.357000000,1.433000000,2.766000000
