TIME,DATE(ddMMyy),LATITUDEGGA,LONGITUDEGGA,ALTITUDEGGA,NUMBERSAT,LATERR,LONGERR,ALTERR
17:59:07,150719,50.604096282,-123.494320870,1896.627000000,15,0.176000000,0.167000000,0.370000000
17:59:08,150719,50.604096293,-123.494320878,1896.628000000,15,0.176000000,0.167000000,0.370000000
17:59:09,150719,50.604096300,-123.494320908,1896.625000000,16,0.159000000,0.155000000,0.330000000
17:59:10,150719,50.604096323,-123.494320937,1896.623000000,16,0.159000000,0.155000000,0.330000000
17:59:11,150719,50.604096363,-123.494320953,1896.628000000,16,0.159000000,0.155000000,0.330000000
17:59:12,150719,50.604096392,-123.494320965,1896.630000000,16,0.159000000,0.155000000,0.329000000
17:59:13,150719,50.604096397,-123.494320990,1896.621000000,16,0.159000000,0.155000000,0.329000000
17:59:14,150719,50.604096427,-123.494320945,1896.627000000,16,0.159000000,0.155000000,0.329000000
17:59:15,150719,50.604096457,-123.494320963,1896.626000000,16,0.159000000,0.155000000,0.329000000
17:59:16,150719,50.604096462,-123.494320955,1896.626000000,16,0.159000000,0.155000000,0.329000000
17:59:17,150719,50.604096475,-123.494320950,1896.630000000,16,0.159000000,0.155000000,0.329000000
17:59:18,150719,50.604096510,-123.494320943,1896.638000000,16,0.159000000,0.155000000,0.329000000
17:59:19,150719,50.604096520,-123.494320915,1896.645000000,16,0.159000000,0.155000000,0.329000000
17:59:20,150719,50.604096533,-123.494320903,1896.653000000,16,0.159000000,0.155000000,0.329000000
17:59:21,150719,50.604096548,-123.494320900,1896.659000000,16,0.159000000,0.155000000,0.329000000
17:59:22,150719,50.604096550,-123.494320895,1896.662000000,16,0.159000000,0.155000000,0.329000000
17:59:23,150719,50.604096538,-123.494320880,1896.662000000,16,0.159000000,0.155000000,0.329000000
17:59:24,150719,50.604096542,-123.494320883,1896.655000000,16,0.159000000,0.155000000,0.329000000
17:59:25,150719,50.604096565,-123.494320862,1896.651000000,16,0.159000000,0.155000000,0.329000000
17:59:26,150719,50.604096590,-123.494320873,1896.652000000,16,0.159000000,0.155000000,0.329000000
17:59:27,150719,50.604096613,-123.494320903,1896.652000000,16,0.159000000,0.155000000,0.329000000
17:59:28,150719,50.604096635,-123.494320868,1896.661000000,16,0.159000000,0.155000000,0.329000000
17:59:29,150719,50.604096647,-123.494320855,1896.663000000,16,0.159000000,0.155000000,0.329000000
17:59:30,150719,50.604096653,-123.494320807,1896.669000000,16,0.159000000,0.155000000,0.329000000
17:59:31,150719,50.604096678,-123.494320780,1896.673000000,16,0.159000000,0.155000000,0.329000000
17:59:32,150719,50.604096687,-123.494320783,1896.680000000,16,0.159000000,0.155000000,0.329000000
17:59:33,150719,50.604096698,-123.494320763,1896.689000000,16,0.159000000,0.155000000,0.329000000
17:59:34,150719,50.604096698,-123.494320760,1896.693000000,16,0.159000000,0.155000000,0.329000000
17:59:35,150719,50.604096690,-123.494320737,1896.693000000,16,0.159000000,0.155000000,0.329000000
17:59:36,150719,50.604096693,-123.494320702,1896.691000000,16,0.159000000,0.155000000,0.329000000
17:59:37,150719,50.604096707,-123.494320677,1896.689000000,16,0.159000000,0.155000000,0.329000000
17:59:38,150719,50.604096717,-123.494320643,1896.688000000,16,0.159000000,0.155000000,0.329000000
17:59:39,150719,50.604096728,-123.494320622,1896.689000000,16,0.159000000,0.155000000,0.329000000
17:59:40,150719,50.604096758,-123.494320607,1896.691000000,16,0.159000000,0.155000000,0.329000000
17:59:41,150719,50.604096807,-123.494320608,1896.692000000,16,0.159000000,0.155000000,0.329000000
17:59:42,150719,50.604096847,-123.494320618,1896.695000000,16,0.159000000,0.155000000,0.329000000
17:59:43,150719,50.604096868,-123.494320622,1896.694000000,16,0.159000000,0.155000000,0.329000000
17:59:44,150719,50.604096893,-123.494320597,1896.697000000,16,0.159000000,0.155000000,0.329000000
17:59:45,150719,50.604096942,-123.494320617,1896.699000000,16,0.159000000,0.155000000,0.329000000
17:59:46,150719,50.604096977,-123.494320623,1896.700000000,16,0.159000000,0.155000000,0.329000000
17:59:47,150719,50.604096998,-123.494320642,1896.696000000,16,0.159000000,0.155000000,0.329000000
17:59:48,150719,50.604097005,-123.494320628,1896.694000000,15,0.175000000,0.167000000,0.368000000
17:59:49,150719,50.604096993,-123.494320647,1896.688000000,15,0.175000000,0.167000000,0.368000000
17:59:50,150719,50.604096997,-123.494320680,1896.685000000,16,0.159000000,0.155000000,0.329000000
17:59:51,150719,50.604097007,-123.494320708,1896.674000000,16,0.159000000,0.155000000,0.329000000
17:59:52,150719,50.604097027,-123.494320728,1896.673000000,16,0.159000000,0.155000000,0.329000000
17:59:53,150719,50.604097055,-123.494320735,1896.675000000,16,0.159000000,0.155000000,0.329000000
17:59:54,150719,50.604097093,-123.494320745,1896.672000000,16,0.159000000,0.155000000,0.329000000
17:59:55,150719,50.604097122,-123.494320752,1896.673000000,16,0.159000000,0.155000000,0.329000000
17:59:56,150719,50.604097158,-123.494320758,1896.670000000,16,0.159000000,0.155000000,0.329000000
17:59:57,150719,50.604097183,-123.494320780,1896.670000000,16,0.159000000,0.155000000,0.329000000
17:59:58,150719,50.604097183,-123.494320775,1896.663000000,16,0.159000000,0.155000000,0.329000000
17:59:59,150719,50.604097152,-123.494320753,1896.657000000,16,0.159000000,0.155000000,0.329000000
18:00:00,150719,50.604097128,-123.494320770,1896.643000000,16,0.159000000,0.155000000,0.329000000
18:00:01,150719,50.604097090,-123.494320777,1896.628000000,16,0.159000000,0.155000000,0.329000000
18:00:02,150719,50.604097060,-123.494320802,1896.613000000,16,0.159000000,0.155000000,0.329000000
18:00:03,150719,50.604097050,-123.494320800,1896.603000000,16,0.159000000,0.155000000,0.329000000
18:00:04,150719,50.604097052,-123.494320837,1896.593000000,16,0.159000000,0.155000000,0.329000000
18:00:05,150719,50.604097075,-123.494320843,1896.586000000,16,0.159000000,0.155000000,0.328000000
18:00:06,150719,50.604097097,-123.494320858,1896.586000000,16,0.159000000,0.155000000,0.328000000
18:00:07,150719,50.604097143,-123.494320908,1896.585000000,16,0.159000000,0.155000000,0.328000000
18:00:08,150719,50.604097170,-123.494320913,1896.583000000,16,0.159000000,0.155000000,0.328000000
18:00:09,150719,50.604097170,-123.494320920,1896.578000000,16,0.159000000,0.155000000,0.328000000
18:00:10,150719,50.604097177,-123.494320918,1896.575000000,16,0.159000000,0.155000000,0.328000000
18:00:11,150719,50.604097180,-123.494320932,1896.575000000,16,0.159000000,0.155000000,0.328000000
18:00:12,150719,50.604097198,-123.494320962,1896.572000000,16,0.159000000,0.155000000,0.328000000
18:00:13,150719,50.604097218,-123.494320995,1896.571000000,16,0.159000000,0.155000000,0.328000000
18:00:14,150719,50.604097252,-123.494321035,1896.565000000,16,0.159000000,0.155000000,0.328000000
18:00:15,150719,50.604097245,-123.494321045,1896.561000000,16,0.159000000,0.155000000,0.328000000
18:00:16,150719,50.604097257,-123.494321073,1896.558000000,16,0.159000000,0.155000000,0.328000000
18:00:17,150719,50.604097280,-123.494321113,1896.555000000,16,0.159000000,0.155000000,0.328000000
18:00:18,150719,50.604097295,-123.494321140,1896.556000000,16,0.159000000,0.155000000,0.328000000
18:00:19,150719,50.604097293,-123.494321173,1896.550000000,16,0.159000000,0.155000000,0.328000000
18:00:20,150719,50.604097260,-123.494321185,1896.544000000,16,0.159000000,0.155000000,0.328000000
18:00:21,150719,50.604097213,-123.494321177,1896.540000000,16,0.159000000,0.155000000,0.328000000
18:00:22,150719,50.604097172,-123.494321182,1896.532000000,16,0.159000000,0.155000000,0.328000000
18:00:23,150719,50.604097138,-123.494321190,1896.523000000,16,0.159000000,0.155000000,0.328000000
18:00:24,150719,50.604097100,-123.494321192,1896.519000000,16,0.159000000,0.155000000,0.328000000
18:00:25,150719,50.604097068,-123.494321213,1896.518000000,16,0.159000000,0.155000000,0.328000000
18:00:26,150719,50.604097047,-123.494321227,1896.515000000,16,0.159000000,0.155000000,0.328000000
18:00:27,150719,50.604097035,-123.494321258,1896.512000000,16,0.159000000,0.155000000,0.328000000
18:00:28,150719,50.604097043,-123.494321292,1896.512000000,16,0.159000000,0.155000000,0.328000000
18:00:29,150719,50.604097060,-123.494321332,1896.507000000,16,0.159000000,0.155000000,0.328000000
18:00:30,150719,50.604097062,-123.494321340,1896.506000000,16,0.159000000,0.155000000,0.328000000
18:00:31,150719,50.604097040,-123.494321340,1896.503000000,16,0.159000000,0.155000000,0.328000000
18:00:32,150719,50.604097007,-123.494321335,1896.503000000,16,0.159000000,0.155000000,0.328000000
18:00:33,150719,50.604096990,-123.494321330,1896.498000000,16,0.159000000,0.155000000,0.328000000
18:00:34,150719,50.604096982,-123.494321313,1896.493000000,16,0.159000000,0.155000000,0.328000000
18:00:35,150719,50.604096968,-123.494321302,1896.490000000,16,0.159000000,0.155000000,0.328000000
18:00:36,150719,50.604096970,-123.494321287,1896.487000000,16,0.159000000,0.155000000,0.328000000
18:00:37,150719,50.604096978,-123.494321283,1896.488000000,16,0.159000000,0.155000000,0.328000000
18:00:38,150719,50.604097008,-123.494321292,1896.492000000,16,0.159000000,0.155000000,0.328000000
18:00:39,150719,50.604097028,-123.494321288,1896.500000000,16,0.159000000,0.155000000,0.328000000
18:00:40,150719,50.604097050,-123.494321283,1896.510000000,16,0.159000000,0.155000000,0.328000000
18:00:41,150719,50.604097077,-123.494321278,1896.519000000,16,0.159000000,0.155000000,0.328000000
18:00:42,150719,50.604097092,-123.494321287,1896.531000000,16,0.159000000,0.155000000,0.328000000
18:00:43,150719,50.604097082,-123.494321287,1896.535000000,16,0.159000000,0.155000000,0.328000000
18:00:44,150719,50.604097048,-123.494321277,1896.531000000,16,0.159000000,0.155000000,0.328000000
18:00:45,150719,50.604097012,-123.494321258,1896.529000000,16,0.159000000,0.155000000,0.328000000
18:00:46,150719,50.604097007,-123.494321270,1896.528000000,16,0.159000000,0.155000000,0.328000000
18:00:47,150719,50.604096985,-123.494321252,1896.526000000,16,0.159000000,0.155000000,0.328000000
18:00:48,150719,50.604096957,-123.494321257,1896.517000000,16,0.159000000,0.155000000,0.328000000
18:00:49,150719,50.604096932,-123.494321237,1896.516000000,16,0.159000000,0.155000000,0.328000000
18:00:50,150719,50.604096983,-123.494321260,1896.517000000,16,0.159000000,0.155000000,0.328000000
18:00:51,150719,50.604096975,-123.494321268,1896.516000000,16,0.159000000,0.155000000,0.328000000
18:00:52,150719,50.604097025,-123.494321322,1896.521000000,16,0.159000000,0.155000000,0.328000000
18:00:53,150719,50.604097048,-123.494321372,1896.522000000,16,0.159000000,0.155000000,0.328000000
18:00:54,150719,50.604097072,-123.494321410,1896.522000000,16,0.159000000,0.155000000,0.328000000
18:00:55,150719,50.604097065,-123.494321405,1896.523000000,16,0.159000000,0.155000000,0.328000000
18:00:56,150719,50.604097038,-123.494321422,1896.521000000,16,0.159000000,0.155000000,0.327000000
18:00:57,150719,50.604097018,-123.494321435,1896.513000000,16,0.159000000,0.155000000,0.327000000
18:00:58,150719,50.604097003,-123.494321453,1896.504000000,16,0.159000000,0.155000000,0.327000000
18:00:59,150719,50.604096982,-123.494321462,1896.498000000,16,0.159000000,0.155000000,0.327000000
18:01:00,150719,50.604096985,-123.494321470,1896.493000000,16,0.159000000,0.155000000,0.327000000
18:01:01,150719,50.604096963,-123.494321470,1896.484000000,16,0.159000000,0.155000000,0.327000000
18:01:02,150719,50.604096957,-123.494321487,1896.476000000,16,0.159000000,0.155000000,0.327000000
18:01:03,150719,50.604096947,-123.494321507,1896.462000000,16,0.159000000,0.155000000,0.327000000
18:01:04,150719,50.604096935,-123.494321515,1896.455000000,16,0.159000000,0.155000000,0.327000000
18:01:05,150719,50.604096928,-123.494321532,1896.450000000,16,0.159000000,0.155000000,0.327000000
18:01:06,150719,50.604096922,-123.494321580,1896.441000000,16,0.159000000,0.155000000,0.327000000
18:01:07,150719,50.604096907,-123.494321595,1896.431000000,16,0.159000000,0.155000000,0.327000000
18:01:08,150719,50.604096898,-123.494321603,1896.427000000,16,0.159000000,0.155000000,0.327000000
18:01:09,150719,50.604096902,-123.494321637,1896.417000000,16,0.159000000,0.155000000,0.327000000
18:01:10,150719,50.604096900,-123.494321642,1896.410000000,16,0.159000000,0.155000000,0.327000000
18:01:11,150719,50.604096897,-123.494321645,1896.407000000,16,0.159000000,0.155000000,0.327000000
18:01:12,150719,50.604096917,-123.494321670,1896.402000000,16,0.159000000,0.155000000,0.327000000
18:01:13,150719,50.604096935,-123.494321690,1896.398000000,16,0.159000000,0.155000000,0.327000000
18:01:14,150719,50.604096937,-123.494321708,1896.395000000,16,0.159000000,0.155000000,0.327000000
18:01:15,150719,50.604096940,-123.494321713,1896.394000000,16,0.159000000,0.155000000,0.327000000
18:01:16,150719,50.604096935,-123.494321680,1896.399000000,16,0.159000000,0.155000000,0.327000000
18:01:17,150719,50.604096957,-123.494321683,1896.405000000,16,0.159000000,0.155000000,0.327000000
18:01:18,150719,50.604096990,-123.494321665,1896.405000000,16,0.159000000,0.155000000,0.327000000
18:01:19,150719,50.604097005,-123.494321653,1896.404000000,16,0.159000000,0.155000000,0.327000000
18:01:20,150719,50.604097017,-123.494321638,1896.408000000,15,0.159000000,0.155000000,0.327000000
18:01:21,150719,50.604097033,-123.494321617,1896.409000000,15,0.164000000,0.156000000,0.347000000
18:01:22,150719,50.604097037,-123.494321590,1896.408000000,16,0.164000000,0.156000000,0.347000000
18:01:23,150719,50.604097055,-123.494321558,1896.411000000,16,0.159000000,0.155000000,0.327000000
18:01:24,150719,50.604097088,-123.494321547,1896.411000000,16,0.159000000,0.155000000,0.327000000
18:01:25,150719,50.604097115,-123.494321507,1896.416000000,16,0.159000000,0.155000000,0.327000000
18:01:26,150719,50.604097130,-123.494321478,1896.421000000,16,0.159000000,0.155000000,0.327000000
18:01:27,150719,50.604097135,-123.494321447,1896.432000000,16,0.159000000,0.155000000,0.327000000
18:01:28,150719,50.604097145,-123.494321418,1896.441000000,16,0.159000000,0.155000000,0.327000000
18:01:29,150719,50.604097142,-123.494321373,1896.448000000,16,0.159000000,0.155000000,0.327000000
18:01:30,150719,50.604097157,-123.494321363,1896.453000000,16,0.159000000,0.155000000,0.327000000
18:01:31,150719,50.604097185,-123.494321342,1896.462000000,16,0.159000000,0.155000000,0.327000000
18:01:32,150719,50.604097202,-123.494321305,1896.464000000,16,0.159000000,0.155000000,0.327000000
18:01:33,150719,50.604097223,-123.494321260,1896.463000000,16,0.159000000,0.155000000,0.327000000
18:01:34,150719,50.604097233,-123.494321198,1896.463000000,16,0.159000000,0.155000000,0.327000000
18:01:35,150719,50.604097257,-123.494321158,1896.467000000,16,0.159000000,0.155000000,0.327000000
18:01:36,150719,50.604097255,-123.494321123,1896.472000000,16,0.159000000,0.155000000,0.327000000
18:01:37,150719,50.604097247,-123.494321092,1896.474000000,16,0.159000000,0.155000000,0.327000000
18:01:38,150719,50.604097247,-123.494321065,1896.482000000,16,0.159000000,0.155000000,0.327000000
18:01:39,150719,50.604097242,-123.494321063,1896.487000000,16,0.159000000,0.155000000,0.327000000
18:01:40,150719,50.604097238,-123.494321080,1896.493000000,16,0.159000000,0.155000000,0.327000000
18:01:41,150719,50.604097232,-123.494321063,1896.496000000,16,0.159000000,0.155000000,0.327000000
18:01:42,150719,50.604097243,-123.494321047,1896.502000000,16,0.159000000,0.155000000,0.327000000
18:01:43,150719,50.604097260,-123.494321027,1896.511000000,16,0.159000000,0.155000000,0.327000000
18:01:44,150719,50.604097277,-123.494321010,1896.522000000,16,0.159000000,0.155000000,0.326000000
18:01:45,150719,50.604097290,-123.494320990,1896.524000000,16,0.159000000,0.155000000,0.326000000
18:01:46,150719,50.604097285,-123.494320958,1896.526000000,16,0.159000000,0.155000000,0.326000000
18:01:47,150719,50.604097255,-123.494320938,1896.523000000,16,0.159000000,0.155000000,0.326000000
18:01:48,150719,50.604097232,-123.494320937,1896.522000000,16,0.159000000,0.155000000,0.326000000
18:01:49,150719,50.604097207,-123.494320932,1896.521000000,16,0.159000000,0.155000000,0.326000000
18:01:50,150719,50.604097193,-123.494320933,1896.523000000,16,0.159000000,0.155000000,0.326000000
18:01:51,150719,50.604097177,-123.494320918,1896.526000000,16,0.159000000,0.155000000,0.326000000
18:01:52,150719,50.604097178,-123.494320942,1896.523000000,16,0.159000000,0.155000000,0.326000000
18:01:53,150719,50.604097192,-123.494320968,1896.521000000,16,0.159000000,0.155000000,0.326000000
18:01:54,150719,50.604097187,-123.494320973,1896.525000000,16,0.159000000,0.155000000,0.326000000
18:01:55,150719,50.604097183,-123.494320955,1896.533000000,16,0.159000000,0.155000000,0.326000000
18:01:56,150719,50.604097175,-123.494320968,1896.535000000,16,0.159000000,0.155000000,0.326000000
18:01:57,150719,50.604097180,-123.494320960,1896.535000000,16,0.159000000,0.155000000,0.326000000
18:01:58,150719,50.604097168,-123.494320950,1896.530000000,16,0.159000000,0.155000000,0.326000000
18:01:59,150719,50.604097147,-123.494320925,1896.525000000,16,0.159000000,0.155000000,0.326000000
18:02:00,150719,50.604097150,-123.494320922,1896.524000000,16,0.159000000,0.155000000,0.326000000
18:02:01,150719,50.604097175,-123.494320917,1896.529000000,16,0.159000000,0.155000000,0.326000000
18:02:02,150719,50.604097203,-123.494320917,1896.533000000,16,0.159000000,0.155000000,0.326000000
18:02:03,150719,50.604097222,-123.494320915,1896.536000000,16,0.159000000,0.155000000,0.326000000
18:02:04,150719,50.604097233,-123.494320932,1896.542000000,16,0.159000000,0.155000000,0.326000000
18:02:05,150719,50.604097248,-123.494320973,1896.548000000,16,0.159000000,0.155000000,0.326000000
18:02:06,150719,50.604097247,-123.494321013,1896.550000000,16,0.159000000,0.155000000,0.326000000
18:02:07,150719,50.604097238,-123.494321033,1896.555000000,16,0.159000000,0.155000000,0.326000000
18:02:08,150719,50.604097232,-123.494321027,1896.555000000,16,0.159000000,0.155000000,0.326000000
18:02:09,150719,50.604097247,-123.494321022,1896.554000000,16,0.159000000,0.155000000,0.326000000
18:02:10,150719,50.604097278,-123.494321003,1896.562000000,16,0.159000000,0.155000000,0.326000000
18:02:11,150719,50.604097315,-123.494320967,1896.563000000,16,0.159000000,0.155000000,0.326000000
18:02:12,150719,50.604097328,-123.494320913,1896.566000000,16,0.159000000,0.155000000,0.326000000
18:02:13,150719,50.604097327,-123.494320863,1896.563000000,16,0.159000000,0.155000000,0.326000000
18:02:14,150719,50.604097302,-123.494320823,1896.563000000,16,0.159000000,0.155000000,0.326000000
18:02:15,150719,50.604097270,-123.494320802,1896.566000000,16,0.159000000,0.155000000,0.326000000
18:02:16,150719,50.604097222,-123.494320805,1896.563000000,16,0.159000000,0.155000000,0.326000000
18:02:17,150719,50.604097177,-123.494320813,1896.559000000,16,0.159000000,0.155000000,0.326000000
18:02:18,150719,50.604097135,-123.494320787,1896.557000000,16,0.159000000,0.155000000,0.326000000
18:02:19,150719,50.604097133,-123.494320772,1896.555000000,16,0.159000000,0.155000000,0.326000000
18:02:20,150719,50.604097147,-123.494320763,1896.563000000,16,0.159000000,0.155000000,0.326000000
18:02:21,150719,50.604097167,-123.494320762,1896.572000000,16,0.159000000,0.155000000,0.326000000
18:02:22,150719,50.604097180,-123.494320777,1896.574000000,16,0.159000000,0.155000000,0.326000000
18:02:23,150719,50.604097198,-123.494320822,1896.572000000,16,0.159000000,0.155000000,0.326000000
18:02:24,150719,50.604097175,-123.494320813,1896.570000000,16,0.159000000,0.155000000,0.326000000
18:02:25,150719,50.604097155,-123.494320828,1896.564000000,16,0.159000000,0.155000000,0.326000000
18:02:26,150719,50.604097117,-123.494320835,1896.562000000,16,0.159000000,0.155000000,0.326000000
18:02:27,150719,50.604097088,-123.494320870,1896.560000000,16,0.159000000,0.155000000,0.326000000
18:02:28,150719,50.604097052,-123.494320885,1896.561000000,16,0.159000000,0.155000000,0.326000000
18:02:29,150719,50.604096992,-123.494320903,1896.556000000,16,0.159000000,0.155000000,0.325000000
18:02:30,150719,50.604096960,-123.494320902,1896.549000000,16,0.159000000,0.155000000,0.325000000
18:02:31,150719,50.604096933,-123.494320933,1896.546000000,16,0.159000000,0.155000000,0.325000000
18:02:32,150719,50.604096892,-123.494320978,1896.540000000,16,0.159000000,0.155000000,0.325000000
18:02:33,150719,50.604096860,-123.494321033,1896.541000000,16,0.159000000,0.155000000,0.325000000
18:02:34,150719,50.604096833,-123.494321058,1896.538000000,16,0.159000000,0.155000000,0.325000000
18:02:35,150719,50.604096803,-123.494321063,1896.543000000,16,0.159000000,0.155000000,0.325000000
18:02:36,150719,50.604096765,-123.494321077,1896.541000000,16,0.159000000,0.155000000,0.325000000
18:02:37,150719,50.604096760,-123.494321100,1896.543000000,16,0.159000000,0.155000000,0.325000000
18:02:38,150719,50.604096767,-123.494321123,1896.545000000,16,0.159000000,0.155000000,0.325000000
18:02:39,150719,50.604096760,-123.494321128,1896.547000000,16,0.159000000,0.155000000,0.325000000
18:02:40,150719,50.604096748,-123.494321138,1896.549000000,16,0.159000000,0.155000000,0.325000000
18:02:41,150719,50.604096730,-123.494321128,1896.553000000,16,0.159000000,0.155000000,0.325000000
18:02:42,150719,50.604096707,-123.494321132,1896.552000000,16,0.159000000,0.155000000,0.325000000
18:02:43,150719,50.604096657,-123.494321110,1896.546000000,16,0.159000000,0.155000000,0.325000000
18:02:44,150719,50.604096635,-123.494321097,1896.546000000,16,0.159000000,0.155000000,0.325000000
18:02:45,150719,50.604096630,-123.494321083,1896.550000000,16,0.159000000,0.155000000,0.325000000
18:02:46,150719,50.604096625,-123.494321073,1896.552000000,16,0.159000000,0.155000000,0.325000000
18:02:47,150719,50.604096610,-123.494321072,1896.549000000,16,0.159000000,0.155000000,0.325000000
18:02:48,150719,50.604096583,-123.494321042,1896.550000000,16,0.159000000,0.155000000,0.325000000
18:02:49,150719,50.604096567,-123.494321055,1896.547000000,16,0.159000000,0.155000000,0.325000000
18:02:50,150719,50.604096528,-123.494321038,1896.548000000,16,0.159000000,0.155000000,0.325000000
18:02:51,150719,50.604096488,-123.494321060,1896.540000000,16,0.159000000,0.155000000,0.325000000
18:02:52,150719,50.604096440,-123.494321037,1896.538000000,16,0.159000000,0.155000000,0.325000000
18:02:53,150719,50.604096398,-123.494321032,1896.535000000,16,0.159000000,0.155000000,0.325000000
18:02:54,150719,50.604096325,-123.494320958,1896.548000000,16,0.159000000,0.155000000,0.325000000
18:02:55,150719,50.604096270,-123.494320910,1896.556000000,16,0.159000000,0.155000000,0.325000000
18:02:56,150719,50.604096272,-123.494320877,1896.569000000,16,0.159000000,0.155000000,0.325000000
18:02:57,150719,50.604096293,-123.494320843,1896.582000000,16,0.159000000,0.155000000,0.325000000
18:02:58,150719,50.604096335,-123.494320832,1896.597000000,16,0.159000000,0.155000000,0.325000000
18:02:59,150719,50.604096348,-123.494320820,1896.612000000,16,0.159000000,0.155000000,0.325000000
18:03:00,150719,50.604096352,-123.494320795,1896.626000000,16,0.159000000,0.155000000,0.325000000
18:03:01,150719,50.604096348,-123.494320767,1896.633000000,16,0.159000000,0.155000000,0.325000000
18:03:02,150719,50.604096320,-123.494320748,1896.637000000,16,0.159000000,0.155000000,0.325000000
18:03:03,150719,50.604096288,-123.494320732,1896.643000000,16,0.159000000,0.155000000,0.325000000
18:03:04,150719,50.604096253,-123.494320710,1896.642000000,16,0.159000000,0.155000000,0.325000000
18:03:05,150719,50.604096197,-123.494320678,1896.640000000,16,0.159000000,0.155000000,0.325000000
18:03:06,150719,50.604096150,-123.494320608,1896.645000000,16,0.159000000,0.155000000,0.325000000
18:03:07,150719,50.604096125,-123.494320582,1896.648000000,16,0.159000000,0.155000000,0.325000000
18:03:08,150719,50.604096097,-123.494320578,1896.654000000,16,0.159000000,0.155000000,0.325000000
18:03:09,150719,50.604096098,-123.494320603,1896.650000000,16,0.159000000,0.155000000,0.325000000
18:03:10,150719,50.604096115,-123.494320608,1896.648000000,16,0.159000000,0.155000000,0.325000000
18:03:11,150719,50.604096128,-123.494320598,1896.654000000,16,0.159000000,0.155000000,0.324000000
18:03:12,150719,50.604096160,-123.494320613,1896.660000000,16,0.159000000,0.155000000,0.324000000
18:03:13,150719,50.604096172,-123.494320605,1896.665000000,16,0.159000000,0.155000000,0.324000000
18:03:14,150719,50.604096182,-123.494320572,1896.668000000,16,0.159000000,0.155000000,0.324000000
18:03:15,150719,50.604096190,-123.494320528,1896.676000000,16,0.159000000,0.155000000,0.324000000
18:03:16,150719,50.604096202,-123.494320485,1896.684000000,16,0.159000000,0.155000000,0.324000000
18:03:17,150719,50.604096218,-123.494320473,1896.689000000,16,0.159000000,0.155000000,0.324000000
18:03:18,150719,50.604096215,-123.494320460,1896.691000000,16,0.159000000,0.155000000,0.324000000
18:03:19,150719,50.604096192,-123.494320423,1896.693000000,16,0.159000000,0.155000000,0.324000000
18:03:20,150719,50.604096190,-123.494320423,1896.690000000,16,0.159000000,0.155000000,0.324000000
18:03:21,150719,50.604096192,-123.494320430,1896.689000000,16,0.159000000,0.155000000,0.324000000
18:03:22,150719,50.604096205,-123.494320453,1896.687000000,16,0.159000000,0.155000000,0.324000000
18:03:23,150719,50.604096220,-123.494320473,1896.681000000,16,0.159000000,0.155000000,0.324000000
18:03:24,150719,50.604096210,-123.494320478,1896.681000000,16,0.159000000,0.155000000,0.324000000
18:03:25,150719,50.604096208,-123.494320485,1896.679000000,16,0.159000000,0.155000000,0.324000000
18:03:26,150719,50.604096205,-123.494320512,1896.682000000,16,0.159000000,0.155000000,0.324000000
18:03:27,150719,50.604096198,-123.494320500,1896.686000000,16,0.159000000,0.155000000,0.324000000
18:03:28,150719,50.604096207,-123.494320498,1896.685000000,16,0.159000000,0.155000000,0.324000000
18:03:29,150719,50.604096198,-123.494320487,1896.681000000,16,0.159000000,0.155000000,0.324000000
18:03:30,150719,50.604096190,-123.494320448,1896.681000000,16,0.159000000,0.155000000,0.324000000
18:03:31,150719,50.604096218,-123.494320442,1896.680000000,16,0.159000000,0.155000000,0.324000000
18:03:32,150719,50.604096252,-123.494320427,1896.687000000,16,0.159000000,0.155000000,0.324000000
18:03:33,150719,50.604096297,-123.494320453,1896.696000000,16,0.159000000,0.155000000,0.324000000
18:03:34,150719,50.604096342,-123.494320442,1896.703000000,16,0.159000000,0.155000000,0.324000000
18:03:35,150719,50.604096395,-123.494320442,1896.711000000,16,0.159000000,0.155000000,0.324000000
18:03:36,150719,50.604096455,-123.494320477,1896.709000000,16,0.159000000,0.155000000,0.324000000
18:03:37,150719,50.604096483,-123.494320473,1896.709000000,16,0.159000000,0.155000000,0.324000000
18:03:38,150719,50.604096528,-123.494320498,1896.709000000,16,0.159000000,0.155000000,0.324000000
18:03:39,150719,50.604096570,-123.494320507,1896.710000000,16,0.159000000,0.155000000,0.324000000
18:03:40,150719,50.604096600,-123.494320487,1896.714000000,16,0.159000000,0.155000000,0.324000000
18:03:41,150719,50.604096632,-123.494320495,1896.713000000,16,0.159000000,0.155000000,0.324000000
18:03:42,150719,50.604096673,-123.494320512,1896.710000000,16,0.159000000,0.155000000,0.324000000
18:03:43,150719,50.604096705,-123.494320540,1896.711000000,16,0.159000000,0.155000000,0.324000000
18:03:44,150719,50.604096738,-123.494320557,1896.712000000,16,0.159000000,0.155000000,0.324000000
18:03:45,150719,50.604096755,-123.494320578,1896.709000000,16,0.159000000,0.155000000,0.324000000
18:03:46,150719,50.604096752,-123.494320560,1896.704000000,16,0.159000000,0.155000000,0.324000000
18:03:47,150719,50.604096767,-123.494320620,1896.699000000,16,0.159000000,0.155000000,0.324000000
18:03:48,150719,50.604096767,-123.494320667,1896.694000000,16,0.159000000,0.155000000,0.324000000
18:03:49,150719,50.604096753,-123.494320697,1896.686000000,16,0.159000000,0.155000000,0.324000000
18:03:50,150719,50.604096698,-123.494320703,1896.673000000,16,0.159000000,0.155000000,0.324000000
18:03:51,150719,50.604096630,-123.494320715,1896.657000000,16,0.159000000,0.155000000,0.324000000
18:03:52,150719,50.604096575,-123.494320750,1896.643000000,16,0.159000000,0.155000000,0.324000000
18:03:53,150719,50.604096520,-123.494320752,1896.635000000,16,0.159000000,0.155000000,0.323000000
18:03:54,150719,50.604096495,-123.494320793,1896.625000000,16,0.159000000,0.155000000,0.323000000
18:03:55,150719,50.604096493,-123.494320813,1896.615000000,16,0.159000000,0.155000000,0.323000000
18:03:56,150719,50.604096535,-123.494320843,1896.608000000,16,0.159000000,0.155000000,0.323000000
18:03:57,150719,50.604096568,-123.494320872,1896.603000000,16,0.159000000,0.155000000,0.323000000
18:03:58,150719,50.604096610,-123.494320927,1896.596000000,16,0.159000000,0.155000000,0.323000000
18:03:59,150719,50.604096638,-123.494320955,1896.590000000,16,0.159000000,0.155000000,0.323000000
18:04:00,150719,50.604096670,-123.494320977,1896.585000000,16,0.159000000,0.155000000,0.323000000
18:04:01,150719,50.604096708,-123.494321018,1896.580000000,16,0.159000000,0.155000000,0.323000000
18:04:02,150719,50.604096707,-123.494321027,1896.572000000,16,0.159000000,0.155000000,0.323000000
18:04:03,150719,50.604096658,-123.494320977,1896.568000000,16,0.159000000,0.155000000,0.323000000
18:04:04,150719,50.604096638,-123.494320977,1896.562000000,16,0.159000000,0.155000000,0.323000000
18:04:05,150719,50.604096605,-123.494320970,1896.559000000,16,0.159000000,0.155000000,0.323000000
18:04:06,150719,50.604096592,-123.494320985,1896.556000000,16,0.159000000,0.155000000,0.323000000
18:04:07,150719,50.604096557,-123.494320983,1896.548000000,16,0.159000000,0.155000000,0.323000000
18:04:08,150719,50.604096510,-123.494320987,1896.539000000,16,0.159000000,0.155000000,0.323000000
18:04:09,150719,50.604096475,-123.494321010,1896.532000000,16,0.159000000,0.155000000,0.323000000
18:04:10,150719,50.604096452,-123.494321047,1896.523000000,16,0.159000000,0.155000000,0.323000000
18:04:11,150719,50.604096422,-123.494321060,1896.518000000,16,0.159000000,0.155000000,0.323000000
18:04:12,150719,50.604096393,-123.494321057,1896.513000000,16,0.159000000,0.155000000,0.323000000
18:04:13,150719,50.604096370,-123.494321055,1896.506000000,16,0.159000000,0.155000000,0.323000000
18:04:14,150719,50.604096365,-123.494321040,1896.507000000,16,0.159000000,0.155000000,0.323000000
18:04:15,150719,50.604096367,-123.494320997,1896.511000000,16,0.159000000,0.155000000,0.323000000
18:04:16,150719,50.604096365,-123.494320965,1896.510000000,16,0.159000000,0.155000000,0.323000000
18:04:17,150719,50.604096362,-123.494320940,1896.507000000,16,0.159000000,0.155000000,0.323000000
18:04:18,150719,50.604096355,-123.494320893,1896.508000000,16,0.159000000,0.155000000,0.323000000
18:04:19,150719,50.604096343,-123.494320890,1896.502000000,16,0.159000000,0.155000000,0.323000000
18:04:20,150719,50.604096323,-123.494320895,1896.498000000,16,0.159000000,0.155000000,0.323000000
18:04:21,150719,50.604096305,-123.494320920,1896.489000000,16,0.159000000,0.155000000,0.323000000
18:04:22,150719,50.604096282,-123.494320933,1896.486000000,16,0.159000000,0.155000000,0.323000000
18:04:23,150719,50.604096257,-123.494320970,1896.476000000,16,0.159000000,0.155000000,0.323000000
18:04:24,150719,50.604096223,-123.494320975,1896.471000000,16,0.159000000,0.155000000,0.323000000
18:04:25,150719,50.604096212,-123.494320983,1896.468000000,16,0.159000000,0.155000000,0.323000000
18:04:26,150719,50.604096220,-123.494320977,1896.465000000,16,0.159000000,0.155000000,0.323000000
18:04:27,150719,50.604096217,-123.494320955,1896.462000000,16,0.159000000,0.155000000,0.323000000
18:04:28,150719,50.604096218,-123.494320898,1896.462000000,16,0.159000000,0.155000000,0.323000000
18:04:29,150719,50.604096205,-123.494320875,1896.465000000,16,0.159000000,0.155000000,0.323000000
18:04:30,150719,50.604096182,-123.494320852,1896.461000000,16,0.159000000,0.155000000,0.323000000
18:04:31,150719,50.604096178,-123.494320840,1896.456000000,16,0.159000000,0.155000000,0.323000000
18:04:32,150719,50.604096183,-123.494320822,1896.456000000,16,0.159000000,0.155000000,0.322000000
18:04:33,150719,50.604096222,-123.494320842,1896.455000000,16,0.159000000,0.155000000,0.322000000
18:04:34,150719,50.604096242,-123.494320833,1896.457000000,16,0.159000000,0.155000000,0.322000000
18:04:35,150719,50.604096262,-123.494320835,1896.454000000,16,0.159000000,0.155000000,0.322000000
18:04:36,150719,50.604096277,-123.494320847,1896.454000000,16,0.159000000,0.155000000,0.322000000
18:04:37,150719,50.604096283,-123.494320835,1896.456000000,16,0.159000000,0.155000000,0.322000000
18:04:38,150719,50.604096273,-123.494320793,1896.453000000,16,0.159000000,0.155000000,0.322000000
18:04:39,150719,50.604096240,-123.494320758,1896.443000000,16,0.159000000,0.155000000,0.322000000
18:04:40,150719,50.604096242,-123.494320737,1896.438000000,16,0.159000000,0.155000000,0.322000000
18:04:41,150719,50.604096245,-123.494320732,1896.441000000,16,0.159000000,0.155000000,0.322000000
18:04:42,150719,50.604096235,-123.494320705,1896.441000000,16,0.159000000,0.155000000,0.322000000
18:04:43,150719,50.604096225,-123.494320675,1896.439000000,16,0.159000000,0.155000000,0.322000000
18:04:44,150719,50.604096233,-123.494320663,1896.437000000,16,0.159000000,0.155000000,0.322000000
18:04:45,150719,50.604096262,-123.494320682,1896.434000000,16,0.159000000,0.155000000,0.322000000
18:04:46,150719,50.604096260,-123.494320682,1896.432000000,16,0.159000000,0.155000000,0.322000000
18:04:47,150719,50.604096262,-123.494320675,1896.432000000,16,0.159000000,0.155000000,0.322000000
18:04:48,150719,50.604096260,-123.494320672,1896.428000000,16,0.159000000,0.155000000,0.322000000
18:04:49,150719,50.604096253,-123.494320673,1896.427000000,16,0.159000000,0.155000000,0.322000000
18:04:50,150719,50.604096265,-123.494320678,1896.428000000,16,0.159000000,0.155000000,0.322000000
18:04:51,150719,50.604096250,-123.494320637,1896.428000000,16,0.159000000,0.155000000,0.322000000
18:04:52,150719,50.604096223,-123.494320608,1896.422000000,16,0.159000000,0.155000000,0.322000000
18:04:53,150719,50.604096197,-123.494320563,1896.414000000,16,0.159000000,0.155000000,0.322000000
18:04:54,150719,50.604096168,-123.494320518,1896.411000000,16,0.159000000,0.155000000,0.322000000
18:04:55,150719,50.604096167,-123.494320533,1896.410000000,16,0.159000000,0.155000000,0.322000000
18:04:56,150719,50.604096178,-123.494320545,1896.409000000,16,0.159000000,0.155000000,0.322000000
18:04:57,150719,50.604096177,-123.494320560,1896.406000000,16,0.159000000,0.155000000,0.322000000
18:04:58,150719,50.604096168,-123.494320578,1896.398000000,16,0.159000000,0.155000000,0.322000000
18:04:59,150719,50.604096175,-123.494320603,1896.394000000,16,0.159000000,0.155000000,0.322000000
18:05:00,150719,50.604096195,-123.494320643,1896.389000000,16,0.159000000,0.155000000,0.322000000
18:05:01,150719,50.604096183,-123.494320672,1896.381000000,16,0.159000000,0.155000000,0.322000000
18:05:02,150719,50.604096168,-123.494320688,1896.374000000,16,0.159000000,0.155000000,0.322000000
18:05:03,150719,50.604096140,-123.494320690,1896.372000000,16,0.159000000,0.155000000,0.322000000
18:05:04,150719,50.604096123,-123.494320737,1896.360000000,16,0.159000000,0.155000000,0.322000000
18:05:05,150719,50.604096113,-123.494320757,1896.355000000,16,0.159000000,0.155000000,0.322000000
18:05:06,150719,50.604096095,-123.494320793,1896.353000000,16,0.159000000,0.155000000,0.322000000
18:05:07,150719,50.604096080,-123.494320828,1896.351000000,16,0.159000000,0.155000000,0.322000000
18:05:08,150719,50.604096068,-123.494320858,1896.343000000,16,0.159000000,0.155000000,0.321000000
18:05:09,150719,50.604096082,-123.494320905,1896.336000000,16,0.159000000,0.155000000,0.321000000
18:05:10,150719,50.604096095,-123.494320943,1896.326000000,16,0.159000000,0.155000000,0.321000000
18:05:11,150719,50.604096100,-123.494320987,1896.321000000,16,0.159000000,0.155000000,0.321000000
18:05:12,150719,50.604096083,-123.494321008,1896.316000000,16,0.159000000,0.155000000,0.321000000
18:05:13,150719,50.604096090,-123.494321060,1896.310000000,16,0.159000000,0.155000000,0.321000000
18:05:14,150719,50.604096075,-123.494321052,1896.311000000,16,0.159000000,0.155000000,0.321000000
18:05:15,150719,50.604096063,-123.494321022,1896.306000000,16,0.159000000,0.155000000,0.321000000
18:05:16,150719,50.604096047,-123.494320980,1896.303000000,16,0.159000000,0.155000000,0.321000000
18:05:17,150719,50.604096030,-123.494320965,1896.300000000,16,0.159000000,0.155000000,0.321000000
18:05:18,150719,50.604096022,-123.494320957,1896.297000000,16,0.159000000,0.155000000,0.321000000
18:05:19,150719,50.604096020,-123.494320932,1896.294000000,16,0.159000000,0.155000000,0.321000000
18:05:20,150719,50.604096053,-123.494320915,1896.293000000,16,0.159000000,0.155000000,0.321000000
18:05:21,150719,50.604096075,-123.494320930,1896.295000000,16,0.159000000,0.155000000,0.321000000
18:05:22,150719,50.604096088,-123.494320918,1896.299000000,16,0.159000000,0.155000000,0.321000000
18:05:23,150719,50.604096107,-123.494320945,1896.302000000,16,0.159000000,0.155000000,0.321000000
18:05:24,150719,50.604096118,-123.494320955,1896.298000000,16,0.159000000,0.155000000,0.321000000
18:05:25,150719,50.604096110,-123.494320953,1896.297000000,16,0.159000000,0.155000000,0.321000000
18:05:26,150719,50.604096085,-123.494320945,1896.292000000,16,0.159000000,0.155000000,0.321000000
18:05:27,150719,50.604096068,-123.494320960,1896.286000000,16,0.159000000,0.155000000,0.321000000
18:05:28,150719,50.604096058,-123.494320977,1896.282000000,16,0.159000000,0.155000000,0.321000000
18:05:29,150719,50.604096045,-123.494320990,1896.281000000,16,0.159000000,0.155000000,0.321000000
18:05:30,150719,50.604096018,-123.494320983,1896.281000000,16,0.159000000,0.155000000,0.321000000
18:05:31,150719,50.604095995,-123.494320967,1896.277000000,16,0.159000000,0.155000000,0.321000000
18:05:32,150719,50.604095972,-123.494320948,1896.273000000,16,0.159000000,0.155000000,0.321000000
18:05:33,150719,50.604095952,-123.494320945,1896.266000000,16,0.159000000,0.155000000,0.321000000
18:05:34,150719,50.604095943,-123.494320932,1896.263000000,16,0.159000000,0.155000000,0.321000000
18:05:35,150719,50.604095927,-123.494320905,1896.261000000,16,0.159000000,0.155000000,0.321000000
18:05:36,150719,50.604095897,-123.494320873,1896.261000000,16,0.159000000,0.155000000,0.321000000
18:05:37,150719,50.604095877,-123.494320840,1896.259000000,16,0.159000000,0.155000000,0.321000000
18:05:38,150719,50.604095838,-123.494320802,1896.256000000,16,0.159000000,0.155000000,0.321000000
18:05:39,150719,50.604095850,-123.494320783,1896.260000000,16,0.159000000,0.155000000,0.321000000
18:05:40,150719,50.604095852,-123.494320770,1896.259000000,16,0.159000000,0.155000000,0.321000000
18:05:41,150719,50.604095830,-123.494320757,1896.260000000,16,0.159000000,0.155000000,0.321000000
18:05:42,150719,50.604095815,-123.494320765,1896.264000000,16,0.159000000,0.155000000,0.321000000
18:05:43,150719,50.604095830,-123.494320755,1896.268000000,16,0.159000000,0.155000000,0.321000000
18:05:44,150719,50.604095862,-123.494320743,1896.271000000,16,0.159000000,0.155000000,0.321000000
18:05:45,150719,50.604095888,-123.494320747,1896.272000000,16,0.159000000,0.155000000,0.321000000
18:05:46,150719,50.604095895,-123.494320765,1896.272000000,16,0.159000000,0.155000000,0.321000000
18:05:47,150719,50.604095908,-123.494320778,1896.278000000,16,0.159000000,0.155000000,0.320000000
18:05:48,150719,50.604095938,-123.494320797,1896.281000000,16,0.159000000,0.155000000,0.320000000
18:05:49,150719,50.604095950,-123.494320787,1896.289000000,16,0.159000000,0.155000000,0.320000000
18:05:50,150719,50.604095943,-123.494320755,1896.295000000,16,0.159000000,0.155000000,0.320000000
18:05:51,150719,50.604095922,-123.494320725,1896.300000000,16,0.159000000,0.155000000,0.320000000
18:05:52,150719,50.604095912,-123.494320705,1896.300000000,16,0.159000000,0.155000000,0.320000000
18:05:53,150719,50.604095907,-123.494320690,1896.303000000,16,0.159000000,0.155000000,0.320000000
18:05:54,150719,50.604095900,-123.494320672,1896.306000000,16,0.159000000,0.155000000,0.320000000
18:05:55,150719,50.604095882,-123.494320642,1896.311000000,16,0.159000000,0.155000000,0.320000000
18:05:56,150719,50.604095863,-123.494320597,1896.319000000,16,0.159000000,0.155000000,0.320000000
18:05:57,150719,50.604095867,-123.494320580,1896.326000000,16,0.159000000,0.155000000,0.320000000
18:05:58,150719,50.604095852,-123.494320538,1896.329000000,16,0.159000000,0.155000000,0.320000000
18:05:59,150719,50.604095860,-123.494320523,1896.332000000,16,0.159000000,0.155000000,0.320000000
18:06:00,150719,50.604095882,-123.494320488,1896.336000000,16,0.159000000,0.155000000,0.320000000
18:06:01,150719,50.604095898,-123.494320463,1896.339000000,16,0.159000000,0.155000000,0.320000000
18:06:02,150719,50.604095898,-123.494320427,1896.347000000,16,0.159000000,0.155000000,0.320000000
18:06:03,150719,50.604095883,-123.494320398,1896.354000000,16,0.159000000,0.155000000,0.320000000
18:06:04,150719,50.604095877,-123.494320403,1896.359000000,16,0.159000000,0.155000000,0.320000000
18:06:05,150719,50.604095868,-123.494320378,1896.365000000,16,0.159000000,0.155000000,0.320000000
18:06:06,150719,50.604095853,-123.494320372,1896.366000000,16,0.159000000,0.155000000,0.320000000
18:06:07,150719,50.604095832,-123.494320345,1896.367000000,16,0.159000000,0.155000000,0.320000000
18:06:08,150719,50.604095840,-123.494320352,1896.369000000,16,0.159000000,0.155000000,0.320000000
18:06:09,150719,50.604095862,-123.494320348,1896.371000000,16,0.159000000,0.155000000,0.320000000
18:06:10,150719,50.604095877,-123.494320332,1896.375000000,16,0.159000000,0.155000000,0.320000000
18:06:11,150719,50.604095872,-123.494320330,1896.376000000,16,0.159000000,0.155000000,0.320000000
18:06:12,150719,50.604095853,-123.494320318,1896.379000000,16,0.159000000,0.155000000,0.320000000
18:06:13,150719,50.604095832,-123.494320325,1896.382000000,16,0.159000000,0.155000000,0.320000000
18:06:14,150719,50.604095810,-123.494320342,1896.381000000,16,0.159000000,0.155000000,0.320000000
18:06:15,150719,50.604095793,-123.494320330,1896.384000000,16,0.159000000,0.155000000,0.320000000
18:06:16,150719,50.604095773,-123.494320302,1896.386000000,16,0.159000000,0.155000000,0.320000000
18:06:17,150719,50.604095748,-123.494320278,1896.384000000,16,0.158000000,0.155000000,0.320000000
18:06:18,150719,50.604095737,-123.494320293,1896.383000000,16,0.158000000,0.155000000,0.320000000
18:06:19,150719,50.604095727,-123.494320287,1896.391000000,16,0.158000000,0.155000000,0.320000000
18:06:20,150719,50.604095745,-123.494320290,1896.398000000,16,0.158000000,0.155000000,0.320000000
18:06:21,150719,50.604095748,-123.494320270,1896.396000000,16,0.158000000,0.155000000,0.320000000
18:06:22,150719,50.604095772,-123.494320257,1896.396000000,16,0.158000000,0.155000000,0.320000000
18:06:23,150719,50.604095785,-123.494320233,1896.397000000,16,0.158000000,0.155000000,0.319000000
18:06:24,150719,50.604095803,-123.494320235,1896.402000000,16,0.158000000,0.155000000,0.319000000
18:06:25,150719,50.604095785,-123.494320220,1896.401000000,16,0.158000000,0.155000000,0.319000000
18:06:26,150719,50.604095770,-123.494320235,1896.400000000,16,0.158000000,0.155000000,0.319000000
18:06:27,150719,50.604095753,-123.494320203,1896.398000000,16,0.158000000,0.155000000,0.319000000
18:06:28,150719,50.604095753,-123.494320248,1896.399000000,16,0.158000000,0.155000000,0.319000000
18:06:29,150719,50.604095733,-123.494320255,1896.396000000,16,0.158000000,0.155000000,0.319000000
18:06:30,150719,50.604095717,-123.494320283,1896.396000000,16,0.158000000,0.155000000,0.319000000
18:06:31,150719,50.604095712,-123.494320268,1896.399000000,16,0.158000000,0.155000000,0.319000000
18:06:32,150719,50.604095725,-123.494320278,1896.399000000,16,0.158000000,0.155000000,0.319000000
18:06:33,150719,50.604095730,-123.494320290,1896.401000000,16,0.158000000,0.155000000,0.319000000
18:06:34,150719,50.604095753,-123.494320318,1896.401000000,16,0.158000000,0.155000000,0.319000000
18:06:35,150719,50.604095752,-123.494320347,1896.399000000,16,0.158000000,0.155000000,0.319000000
18:06:36,150719,50.604095740,-123.494320352,1896.400000000,16,0.158000000,0.155000000,0.319000000
18:06:37,150719,50.604095725,-123.494320368,1896.398000000,16,0.158000000,0.155000000,0.319000000
18:06:38,150719,50.604095715,-123.494320360,1896.399000000,16,0.158000000,0.155000000,0.319000000
18:06:39,150719,50.604095737,-123.494320363,1896.405000000,16,0.158000000,0.155000000,0.319000000
18:06:40,150719,50.604095738,-123.494320375,1896.410000000,16,0.158000000,0.155000000,0.319000000
18:06:41,150719,50.604095765,-123.494320395,1896.412000000,16,0.158000000,0.155000000,0.319000000
18:06:42,150719,50.604095778,-123.494320413,1896.412000000,16,0.158000000,0.155000000,0.319000000
18:06:43,150719,50.604095785,-123.494320437,1896.409000000,16,0.158000000,0.155000000,0.319000000
18:06:44,150719,50.604095765,-123.494320442,1896.405000000,16,0.158000000,0.155000000,0.319000000
18:06:45,150719,50.604095767,-123.494320470,1896.403000000,16,0.158000000,0.155000000,0.319000000
18:06:46,150719,50.604095768,-123.494320490,1896.403000000,16,0.158000000,0.155000000,0.319000000
18:06:47,150719,50.604095787,-123.494320508,1896.400000000,16,0.158000000,0.155000000,0.319000000
18:06:48,150719,50.604095768,-123.494320480,1896.394000000,16,0.158000000,0.155000000,0.319000000
18:06:49,150719,50.604095773,-123.494320492,1896.391000000,16,0.158000000,0.155000000,0.319000000
18:06:50,150719,50.604095765,-123.494320510,1896.392000000,16,0.158000000,0.155000000,0.319000000
18:06:51,150719,50.604095758,-123.494320523,1896.393000000,16,0.158000000,0.155000000,0.319000000
18:06:52,150719,50.604095740,-123.494320540,1896.389000000,16,0.158000000,0.155000000,0.319000000
18:06:53,150719,50.604095732,-123.494320573,1896.385000000,16,0.158000000,0.155000000,0.319000000
18:06:54,150719,50.604095723,-123.494320583,1896.380000000,16,0.158000000,0.155000000,0.319000000
18:06:55,150719,50.604095708,-123.494320587,1896.376000000,16,0.158000000,0.155000000,0.319000000
18:06:56,150719,50.604095685,-123.494320613,1896.370000000,16,0.158000000,0.155000000,0.318000000
18:06:57,150719,50.604095662,-123.494320630,1896.363000000,16,0.158000000,0.155000000,0.318000000
18:06:58,150719,50.604095633,-123.494320658,1896.353000000,16,0.158000000,0.155000000,0.318000000
18:06:59,150719,50.604095595,-123.494320670,1896.346000000,16,0.158000000,0.155000000,0.318000000
18:07:00,150719,50.604095562,-123.494320688,1896.342000000,16,0.158000000,0.155000000,0.318000000
18:07:01,150719,50.604095567,-123.494320712,1896.339000000,16,0.158000000,0.155000000,0.318000000
18:07:02,150719,50.604095602,-123.494320745,1896.336000000,16,0.158000000,0.155000000,0.318000000
18:07:03,150719,50.604095630,-123.494320767,1896.334000000,16,0.158000000,0.155000000,0.318000000
18:07:04,150719,50.604095653,-123.494320772,1896.334000000,16,0.158000000,0.155000000,0.318000000
18:07:05,150719,50.604095682,-123.494320803,1896.336000000,16,0.158000000,0.155000000,0.318000000
18:07:06,150719,50.604095707,-123.494320847,1896.335000000,16,0.158000000,0.155000000,0.318000000
18:07:07,150719,50.604095707,-123.494320878,1896.337000000,16,0.158000000,0.155000000,0.318000000
18:07:08,150719,50.604095752,-123.494320943,1896.337000000,16,0.158000000,0.155000000,0.318000000
18:07:09,150719,50.604095782,-123.494320998,1896.335000000,16,0.158000000,0.155000000,0.318000000
18:07:10,150719,50.604095778,-123.494320995,1896.338000000,16,0.158000000,0.155000000,0.318000000
18:07:11,150719,50.604095790,-123.494321012,1896.334000000,16,0.158000000,0.155000000,0.318000000
18:07:12,150719,50.604095792,-123.494321015,1896.331000000,16,0.158000000,0.155000000,0.318000000
18:07:13,150719,50.604095802,-123.494321045,1896.323000000,16,0.158000000,0.155000000,0.318000000
18:07:14,150719,50.604095783,-123.494321042,1896.313000000,16,0.158000000,0.155000000,0.318000000
18:07:15,150719,50.604095768,-123.494321038,1896.300000000,16,0.158000000,0.155000000,0.318000000
18:07:16,150719,50.604095763,-123.494321027,1896.291000000,16,0.158000000,0.155000000,0.318000000
18:07:17,150719,50.604095740,-123.494321003,1896.288000000,16,0.158000000,0.155000000,0.318000000
18:07:18,150719,50.604095722,-123.494321015,1896.286000000,16,0.158000000,0.155000000,0.318000000
18:07:19,150719,50.604095730,-123.494321022,1896.285000000,16,0.158000000,0.155000000,0.318000000
18:07:20,150719,50.604095750,-123.494321018,1896.278000000,16,0.158000000,0.155000000,0.318000000
18:07:21,150719,50.604095760,-123.494321010,1896.274000000,16,0.158000000,0.155000000,0.318000000
18:07:22,150719,50.604095758,-123.494320995,1896.270000000,16,0.158000000,0.155000000,0.318000000
18:07:23,150719,50.604095768,-123.494320978,1896.272000000,16,0.158000000,0.155000000,0.318000000
18:07:24,150719,50.604095797,-123.494320993,1896.270000000,16,0.158000000,0.155000000,0.318000000
18:07:25,150719,50.604095818,-123.494320998,1896.269000000,16,0.158000000,0.155000000,0.318000000
18:07:26,150719,50.604095820,-123.494320992,1896.264000000,16,0.158000000,0.155000000,0.318000000
18:07:27,150719,50.604095790,-123.494320967,1896.259000000,16,0.158000000,0.155000000,0.318000000
18:07:28,150719,50.604095758,-123.494320955,1896.252000000,16,0.158000000,0.155000000,0.318000000
18:07:29,150719,50.604095727,-123.494320960,1896.245000000,16,0.158000000,0.155000000,0.318000000
18:07:30,150719,50.604095703,-123.494320950,1896.240000000,16,0.158000000,0.155000000,0.318000000
18:07:31,150719,50.604095688,-123.494320943,1896.237000000,16,0.158000000,0.155000000,0.318000000
18:07:32,150719,50.604095707,-123.494320987,1896.232000000,16,0.158000000,0.155000000,0.317000000
18:07:33,150719,50.604095713,-123.494320965,1896.228000000,16,0.158000000,0.155000000,0.317000000
18:07:34,150719,50.604095733,-123.494320960,1896.229000000,16,0.158000000,0.155000000,0.317000000
18:07:35,150719,50.604095743,-123.494320917,1896.232000000,16,0.158000000,0.155000000,0.317000000
18:07:36,150719,50.604095773,-123.494320888,1896.233000000,16,0.158000000,0.155000000,0.317000000
18:07:37,150719,50.604095802,-123.494320852,1896.239000000,16,0.158000000,0.155000000,0.317000000
18:07:38,150719,50.604095830,-123.494320815,1896.242000000,16,0.158000000,0.155000000,0.317000000
18:07:39,150719,50.604095848,-123.494320815,1896.243000000,16,0.158000000,0.155000000,0.317000000
18:07:40,150719,50.604095848,-123.494320787,1896.247000000,16,0.158000000,0.155000000,0.317000000
18:07:41,150719,50.604095872,-123.494320783,1896.252000000,16,0.158000000,0.155000000,0.317000000
18:07:42,150719,50.604095883,-123.494320778,1896.255000000,16,0.158000000,0.155000000,0.317000000
18:07:43,150719,50.604095877,-123.494320737,1896.258000000,16,0.158000000,0.155000000,0.317000000
18:07:44,150719,50.604095855,-123.494320728,1896.257000000,16,0.158000000,0.155000000,0.317000000
18:07:45,150719,50.604095860,-123.494320703,1896.260000000,16,0.158000000,0.155000000,0.317000000
18:07:46,150719,50.604095850,-123.494320648,1896.264000000,16,0.158000000,0.155000000,0.317000000
18:07:47,150719,50.604095857,-123.494320643,1896.261000000,16,0.158000000,0.155000000,0.317000000
18:07:48,150719,50.604095847,-123.494320603,1896.256000000,16,0.158000000,0.155000000,0.317000000
18:07:49,150719,50.604095822,-123.494320563,1896.252000000,16,0.158000000,0.155000000,0.317000000
18:07:50,150719,50.604095793,-123.494320552,1896.252000000,16,0.158000000,0.155000000,0.317000000
18:07:51,150719,50.604095757,-123.494320548,1896.251000000,16,0.158000000,0.155000000,0.317000000
18:07:52,150719,50.604095743,-123.494320560,1896.251000000,16,0.158000000,0.155000000,0.317000000
18:07:53,150719,50.604095740,-123.494320560,1896.250000000,16,0.158000000,0.155000000,0.317000000
18:07:54,150719,50.604095757,-123.494320575,1896.252000000,16,0.158000000,0.155000000,0.317000000
18:07:55,150719,50.604095745,-123.494320593,1896.250000000,16,0.158000000,0.155000000,0.317000000
18:07:56,150719,50.604095713,-123.494320603,1896.248000000,16,0.158000000,0.155000000,0.317000000
18:07:57,150719,50.604095688,-123.494320613,1896.244000000,16,0.158000000,0.155000000,0.317000000
18:07:58,150719,50.604095660,-123.494320597,1896.244000000,16,0.158000000,0.155000000,0.317000000
18:07:59,150719,50.604095653,-123.494320608,1896.243000000,16,0.158000000,0.155000000,0.317000000
18:08:00,150719,50.604095657,-123.494320623,1896.247000000,16,0.158000000,0.155000000,0.317000000
18:08:01,150719,50.604095655,-123.494320618,1896.247000000,16,0.158000000,0.155000000,0.317000000
18:08:02,150719,50.604095648,-123.494320613,1896.242000000,16,0.158000000,0.155000000,0.317000000
18:08:03,150719,50.604095617,-123.494320600,1896.237000000,16,0.158000000,0.155000000,0.317000000
18:08:04,150719,50.604095622,-123.494320630,1896.236000000,16,0.158000000,0.155000000,0.317000000
18:08:05,150719,50.604095630,-123.494320680,1896.234000000,16,0.158000000,0.155000000,0.316000000
18:08:06,150719,50.604095635,-123.494320712,1896.232000000,16,0.158000000,0.155000000,0.316000000
18:08:07,150719,50.604095618,-123.494320698,1896.228000000,16,0.158000000,0.155000000,0.316000000
18:08:08,150719,50.604095622,-123.494320695,1896.227000000,16,0.158000000,0.155000000,0.316000000
18:08:09,150719,50.604095645,-123.494320715,1896.226000000,16,0.158000000,0.155000000,0.316000000
18:08:10,150719,50.604095645,-123.494320728,1896.219000000,16,0.158000000,0.155000000,0.316000000
18:08:11,150719,50.604095635,-123.494320728,1896.209000000,16,0.158000000,0.155000000,0.316000000
18:08:12,150719,50.604095610,-123.494320700,1896.206000000,16,0.158000000,0.155000000,0.316000000
18:08:13,150719,50.604095568,-123.494320672,1896.197000000,16,0.158000000,0.155000000,0.316000000
18:08:14,150719,50.604095537,-123.494320678,1896.193000000,16,0.158000000,0.155000000,0.316000000
18:08:15,150719,50.604095512,-123.494320683,1896.187000000,16,0.158000000,0.155000000,0.316000000
18:08:16,150719,50.604095480,-123.494320665,1896.178000000,16,0.158000000,0.155000000,0.316000000
18:08:17,150719,50.604095463,-123.494320628,1896.174000000,16,0.158000000,0.155000000,0.316000000
18:08:18,150719,50.604095443,-123.494320590,1896.169000000,16,0.158000000,0.155000000,0.316000000
18:08:19,150719,50.604095430,-123.494320535,1896.168000000,16,0.158000000,0.155000000,0.316000000
18:08:20,150719,50.604095443,-123.494320520,1896.167000000,16,0.158000000,0.155000000,0.316000000
18:08:21,150719,50.604095453,-123.494320490,1896.172000000,16,0.158000000,0.155000000,0.316000000
18:08:22,150719,50.604095452,-123.494320453,1896.173000000,16,0.158000000,0.155000000,0.316000000
18:08:23,150719,50.604095458,-123.494320420,1896.176000000,16,0.158000000,0.155000000,0.316000000
18:08:24,150719,50.604095463,-123.494320407,1896.176000000,16,0.158000000,0.155000000,0.316000000
18:08:25,150719,50.604095495,-123.494320393,1896.182000000,16,0.158000000,0.155000000,0.316000000
18:08:26,150719,50.604095507,-123.494320395,1896.182000000,16,0.158000000,0.155000000,0.316000000
18:08:27,150719,50.604095507,-123.494320383,1896.189000000,16,0.158000000,0.155000000,0.316000000
18:08:28,150719,50.604095497,-123.494320397,1896.190000000,16,0.158000000,0.155000000,0.316000000
18:08:29,150719,50.604095512,-123.494320422,1896.193000000,16,0.158000000,0.155000000,0.316000000
18:08:30,150719,50.604095517,-123.494320437,1896.197000000,16,0.158000000,0.155000000,0.316000000
18:08:31,150719,50.604095515,-123.494320447,1896.205000000,16,0.158000000,0.155000000,0.316000000
18:08:32,150719,50.604095513,-123.494320480,1896.208000000,16,0.158000000,0.155000000,0.316000000
18:08:33,150719,50.604095515,-123.494320482,1896.209000000,16,0.158000000,0.155000000,0.316000000
18:08:34,150719,50.604095523,-123.494320470,1896.215000000,16,0.158000000,0.155000000,0.316000000
18:08:35,150719,50.604095545,-123.494320452,1896.221000000,16,0.158000000,0.155000000,0.316000000
18:08:36,150719,50.604095565,-123.494320460,1896.220000000,16,0.158000000,0.155000000,0.316000000
18:08:37,150719,50.604095568,-123.494320452,1896.222000000,16,0.158000000,0.155000000,0.316000000
18:08:38,150719,50.604095552,-123.494320455,1896.220000000,16,0.158000000,0.155000000,0.315000000
18:08:39,150719,50.604095548,-123.494320480,1896.224000000,16,0.158000000,0.155000000,0.315000000
18:08:40,150719,50.604095555,-123.494320513,1896.225000000,16,0.158000000,0.155000000,0.315000000
18:08:41,150719,50.604095572,-123.494320515,1896.225000000,16,0.158000000,0.155000000,0.315000000
18:08:42,150719,50.604095582,-123.494320535,1896.224000000,16,0.158000000,0.155000000,0.315000000
18:08:43,150719,50.604095573,-123.494320532,1896.228000000,16,0.158000000,0.155000000,0.315000000
18:08:44,150719,50.604095600,-123.494320558,1896.230000000,16,0.158000000,0.155000000,0.315000000
18:08:45,150719,50.604095603,-123.494320565,1896.235000000,16,0.158000000,0.155000000,0.315000000
18:08:46,150719,50.604095625,-123.494320587,1896.233000000,16,0.158000000,0.155000000,0.315000000
18:08:47,150719,50.604095638,-123.494320592,1896.229000000,16,0.158000000,0.155000000,0.315000000
18:08:48,150719,50.604095667,-123.494320600,1896.228000000,16,0.158000000,0.155000000,0.315000000
18:08:49,150719,50.604095688,-123.494320603,1896.232000000,16,0.158000000,0.155000000,0.315000000
18:08:50,150719,50.604095727,-123.494320618,1896.236000000,16,0.158000000,0.155000000,0.315000000
18:08:51,150719,50.604095785,-123.494320678,1896.242000000,16,0.158000000,0.155000000,0.315000000
18:08:52,150719,50.604095805,-123.494320708,1896.246000000,16,0.158000000,0.155000000,0.315000000
18:08:53,150719,50.604095832,-123.494320730,1896.250000000,16,0.158000000,0.155000000,0.315000000
18:08:54,150719,50.604095843,-123.494320770,1896.253000000,16,0.158000000,0.155000000,0.315000000
18:08:55,150719,50.604095840,-123.494320818,1896.249000000,16,0.158000000,0.155000000,0.315000000
18:08:56,150719,50.604095832,-123.494320828,1896.249000000,16,0.158000000,0.155000000,0.315000000
18:08:58,150719,50.604095825,-123.494320862,1896.244000000,16,0.158000000,0.155000000,0.315000000
18:08:59,150719,50.604095827,-123.494320883,1896.244000000,16,0.158000000,0.155000000,0.315000000
18:09:00,150719,50.604095820,-123.494320920,1896.242000000,16,0.158000000,0.155000000,0.315000000
18:09:01,150719,50.604095825,-123.494320970,1896.237000000,16,0.158000000,0.155000000,0.315000000
18:09:02,150719,50.604095830,-123.494320990,1896.233000000,16,0.158000000,0.155000000,0.315000000
18:09:03,150719,50.604095847,-123.494321042,1896.231000000,16,0.158000000,0.155000000,0.315000000
18:09:04,150719,50.604095867,-123.494321108,1896.223000000,16,0.158000000,0.155000000,0.315000000
18:09:05,150719,50.604095873,-123.494321143,1896.221000000,16,0.158000000,0.155000000,0.315000000
18:09:06,150719,50.604095890,-123.494321168,1896.220000000,16,0.158000000,0.155000000,0.315000000
18:09:07,150719,50.604095923,-123.494321208,1896.219000000,16,0.158000000,0.155000000,0.315000000
18:09:08,150719,50.604095957,-123.494321230,1896.220000000,16,0.158000000,0.155000000,0.315000000
18:09:09,150719,50.604096017,-123.494321235,1896.219000000,16,0.158000000,0.155000000,0.315000000
18:09:10,150719,50.604096038,-123.494321260,1896.214000000,16,0.158000000,0.155000000,0.315000000
18:09:11,150719,50.604096053,-123.494321293,1896.208000000,16,0.158000000,0.155000000,0.314000000
18:09:12,150719,50.604096068,-123.494321332,1896.205000000,16,0.158000000,0.155000000,0.314000000
18:09:13,150719,50.604096063,-123.494321373,1896.200000000,16,0.158000000,0.155000000,0.314000000
18:09:14,150719,50.604096050,-123.494321423,1896.196000000,16,0.158000000,0.155000000,0.314000000
18:09:15,150719,50.604096057,-123.494321483,1896.192000000,16,0.158000000,0.155000000,0.314000000
18:09:16,150719,50.604096072,-123.494321537,1896.187000000,16,0.158000000,0.155000000,0.314000000
18:09:17,150719,50.604096058,-123.494321565,1896.181000000,16,0.158000000,0.155000000,0.314000000
18:09:18,150719,50.604096095,-123.494321627,1896.175000000,16,0.158000000,0.155000000,0.314000000
18:09:19,150719,50.604096115,-123.494321637,1896.179000000,16,0.158000000,0.155000000,0.314000000
18:09:20,150719,50.604096155,-123.494321677,1896.176000000,16,0.158000000,0.155000000,0.314000000
18:09:21,150719,50.604096155,-123.494321700,1896.171000000,16,0.158000000,0.155000000,0.314000000
18:09:22,150719,50.604096187,-123.494321733,1896.170000000,16,0.158000000,0.155000000,0.314000000
18:09:23,150719,50.604096213,-123.494321765,1896.170000000,16,0.158000000,0.155000000,0.314000000
18:09:24,150719,50.604096228,-123.494321797,1896.171000000,16,0.158000000,0.155000000,0.314000000
18:09:25,150719,50.604096265,-123.494321810,1896.173000000,16,0.158000000,0.155000000,0.314000000
18:09:26,150719,50.604096293,-123.494321793,1896.175000000,16,0.158000000,0.155000000,0.314000000
18:09:27,150719,50.604096307,-123.494321818,1896.168000000,16,0.158000000,0.155000000,0.314000000
18:09:28,150719,50.604096322,-123.494321852,1896.160000000,16,0.158000000,0.155000000,0.314000000
18:09:29,150719,50.604096340,-123.494321872,1896.159000000,16,0.158000000,0.155000000,0.314000000
18:09:30,150719,50.604096363,-123.494321932,1896.153000000,16,0.158000000,0.155000000,0.314000000
18:09:31,150719,50.604096365,-123.494321963,1896.149000000,16,0.158000000,0.155000000,0.314000000
18:09:32,150719,50.604096342,-123.494321980,1896.145000000,16,0.158000000,0.155000000,0.314000000
18:09:33,150719,50.604096313,-123.494321973,1896.145000000,16,0.158000000,0.155000000,0.314000000
18:09:34,150719,50.604096277,-123.494321988,1896.143000000,16,0.158000000,0.155000000,0.314000000
18:09:35,150719,50.604096247,-123.494321988,1896.140000000,16,0.158000000,0.155000000,0.314000000
18:09:36,150719,50.604096237,-123.494322018,1896.136000000,16,0.158000000,0.155000000,0.314000000
18:09:37,150719,50.604096245,-123.494322053,1896.130000000,16,0.158000000,0.155000000,0.314000000
18:09:38,150719,50.604096243,-123.494322083,1896.126000000,16,0.158000000,0.155000000,0.314000000
18:09:39,150719,50.604096240,-123.494322137,1896.116000000,16,0.158000000,0.155000000,0.314000000
18:09:40,150719,50.604096245,-123.494322175,1896.112000000,16,0.158000000,0.155000000,0.314000000
18:09:41,150719,50.604096235,-123.494322193,1896.105000000,16,0.158000000,0.155000000,0.313000000
18:09:42,150719,50.604096243,-123.494322253,1896.095000000,16,0.158000000,0.155000000,0.313000000
18:09:43,150719,50.604096267,-123.494322292,1896.092000000,16,0.158000000,0.155000000,0.313000000
18:09:44,150719,50.604096267,-123.494322298,1896.090000000,16,0.158000000,0.155000000,0.313000000
18:09:45,150719,50.604096257,-123.494322322,1896.085000000,16,0.158000000,0.155000000,0.313000000
18:09:46,150719,50.604096250,-123.494322342,1896.079000000,16,0.158000000,0.155000000,0.313000000
18:09:47,150719,50.604096245,-123.494322347,1896.075000000,16,0.158000000,0.155000000,0.313000000
18:09:48,150719,50.604096247,-123.494322358,1896.076000000,16,0.158000000,0.155000000,0.313000000
18:09:49,150719,50.604096213,-123.494322387,1896.073000000,16,0.158000000,0.155000000,0.313000000
18:09:50,150719,50.604096163,-123.494322418,1896.062000000,16,0.158000000,0.155000000,0.313000000
18:09:51,150719,50.604096120,-123.494322440,1896.052000000,16,0.158000000,0.155000000,0.313000000
18:09:52,150719,50.604096127,-123.494322482,1896.043000000,16,0.158000000,0.155000000,0.313000000
18:09:53,150719,50.604096110,-123.494322462,1896.038000000,16,0.158000000,0.155000000,0.313000000
18:09:54,150719,50.604096103,-123.494322472,1896.033000000,16,0.158000000,0.155000000,0.313000000
18:09:55,150719,50.604096095,-123.494322478,1896.028000000,16,0.158000000,0.155000000,0.313000000
18:09:56,150719,50.604096078,-123.494322493,1896.022000000,16,0.158000000,0.155000000,0.313000000
18:09:57,150719,50.604096055,-123.494322493,1896.019000000,16,0.158000000,0.155000000,0.313000000
18:09:58,150719,50.604096053,-123.494322513,1896.016000000,16,0.158000000,0.155000000,0.313000000
18:09:59,150719,50.604096035,-123.494322498,1896.018000000,16,0.158000000,0.155000000,0.313000000
18:10:00,150719,50.604096032,-123.494322487,1896.016000000,16,0.158000000,0.155000000,0.313000000
18:10:01,150719,50.604096055,-123.494322518,1896.015000000,16,0.158000000,0.155000000,0.313000000
18:10:02,150719,50.604096082,-123.494322510,1896.015000000,16,0.158000000,0.155000000,0.313000000
18:10:03,150719,50.604096093,-123.494322493,1896.012000000,16,0.158000000,0.155000000,0.313000000
18:10:04,150719,50.604096112,-123.494322493,1896.008000000,16,0.158000000,0.155000000,0.313000000
18:10:05,150719,50.604096138,-123.494322485,1896.015000000,16,0.158000000,0.155000000,0.313000000
18:10:06,150719,50.604096147,-123.494322483,1896.016000000,16,0.158000000,0.155000000,0.313000000
18:10:07,150719,50.604096162,-123.494322495,1896.018000000,16,0.158000000,0.155000000,0.313000000
18:10:08,150719,50.604096190,-123.494322483,1896.025000000,16,0.158000000,0.155000000,0.313000000
18:10:09,150719,50.604096208,-123.494322483,1896.034000000,16,0.158000000,0.155000000,0.313000000
18:10:10,150719,50.604096215,-123.494322472,1896.043000000,16,0.158000000,0.155000000,0.313000000
18:10:11,150719,50.604096210,-123.494322453,1896.048000000,16,0.158000000,0.155000000,0.313000000
18:10:12,150719,50.604096203,-123.494322465,1896.050000000,16,0.158000000,0.155000000,0.313000000
18:10:13,150719,50.604096188,-123.494322485,1896.049000000,16,0.158000000,0.155000000,0.313000000
18:10:14,150719,50.604096157,-123.494322485,1896.048000000,16,0.158000000,0.155000000,0.312000000
18:10:15,150719,50.604096118,-123.494322470,1896.049000000,16,0.158000000,0.155000000,0.312000000
18:10:16,150719,50.604096093,-123.494322477,1896.046000000,16,0.158000000,0.155000000,0.312000000
18:10:17,150719,50.604096093,-123.494322495,1896.042000000,16,0.158000000,0.155000000,0.312000000
18:10:18,150719,50.604096095,-123.494322482,1896.044000000,16,0.158000000,0.155000000,0.312000000
18:10:19,150719,50.604096097,-123.494322502,1896.041000000,16,0.158000000,0.155000000,0.312000000
18:10:20,150719,50.604096093,-123.494322493,1896.045000000,16,0.158000000,0.155000000,0.312000000
18:10:21,150719,50.604096112,-123.494322478,1896.051000000,16,0.158000000,0.155000000,0.312000000
18:10:22,150719,50.604096147,-123.494322467,1896.059000000,16,0.158000000,0.155000000,0.312000000
18:10:23,150719,50.604096183,-123.494322470,1896.067000000,16,0.158000000,0.155000000,0.312000000
18:10:24,150719,50.604096207,-123.494322447,1896.075000000,16,0.158000000,0.155000000,0.312000000
18:10:25,150719,50.604096227,-123.494322430,1896.083000000,16,0.158000000,0.155000000,0.312000000
18:10:26,150719,50.604096257,-123.494322432,1896.087000000,16,0.158000000,0.155000000,0.312000000
18:10:27,150719,50.604096292,-123.494322427,1896.088000000,16,0.158000000,0.155000000,0.312000000
18:10:28,150719,50.604096305,-123.494322408,1896.090000000,16,0.158000000,0.155000000,0.312000000
18:10:29,150719,50.604096347,-123.494322417,1896.094000000,16,0.158000000,0.155000000,0.312000000
18:10:30,150719,50.604096392,-123.494322427,1896.098000000,16,0.158000000,0.155000000,0.312000000
18:10:31,150719,50.604096433,-123.494322408,1896.105000000,16,0.158000000,0.155000000,0.312000000
18:10:32,150719,50.604096435,-123.494322365,1896.110000000,16,0.158000000,0.155000000,0.312000000
18:10:33,150719,50.604096443,-123.494322368,1896.111000000,16,0.158000000,0.155000000,0.312000000
18:10:34,150719,50.604096458,-123.494322382,1896.116000000,16,0.158000000,0.155000000,0.312000000
18:10:35,150719,50.604096460,-123.494322378,1896.116000000,16,0.158000000,0.155000000,0.312000000
18:10:36,150719,50.604096450,-123.494322352,1896.125000000,16,0.158000000,0.155000000,0.312000000
18:10:37,150719,50.604096445,-123.494322317,1896.126000000,16,0.158000000,0.155000000,0.312000000
18:10:38,150719,50.604096478,-123.494322318,1896.125000000,16,0.158000000,0.155000000,0.312000000
18:10:39,150719,50.604096493,-123.494322290,1896.124000000,16,0.158000000,0.155000000,0.312000000
18:10:40,150719,50.604096507,-123.494322292,1896.123000000,16,0.158000000,0.155000000,0.312000000
18:10:41,150719,50.604096532,-123.494322312,1896.123000000,16,0.158000000,0.155000000,0.312000000
18:10:42,150719,50.604096523,-123.494322302,1896.122000000,16,0.158000000,0.155000000,0.312000000
18:10:43,150719,50.604096507,-123.494322308,1896.117000000,16,0.158000000,0.155000000,0.312000000
18:10:44,150719,50.604096472,-123.494322317,1896.117000000,16,0.157000000,0.155000000,0.311000000
18:10:45,150719,50.604096467,-123.494322345,1896.113000000,16,0.157000000,0.155000000,0.311000000
18:10:46,150719,50.604096438,-123.494322353,1896.110000000,16,0.157000000,0.155000000,0.311000000
18:10:47,150719,50.604096422,-123.494322362,1896.110000000,16,0.157000000,0.155000000,0.311000000
18:10:48,150719,50.604096402,-123.494322397,1896.108000000,16,0.157000000,0.155000000,0.311000000
18:10:49,150719,50.604096390,-123.494322402,1896.107000000,16,0.157000000,0.155000000,0.311000000
18:10:50,150719,50.604096402,-123.494322428,1896.103000000,16,0.157000000,0.155000000,0.311000000
18:10:51,150719,50.604096417,-123.494322455,1896.098000000,16,0.157000000,0.155000000,0.311000000
18:10:52,150719,50.604096417,-123.494322470,1896.094000000,16,0.157000000,0.155000000,0.311000000
18:10:53,150719,50.604096415,-123.494322527,1896.086000000,16,0.157000000,0.155000000,0.311000000
18:10:54,150719,50.604096417,-123.494322548,1896.081000000,16,0.157000000,0.155000000,0.311000000
18:10:55,150719,50.604096418,-123.494322542,1896.074000000,16,0.157000000,0.155000000,0.311000000
18:10:56,150719,50.604096458,-123.494322545,1896.072000000,16,0.157000000,0.155000000,0.311000000
18:10:57,150719,50.604096468,-123.494322567,1896.068000000,16,0.157000000,0.155000000,0.311000000
18:10:58,150719,50.604096480,-123.494322565,1896.071000000,16,0.157000000,0.155000000,0.311000000
18:10:59,150719,50.604096487,-123.494322555,1896.068000000,16,0.157000000,0.155000000,0.311000000
18:11:00,150719,50.604096492,-123.494322558,1896.065000000,16,0.157000000,0.155000000,0.311000000
18:11:01,150719,50.604096483,-123.494322575,1896.058000000,16,0.157000000,0.155000000,0.311000000
18:11:02,150719,50.604096467,-123.494322588,1896.053000000,16,0.157000000,0.155000000,0.311000000
18:11:03,150719,50.604096448,-123.494322578,1896.051000000,16,0.157000000,0.155000000,0.311000000
18:11:04,150719,50.604096430,-123.494322558,1896.047000000,16,0.157000000,0.155000000,0.311000000
18:11:05,150719,50.604096417,-123.494322600,1896.038000000,16,0.157000000,0.155000000,0.311000000
18:11:06,150719,50.604096402,-123.494322642,1896.025000000,16,0.157000000,0.155000000,0.311000000
18:11:07,150719,50.604096393,-123.494322647,1896.022000000,16,0.157000000,0.155000000,0.311000000
18:11:08,150719,50.604096383,-123.494322635,1896.024000000,16,0.157000000,0.155000000,0.311000000
18:11:09,150719,50.604096380,-123.494322675,1896.025000000,15,0.173000000,0.186000000,0.355000000
18:11:10,150719,50.604096383,-123.494322718,1896.024000000,15,0.173000000,0.186000000,0.355000000
18:11:11,150719,50.604096387,-123.494322723,1896.024000000,15,0.173000000,0.186000000,0.355000000
18:11:12,150719,50.604096393,-123.494322748,1896.016000000,15,0.173000000,0.186000000,0.355000000
18:11:13,150719,50.604096407,-123.494322757,1896.016000000,15,0.173000000,0.186000000,0.355000000
18:11:14,150719,50.604096447,-123.494322777,1896.010000000,15,0.173000000,0.186000000,0.355000000
18:11:15,150719,50.604096465,-123.494322822,1896.002000000,15,0.173000000,0.187000000,0.354000000
18:11:16,150719,50.604096468,-123.494322877,1895.996000000,15,0.173000000,0.187000000,0.354000000
18:11:17,150719,50.604096473,-123.494322923,1895.990000000,15,0.173000000,0.187000000,0.354000000
18:11:18,150719,50.604096487,-123.494322943,1895.990000000,15,0.173000000,0.187000000,0.354000000
18:11:19,150719,50.604096492,-123.494322938,1895.991000000,15,0.173000000,0.187000000,0.354000000
18:11:20,150719,50.604096505,-123.494322930,1895.992000000,15,0.173000000,0.187000000,0.354000000
18:11:21,150719,50.604096517,-123.494322957,1895.987000000,15,0.173000000,0.187000000,0.354000000
18:11:22,150719,50.604096508,-123.494322962,1895.986000000,15,0.173000000,0.187000000,0.354000000
18:11:23,150719,50.604096478,-123.494322937,1895.986000000,15,0.173000000,0.187000000,0.354000000
18:11:24,150719,50.604096437,-123.494322905,1895.983000000,15,0.173000000,0.187000000,0.354000000
18:11:25,150719,50.604096432,-123.494322908,1895.983000000,15,0.173000000,0.187000000,0.354000000
18:11:26,150719,50.604096443,-123.494322973,1895.974000000,15,0.173000000,0.187000000,0.354000000
18:11:27,150719,50.604096448,-123.494323017,1895.964000000,15,0.173000000,0.187000000,0.354000000
18:11:28,150719,50.604096440,-123.494323017,1895.958000000,15,0.173000000,0.187000000,0.354000000
18:11:29,150719,50.604096412,-123.494323032,1895.955000000,15,0.173000000,0.187000000,0.354000000
18:11:30,150719,50.604096405,-123.494323038,1895.953000000,15,0.173000000,0.187000000,0.354000000
18:11:31,150719,50.604096405,-123.494323100,1895.947000000,15,0.173000000,0.187000000,0.354000000
18:11:32,150719,50.604096382,-123.494323112,1895.945000000,15,0.173000000,0.187000000,0.354000000
18:11:33,150719,50.604096355,-123.494323128,1895.945000000,15,0.173000000,0.187000000,0.354000000
18:11:34,150719,50.604096333,-123.494323107,1895.946000000,15,0.173000000,0.187000000,0.354000000
18:11:35,150719,50.604096312,-123.494323117,1895.943000000,15,0.173000000,0.187000000,0.354000000
18:11:36,150719,50.604096313,-123.494323118,1895.942000000,15,0.173000000,0.187000000,0.354000000
18:11:37,150719,50.604096297,-123.494323148,1895.938000000,15,0.173000000,0.187000000,0.354000000
