TIME,DATE(ddMMyy),LATITUDEGGA,LONGITUDEGGA,ALTITUDEGGA,NUMBERSAT,LATERR,LONGERR,ALTERR
16:05:28,230719,50.696086782,-123.354436808,1823.310000000,20,0.147000000,0.136000000,0.305000000
16:05:29,230719,50.696086792,-123.354436797,1823.310000000,20,0.147000000,0.136000000,0.305000000
16:05:30,230719,50.696086792,-123.354436805,1823.306000000,20,0.147000000,0.136000000,0.306000000
16:05:31,230719,50.696086765,-123.354436807,1823.307000000,20,0.147000000,0.136000000,0.306000000
16:05:32,230719,50.696086747,-123.354436808,1823.306000000,20,0.147000000,0.136000000,0.306000000
16:05:33,230719,50.696086755,-123.354436823,1823.308000000,20,0.149000000,0.138000000,0.310000000
16:05:34,230719,50.696086763,-123.354436827,1823.307000000,20,0.149000000,0.138000000,0.310000000
16:05:35,230719,50.696086747,-123.354436837,1823.307000000,20,0.149000000,0.138000000,0.310000000
16:05:36,230719,50.696086760,-123.354436842,1823.302000000,20,0.151000000,0.140000000,0.314000000
16:05:37,230719,50.696086768,-123.354436888,1823.302000000,20,0.151000000,0.140000000,0.314000000
16:05:38,230719,50.696086790,-123.354436960,1823.300000000,20,0.151000000,0.140000000,0.314000000
16:05:39,230719,50.696086780,-123.354436990,1823.301000000,20,0.151000000,0.139000000,0.313000000
16:05:40,230719,50.696086760,-123.354437003,1823.299000000,20,0.151000000,0.139000000,0.313000000
16:05:41,230719,50.696086772,-123.354436985,1823.298000000,20,0.151000000,0.139000000,0.313000000
16:05:42,230719,50.696086770,-123.354437017,1823.299000000,20,0.150000000,0.138000000,0.311000000
16:05:43,230719,50.696086758,-123.354437007,1823.300000000,20,0.150000000,0.138000000,0.311000000
16:05:44,230719,50.696086748,-123.354436995,1823.300000000,20,0.150000000,0.138000000,0.311000000
16:05:45,230719,50.696086735,-123.354437013,1823.302000000,20,0.150000000,0.138000000,0.311000000
16:05:46,230719,50.696086727,-123.354437020,1823.298000000,20,0.150000000,0.138000000,0.311000000
16:05:47,230719,50.696086720,-123.354437032,1823.294000000,20,0.150000000,0.138000000,0.311000000
16:05:48,230719,50.696086720,-123.354437042,1823.293000000,20,0.151000000,0.140000000,0.314000000
16:05:49,230719,50.696086725,-123.354437125,1823.284000000,20,0.151000000,0.140000000,0.314000000
16:05:50,230719,50.696086738,-123.354437232,1823.268000000,20,0.151000000,0.140000000,0.314000000
16:05:51,230719,50.696086747,-123.354437302,1823.259000000,20,0.144000000,0.133000000,0.298000000
16:05:52,230719,50.696086773,-123.354437353,1823.254000000,20,0.144000000,0.133000000,0.298000000
16:05:53,230719,50.696086790,-123.354437415,1823.250000000,20,0.144000000,0.133000000,0.298000000
16:05:54,230719,50.696086813,-123.354437455,1823.243000000,20,0.144000000,0.133000000,0.298000000
16:05:55,230719,50.696086832,-123.354437500,1823.237000000,20,0.144000000,0.133000000,0.298000000
16:05:56,230719,50.696086835,-123.354437540,1823.233000000,20,0.144000000,0.133000000,0.298000000
16:05:57,230719,50.696086848,-123.354437560,1823.233000000,20,0.144000000,0.133000000,0.298000000
16:05:58,230719,50.696086850,-123.354437563,1823.231000000,20,0.144000000,0.133000000,0.298000000
16:05:59,230719,50.696086858,-123.354437563,1823.228000000,20,0.144000000,0.133000000,0.298000000
16:06:00,230719,50.696086857,-123.354437577,1823.226000000,20,0.144000000,0.133000000,0.298000000
16:06:01,230719,50.696086878,-123.354437587,1823.224000000,20,0.144000000,0.133000000,0.298000000
16:06:02,230719,50.696086892,-123.354437627,1823.222000000,20,0.144000000,0.133000000,0.298000000
16:06:03,230719,50.696086888,-123.354437668,1823.218000000,20,0.144000000,0.133000000,0.298000000
16:06:04,230719,50.696086883,-123.354437708,1823.211000000,20,0.144000000,0.133000000,0.298000000
16:06:05,230719,50.696086898,-123.354437753,1823.204000000,20,0.144000000,0.133000000,0.298000000
16:06:06,230719,50.696086915,-123.354437735,1823.205000000,20,0.144000000,0.133000000,0.298000000
16:06:07,230719,50.696086893,-123.354437783,1823.201000000,20,0.144000000,0.133000000,0.298000000
16:06:08,230719,50.696086872,-123.354437802,1823.195000000,20,0.144000000,0.133000000,0.298000000
16:06:09,230719,50.696086867,-123.354437822,1823.197000000,20,0.144000000,0.133000000,0.298000000
16:06:10,230719,50.696086858,-123.354437825,1823.196000000,20,0.144000000,0.133000000,0.298000000
16:06:11,230719,50.696086858,-123.354437835,1823.196000000,20,0.144000000,0.133000000,0.298000000
16:06:12,230719,50.696086870,-123.354437847,1823.198000000,20,0.144000000,0.133000000,0.298000000
16:06:13,230719,50.696086872,-123.354437832,1823.203000000,20,0.144000000,0.133000000,0.298000000
16:06:14,230719,50.696086877,-123.354437833,1823.204000000,20,0.144000000,0.133000000,0.298000000
16:06:15,230719,50.696086862,-123.354437845,1823.208000000,20,0.144000000,0.133000000,0.298000000
16:06:16,230719,50.696086842,-123.354437860,1823.210000000,20,0.144000000,0.133000000,0.298000000
16:06:17,230719,50.696086838,-123.354437872,1823.208000000,20,0.144000000,0.133000000,0.298000000
16:06:18,230719,50.696086828,-123.354437880,1823.204000000,20,0.144000000,0.133000000,0.298000000
16:06:19,230719,50.696086820,-123.354437882,1823.196000000,20,0.144000000,0.133000000,0.298000000
16:06:20,230719,50.696086800,-123.354437890,1823.195000000,20,0.144000000,0.133000000,0.298000000
16:06:21,230719,50.696086812,-123.354437897,1823.197000000,20,0.144000000,0.133000000,0.298000000
16:06:22,230719,50.696086820,-123.354437902,1823.197000000,20,0.144000000,0.133000000,0.298000000
16:06:23,230719,50.696086818,-123.354437890,1823.195000000,20,0.144000000,0.133000000,0.298000000
16:06:24,230719,50.696086828,-123.354437892,1823.195000000,20,0.144000000,0.133000000,0.298000000
16:06:25,230719,50.696086845,-123.354437893,1823.199000000,20,0.144000000,0.133000000,0.298000000
16:06:26,230719,50.696086858,-123.354437900,1823.199000000,20,0.144000000,0.133000000,0.298000000
16:06:27,230719,50.696086888,-123.354437917,1823.201000000,20,0.144000000,0.133000000,0.298000000
16:06:28,230719,50.696086905,-123.354437917,1823.199000000,20,0.144000000,0.133000000,0.298000000
16:06:29,230719,50.696086917,-123.354437927,1823.198000000,20,0.144000000,0.133000000,0.298000000
16:06:30,230719,50.696086928,-123.354437950,1823.194000000,20,0.144000000,0.133000000,0.298000000
16:06:31,230719,50.696086947,-123.354437963,1823.192000000,20,0.144000000,0.133000000,0.298000000
16:06:32,230719,50.696086963,-123.354437965,1823.191000000,20,0.144000000,0.133000000,0.298000000
16:06:33,230719,50.696086945,-123.354437968,1823.193000000,20,0.144000000,0.133000000,0.298000000
16:06:34,230719,50.696086945,-123.354437977,1823.193000000,20,0.144000000,0.133000000,0.298000000
16:06:35,230719,50.696086950,-123.354437960,1823.195000000,20,0.144000000,0.133000000,0.298000000
16:06:36,230719,50.696086933,-123.354437952,1823.197000000,20,0.144000000,0.133000000,0.298000000
16:06:37,230719,50.696086927,-123.354437918,1823.201000000,20,0.144000000,0.133000000,0.298000000
16:06:38,230719,50.696086917,-123.354437933,1823.205000000,20,0.144000000,0.133000000,0.298000000
16:06:39,230719,50.696086918,-123.354437920,1823.209000000,20,0.144000000,0.133000000,0.298000000
16:06:40,230719,50.696086917,-123.354437922,1823.210000000,20,0.144000000,0.133000000,0.298000000
16:06:41,230719,50.696086908,-123.354437907,1823.213000000,20,0.144000000,0.133000000,0.298000000
16:06:42,230719,50.696086913,-123.354437900,1823.215000000,20,0.144000000,0.133000000,0.298000000
16:06:43,230719,50.696086907,-123.354437898,1823.211000000,20,0.144000000,0.133000000,0.298000000
16:06:44,230719,50.696086880,-123.354437907,1823.214000000,20,0.144000000,0.133000000,0.298000000
16:06:45,230719,50.696086883,-123.354437930,1823.211000000,20,0.144000000,0.133000000,0.298000000
16:06:46,230719,50.696086863,-123.354437963,1823.207000000,20,0.144000000,0.133000000,0.298000000
16:06:47,230719,50.696086863,-123.354437965,1823.204000000,20,0.144000000,0.133000000,0.298000000
16:06:48,230719,50.696086858,-123.354437962,1823.203000000,20,0.144000000,0.133000000,0.298000000
16:06:49,230719,50.696086862,-123.354437937,1823.202000000,20,0.144000000,0.133000000,0.298000000
16:06:50,230719,50.696086865,-123.354437883,1823.205000000,20,0.144000000,0.133000000,0.298000000
16:06:51,230719,50.696086875,-123.354437863,1823.208000000,20,0.144000000,0.133000000,0.298000000
16:06:52,230719,50.696086887,-123.354437900,1823.219000000,20,0.144000000,0.133000000,0.298000000
16:06:53,230719,50.696086928,-123.354437895,1823.225000000,20,0.144000000,0.133000000,0.298000000
16:06:54,230719,50.696086962,-123.354437810,1823.221000000,20,0.144000000,0.133000000,0.298000000
16:06:55,230719,50.696086972,-123.354437757,1823.218000000,20,0.144000000,0.133000000,0.298000000
16:06:56,230719,50.696086978,-123.354437733,1823.215000000,20,0.144000000,0.133000000,0.298000000
16:06:57,230719,50.696086987,-123.354437707,1823.210000000,20,0.144000000,0.133000000,0.298000000
16:06:58,230719,50.696086983,-123.354437695,1823.205000000,20,0.144000000,0.133000000,0.298000000
16:06:59,230719,50.696086983,-123.354437688,1823.199000000,20,0.144000000,0.133000000,0.298000000
16:07:00,230719,50.696086987,-123.354437695,1823.196000000,20,0.144000000,0.133000000,0.298000000
16:07:01,230719,50.696086995,-123.354437697,1823.188000000,20,0.144000000,0.133000000,0.298000000
16:07:02,230719,50.696087002,-123.354437718,1823.182000000,20,0.144000000,0.133000000,0.298000000
16:07:03,230719,50.696086988,-123.354437733,1823.177000000,20,0.144000000,0.133000000,0.297000000
16:07:04,230719,50.696086957,-123.354437743,1823.177000000,20,0.144000000,0.133000000,0.297000000
16:07:05,230719,50.696086927,-123.354437770,1823.179000000,20,0.144000000,0.133000000,0.297000000
16:07:06,230719,50.696086915,-123.354437802,1823.178000000,20,0.144000000,0.133000000,0.297000000
16:07:07,230719,50.696086910,-123.354437793,1823.175000000,20,0.144000000,0.133000000,0.297000000
16:07:08,230719,50.696086920,-123.354437778,1823.174000000,20,0.144000000,0.133000000,0.297000000
16:07:09,230719,50.696086938,-123.354437765,1823.172000000,20,0.144000000,0.133000000,0.297000000
16:07:10,230719,50.696086947,-123.354437752,1823.169000000,20,0.144000000,0.133000000,0.297000000
16:07:11,230719,50.696086960,-123.354437752,1823.166000000,20,0.144000000,0.133000000,0.297000000
16:07:12,230719,50.696086970,-123.354437730,1823.168000000,20,0.144000000,0.133000000,0.297000000
16:07:13,230719,50.696086987,-123.354437715,1823.169000000,20,0.144000000,0.133000000,0.297000000
16:07:14,230719,50.696086995,-123.354437673,1823.168000000,20,0.144000000,0.133000000,0.297000000
16:07:15,230719,50.696086995,-123.354437653,1823.165000000,20,0.144000000,0.133000000,0.297000000
16:07:16,230719,50.696087002,-123.354437638,1823.165000000,20,0.144000000,0.133000000,0.297000000
16:07:17,230719,50.696087008,-123.354437635,1823.166000000,20,0.144000000,0.133000000,0.297000000
16:07:18,230719,50.696087020,-123.354437607,1823.163000000,20,0.144000000,0.134000000,0.297000000
16:07:19,230719,50.696087025,-123.354437605,1823.166000000,20,0.144000000,0.134000000,0.297000000
16:07:20,230719,50.696087015,-123.354437602,1823.166000000,20,0.144000000,0.134000000,0.297000000
16:07:21,230719,50.696087022,-123.354437602,1823.166000000,20,0.144000000,0.134000000,0.297000000
16:07:22,230719,50.696087018,-123.354437618,1823.165000000,20,0.144000000,0.134000000,0.297000000
16:07:23,230719,50.696087012,-123.354437638,1823.167000000,20,0.144000000,0.134000000,0.297000000
16:07:24,230719,50.696087027,-123.354437650,1823.170000000,20,0.144000000,0.134000000,0.297000000
16:07:25,230719,50.696087033,-123.354437677,1823.172000000,20,0.144000000,0.134000000,0.297000000
16:07:26,230719,50.696087030,-123.354437700,1823.172000000,20,0.144000000,0.134000000,0.297000000
16:07:27,230719,50.696087010,-123.354437732,1823.171000000,20,0.144000000,0.134000000,0.297000000
16:07:28,230719,50.696087002,-123.354437765,1823.173000000,20,0.144000000,0.134000000,0.297000000
16:07:29,230719,50.696086985,-123.354437783,1823.170000000,20,0.144000000,0.134000000,0.297000000
16:07:30,230719,50.696086982,-123.354437800,1823.167000000,20,0.144000000,0.134000000,0.297000000
16:07:31,230719,50.696086973,-123.354437798,1823.165000000,20,0.144000000,0.134000000,0.297000000
16:07:32,230719,50.696086973,-123.354437775,1823.167000000,20,0.144000000,0.134000000,0.297000000
16:07:33,230719,50.696087002,-123.354437760,1823.168000000,20,0.144000000,0.134000000,0.297000000
16:07:34,230719,50.696087007,-123.354437745,1823.169000000,20,0.144000000,0.134000000,0.297000000
16:07:35,230719,50.696087013,-123.354437745,1823.169000000,20,0.144000000,0.134000000,0.297000000
16:07:36,230719,50.696087028,-123.354437740,1823.169000000,20,0.144000000,0.134000000,0.297000000
16:07:37,230719,50.696087033,-123.354437713,1823.171000000,20,0.144000000,0.134000000,0.297000000
16:07:38,230719,50.696087043,-123.354437708,1823.173000000,20,0.144000000,0.134000000,0.297000000
16:07:39,230719,50.696087032,-123.354437720,1823.172000000,20,0.144000000,0.134000000,0.297000000
16:07:40,230719,50.696087033,-123.354437700,1823.174000000,20,0.144000000,0.134000000,0.297000000
16:07:41,230719,50.696087035,-123.354437682,1823.177000000,20,0.144000000,0.134000000,0.297000000
16:07:42,230719,50.696087042,-123.354437678,1823.176000000,20,0.144000000,0.134000000,0.297000000
16:07:43,230719,50.696087048,-123.354437668,1823.174000000,20,0.144000000,0.134000000,0.297000000
16:07:44,230719,50.696087028,-123.354437630,1823.175000000,20,0.144000000,0.134000000,0.297000000
16:07:45,230719,50.696087013,-123.354437610,1823.172000000,20,0.144000000,0.134000000,0.297000000
16:07:46,230719,50.696087013,-123.354437572,1823.173000000,20,0.144000000,0.134000000,0.297000000
16:07:47,230719,50.696087007,-123.354437550,1823.171000000,20,0.144000000,0.134000000,0.297000000
16:07:48,230719,50.696087010,-123.354437507,1823.173000000,20,0.144000000,0.134000000,0.297000000
16:07:49,230719,50.696087012,-123.354437500,1823.171000000,20,0.144000000,0.134000000,0.297000000
16:07:50,230719,50.696087015,-123.354437508,1823.168000000,20,0.144000000,0.134000000,0.297000000
16:07:51,230719,50.696087033,-123.354437518,1823.167000000,20,0.144000000,0.134000000,0.297000000
16:07:52,230719,50.696087037,-123.354437510,1823.164000000,20,0.144000000,0.134000000,0.297000000
16:07:53,230719,50.696087048,-123.354437508,1823.161000000,20,0.144000000,0.134000000,0.297000000
16:07:54,230719,50.696087058,-123.354437518,1823.156000000,20,0.144000000,0.134000000,0.297000000
16:07:55,230719,50.696087075,-123.354437493,1823.157000000,20,0.144000000,0.134000000,0.297000000
16:07:56,230719,50.696087085,-123.354437483,1823.156000000,20,0.144000000,0.134000000,0.297000000
16:07:57,230719,50.696087085,-123.354437470,1823.156000000,20,0.144000000,0.134000000,0.297000000
16:07:58,230719,50.696087062,-123.354437475,1823.157000000,20,0.144000000,0.134000000,0.297000000
16:07:59,230719,50.696087060,-123.354437450,1823.158000000,20,0.144000000,0.134000000,0.297000000
16:08:00,230719,50.696087047,-123.354437433,1823.158000000,20,0.144000000,0.134000000,0.297000000
16:08:01,230719,50.696087047,-123.354437422,1823.161000000,20,0.144000000,0.134000000,0.297000000
16:08:02,230719,50.696087052,-123.354437418,1823.161000000,20,0.144000000,0.134000000,0.297000000
16:08:03,230719,50.696087060,-123.354437405,1823.163000000,20,0.144000000,0.134000000,0.297000000
16:08:04,230719,50.696087058,-123.354437417,1823.166000000,20,0.144000000,0.134000000,0.297000000
16:08:05,230719,50.696087072,-123.354437397,1823.169000000,20,0.144000000,0.134000000,0.297000000
16:08:06,230719,50.696087092,-123.354437372,1823.173000000,20,0.144000000,0.134000000,0.297000000
16:08:07,230719,50.696087108,-123.354437365,1823.174000000,20,0.144000000,0.134000000,0.297000000
16:08:08,230719,50.696087100,-123.354437357,1823.176000000,20,0.144000000,0.134000000,0.297000000
16:08:09,230719,50.696087110,-123.354437333,1823.174000000,20,0.144000000,0.134000000,0.297000000
16:08:10,230719,50.696087120,-123.354437318,1823.173000000,20,0.144000000,0.134000000,0.297000000
16:08:11,230719,50.696087122,-123.354437293,1823.172000000,20,0.144000000,0.134000000,0.297000000
16:08:12,230719,50.696087123,-123.354437263,1823.174000000,20,0.144000000,0.134000000,0.296000000
16:08:13,230719,50.696087133,-123.354437255,1823.176000000,20,0.144000000,0.134000000,0.296000000
16:08:14,230719,50.696087145,-123.354437282,1823.174000000,20,0.144000000,0.134000000,0.296000000
16:08:15,230719,50.696087140,-123.354437303,1823.176000000,20,0.144000000,0.134000000,0.296000000
16:08:16,230719,50.696087148,-123.354437308,1823.174000000,20,0.144000000,0.134000000,0.296000000
16:08:17,230719,50.696087152,-123.354437327,1823.174000000,20,0.144000000,0.134000000,0.296000000
16:08:18,230719,50.696087162,-123.354437348,1823.171000000,20,0.144000000,0.134000000,0.296000000
16:08:19,230719,50.696087167,-123.354437375,1823.170000000,20,0.144000000,0.134000000,0.296000000
16:08:20,230719,50.696087173,-123.354437390,1823.169000000,20,0.144000000,0.134000000,0.296000000
16:08:21,230719,50.696087182,-123.354437383,1823.167000000,20,0.144000000,0.134000000,0.296000000
16:08:22,230719,50.696087207,-123.354437363,1823.170000000,20,0.144000000,0.134000000,0.296000000
16:08:23,230719,50.696087225,-123.354437358,1823.172000000,20,0.144000000,0.134000000,0.296000000
16:08:24,230719,50.696087242,-123.354437362,1823.174000000,20,0.144000000,0.134000000,0.296000000
16:08:25,230719,50.696087233,-123.354437367,1823.177000000,20,0.144000000,0.134000000,0.296000000
16:08:26,230719,50.696087245,-123.354437367,1823.178000000,20,0.144000000,0.134000000,0.296000000
16:08:27,230719,50.696087258,-123.354437362,1823.178000000,20,0.144000000,0.134000000,0.296000000
16:08:28,230719,50.696087225,-123.354437390,1823.164000000,21,0.144000000,0.134000000,0.296000000
16:08:29,230719,50.696086972,-123.354437525,1823.111000000,21,0.131000000,0.132000000,0.273000000
16:08:30,230719,50.696086775,-123.354437623,1823.074000000,21,0.131000000,0.132000000,0.273000000
16:08:31,230719,50.696086642,-123.354437673,1823.043000000,21,0.131000000,0.132000000,0.273000000
16:08:32,230719,50.696086547,-123.354437740,1823.022000000,21,0.131000000,0.132000000,0.273000000
16:08:33,230719,50.696086452,-123.354437800,1823.006000000,21,0.131000000,0.132000000,0.273000000
16:08:34,230719,50.696086370,-123.354437857,1822.991000000,21,0.131000000,0.132000000,0.273000000
16:08:35,230719,50.696086310,-123.354437912,1822.978000000,21,0.131000000,0.132000000,0.273000000
16:08:36,230719,50.696086272,-123.354437955,1822.963000000,21,0.131000000,0.132000000,0.273000000
16:08:37,230719,50.696086237,-123.354438000,1822.955000000,21,0.131000000,0.132000000,0.273000000
16:08:38,230719,50.696086202,-123.354438027,1822.948000000,21,0.131000000,0.132000000,0.273000000
16:08:39,230719,50.696086160,-123.354437997,1822.944000000,21,0.131000000,0.132000000,0.273000000
16:08:40,230719,50.696086130,-123.354437982,1822.938000000,21,0.131000000,0.132000000,0.273000000
16:08:41,230719,50.696086110,-123.354437958,1822.935000000,21,0.131000000,0.132000000,0.273000000
16:08:42,230719,50.696086083,-123.354437928,1822.931000000,21,0.131000000,0.132000000,0.273000000
16:08:43,230719,50.696086070,-123.354437903,1822.928000000,21,0.131000000,0.132000000,0.273000000
16:08:44,230719,50.696086060,-123.354437863,1822.926000000,21,0.131000000,0.132000000,0.273000000
16:08:45,230719,50.696086057,-123.354437842,1822.925000000,21,0.131000000,0.132000000,0.273000000
16:08:46,230719,50.696086053,-123.354437818,1822.925000000,21,0.131000000,0.132000000,0.273000000
16:08:47,230719,50.696086055,-123.354437795,1822.919000000,21,0.131000000,0.132000000,0.273000000
16:08:48,230719,50.696086053,-123.354437758,1822.919000000,21,0.131000000,0.132000000,0.273000000
16:08:49,230719,50.696086050,-123.354437730,1822.919000000,21,0.131000000,0.132000000,0.273000000
16:08:50,230719,50.696086058,-123.354437735,1822.918000000,21,0.131000000,0.132000000,0.273000000
16:08:51,230719,50.696086063,-123.354437733,1822.917000000,21,0.131000000,0.132000000,0.273000000
16:08:52,230719,50.696086075,-123.354437745,1822.914000000,21,0.131000000,0.132000000,0.273000000
16:08:53,230719,50.696086087,-123.354437745,1822.910000000,21,0.131000000,0.132000000,0.273000000
16:08:54,230719,50.696086100,-123.354437760,1822.903000000,21,0.131000000,0.132000000,0.273000000
16:08:55,230719,50.696086108,-123.354437775,1822.898000000,21,0.131000000,0.132000000,0.273000000
16:08:56,230719,50.696086115,-123.354437763,1822.892000000,21,0.131000000,0.132000000,0.273000000
16:08:57,230719,50.696086078,-123.354437742,1822.889000000,21,0.131000000,0.132000000,0.273000000
16:08:58,230719,50.696086055,-123.354437723,1822.884000000,21,0.131000000,0.132000000,0.273000000
16:08:59,230719,50.696086040,-123.354437715,1822.882000000,21,0.131000000,0.132000000,0.273000000
16:09:00,230719,50.696086032,-123.354437683,1822.879000000,21,0.131000000,0.132000000,0.273000000
16:09:01,230719,50.696086005,-123.354437682,1822.880000000,21,0.131000000,0.132000000,0.273000000
16:09:02,230719,50.696086007,-123.354437685,1822.881000000,21,0.131000000,0.132000000,0.273000000
16:09:03,230719,50.696086067,-123.354437650,1822.891000000,21,0.131000000,0.132000000,0.273000000
16:09:04,230719,50.696086133,-123.354437605,1822.900000000,21,0.131000000,0.132000000,0.273000000
16:09:05,230719,50.696086165,-123.354437588,1822.904000000,21,0.131000000,0.132000000,0.273000000
16:09:06,230719,50.696086170,-123.354437568,1822.907000000,21,0.131000000,0.132000000,0.273000000
16:09:07,230719,50.696086185,-123.354437560,1822.906000000,21,0.131000000,0.132000000,0.273000000
16:09:08,230719,50.696086182,-123.354437597,1822.906000000,21,0.131000000,0.132000000,0.273000000
16:09:09,230719,50.696086170,-123.354437627,1822.904000000,21,0.131000000,0.132000000,0.273000000
16:09:10,230719,50.696086168,-123.354437647,1822.898000000,21,0.131000000,0.132000000,0.273000000
16:09:11,230719,50.696086158,-123.354437668,1822.895000000,21,0.131000000,0.132000000,0.273000000
16:09:12,230719,50.696086150,-123.354437668,1822.887000000,21,0.131000000,0.132000000,0.273000000
16:09:13,230719,50.696086110,-123.354437678,1822.882000000,21,0.131000000,0.132000000,0.273000000
16:09:14,230719,50.696086073,-123.354437688,1822.876000000,21,0.131000000,0.132000000,0.273000000
16:09:15,230719,50.696086037,-123.354437737,1822.870000000,21,0.131000000,0.132000000,0.273000000
16:09:16,230719,50.696086002,-123.354437758,1822.868000000,21,0.131000000,0.132000000,0.273000000
16:09:17,230719,50.696085978,-123.354437788,1822.866000000,21,0.131000000,0.132000000,0.273000000
16:09:18,230719,50.696085955,-123.354437800,1822.870000000,21,0.131000000,0.132000000,0.273000000
16:09:19,230719,50.696085930,-123.354437815,1822.874000000,21,0.131000000,0.132000000,0.273000000
16:09:20,230719,50.696085915,-123.354437832,1822.873000000,21,0.131000000,0.132000000,0.273000000
16:09:21,230719,50.696085902,-123.354437832,1822.872000000,21,0.131000000,0.132000000,0.273000000
16:09:22,230719,50.696085880,-123.354437822,1822.873000000,21,0.131000000,0.132000000,0.273000000
16:09:23,230719,50.696085862,-123.354437815,1822.874000000,21,0.131000000,0.132000000,0.273000000
16:09:24,230719,50.696085828,-123.354437802,1822.877000000,21,0.131000000,0.132000000,0.273000000
16:09:25,230719,50.696085802,-123.354437800,1822.879000000,21,0.131000000,0.132000000,0.273000000
16:09:26,230719,50.696085792,-123.354437785,1822.882000000,21,0.131000000,0.132000000,0.273000000
16:09:27,230719,50.696085790,-123.354437745,1822.884000000,21,0.131000000,0.132000000,0.273000000
16:09:28,230719,50.696085783,-123.354437723,1822.888000000,21,0.131000000,0.132000000,0.273000000
16:09:29,230719,50.696085780,-123.354437688,1822.891000000,21,0.131000000,0.132000000,0.273000000
16:09:30,230719,50.696085767,-123.354437675,1822.893000000,21,0.131000000,0.132000000,0.273000000
16:09:31,230719,50.696085783,-123.354437643,1822.902000000,21,0.131000000,0.132000000,0.273000000
16:09:32,230719,50.696085857,-123.354437585,1822.919000000,21,0.131000000,0.132000000,0.273000000
16:09:33,230719,50.696085907,-123.354437513,1822.932000000,21,0.131000000,0.132000000,0.273000000
16:09:34,230719,50.696085952,-123.354437478,1822.943000000,21,0.131000000,0.132000000,0.273000000
16:09:35,230719,50.696086023,-123.354437473,1822.953000000,21,0.131000000,0.132000000,0.273000000
16:09:36,230719,50.696086075,-123.354437480,1822.960000000,21,0.131000000,0.132000000,0.273000000
16:09:37,230719,50.696086078,-123.354437495,1822.960000000,21,0.131000000,0.132000000,0.273000000
16:09:38,230719,50.696086023,-123.354437525,1822.951000000,21,0.131000000,0.132000000,0.273000000
16:09:39,230719,50.696085980,-123.354437552,1822.950000000,21,0.131000000,0.132000000,0.273000000
16:09:40,230719,50.696085958,-123.354437573,1822.954000000,21,0.131000000,0.132000000,0.273000000
16:09:41,230719,50.696085935,-123.354437590,1822.958000000,21,0.131000000,0.132000000,0.273000000
16:09:42,230719,50.696085932,-123.354437590,1822.959000000,21,0.131000000,0.132000000,0.273000000
16:09:43,230719,50.696085943,-123.354437555,1822.967000000,21,0.131000000,0.132000000,0.273000000
16:09:44,230719,50.696085973,-123.354437523,1822.978000000,21,0.131000000,0.132000000,0.273000000
16:09:45,230719,50.696085988,-123.354437520,1822.986000000,21,0.131000000,0.132000000,0.273000000
16:09:46,230719,50.696085958,-123.354437542,1822.985000000,21,0.131000000,0.132000000,0.273000000
16:09:47,230719,50.696085902,-123.354437548,1822.977000000,21,0.131000000,0.132000000,0.273000000
16:09:48,230719,50.696085840,-123.354437568,1822.974000000,21,0.131000000,0.132000000,0.273000000
16:09:49,230719,50.696085800,-123.354437585,1822.971000000,21,0.131000000,0.132000000,0.273000000
16:09:50,230719,50.696085763,-123.354437590,1822.970000000,21,0.131000000,0.132000000,0.273000000
16:09:51,230719,50.696085743,-123.354437617,1822.967000000,21,0.131000000,0.132000000,0.273000000
16:09:52,230719,50.696085720,-123.354437617,1822.965000000,21,0.131000000,0.132000000,0.273000000
16:09:53,230719,50.696085698,-123.354437618,1822.966000000,21,0.131000000,0.132000000,0.273000000
16:09:54,230719,50.696085687,-123.354437612,1822.964000000,21,0.131000000,0.132000000,0.273000000
16:09:55,230719,50.696085688,-123.354437588,1822.967000000,21,0.131000000,0.132000000,0.273000000
16:09:56,230719,50.696085693,-123.354437592,1822.962000000,21,0.131000000,0.132000000,0.273000000
16:09:57,230719,50.696085712,-123.354437607,1822.961000000,21,0.131000000,0.132000000,0.273000000
16:09:58,230719,50.696085727,-123.354437603,1822.959000000,21,0.131000000,0.132000000,0.273000000
16:09:59,230719,50.696085732,-123.354437578,1822.957000000,21,0.131000000,0.132000000,0.273000000
16:10:00,230719,50.696085725,-123.354437597,1822.959000000,21,0.131000000,0.132000000,0.273000000
16:10:01,230719,50.696085730,-123.354437582,1822.958000000,21,0.131000000,0.132000000,0.273000000
16:10:02,230719,50.696085705,-123.354437592,1822.958000000,21,0.131000000,0.132000000,0.273000000
16:10:03,230719,50.696085673,-123.354437587,1822.956000000,21,0.131000000,0.132000000,0.273000000
16:10:04,230719,50.696085658,-123.354437600,1822.955000000,21,0.131000000,0.132000000,0.273000000
16:10:05,230719,50.696085642,-123.354437598,1822.953000000,21,0.131000000,0.132000000,0.273000000
16:10:06,230719,50.696085628,-123.354437598,1822.955000000,21,0.131000000,0.132000000,0.273000000
16:10:07,230719,50.696085623,-123.354437570,1822.955000000,21,0.131000000,0.132000000,0.273000000
16:10:08,230719,50.696085612,-123.354437585,1822.956000000,21,0.131000000,0.132000000,0.273000000
16:10:09,230719,50.696085608,-123.354437575,1822.954000000,21,0.131000000,0.132000000,0.273000000
16:10:10,230719,50.696085607,-123.354437573,1822.951000000,21,0.131000000,0.132000000,0.273000000
16:10:11,230719,50.696085597,-123.354437548,1822.955000000,21,0.131000000,0.132000000,0.273000000
16:10:12,230719,50.696085600,-123.354437528,1822.951000000,21,0.131000000,0.132000000,0.273000000
16:10:13,230719,50.696085580,-123.354437490,1822.949000000,21,0.131000000,0.132000000,0.273000000
16:10:14,230719,50.696085573,-123.354437472,1822.951000000,21,0.131000000,0.132000000,0.272000000
16:10:15,230719,50.696085562,-123.354437440,1822.953000000,21,0.131000000,0.132000000,0.272000000
16:10:16,230719,50.696085567,-123.354437423,1822.950000000,21,0.131000000,0.132000000,0.272000000
16:10:17,230719,50.696085570,-123.354437390,1822.950000000,21,0.131000000,0.132000000,0.272000000
16:10:18,230719,50.696085570,-123.354437382,1822.951000000,21,0.131000000,0.132000000,0.272000000
16:10:19,230719,50.696085582,-123.354437357,1822.952000000,21,0.131000000,0.132000000,0.272000000
16:10:20,230719,50.696085593,-123.354437353,1822.953000000,21,0.131000000,0.132000000,0.272000000
16:10:21,230719,50.696085610,-123.354437348,1822.950000000,21,0.131000000,0.132000000,0.272000000
16:10:22,230719,50.696085642,-123.354437348,1822.952000000,21,0.131000000,0.132000000,0.272000000
16:10:23,230719,50.696085683,-123.354437307,1822.958000000,21,0.131000000,0.132000000,0.272000000
16:10:24,230719,50.696085725,-123.354437278,1822.970000000,21,0.131000000,0.132000000,0.272000000
16:10:25,230719,50.696085772,-123.354437252,1822.981000000,21,0.131000000,0.132000000,0.272000000
16:10:26,230719,50.696085800,-123.354437202,1822.990000000,21,0.131000000,0.132000000,0.272000000
16:10:27,230719,50.696085812,-123.354437187,1822.996000000,21,0.131000000,0.132000000,0.272000000
16:10:28,230719,50.696085833,-123.354437168,1823.003000000,21,0.131000000,0.132000000,0.272000000
16:10:29,230719,50.696085840,-123.354437178,1823.002000000,21,0.131000000,0.132000000,0.272000000
16:10:30,230719,50.696085845,-123.354437158,1823.003000000,21,0.131000000,0.132000000,0.272000000
16:10:31,230719,50.696085838,-123.354437157,1823.006000000,21,0.131000000,0.132000000,0.272000000
16:10:32,230719,50.696085818,-123.354437127,1823.012000000,21,0.131000000,0.132000000,0.272000000
16:10:33,230719,50.696085830,-123.354437097,1823.015000000,21,0.131000000,0.132000000,0.272000000
16:10:34,230719,50.696085830,-123.354437082,1823.016000000,21,0.131000000,0.132000000,0.272000000
16:10:35,230719,50.696085788,-123.354437100,1823.010000000,21,0.131000000,0.132000000,0.272000000
16:10:36,230719,50.696085745,-123.354437117,1823.004000000,21,0.131000000,0.132000000,0.272000000
16:10:37,230719,50.696085700,-123.354437118,1822.997000000,21,0.131000000,0.132000000,0.272000000
16:10:38,230719,50.696085680,-123.354437128,1822.991000000,21,0.131000000,0.132000000,0.272000000
16:10:39,230719,50.696085675,-123.354437145,1822.985000000,21,0.131000000,0.132000000,0.272000000
16:10:40,230719,50.696085673,-123.354437152,1822.985000000,21,0.131000000,0.132000000,0.272000000
16:10:41,230719,50.696085657,-123.354437143,1822.982000000,21,0.131000000,0.132000000,0.272000000
16:10:42,230719,50.696085643,-123.354437177,1822.980000000,21,0.131000000,0.132000000,0.272000000
16:10:43,230719,50.696085645,-123.354437212,1822.979000000,21,0.131000000,0.132000000,0.272000000
16:10:44,230719,50.696085658,-123.354437227,1822.978000000,21,0.131000000,0.132000000,0.272000000
16:10:45,230719,50.696085662,-123.354437252,1822.977000000,21,0.131000000,0.132000000,0.272000000
16:10:46,230719,50.696085662,-123.354437258,1822.978000000,21,0.131000000,0.132000000,0.272000000
16:10:47,230719,50.696085667,-123.354437263,1822.975000000,21,0.131000000,0.132000000,0.272000000
16:10:48,230719,50.696085670,-123.354437260,1822.972000000,21,0.131000000,0.132000000,0.272000000
16:10:49,230719,50.696085653,-123.354437237,1822.973000000,21,0.131000000,0.132000000,0.272000000
16:10:50,230719,50.696085632,-123.354437227,1822.973000000,21,0.131000000,0.132000000,0.272000000
16:10:51,230719,50.696085622,-123.354437228,1822.973000000,21,0.131000000,0.132000000,0.272000000
16:10:52,230719,50.696085592,-123.354437213,1822.977000000,21,0.131000000,0.132000000,0.272000000
16:10:53,230719,50.696085587,-123.354437212,1822.974000000,21,0.131000000,0.133000000,0.272000000
16:10:54,230719,50.696085562,-123.354437215,1822.974000000,21,0.131000000,0.133000000,0.272000000
16:10:55,230719,50.696085545,-123.354437217,1822.975000000,21,0.131000000,0.133000000,0.272000000
16:10:56,230719,50.696085543,-123.354437217,1822.972000000,21,0.131000000,0.133000000,0.272000000
16:10:57,230719,50.696085528,-123.354437222,1822.973000000,21,0.131000000,0.133000000,0.272000000
16:10:58,230719,50.696085540,-123.354437218,1822.971000000,21,0.131000000,0.133000000,0.272000000
16:10:59,230719,50.696085523,-123.354437243,1822.973000000,21,0.131000000,0.133000000,0.272000000
16:11:00,230719,50.696085520,-123.354437223,1822.972000000,21,0.131000000,0.133000000,0.272000000
16:11:01,230719,50.696085530,-123.354437208,1822.975000000,21,0.131000000,0.133000000,0.272000000
16:11:02,230719,50.696085580,-123.354437185,1822.979000000,21,0.131000000,0.133000000,0.272000000
16:11:03,230719,50.696085655,-123.354437132,1822.987000000,21,0.131000000,0.133000000,0.272000000
16:11:04,230719,50.696085695,-123.354437078,1823.001000000,21,0.131000000,0.133000000,0.272000000
16:11:05,230719,50.696085770,-123.354437062,1823.008000000,21,0.131000000,0.133000000,0.272000000
16:11:06,230719,50.696085818,-123.354437042,1823.023000000,21,0.131000000,0.133000000,0.272000000
16:11:07,230719,50.696085905,-123.354437012,1823.037000000,21,0.131000000,0.133000000,0.272000000
16:11:08,230719,50.696085960,-123.354436992,1823.042000000,21,0.131000000,0.133000000,0.272000000
16:11:09,230719,50.696085998,-123.354436960,1823.050000000,21,0.131000000,0.133000000,0.272000000
16:11:10,230719,50.696086000,-123.354436962,1823.057000000,21,0.131000000,0.133000000,0.272000000
16:11:11,230719,50.696085998,-123.354436970,1823.062000000,21,0.131000000,0.133000000,0.272000000
16:11:12,230719,50.696086032,-123.354436965,1823.067000000,21,0.131000000,0.133000000,0.272000000
16:11:13,230719,50.696086050,-123.354436987,1823.068000000,21,0.131000000,0.133000000,0.272000000
16:11:14,230719,50.696086088,-123.354436937,1823.077000000,21,0.131000000,0.133000000,0.272000000
16:11:15,230719,50.696086103,-123.354436930,1823.079000000,21,0.131000000,0.133000000,0.272000000
16:11:16,230719,50.696086113,-123.354436963,1823.082000000,21,0.131000000,0.133000000,0.272000000
16:11:17,230719,50.696086102,-123.354437005,1823.080000000,21,0.131000000,0.133000000,0.272000000
16:11:18,230719,50.696086090,-123.354437058,1823.074000000,21,0.131000000,0.133000000,0.272000000
16:11:19,230719,50.696086013,-123.354437125,1823.060000000,21,0.131000000,0.133000000,0.272000000
16:11:20,230719,50.696085947,-123.354437157,1823.044000000,21,0.131000000,0.133000000,0.272000000
16:11:21,230719,50.696085903,-123.354437178,1823.037000000,21,0.131000000,0.133000000,0.272000000
16:11:22,230719,50.696085872,-123.354437198,1823.030000000,21,0.131000000,0.133000000,0.272000000
16:11:23,230719,50.696085840,-123.354437210,1823.023000000,21,0.131000000,0.133000000,0.272000000
16:11:24,230719,50.696085807,-123.354437228,1823.021000000,21,0.131000000,0.133000000,0.272000000
16:11:25,230719,50.696085768,-123.354437245,1823.020000000,21,0.131000000,0.133000000,0.272000000
16:11:26,230719,50.696085738,-123.354437280,1823.019000000,21,0.131000000,0.133000000,0.272000000
16:11:27,230719,50.696085700,-123.354437307,1823.021000000,21,0.131000000,0.133000000,0.272000000
16:11:28,230719,50.696085668,-123.354437340,1823.016000000,21,0.131000000,0.133000000,0.272000000
16:11:29,230719,50.696085635,-123.354437358,1823.015000000,21,0.131000000,0.133000000,0.272000000
16:11:30,230719,50.696085607,-123.354437388,1823.012000000,21,0.131000000,0.133000000,0.272000000
16:11:31,230719,50.696085598,-123.354437388,1823.012000000,21,0.131000000,0.133000000,0.272000000
16:11:32,230719,50.696085587,-123.354437378,1823.013000000,21,0.131000000,0.133000000,0.272000000
16:11:33,230719,50.696085605,-123.354437363,1823.015000000,21,0.131000000,0.133000000,0.272000000
16:11:34,230719,50.696085597,-123.354437310,1823.015000000,21,0.131000000,0.133000000,0.272000000
16:11:35,230719,50.696085600,-123.354437283,1823.015000000,21,0.131000000,0.133000000,0.272000000
16:11:36,230719,50.696085590,-123.354437227,1823.018000000,21,0.131000000,0.133000000,0.272000000
16:11:37,230719,50.696085588,-123.354437188,1823.015000000,21,0.131000000,0.133000000,0.272000000
16:11:38,230719,50.696085580,-123.354437178,1823.015000000,21,0.132000000,0.133000000,0.272000000
16:11:39,230719,50.696085575,-123.354437180,1823.014000000,21,0.132000000,0.133000000,0.272000000
16:11:40,230719,50.696085568,-123.354437185,1823.009000000,21,0.132000000,0.133000000,0.272000000
16:11:41,230719,50.696085563,-123.354437187,1823.005000000,21,0.132000000,0.133000000,0.272000000
16:11:42,230719,50.696085568,-123.354437220,1823.001000000,21,0.132000000,0.133000000,0.272000000
16:11:43,230719,50.696085583,-123.354437268,1822.994000000,21,0.132000000,0.133000000,0.272000000
16:11:44,230719,50.696085602,-123.354437293,1822.988000000,21,0.132000000,0.133000000,0.272000000
16:11:45,230719,50.696085592,-123.354437278,1822.988000000,21,0.132000000,0.133000000,0.272000000
16:11:46,230719,50.696085605,-123.354437250,1822.985000000,21,0.132000000,0.133000000,0.272000000
16:11:47,230719,50.696085623,-123.354437247,1822.990000000,21,0.132000000,0.133000000,0.272000000
16:11:48,230719,50.696085643,-123.354437220,1822.995000000,21,0.132000000,0.133000000,0.272000000
16:11:49,230719,50.696085657,-123.354437213,1822.997000000,21,0.132000000,0.133000000,0.272000000
16:11:50,230719,50.696085698,-123.354437210,1823.000000000,21,0.132000000,0.133000000,0.272000000
16:11:51,230719,50.696085770,-123.354437178,1823.006000000,21,0.132000000,0.133000000,0.272000000
16:11:52,230719,50.696085843,-123.354437145,1823.019000000,21,0.132000000,0.133000000,0.272000000
16:11:53,230719,50.696085927,-123.354437120,1823.025000000,21,0.132000000,0.133000000,0.272000000
16:11:54,230719,50.696085982,-123.354437092,1823.037000000,21,0.132000000,0.133000000,0.272000000
16:11:55,230719,50.696086033,-123.354437055,1823.046000000,21,0.132000000,0.133000000,0.272000000
16:11:56,230719,50.696086078,-123.354437025,1823.057000000,21,0.132000000,0.133000000,0.272000000
16:11:57,230719,50.696086095,-123.354437017,1823.051000000,21,0.132000000,0.133000000,0.272000000
16:11:58,230719,50.696086062,-123.354437062,1823.045000000,21,0.132000000,0.133000000,0.272000000
16:11:59,230719,50.696086067,-123.354437078,1823.043000000,21,0.132000000,0.133000000,0.272000000
16:12:00,230719,50.696086040,-123.354437112,1823.039000000,21,0.132000000,0.133000000,0.272000000
16:12:01,230719,50.696085987,-123.354437163,1823.031000000,21,0.132000000,0.133000000,0.272000000
16:12:02,230719,50.696085938,-123.354437205,1823.024000000,21,0.132000000,0.133000000,0.272000000
16:12:03,230719,50.696085903,-123.354437237,1823.021000000,21,0.132000000,0.133000000,0.272000000
16:12:04,230719,50.696085880,-123.354437288,1823.015000000,21,0.132000000,0.133000000,0.272000000
16:12:05,230719,50.696085858,-123.354437343,1823.011000000,21,0.132000000,0.133000000,0.272000000
16:12:06,230719,50.696085838,-123.354437402,1823.007000000,21,0.132000000,0.133000000,0.272000000
16:12:07,230719,50.696085825,-123.354437430,1823.005000000,21,0.132000000,0.133000000,0.272000000
16:12:08,230719,50.696085817,-123.354437428,1823.004000000,21,0.132000000,0.133000000,0.272000000
16:12:09,230719,50.696085777,-123.354437457,1823.006000000,21,0.132000000,0.133000000,0.272000000
16:12:10,230719,50.696085742,-123.354437498,1823.007000000,21,0.132000000,0.133000000,0.272000000
16:12:11,230719,50.696085728,-123.354437527,1823.006000000,21,0.132000000,0.133000000,0.272000000
16:12:12,230719,50.696085717,-123.354437537,1823.003000000,21,0.132000000,0.133000000,0.272000000
16:12:13,230719,50.696085688,-123.354437542,1823.002000000,21,0.132000000,0.133000000,0.272000000
16:12:14,230719,50.696085695,-123.354437550,1822.997000000,21,0.132000000,0.133000000,0.272000000
16:12:15,230719,50.696085683,-123.354437557,1822.999000000,21,0.132000000,0.133000000,0.272000000
16:12:16,230719,50.696085698,-123.354437565,1822.995000000,21,0.132000000,0.133000000,0.272000000
16:12:17,230719,50.696085705,-123.354437567,1822.994000000,21,0.132000000,0.133000000,0.272000000
16:12:18,230719,50.696085710,-123.354437557,1822.989000000,21,0.132000000,0.133000000,0.272000000
16:12:19,230719,50.696085728,-123.354437525,1822.987000000,21,0.132000000,0.133000000,0.272000000
16:12:20,230719,50.696085730,-123.354437522,1822.987000000,21,0.132000000,0.133000000,0.272000000
16:12:21,230719,50.696085723,-123.354437520,1822.985000000,21,0.132000000,0.133000000,0.272000000
16:12:22,230719,50.696085702,-123.354437488,1822.983000000,21,0.132000000,0.133000000,0.272000000
16:12:23,230719,50.696085697,-123.354437490,1822.984000000,21,0.132000000,0.133000000,0.271000000
16:12:24,230719,50.696085703,-123.354437493,1822.978000000,21,0.132000000,0.133000000,0.271000000
16:12:25,230719,50.696085693,-123.354437503,1822.973000000,21,0.132000000,0.133000000,0.271000000
16:12:26,230719,50.696085703,-123.354437525,1822.970000000,21,0.132000000,0.133000000,0.271000000
16:12:27,230719,50.696085713,-123.354437507,1822.969000000,21,0.132000000,0.133000000,0.271000000
16:12:28,230719,50.696085730,-123.354437532,1822.964000000,21,0.132000000,0.133000000,0.271000000
16:12:29,230719,50.696085733,-123.354437550,1822.963000000,21,0.132000000,0.133000000,0.271000000
16:12:30,230719,50.696085747,-123.354437553,1822.958000000,21,0.132000000,0.133000000,0.271000000
16:12:31,230719,50.696085765,-123.354437563,1822.964000000,21,0.132000000,0.133000000,0.271000000
16:12:32,230719,50.696085778,-123.354437572,1822.967000000,21,0.132000000,0.133000000,0.271000000
16:12:33,230719,50.696085757,-123.354437580,1822.972000000,21,0.132000000,0.133000000,0.271000000
16:12:34,230719,50.696085747,-123.354437548,1822.973000000,21,0.132000000,0.133000000,0.271000000
16:12:35,230719,50.696085732,-123.354437528,1822.977000000,21,0.132000000,0.133000000,0.271000000
16:12:36,230719,50.696085713,-123.354437508,1822.978000000,21,0.132000000,0.133000000,0.271000000
16:12:37,230719,50.696085708,-123.354437495,1822.982000000,21,0.132000000,0.133000000,0.271000000
16:12:38,230719,50.696085707,-123.354437483,1822.984000000,21,0.132000000,0.133000000,0.271000000
16:12:39,230719,50.696085692,-123.354437475,1822.982000000,21,0.132000000,0.133000000,0.271000000
16:12:40,230719,50.696085687,-123.354437453,1822.981000000,21,0.132000000,0.133000000,0.271000000
16:12:41,230719,50.696085705,-123.354437465,1822.975000000,21,0.132000000,0.133000000,0.271000000
16:12:42,230719,50.696085705,-123.354437478,1822.973000000,21,0.132000000,0.133000000,0.271000000
16:12:43,230719,50.696085710,-123.354437498,1822.967000000,21,0.132000000,0.133000000,0.271000000
16:12:44,230719,50.696085705,-123.354437482,1822.972000000,21,0.132000000,0.133000000,0.271000000
16:12:45,230719,50.696085722,-123.354437475,1822.976000000,21,0.132000000,0.133000000,0.271000000
16:12:46,230719,50.696085733,-123.354437463,1822.977000000,21,0.132000000,0.133000000,0.271000000
16:12:47,230719,50.696085735,-123.354437465,1822.977000000,21,0.132000000,0.133000000,0.271000000
16:12:48,230719,50.696085747,-123.354437465,1822.980000000,21,0.132000000,0.133000000,0.271000000
16:12:49,230719,50.696085748,-123.354437442,1822.983000000,21,0.132000000,0.133000000,0.271000000
16:12:50,230719,50.696085758,-123.354437440,1822.983000000,21,0.132000000,0.133000000,0.271000000
16:12:51,230719,50.696085760,-123.354437433,1822.982000000,21,0.132000000,0.133000000,0.271000000
16:12:52,230719,50.696085747,-123.354437430,1822.983000000,21,0.132000000,0.133000000,0.271000000
16:12:53,230719,50.696085735,-123.354437442,1822.984000000,21,0.132000000,0.133000000,0.271000000
16:12:54,230719,50.696085720,-123.354437455,1822.982000000,21,0.132000000,0.133000000,0.271000000
16:12:55,230719,50.696085732,-123.354437452,1822.982000000,21,0.132000000,0.133000000,0.271000000
16:12:56,230719,50.696085738,-123.354437442,1822.979000000,21,0.132000000,0.133000000,0.271000000
16:12:57,230719,50.696085732,-123.354437445,1822.980000000,21,0.132000000,0.133000000,0.271000000
16:12:58,230719,50.696085742,-123.354437453,1822.977000000,21,0.132000000,0.133000000,0.271000000
16:12:59,230719,50.696085747,-123.354437440,1822.976000000,21,0.132000000,0.133000000,0.271000000
16:13:00,230719,50.696085738,-123.354437432,1822.974000000,21,0.132000000,0.133000000,0.271000000
16:13:01,230719,50.696085758,-123.354437388,1822.970000000,21,0.132000000,0.133000000,0.271000000
16:13:02,230719,50.696085775,-123.354437383,1822.965000000,21,0.132000000,0.133000000,0.271000000
16:13:03,230719,50.696085767,-123.354437388,1822.963000000,21,0.132000000,0.133000000,0.271000000
16:13:04,230719,50.696085765,-123.354437370,1822.961000000,21,0.132000000,0.133000000,0.271000000
16:13:05,230719,50.696085767,-123.354437380,1822.960000000,21,0.132000000,0.133000000,0.271000000
16:13:06,230719,50.696085763,-123.354437383,1822.960000000,21,0.132000000,0.133000000,0.271000000
16:13:07,230719,50.696085763,-123.354437363,1822.963000000,21,0.132000000,0.133000000,0.271000000
16:13:08,230719,50.696085760,-123.354437343,1822.968000000,21,0.132000000,0.133000000,0.271000000
16:13:09,230719,50.696085773,-123.354437328,1822.970000000,21,0.132000000,0.133000000,0.271000000
16:13:10,230719,50.696085773,-123.354437320,1822.973000000,21,0.132000000,0.133000000,0.271000000
16:13:11,230719,50.696085777,-123.354437320,1822.975000000,21,0.132000000,0.133000000,0.271000000
16:13:12,230719,50.696085788,-123.354437337,1822.976000000,21,0.132000000,0.133000000,0.271000000
16:13:13,230719,50.696085790,-123.354437313,1822.976000000,21,0.132000000,0.133000000,0.271000000
16:13:14,230719,50.696085787,-123.354437288,1822.978000000,21,0.132000000,0.133000000,0.271000000
16:13:15,230719,50.696085788,-123.354437282,1822.982000000,21,0.132000000,0.133000000,0.271000000
16:13:16,230719,50.696085813,-123.354437258,1822.983000000,21,0.132000000,0.133000000,0.271000000
16:13:17,230719,50.696085828,-123.354437237,1822.982000000,21,0.132000000,0.133000000,0.271000000
16:13:18,230719,50.696085837,-123.354437213,1822.984000000,21,0.132000000,0.133000000,0.271000000
16:13:19,230719,50.696085847,-123.354437195,1822.985000000,21,0.132000000,0.133000000,0.271000000
16:13:20,230719,50.696085852,-123.354437193,1822.988000000,21,0.132000000,0.133000000,0.271000000
16:13:21,230719,50.696085838,-123.354437210,1822.987000000,21,0.132000000,0.133000000,0.271000000
16:13:22,230719,50.696085812,-123.354437220,1822.986000000,21,0.132000000,0.133000000,0.271000000
16:13:23,230719,50.696085815,-123.354437290,1822.980000000,21,0.132000000,0.133000000,0.271000000
16:13:24,230719,50.696085833,-123.354437387,1822.969000000,21,0.132000000,0.133000000,0.271000000
16:13:25,230719,50.696085862,-123.354437460,1822.964000000,21,0.132000000,0.133000000,0.271000000
16:13:26,230719,50.696085875,-123.354437455,1822.961000000,21,0.132000000,0.133000000,0.271000000
16:13:27,230719,50.696085887,-123.354437452,1822.959000000,21,0.132000000,0.133000000,0.271000000
16:13:28,230719,50.696085885,-123.354437455,1822.958000000,21,0.132000000,0.133000000,0.271000000
16:13:29,230719,50.696085902,-123.354437452,1822.956000000,21,0.132000000,0.133000000,0.271000000
16:13:30,230719,50.696085913,-123.354437455,1822.955000000,21,0.132000000,0.133000000,0.271000000
16:13:31,230719,50.696085923,-123.354437437,1822.956000000,21,0.132000000,0.133000000,0.271000000
16:13:32,230719,50.696085930,-123.354437452,1822.952000000,21,0.132000000,0.134000000,0.271000000
16:13:33,230719,50.696085930,-123.354437447,1822.952000000,21,0.132000000,0.134000000,0.271000000
16:13:34,230719,50.696085930,-123.354437447,1822.954000000,21,0.132000000,0.134000000,0.271000000
16:13:35,230719,50.696085957,-123.354437433,1822.957000000,21,0.132000000,0.134000000,0.271000000
16:13:36,230719,50.696085963,-123.354437440,1822.955000000,21,0.132000000,0.134000000,0.271000000
16:13:37,230719,50.696085973,-123.354437450,1822.956000000,21,0.132000000,0.134000000,0.271000000
16:13:38,230719,50.696085973,-123.354437453,1822.956000000,21,0.132000000,0.134000000,0.271000000
16:13:39,230719,50.696085972,-123.354437468,1822.954000000,21,0.132000000,0.134000000,0.271000000
16:13:40,230719,50.696085988,-123.354437500,1822.949000000,21,0.132000000,0.134000000,0.271000000
16:13:41,230719,50.696085988,-123.354437512,1822.951000000,21,0.132000000,0.134000000,0.271000000
16:13:42,230719,50.696085987,-123.354437523,1822.949000000,21,0.132000000,0.134000000,0.271000000
16:13:43,230719,50.696085975,-123.354437518,1822.947000000,21,0.132000000,0.134000000,0.271000000
16:13:44,230719,50.696085972,-123.354437518,1822.949000000,21,0.132000000,0.134000000,0.271000000
16:13:45,230719,50.696085957,-123.354437480,1822.947000000,21,0.132000000,0.134000000,0.271000000
16:13:46,230719,50.696085985,-123.354437437,1822.951000000,21,0.132000000,0.134000000,0.271000000
16:13:47,230719,50.696086030,-123.354437437,1822.960000000,21,0.132000000,0.134000000,0.271000000
16:13:48,230719,50.696086020,-123.354437443,1822.967000000,21,0.132000000,0.134000000,0.271000000
16:13:49,230719,50.696085995,-123.354437530,1822.978000000,21,0.132000000,0.134000000,0.271000000
16:13:50,230719,50.696085938,-123.354437572,1822.983000000,21,0.132000000,0.134000000,0.271000000
16:13:51,230719,50.696085907,-123.354437570,1822.980000000,21,0.132000000,0.134000000,0.271000000
16:13:52,230719,50.696085793,-123.354438383,1823.089000000,8,0.202000000,0.291000000,0.668000000
16:14:00,230719,50.696087812,-123.354435212,1824.190000000,17,1.724000000,1.499000000,2.977000000
16:14:01,230719,50.696088022,-123.354433008,1823.591000000,20,1.280000000,1.200000000,2.554000000
16:14:02,230719,50.696089153,-123.354432275,1823.408000000,20,1.280000000,1.200000000,2.554000000
16:14:03,230719,50.696089142,-123.354432653,1823.397000000,20,1.280000000,1.200000000,2.554000000
16:14:04,230719,50.696088893,-123.354432862,1823.417000000,20,0.905000000,0.849000000,1.806000000
16:14:05,230719,50.696088772,-123.354433185,1823.397000000,20,0.905000000,0.849000000,1.806000000
16:14:06,230719,50.696088280,-123.354433585,1823.299000000,21,0.684000000,0.695000000,1.405000000
16:14:07,230719,50.696087915,-123.354433852,1823.212000000,21,0.684000000,0.695000000,1.405000000
16:14:08,230719,50.696087602,-123.354434073,1823.149000000,21,0.684000000,0.695000000,1.405000000
16:14:09,230719,50.696087332,-123.354434268,1823.106000000,21,0.473000000,0.480000000,0.971000000
16:14:10,230719,50.696087135,-123.354434418,1823.081000000,21,0.473000000,0.480000000,0.971000000
16:14:11,230719,50.696086943,-123.354434550,1823.054000000,21,0.473000000,0.480000000,0.971000000
16:14:12,230719,50.696086688,-123.354434693,1823.028000000,21,0.330000000,0.335000000,0.677000000
16:14:13,230719,50.696086520,-123.354434757,1823.022000000,21,0.330000000,0.335000000,0.677000000
16:14:14,230719,50.696086375,-123.354434790,1823.024000000,21,0.330000000,0.335000000,0.677000000
16:14:15,230719,50.696086250,-123.354434817,1823.027000000,21,0.237000000,0.241000000,0.486000000
16:14:16,230719,50.696086120,-123.354434865,1823.024000000,21,0.237000000,0.241000000,0.486000000
16:14:17,230719,50.696086018,-123.354434928,1823.021000000,21,0.237000000,0.241000000,0.486000000
16:14:18,230719,50.696085923,-123.354434983,1823.014000000,21,0.175000000,0.178000000,0.360000000
16:14:19,230719,50.696085842,-123.354435035,1823.008000000,21,0.175000000,0.178000000,0.360000000
16:14:20,230719,50.696085772,-123.354435068,1823.006000000,21,0.175000000,0.178000000,0.360000000
16:14:21,230719,50.696085693,-123.354435110,1823.002000000,21,0.135000000,0.138000000,0.278000000
16:14:22,230719,50.696085623,-123.354435150,1822.999000000,21,0.135000000,0.138000000,0.278000000
16:14:23,230719,50.696085542,-123.354435170,1822.996000000,21,0.135000000,0.138000000,0.278000000
16:14:24,230719,50.696085480,-123.354435157,1822.993000000,21,0.132000000,0.134000000,0.270000000
16:14:25,230719,50.696085415,-123.354435148,1822.995000000,21,0.132000000,0.134000000,0.270000000
16:14:26,230719,50.696085347,-123.354435140,1822.998000000,21,0.132000000,0.134000000,0.270000000
16:14:27,230719,50.696085265,-123.354435127,1823.001000000,21,0.132000000,0.134000000,0.270000000
16:14:28,230719,50.696085185,-123.354435112,1823.005000000,21,0.132000000,0.134000000,0.270000000
16:14:29,230719,50.696085098,-123.354435075,1823.010000000,21,0.132000000,0.134000000,0.270000000
16:14:30,230719,50.696085000,-123.354435060,1823.012000000,21,0.132000000,0.134000000,0.270000000
16:14:31,230719,50.696084903,-123.354435063,1823.019000000,21,0.132000000,0.134000000,0.270000000
16:14:32,230719,50.696084797,-123.354435027,1823.028000000,21,0.132000000,0.134000000,0.270000000
16:14:33,230719,50.696084708,-123.354435020,1823.032000000,21,0.132000000,0.134000000,0.270000000
16:14:34,230719,50.696084618,-123.354434997,1823.036000000,21,0.132000000,0.134000000,0.270000000
16:14:35,230719,50.696084527,-123.354435002,1823.042000000,21,0.132000000,0.134000000,0.270000000
16:14:36,230719,50.696084433,-123.354434972,1823.049000000,21,0.132000000,0.134000000,0.270000000
16:14:37,230719,50.696084350,-123.354434950,1823.055000000,21,0.132000000,0.134000000,0.270000000
16:14:38,230719,50.696084275,-123.354434938,1823.065000000,21,0.132000000,0.134000000,0.270000000
16:14:39,230719,50.696084207,-123.354434935,1823.070000000,21,0.132000000,0.134000000,0.270000000
16:14:40,230719,50.696084147,-123.354434970,1823.080000000,21,0.132000000,0.134000000,0.270000000
16:14:41,230719,50.696084078,-123.354434983,1823.088000000,21,0.132000000,0.134000000,0.270000000
16:14:42,230719,50.696084018,-123.354435002,1823.096000000,21,0.132000000,0.134000000,0.270000000
16:14:43,230719,50.696083973,-123.354435003,1823.104000000,21,0.132000000,0.134000000,0.270000000
16:14:44,230719,50.696083905,-123.354434982,1823.114000000,21,0.132000000,0.134000000,0.270000000
16:14:45,230719,50.696083867,-123.354435013,1823.119000000,21,0.132000000,0.134000000,0.270000000
16:14:46,230719,50.696083825,-123.354435017,1823.127000000,21,0.132000000,0.134000000,0.270000000
16:14:47,230719,50.696083773,-123.354435025,1823.134000000,21,0.132000000,0.134000000,0.270000000
16:14:48,230719,50.696083725,-123.354435030,1823.140000000,21,0.132000000,0.134000000,0.270000000
16:14:49,230719,50.696083678,-123.354435038,1823.143000000,21,0.132000000,0.134000000,0.270000000
16:14:50,230719,50.696083640,-123.354435095,1823.143000000,21,0.132000000,0.134000000,0.270000000
16:14:51,230719,50.696083605,-123.354435147,1823.144000000,21,0.132000000,0.134000000,0.270000000
16:14:52,230719,50.696083587,-123.354435235,1823.143000000,21,0.132000000,0.134000000,0.270000000
16:14:53,230719,50.696083570,-123.354435292,1823.138000000,21,0.132000000,0.134000000,0.270000000
16:14:54,230719,50.696083550,-123.354435328,1823.139000000,21,0.132000000,0.134000000,0.270000000
16:14:55,230719,50.696083535,-123.354435343,1823.139000000,21,0.132000000,0.134000000,0.270000000
16:14:56,230719,50.696083543,-123.354435387,1823.141000000,21,0.132000000,0.134000000,0.270000000
16:14:57,230719,50.696083550,-123.354435407,1823.145000000,21,0.132000000,0.134000000,0.270000000
16:14:58,230719,50.696083568,-123.354435425,1823.146000000,21,0.132000000,0.134000000,0.270000000
16:14:59,230719,50.696083578,-123.354435445,1823.147000000,21,0.132000000,0.134000000,0.270000000
16:15:00,230719,50.696083588,-123.354435438,1823.150000000,21,0.132000000,0.134000000,0.270000000
16:15:01,230719,50.696083607,-123.354435478,1823.150000000,21,0.132000000,0.134000000,0.270000000
16:15:02,230719,50.696083635,-123.354435528,1823.145000000,21,0.132000000,0.134000000,0.270000000
16:15:03,230719,50.696083655,-123.354435578,1823.142000000,21,0.132000000,0.134000000,0.270000000
16:15:04,230719,50.696083668,-123.354435608,1823.136000000,21,0.132000000,0.134000000,0.270000000
16:15:05,230719,50.696083677,-123.354435647,1823.130000000,21,0.132000000,0.134000000,0.270000000
16:15:06,230719,50.696083667,-123.354435653,1823.127000000,21,0.132000000,0.134000000,0.270000000
16:15:07,230719,50.696083675,-123.354435653,1823.122000000,21,0.132000000,0.134000000,0.270000000
16:15:08,230719,50.696083682,-123.354435662,1823.120000000,21,0.132000000,0.134000000,0.270000000
16:15:09,230719,50.696083687,-123.354435682,1823.115000000,21,0.132000000,0.134000000,0.270000000
16:15:10,230719,50.696083687,-123.354435695,1823.112000000,21,0.132000000,0.134000000,0.270000000
16:15:11,230719,50.696083708,-123.354435740,1823.102000000,21,0.132000000,0.134000000,0.270000000
16:15:12,230719,50.696083725,-123.354435767,1823.098000000,21,0.132000000,0.134000000,0.270000000
16:15:13,230719,50.696083745,-123.354435798,1823.094000000,21,0.132000000,0.134000000,0.270000000
16:15:14,230719,50.696083792,-123.354435870,1823.088000000,21,0.132000000,0.134000000,0.270000000
16:15:15,230719,50.696083825,-123.354435913,1823.082000000,21,0.132000000,0.134000000,0.270000000
16:15:16,230719,50.696083865,-123.354435978,1823.074000000,21,0.132000000,0.134000000,0.270000000
16:15:17,230719,50.696083907,-123.354436043,1823.066000000,21,0.132000000,0.134000000,0.270000000
16:15:18,230719,50.696083933,-123.354436077,1823.064000000,21,0.132000000,0.134000000,0.270000000
16:15:19,230719,50.696083958,-123.354436120,1823.058000000,21,0.132000000,0.134000000,0.270000000
16:15:20,230719,50.696083982,-123.354436147,1823.051000000,21,0.132000000,0.134000000,0.270000000
16:15:21,230719,50.696084002,-123.354436162,1823.048000000,21,0.132000000,0.134000000,0.270000000
16:15:22,230719,50.696084012,-123.354436180,1823.049000000,21,0.132000000,0.134000000,0.270000000
16:15:23,230719,50.696084023,-123.354436198,1823.048000000,21,0.132000000,0.134000000,0.270000000
16:15:24,230719,50.696084027,-123.354436198,1823.045000000,21,0.132000000,0.134000000,0.270000000
16:15:25,230719,50.696084033,-123.354436172,1823.045000000,21,0.132000000,0.134000000,0.270000000
16:15:26,230719,50.696084073,-123.354436160,1823.048000000,21,0.132000000,0.134000000,0.270000000
16:15:27,230719,50.696084105,-123.354436128,1823.049000000,21,0.132000000,0.134000000,0.270000000
16:15:28,230719,50.696084130,-123.354436093,1823.048000000,21,0.132000000,0.134000000,0.270000000
16:15:29,230719,50.696084157,-123.354436072,1823.050000000,21,0.132000000,0.134000000,0.270000000
16:15:30,230719,50.696084185,-123.354436060,1823.050000000,21,0.132000000,0.134000000,0.270000000
16:15:31,230719,50.696084203,-123.354436073,1823.048000000,21,0.132000000,0.134000000,0.270000000
16:15:32,230719,50.696084212,-123.354436102,1823.045000000,21,0.132000000,0.134000000,0.270000000
16:15:33,230719,50.696084202,-123.354436130,1823.040000000,21,0.132000000,0.134000000,0.270000000
16:15:34,230719,50.696084190,-123.354436142,1823.043000000,20,0.147000000,0.137000000,0.287000000
16:15:35,230719,50.696084180,-123.354436158,1823.040000000,20,0.147000000,0.137000000,0.287000000
16:15:36,230719,50.696084170,-123.354436177,1823.036000000,20,0.147000000,0.137000000,0.287000000
16:15:37,230719,50.696084182,-123.354436182,1823.037000000,20,0.147000000,0.137000000,0.287000000
16:15:38,230719,50.696084190,-123.354436173,1823.040000000,20,0.147000000,0.137000000,0.287000000
16:15:39,230719,50.696084198,-123.354436162,1823.044000000,20,0.147000000,0.137000000,0.287000000
16:15:40,230719,50.696084212,-123.354436158,1823.050000000,20,0.147000000,0.137000000,0.287000000
16:15:41,230719,50.696084232,-123.354436167,1823.049000000,20,0.147000000,0.137000000,0.287000000
16:15:42,230719,50.696084248,-123.354436175,1823.049000000,20,0.147000000,0.137000000,0.287000000
16:15:43,230719,50.696084263,-123.354436198,1823.052000000,20,0.147000000,0.137000000,0.287000000
16:15:44,230719,50.696084280,-123.354436202,1823.053000000,20,0.147000000,0.137000000,0.287000000
16:15:45,230719,50.696084293,-123.354436228,1823.051000000,20,0.147000000,0.137000000,0.287000000
16:15:46,230719,50.696084307,-123.354436265,1823.049000000,20,0.147000000,0.137000000,0.287000000
16:15:47,230719,50.696084335,-123.354436297,1823.043000000,20,0.147000000,0.137000000,0.287000000
16:15:48,230719,50.696084328,-123.354436298,1823.044000000,20,0.147000000,0.137000000,0.287000000
16:15:49,230719,50.696084322,-123.354436253,1823.045000000,20,0.147000000,0.137000000,0.287000000
16:15:50,230719,50.696084303,-123.354436218,1823.047000000,20,0.147000000,0.137000000,0.287000000
16:15:51,230719,50.696084260,-123.354436182,1823.057000000,20,0.147000000,0.137000000,0.287000000
16:15:52,230719,50.696084210,-123.354436125,1823.064000000,20,0.147000000,0.137000000,0.287000000
16:15:53,230719,50.696084207,-123.354436117,1823.068000000,20,0.147000000,0.137000000,0.287000000
16:15:54,230719,50.696084198,-123.354436090,1823.071000000,20,0.147000000,0.137000000,0.287000000
16:15:55,230719,50.696084183,-123.354436105,1823.068000000,20,0.147000000,0.137000000,0.287000000
16:15:56,230719,50.696084148,-123.354436098,1823.067000000,20,0.147000000,0.137000000,0.287000000
16:15:57,230719,50.696084177,-123.354436063,1823.067000000,20,0.147000000,0.137000000,0.287000000
16:15:58,230719,50.696084197,-123.354436027,1823.068000000,20,0.147000000,0.137000000,0.287000000
16:15:59,230719,50.696084225,-123.354435990,1823.066000000,20,0.147000000,0.137000000,0.287000000
16:16:00,230719,50.696084235,-123.354435928,1823.070000000,20,0.147000000,0.137000000,0.287000000
16:16:01,230719,50.696084220,-123.354435850,1823.076000000,20,0.147000000,0.137000000,0.287000000
16:16:02,230719,50.696084235,-123.354435757,1823.083000000,20,0.147000000,0.137000000,0.287000000
16:16:03,230719,50.696084255,-123.354435677,1823.093000000,20,0.147000000,0.137000000,0.287000000
16:16:04,230719,50.696084273,-123.354435607,1823.098000000,20,0.147000000,0.137000000,0.287000000
16:16:05,230719,50.696084307,-123.354435543,1823.100000000,20,0.147000000,0.137000000,0.287000000
16:16:06,230719,50.696084335,-123.354435510,1823.104000000,20,0.147000000,0.137000000,0.287000000
16:16:07,230719,50.696084380,-123.354435478,1823.102000000,20,0.147000000,0.137000000,0.287000000
16:16:08,230719,50.696084408,-123.354435468,1823.102000000,20,0.147000000,0.137000000,0.287000000
16:16:09,230719,50.696084402,-123.354435502,1823.092000000,20,0.147000000,0.137000000,0.287000000
16:16:10,230719,50.696084377,-123.354435528,1823.083000000,20,0.147000000,0.137000000,0.287000000
16:16:11,230719,50.696084353,-123.354435563,1823.074000000,20,0.147000000,0.137000000,0.287000000
16:16:12,230719,50.696084337,-123.354435572,1823.069000000,20,0.147000000,0.137000000,0.287000000
16:16:13,230719,50.696084325,-123.354435577,1823.060000000,20,0.147000000,0.137000000,0.287000000
16:16:14,230719,50.696084310,-123.354435577,1823.057000000,20,0.147000000,0.137000000,0.287000000
16:16:15,230719,50.696084312,-123.354435587,1823.051000000,20,0.147000000,0.137000000,0.287000000
16:16:16,230719,50.696084325,-123.354435613,1823.047000000,20,0.147000000,0.137000000,0.286000000
16:16:17,230719,50.696084317,-123.354435620,1823.042000000,20,0.147000000,0.137000000,0.286000000
16:16:18,230719,50.696084312,-123.354435610,1823.041000000,20,0.147000000,0.137000000,0.286000000
16:16:19,230719,50.696084322,-123.354435612,1823.036000000,20,0.147000000,0.137000000,0.286000000
16:16:20,230719,50.696084327,-123.354435623,1823.035000000,20,0.147000000,0.137000000,0.286000000
16:16:21,230719,50.696084322,-123.354435633,1823.030000000,20,0.147000000,0.137000000,0.286000000
16:16:22,230719,50.696084327,-123.354435633,1823.029000000,20,0.147000000,0.137000000,0.286000000
16:16:23,230719,50.696084333,-123.354435625,1823.027000000,20,0.147000000,0.137000000,0.286000000
16:16:24,230719,50.696084355,-123.354435630,1823.021000000,20,0.147000000,0.137000000,0.286000000
16:16:25,230719,50.696084373,-123.354435650,1823.018000000,20,0.147000000,0.138000000,0.286000000
16:16:26,230719,50.696084398,-123.354435662,1823.015000000,20,0.147000000,0.138000000,0.286000000
16:16:27,230719,50.696084398,-123.354435708,1823.010000000,20,0.147000000,0.138000000,0.286000000
16:16:28,230719,50.696084398,-123.354435743,1823.007000000,20,0.147000000,0.138000000,0.286000000
16:16:29,230719,50.696084408,-123.354435748,1823.001000000,20,0.147000000,0.138000000,0.286000000
16:16:30,230719,50.696084398,-123.354435767,1823.000000000,20,0.147000000,0.138000000,0.286000000
16:16:31,230719,50.696084397,-123.354435775,1822.999000000,20,0.147000000,0.138000000,0.286000000
16:16:32,230719,50.696084392,-123.354435793,1822.997000000,20,0.147000000,0.138000000,0.286000000
16:16:33,230719,50.696084393,-123.354435827,1822.996000000,20,0.147000000,0.138000000,0.286000000
16:16:34,230719,50.696084422,-123.354435850,1822.990000000,20,0.147000000,0.138000000,0.286000000
16:16:35,230719,50.696084442,-123.354435900,1822.985000000,20,0.147000000,0.138000000,0.286000000
16:16:36,230719,50.696084447,-123.354435938,1822.980000000,20,0.147000000,0.138000000,0.286000000
16:16:37,230719,50.696084455,-123.354435958,1822.977000000,20,0.147000000,0.138000000,0.286000000
16:16:38,230719,50.696084460,-123.354435978,1822.974000000,20,0.147000000,0.138000000,0.286000000
16:16:39,230719,50.696084467,-123.354435983,1822.974000000,20,0.147000000,0.138000000,0.286000000
16:16:40,230719,50.696084465,-123.354435985,1822.974000000,20,0.147000000,0.138000000,0.286000000
