TIME,DATE(ddMMyy),LATITUDEGGA,LONGITUDEGGA,ALTITUDEGGA,NUMBERSAT,LATERR,LONGERR,ALTERR
16:53:40,230719,50.599812605,-123.435068393,513.701000000,15,0.212000000,0.213000000,0.870000000
16:53:41,230719,50.599812578,-123.435068442,513.639000000,15,0.212000000,0.213000000,0.870000000
16:53:42,230719,50.599812522,-123.435068455,513.594000000,15,0.212000000,0.214000000,0.870000000
16:53:43,230719,50.599812493,-123.435068493,513.559000000,15,0.212000000,0.214000000,0.870000000
16:53:44,230719,50.599812470,-123.435068450,513.536000000,15,0.212000000,0.214000000,0.870000000
16:53:45,230719,50.599812472,-123.435068467,513.517000000,15,0.212000000,0.214000000,0.870000000
16:53:46,230719,50.599812437,-123.435068483,513.503000000,15,0.212000000,0.214000000,0.870000000
16:53:47,230719,50.599812427,-123.435068473,513.498000000,15,0.212000000,0.214000000,0.870000000
16:53:48,230719,50.599812435,-123.435068500,513.485000000,15,0.212000000,0.214000000,0.870000000
16:53:49,230719,50.599812425,-123.435068527,513.466000000,15,0.212000000,0.214000000,0.870000000
16:53:50,230719,50.599812402,-123.435068508,513.465000000,15,0.212000000,0.214000000,0.870000000
16:53:51,230719,50.599812375,-123.435068503,513.474000000,15,0.212000000,0.214000000,0.870000000
16:53:52,230719,50.599812348,-123.435068468,513.492000000,15,0.212000000,0.214000000,0.870000000
16:53:53,230719,50.599812343,-123.435068430,513.501000000,15,0.212000000,0.214000000,0.870000000
16:53:54,230719,50.599812353,-123.435068412,513.500000000,15,0.212000000,0.214000000,0.870000000
16:53:55,230719,50.599812365,-123.435068405,513.494000000,15,0.212000000,0.214000000,0.870000000
16:53:56,230719,50.599812377,-123.435068445,513.477000000,15,0.212000000,0.214000000,0.870000000
16:53:57,230719,50.599812362,-123.435068442,513.464000000,15,0.212000000,0.214000000,0.870000000
16:53:58,230719,50.599812360,-123.435068423,513.463000000,15,0.212000000,0.214000000,0.870000000
16:53:59,230719,50.599812370,-123.435068408,513.464000000,15,0.212000000,0.214000000,0.870000000
16:54:00,230719,50.599812372,-123.435068420,513.459000000,15,0.212000000,0.214000000,0.870000000
16:54:01,230719,50.599812367,-123.435068410,513.450000000,15,0.212000000,0.215000000,0.870000000
16:54:02,230719,50.599812348,-123.435068393,513.456000000,15,0.212000000,0.215000000,0.870000000
16:54:03,230719,50.599812317,-123.435068332,513.477000000,15,0.212000000,0.215000000,0.870000000
16:54:04,230719,50.599812312,-123.435068295,513.490000000,15,0.212000000,0.215000000,0.869000000
16:54:05,230719,50.599812325,-123.435068267,513.501000000,15,0.212000000,0.215000000,0.869000000
16:54:06,230719,50.599812335,-123.435068230,513.509000000,15,0.212000000,0.215000000,0.869000000
16:54:07,230719,50.599812338,-123.435068212,513.503000000,15,0.212000000,0.215000000,0.869000000
16:54:08,230719,50.599812352,-123.435068250,513.492000000,15,0.212000000,0.215000000,0.869000000
16:54:09,230719,50.599812355,-123.435068272,513.478000000,15,0.212000000,0.215000000,0.869000000
16:54:10,230719,50.599812333,-123.435068280,513.468000000,15,0.212000000,0.215000000,0.869000000
16:54:11,230719,50.599812338,-123.435068305,513.453000000,16,0.178000000,0.178000000,0.524000000
16:54:12,230719,50.599812332,-123.435068340,513.448000000,16,0.178000000,0.178000000,0.524000000
16:54:13,230719,50.599812333,-123.435068372,513.441000000,16,0.178000000,0.178000000,0.524000000
16:54:14,230719,50.599812333,-123.435068380,513.441000000,16,0.178000000,0.178000000,0.524000000
16:54:15,230719,50.599812307,-123.435068392,513.448000000,16,0.178000000,0.178000000,0.524000000
16:54:16,230719,50.599812298,-123.435068412,513.449000000,16,0.178000000,0.178000000,0.524000000
16:54:17,230719,50.599812278,-123.435068390,513.457000000,16,0.178000000,0.178000000,0.524000000
16:54:18,230719,50.599812282,-123.435068377,513.462000000,16,0.178000000,0.178000000,0.524000000
16:54:19,230719,50.599812317,-123.435068425,513.443000000,15,0.212000000,0.215000000,0.869000000
16:54:20,230719,50.599812332,-123.435068407,513.459000000,15,0.212000000,0.215000000,0.869000000
16:54:21,230719,50.599812383,-123.435068382,513.485000000,15,0.212000000,0.215000000,0.869000000
16:54:22,230719,50.599812405,-123.435068315,513.507000000,15,0.212000000,0.215000000,0.869000000
16:54:23,230719,50.599812423,-123.435068293,513.516000000,15,0.212000000,0.215000000,0.869000000
16:54:24,230719,50.599812430,-123.435068268,513.525000000,15,0.212000000,0.215000000,0.869000000
16:54:25,230719,50.599812430,-123.435068257,513.543000000,15,0.212000000,0.216000000,0.869000000
16:54:26,230719,50.599812402,-123.435068245,513.552000000,15,0.212000000,0.216000000,0.869000000
16:54:27,230719,50.599812373,-123.435068275,513.544000000,15,0.212000000,0.216000000,0.869000000
16:54:28,230719,50.599812357,-123.435068303,513.526000000,15,0.212000000,0.216000000,0.869000000
16:54:29,230719,50.599812360,-123.435068325,513.512000000,15,0.212000000,0.216000000,0.869000000
16:54:30,230719,50.599812345,-123.435068372,513.503000000,15,0.212000000,0.216000000,0.869000000
16:54:31,230719,50.599812313,-123.435068397,513.501000000,15,0.212000000,0.216000000,0.868000000
16:54:32,230719,50.599812298,-123.435068448,513.490000000,15,0.212000000,0.216000000,0.868000000
16:54:33,230719,50.599812298,-123.435068567,513.481000000,15,0.212000000,0.216000000,0.868000000
16:54:34,230719,50.599812407,-123.435068510,513.508000000,15,0.212000000,0.216000000,0.868000000
16:54:35,230719,50.599812342,-123.435068483,513.490000000,15,0.212000000,0.216000000,0.868000000
16:54:36,230719,50.599812360,-123.435068537,513.471000000,15,0.212000000,0.216000000,0.868000000
16:54:37,230719,50.599812370,-123.435068583,513.480000000,15,0.212000000,0.216000000,0.868000000
16:54:38,230719,50.599812370,-123.435068475,513.523000000,15,0.212000000,0.216000000,0.868000000
16:54:39,230719,50.599812378,-123.435068458,513.532000000,15,0.212000000,0.216000000,0.868000000
16:54:40,230719,50.599812430,-123.435068437,513.545000000,15,0.212000000,0.216000000,0.868000000
16:54:41,230719,50.599812428,-123.435068395,513.562000000,15,0.212000000,0.216000000,0.868000000
16:54:42,230719,50.599812427,-123.435068367,513.579000000,15,0.212000000,0.216000000,0.868000000
16:54:43,230719,50.599812433,-123.435068395,513.592000000,15,0.212000000,0.217000000,0.868000000
16:54:44,230719,50.599812470,-123.435068403,513.618000000,15,0.212000000,0.217000000,0.868000000
16:54:45,230719,50.599812507,-123.435068400,513.664000000,15,0.212000000,0.217000000,0.868000000
16:54:46,230719,50.599812522,-123.435068388,513.663000000,15,0.212000000,0.217000000,0.868000000
16:54:47,230719,50.599812538,-123.435068372,513.668000000,16,0.178000000,0.178000000,0.525000000
16:54:48,230719,50.599812598,-123.435068385,513.679000000,16,0.178000000,0.178000000,0.525000000
16:54:49,230719,50.599812618,-123.435068340,513.689000000,16,0.178000000,0.178000000,0.525000000
16:54:50,230719,50.599812620,-123.435068387,513.689000000,16,0.178000000,0.178000000,0.525000000
16:54:51,230719,50.599812610,-123.435068368,513.680000000,16,0.178000000,0.178000000,0.525000000
16:54:52,230719,50.599812578,-123.435068360,513.667000000,16,0.178000000,0.178000000,0.525000000
16:54:53,230719,50.599812548,-123.435068338,513.651000000,16,0.178000000,0.178000000,0.525000000
16:54:54,230719,50.599812530,-123.435068375,513.636000000,16,0.178000000,0.178000000,0.525000000
16:54:55,230719,50.599812527,-123.435068382,513.614000000,16,0.178000000,0.178000000,0.525000000
16:54:56,230719,50.599812545,-123.435068350,513.612000000,16,0.178000000,0.178000000,0.525000000
16:54:57,230719,50.599812553,-123.435068410,513.608000000,16,0.178000000,0.178000000,0.525000000
16:54:58,230719,50.599812513,-123.435068395,513.601000000,16,0.178000000,0.178000000,0.525000000
16:54:59,230719,50.599812478,-123.435068403,513.604000000,16,0.178000000,0.178000000,0.525000000
16:55:00,230719,50.599812435,-123.435068340,513.614000000,16,0.178000000,0.178000000,0.525000000
16:55:01,230719,50.599812428,-123.435068318,513.616000000,16,0.178000000,0.178000000,0.525000000
16:55:02,230719,50.599812490,-123.435068368,513.631000000,16,0.178000000,0.178000000,0.525000000
16:55:03,230719,50.599812525,-123.435068307,513.647000000,16,0.178000000,0.178000000,0.525000000
16:55:04,230719,50.599812523,-123.435068223,513.658000000,16,0.178000000,0.178000000,0.526000000
16:55:05,230719,50.599812502,-123.435068253,513.642000000,16,0.178000000,0.178000000,0.526000000
16:55:06,230719,50.599812465,-123.435068195,513.645000000,16,0.178000000,0.178000000,0.526000000
16:55:07,230719,50.599812527,-123.435068242,513.671000000,16,0.178000000,0.178000000,0.526000000
16:55:08,230719,50.599812707,-123.435068317,513.720000000,16,0.178000000,0.178000000,0.526000000
16:55:09,230719,50.599812743,-123.435068335,513.734000000,16,0.178000000,0.178000000,0.526000000
16:55:10,230719,50.599812823,-123.435068357,513.758000000,16,0.178000000,0.178000000,0.526000000
16:55:11,230719,50.599812688,-123.435068323,513.743000000,16,0.178000000,0.178000000,0.526000000
16:55:12,230719,50.599812647,-123.435068253,513.763000000,16,0.178000000,0.178000000,0.526000000
16:55:13,230719,50.599812568,-123.435068248,513.771000000,16,0.178000000,0.178000000,0.526000000
16:55:14,230719,50.599812495,-123.435068273,513.744000000,16,0.178000000,0.178000000,0.526000000
16:55:15,230719,50.599812428,-123.435068303,513.718000000,16,0.178000000,0.178000000,0.526000000
16:55:16,230719,50.599812375,-123.435068292,513.710000000,16,0.178000000,0.178000000,0.526000000
16:55:17,230719,50.599812388,-123.435068417,513.686000000,16,0.178000000,0.178000000,0.526000000
16:55:18,230719,50.599812363,-123.435068517,513.681000000,16,0.178000000,0.178000000,0.526000000
16:55:19,230719,50.599812372,-123.435068528,513.707000000,16,0.178000000,0.178000000,0.526000000
16:55:20,230719,50.599812395,-123.435068597,513.711000000,16,0.178000000,0.178000000,0.526000000
16:55:21,230719,50.599812433,-123.435068558,513.729000000,16,0.178000000,0.178000000,0.526000000
16:55:22,230719,50.599812383,-123.435068537,513.715000000,16,0.178000000,0.178000000,0.526000000
16:55:23,230719,50.599812537,-123.435068563,513.725000000,16,0.178000000,0.178000000,0.526000000
16:55:24,230719,50.599812525,-123.435068442,513.734000000,16,0.178000000,0.178000000,0.526000000
16:55:25,230719,50.599812533,-123.435068332,513.744000000,16,0.178000000,0.178000000,0.526000000
16:55:26,230719,50.599812582,-123.435068315,513.759000000,16,0.178000000,0.178000000,0.526000000
16:55:27,230719,50.599812653,-123.435068388,513.773000000,16,0.178000000,0.178000000,0.526000000
16:55:28,230719,50.599812722,-123.435068447,513.810000000,16,0.178000000,0.178000000,0.526000000
16:55:29,230719,50.599812743,-123.435068310,513.827000000,16,0.178000000,0.178000000,0.526000000
16:55:30,230719,50.599812772,-123.435068257,513.836000000,16,0.178000000,0.178000000,0.527000000
16:55:31,230719,50.599812785,-123.435068225,513.837000000,16,0.178000000,0.178000000,0.527000000
16:55:32,230719,50.599812788,-123.435068257,513.838000000,16,0.178000000,0.178000000,0.527000000
16:55:33,230719,50.599812700,-123.435068260,513.785000000,16,0.178000000,0.178000000,0.527000000
16:55:34,230719,50.599812650,-123.435068252,513.769000000,16,0.178000000,0.178000000,0.527000000
16:55:35,230719,50.599812612,-123.435068268,513.745000000,16,0.178000000,0.178000000,0.527000000
16:55:36,230719,50.599812567,-123.435068237,513.722000000,16,0.178000000,0.178000000,0.527000000
16:55:37,230719,50.599812565,-123.435068202,513.702000000,16,0.178000000,0.178000000,0.527000000
16:55:38,230719,50.599812608,-123.435068192,513.727000000,16,0.178000000,0.178000000,0.527000000
16:55:39,230719,50.599812617,-123.435068175,513.715000000,16,0.178000000,0.178000000,0.527000000
16:55:40,230719,50.599812627,-123.435068270,513.677000000,16,0.178000000,0.178000000,0.527000000
16:55:41,230719,50.599812660,-123.435068230,513.707000000,16,0.178000000,0.178000000,0.527000000
16:55:42,230719,50.599812622,-123.435068227,513.714000000,16,0.178000000,0.178000000,0.527000000
16:55:43,230719,50.599812670,-123.435068123,513.743000000,16,0.178000000,0.178000000,0.527000000
16:55:44,230719,50.599812848,-123.435068295,513.775000000,16,0.178000000,0.178000000,0.527000000
16:55:45,230719,50.599812920,-123.435068368,513.819000000,16,0.178000000,0.178000000,0.527000000
16:55:46,230719,50.599812875,-123.435068260,513.842000000,16,0.178000000,0.178000000,0.527000000
16:55:47,230719,50.599812798,-123.435068278,513.828000000,16,0.178000000,0.178000000,0.527000000
16:55:48,230719,50.599812772,-123.435068082,513.851000000,16,0.178000000,0.178000000,0.527000000
16:55:49,230719,50.599812722,-123.435067975,513.861000000,15,0.178000000,0.178000000,0.527000000
16:55:50,230719,50.599812748,-123.435067918,513.879000000,16,0.212000000,0.220000000,0.864000000
16:55:51,230719,50.599812723,-123.435067998,513.860000000,16,0.178000000,0.178000000,0.527000000
16:55:52,230719,50.599812677,-123.435067995,513.819000000,16,0.178000000,0.178000000,0.527000000
16:55:53,230719,50.599812718,-123.435068213,513.792000000,16,0.178000000,0.178000000,0.527000000
16:55:54,230719,50.599812667,-123.435068158,513.797000000,16,0.178000000,0.178000000,0.527000000
16:55:55,230719,50.599812545,-123.435068108,513.797000000,16,0.178000000,0.178000000,0.527000000
16:55:56,230719,50.599812500,-123.435068178,513.780000000,16,0.178000000,0.178000000,0.527000000
16:55:57,230719,50.599812420,-123.435068085,513.775000000,16,0.178000000,0.178000000,0.527000000
16:55:58,230719,50.599812480,-123.435068097,513.789000000,16,0.178000000,0.178000000,0.527000000
16:55:59,230719,50.599812472,-123.435068002,513.794000000,16,0.178000000,0.178000000,0.527000000
16:56:00,230719,50.599812438,-123.435067917,513.784000000,16,0.178000000,0.178000000,0.527000000
16:56:01,230719,50.599812417,-123.435067893,513.781000000,16,0.178000000,0.178000000,0.527000000
16:56:02,230719,50.599812420,-123.435067950,513.780000000,16,0.178000000,0.178000000,0.528000000
16:56:03,230719,50.599812435,-123.435067962,513.783000000,16,0.178000000,0.178000000,0.528000000
16:56:04,230719,50.599812425,-123.435067872,513.842000000,16,0.178000000,0.178000000,0.528000000
16:56:05,230719,50.599812418,-123.435067857,513.860000000,16,0.178000000,0.178000000,0.528000000
16:56:06,230719,50.599812362,-123.435067855,513.870000000,16,0.178000000,0.178000000,0.528000000
16:56:07,230719,50.599812360,-123.435067907,513.847000000,16,0.178000000,0.178000000,0.528000000
16:56:08,230719,50.599812432,-123.435067923,513.847000000,16,0.178000000,0.178000000,0.528000000
16:56:09,230719,50.599812250,-123.435067903,513.852000000,16,0.178000000,0.178000000,0.528000000
16:56:10,230719,50.599812328,-123.435067907,513.833000000,16,0.178000000,0.178000000,0.528000000
16:56:11,230719,50.599812358,-123.435067870,513.835000000,16,0.178000000,0.178000000,0.528000000
16:56:12,230719,50.599812388,-123.435067898,513.853000000,16,0.178000000,0.178000000,0.528000000
16:56:13,230719,50.599812385,-123.435067935,513.851000000,16,0.178000000,0.178000000,0.528000000
16:56:14,230719,50.599812377,-123.435067932,513.867000000,16,0.178000000,0.178000000,0.528000000
16:56:15,230719,50.599812367,-123.435067978,513.872000000,16,0.178000000,0.178000000,0.528000000
16:56:16,230719,50.599812347,-123.435068003,513.868000000,16,0.178000000,0.178000000,0.528000000
16:56:17,230719,50.599812350,-123.435067948,513.880000000,16,0.178000000,0.178000000,0.528000000
16:56:18,230719,50.599812365,-123.435068028,513.875000000,16,0.178000000,0.178000000,0.528000000
16:56:19,230719,50.599812343,-123.435067985,513.886000000,16,0.178000000,0.178000000,0.528000000
16:56:20,230719,50.599812315,-123.435067943,513.904000000,16,0.178000000,0.178000000,0.528000000
16:56:21,230719,50.599812288,-123.435067918,513.909000000,16,0.178000000,0.178000000,0.528000000
16:56:22,230719,50.599812272,-123.435067925,513.925000000,16,0.178000000,0.178000000,0.528000000
16:56:23,230719,50.599812230,-123.435067957,513.935000000,16,0.179000000,0.178000000,0.528000000
16:56:24,230719,50.599812257,-123.435067940,513.957000000,16,0.179000000,0.178000000,0.528000000
16:56:25,230719,50.599812257,-123.435067940,513.948000000,16,0.179000000,0.178000000,0.528000000
16:56:26,230719,50.599812227,-123.435067938,513.940000000,16,0.179000000,0.178000000,0.528000000
16:56:27,230719,50.599812168,-123.435067940,513.931000000,16,0.179000000,0.178000000,0.528000000
16:56:28,230719,50.599812105,-123.435067842,513.933000000,16,0.179000000,0.178000000,0.528000000
16:56:29,230719,50.599812075,-123.435067850,513.927000000,16,0.179000000,0.178000000,0.528000000
16:56:30,230719,50.599812050,-123.435067808,513.936000000,16,0.179000000,0.178000000,0.528000000
16:56:31,230719,50.599812078,-123.435067838,513.938000000,16,0.179000000,0.178000000,0.528000000
16:56:32,230719,50.599812108,-123.435067793,513.956000000,16,0.179000000,0.178000000,0.528000000
16:56:33,230719,50.599812078,-123.435067693,513.966000000,16,0.179000000,0.178000000,0.528000000
16:56:34,230719,50.599812047,-123.435067652,513.985000000,16,0.179000000,0.178000000,0.528000000
16:56:35,230719,50.599812083,-123.435067650,513.979000000,16,0.179000000,0.178000000,0.529000000
16:56:36,230719,50.599812122,-123.435067582,513.991000000,16,0.179000000,0.178000000,0.529000000
16:56:37,230719,50.599812120,-123.435067617,513.974000000,16,0.179000000,0.178000000,0.529000000
16:56:38,230719,50.599812122,-123.435067580,513.964000000,16,0.179000000,0.178000000,0.529000000
16:56:39,230719,50.599812130,-123.435067583,513.947000000,16,0.179000000,0.178000000,0.529000000
16:56:40,230719,50.599812110,-123.435067580,513.931000000,16,0.179000000,0.178000000,0.529000000
16:56:41,230719,50.599812122,-123.435067573,513.934000000,16,0.179000000,0.178000000,0.529000000
16:56:42,230719,50.599812153,-123.435067595,513.939000000,16,0.179000000,0.178000000,0.529000000
16:56:43,230719,50.599812232,-123.435067652,513.962000000,16,0.179000000,0.178000000,0.529000000
16:56:44,230719,50.599812227,-123.435067620,513.939000000,16,0.179000000,0.178000000,0.529000000
16:56:45,230719,50.599812277,-123.435067757,513.949000000,16,0.179000000,0.178000000,0.529000000
16:56:46,230719,50.599812272,-123.435067697,513.956000000,16,0.179000000,0.178000000,0.529000000
16:56:47,230719,50.599812232,-123.435067675,513.951000000,16,0.179000000,0.178000000,0.529000000
16:56:48,230719,50.599812193,-123.435067652,513.942000000,16,0.179000000,0.178000000,0.529000000
16:56:49,230719,50.599812147,-123.435067628,513.948000000,16,0.179000000,0.178000000,0.529000000
16:56:50,230719,50.599812133,-123.435067642,513.953000000,16,0.179000000,0.178000000,0.529000000
16:56:51,230719,50.599812107,-123.435067648,513.954000000,16,0.179000000,0.178000000,0.529000000
16:56:52,230719,50.599812078,-123.435067675,513.946000000,16,0.179000000,0.178000000,0.529000000
16:56:53,230719,50.599812080,-123.435067657,513.948000000,16,0.179000000,0.178000000,0.529000000
16:56:54,230719,50.599812118,-123.435067655,513.947000000,16,0.179000000,0.178000000,0.529000000
16:56:55,230719,50.599812167,-123.435067770,513.968000000,16,0.179000000,0.178000000,0.529000000
16:56:56,230719,50.599812140,-123.435067672,513.987000000,16,0.179000000,0.178000000,0.529000000
16:56:57,230719,50.599812138,-123.435067638,513.981000000,16,0.179000000,0.178000000,0.529000000
16:56:58,230719,50.599812110,-123.435067618,513.982000000,16,0.179000000,0.178000000,0.529000000
16:56:59,230719,50.599812077,-123.435067565,513.994000000,16,0.179000000,0.178000000,0.529000000
16:57:00,230719,50.599812035,-123.435067508,513.993000000,16,0.179000000,0.178000000,0.529000000
16:57:01,230719,50.599812043,-123.435067512,513.974000000,16,0.179000000,0.178000000,0.529000000
16:57:02,230719,50.599812075,-123.435067502,513.966000000,16,0.179000000,0.178000000,0.529000000
16:57:03,230719,50.599812092,-123.435067437,513.966000000,16,0.179000000,0.178000000,0.529000000
16:57:04,230719,50.599812113,-123.435067412,513.973000000,16,0.179000000,0.178000000,0.529000000
16:57:05,230719,50.599812127,-123.435067435,513.976000000,16,0.179000000,0.178000000,0.529000000
16:57:06,230719,50.599812140,-123.435067440,513.981000000,16,0.179000000,0.178000000,0.529000000
16:57:07,230719,50.599812160,-123.435067420,513.978000000,16,0.179000000,0.178000000,0.529000000
16:57:08,230719,50.599812170,-123.435067402,513.972000000,16,0.179000000,0.178000000,0.529000000
16:57:09,230719,50.599812173,-123.435067415,513.973000000,16,0.179000000,0.178000000,0.529000000
16:57:10,230719,50.599812128,-123.435067342,513.931000000,16,0.179000000,0.178000000,0.529000000
16:57:11,230719,50.599812213,-123.435067603,513.914000000,16,0.179000000,0.178000000,0.530000000
16:57:12,230719,50.599812235,-123.435067625,513.912000000,16,0.179000000,0.178000000,0.530000000
16:57:13,230719,50.599812182,-123.435067532,513.893000000,16,0.179000000,0.178000000,0.530000000
16:57:14,230719,50.599812130,-123.435067495,513.877000000,16,0.179000000,0.178000000,0.530000000
16:57:15,230719,50.599812098,-123.435067495,513.859000000,16,0.179000000,0.178000000,0.530000000
16:57:16,230719,50.599812078,-123.435067488,513.841000000,16,0.179000000,0.178000000,0.530000000
16:57:17,230719,50.599812052,-123.435067438,513.824000000,16,0.179000000,0.178000000,0.530000000
16:57:18,230719,50.599812040,-123.435067448,513.807000000,16,0.179000000,0.178000000,0.530000000
16:57:19,230719,50.599812018,-123.435067475,513.796000000,16,0.179000000,0.178000000,0.530000000
16:57:20,230719,50.599812013,-123.435067480,513.787000000,16,0.179000000,0.178000000,0.530000000
16:57:21,230719,50.599812017,-123.435067443,513.788000000,16,0.179000000,0.178000000,0.530000000
16:57:22,230719,50.599812035,-123.435067435,513.787000000,16,0.179000000,0.178000000,0.530000000
16:57:23,230719,50.599812042,-123.435067417,513.796000000,16,0.179000000,0.178000000,0.530000000
16:57:24,230719,50.599812047,-123.435067395,513.800000000,16,0.179000000,0.178000000,0.530000000
16:57:25,230719,50.599812058,-123.435067365,513.803000000,16,0.179000000,0.178000000,0.530000000
16:57:26,230719,50.599812065,-123.435067368,513.793000000,16,0.179000000,0.178000000,0.530000000
16:57:27,230719,50.599812063,-123.435067363,513.784000000,16,0.179000000,0.178000000,0.530000000
16:57:28,230719,50.599812065,-123.435067340,513.777000000,16,0.179000000,0.178000000,0.530000000
16:57:29,230719,50.599812058,-123.435067300,513.775000000,16,0.179000000,0.178000000,0.530000000
16:57:30,230719,50.599812063,-123.435067320,513.763000000,16,0.179000000,0.178000000,0.530000000
16:57:31,230719,50.599812058,-123.435067343,513.760000000,16,0.179000000,0.178000000,0.530000000
16:57:32,230719,50.599812037,-123.435067332,513.761000000,16,0.179000000,0.178000000,0.530000000
16:57:33,230719,50.599812037,-123.435067300,513.758000000,16,0.179000000,0.178000000,0.530000000
16:57:34,230719,50.599812050,-123.435067262,513.752000000,16,0.179000000,0.178000000,0.530000000
16:57:35,230719,50.599812080,-123.435067262,513.746000000,16,0.179000000,0.178000000,0.530000000
16:57:36,230719,50.599812105,-123.435067248,513.746000000,16,0.179000000,0.178000000,0.530000000
16:57:37,230719,50.599812137,-123.435067220,513.753000000,16,0.179000000,0.178000000,0.530000000
16:57:38,230719,50.599812138,-123.435067173,513.762000000,16,0.179000000,0.178000000,0.530000000
16:57:39,230719,50.599812153,-123.435067143,513.762000000,16,0.179000000,0.178000000,0.530000000
16:57:40,230719,50.599812167,-123.435067137,513.760000000,16,0.179000000,0.178000000,0.530000000
16:57:41,230719,50.599812192,-123.435067142,513.756000000,16,0.179000000,0.178000000,0.530000000
16:57:42,230719,50.599812205,-123.435067130,513.761000000,16,0.179000000,0.178000000,0.530000000
16:57:43,230719,50.599812228,-123.435067098,513.773000000,16,0.179000000,0.178000000,0.530000000
16:57:44,230719,50.599812220,-123.435067098,513.772000000,16,0.179000000,0.178000000,0.530000000
16:57:45,230719,50.599812203,-123.435067100,513.767000000,16,0.179000000,0.178000000,0.530000000
16:57:46,230719,50.599812227,-123.435067122,513.761000000,16,0.179000000,0.178000000,0.530000000
16:57:47,230719,50.599812222,-123.435067100,513.763000000,16,0.179000000,0.178000000,0.530000000
16:57:48,230719,50.599812223,-123.435067085,513.753000000,16,0.179000000,0.178000000,0.530000000
16:57:49,230719,50.599812243,-123.435067077,513.743000000,16,0.179000000,0.178000000,0.530000000
16:57:50,230719,50.599812250,-123.435067070,513.731000000,16,0.179000000,0.178000000,0.530000000
16:57:51,230719,50.599812272,-123.435067058,513.724000000,16,0.179000000,0.178000000,0.530000000
16:57:52,230719,50.599812272,-123.435067112,513.719000000,16,0.179000000,0.178000000,0.530000000
16:57:53,230719,50.599812278,-123.435067105,513.714000000,16,0.179000000,0.178000000,0.531000000
16:57:54,230719,50.599812282,-123.435067125,513.705000000,16,0.179000000,0.178000000,0.531000000
16:57:55,230719,50.599812280,-123.435067152,513.702000000,16,0.179000000,0.178000000,0.531000000
16:57:56,230719,50.599812278,-123.435067140,513.709000000,16,0.179000000,0.178000000,0.531000000
16:57:57,230719,50.599812308,-123.435067127,513.731000000,16,0.179000000,0.178000000,0.531000000
16:57:58,230719,50.599812335,-123.435067098,513.749000000,16,0.179000000,0.178000000,0.531000000
16:57:59,230719,50.599812368,-123.435067083,513.760000000,16,0.179000000,0.178000000,0.531000000
16:58:00,230719,50.599812365,-123.435067090,513.761000000,16,0.179000000,0.178000000,0.531000000
16:58:01,230719,50.599812357,-123.435067118,513.770000000,16,0.179000000,0.178000000,0.531000000
16:58:02,230719,50.599812382,-123.435067090,513.783000000,16,0.179000000,0.178000000,0.531000000
16:58:03,230719,50.599812395,-123.435067105,513.787000000,16,0.179000000,0.178000000,0.531000000
16:58:04,230719,50.599812392,-123.435067148,513.776000000,16,0.179000000,0.178000000,0.531000000
16:58:05,230719,50.599812397,-123.435067197,513.766000000,16,0.179000000,0.178000000,0.531000000
16:58:06,230719,50.599812387,-123.435067218,513.768000000,16,0.179000000,0.178000000,0.531000000
16:58:07,230719,50.599812380,-123.435067252,513.775000000,16,0.179000000,0.178000000,0.531000000
16:58:08,230719,50.599812360,-123.435067275,513.776000000,16,0.179000000,0.178000000,0.531000000
16:58:09,230719,50.599812338,-123.435067307,513.774000000,16,0.179000000,0.178000000,0.531000000
16:58:10,230719,50.599812327,-123.435067322,513.772000000,16,0.179000000,0.178000000,0.531000000
16:58:11,230719,50.599812325,-123.435067335,513.772000000,16,0.179000000,0.178000000,0.531000000
16:58:12,230719,50.599812345,-123.435067348,513.761000000,16,0.179000000,0.178000000,0.531000000
16:58:13,230719,50.599812343,-123.435067330,513.762000000,16,0.179000000,0.178000000,0.531000000
16:58:14,230719,50.599812343,-123.435067348,513.761000000,16,0.179000000,0.178000000,0.531000000
16:58:15,230719,50.599812342,-123.435067342,513.766000000,16,0.179000000,0.178000000,0.531000000
16:58:16,230719,50.599812357,-123.435067290,513.767000000,16,0.179000000,0.178000000,0.531000000
16:58:17,230719,50.599812368,-123.435067278,513.776000000,16,0.179000000,0.178000000,0.531000000
16:58:18,230719,50.599812387,-123.435067282,513.777000000,16,0.179000000,0.178000000,0.531000000
16:58:19,230719,50.599812380,-123.435067245,513.784000000,16,0.179000000,0.178000000,0.531000000
16:58:20,230719,50.599812383,-123.435067265,513.782000000,16,0.179000000,0.178000000,0.531000000
16:58:21,230719,50.599812393,-123.435067220,513.788000000,16,0.179000000,0.178000000,0.531000000
16:58:22,230719,50.599812395,-123.435067165,513.793000000,16,0.179000000,0.178000000,0.531000000
16:58:23,230719,50.599812387,-123.435067135,513.793000000,16,0.179000000,0.178000000,0.531000000
16:58:24,230719,50.599812377,-123.435067110,513.803000000,16,0.179000000,0.178000000,0.531000000
16:58:25,230719,50.599812380,-123.435067113,513.811000000,16,0.179000000,0.178000000,0.531000000
16:58:26,230719,50.599812368,-123.435067113,513.808000000,16,0.179000000,0.178000000,0.531000000
16:58:27,230719,50.599812337,-123.435067097,513.818000000,16,0.179000000,0.178000000,0.531000000
16:58:28,230719,50.599812352,-123.435067095,513.815000000,16,0.179000000,0.178000000,0.531000000
16:58:29,230719,50.599812343,-123.435067060,513.811000000,16,0.179000000,0.178000000,0.531000000
16:58:30,230719,50.599812340,-123.435067063,513.813000000,16,0.179000000,0.178000000,0.531000000
16:58:31,230719,50.599812343,-123.435067048,513.816000000,16,0.179000000,0.178000000,0.531000000
16:58:32,230719,50.599812320,-123.435067048,513.813000000,16,0.179000000,0.178000000,0.531000000
16:58:33,230719,50.599812312,-123.435067030,513.804000000,16,0.179000000,0.178000000,0.531000000
16:58:34,230719,50.599812302,-123.435067062,513.787000000,16,0.179000000,0.178000000,0.531000000
16:58:35,230719,50.599812298,-123.435067068,513.778000000,16,0.179000000,0.178000000,0.531000000
16:58:36,230719,50.599812298,-123.435067078,513.768000000,16,0.179000000,0.178000000,0.531000000
16:58:37,230719,50.599812295,-123.435067070,513.763000000,16,0.179000000,0.178000000,0.531000000
16:58:38,230719,50.599812297,-123.435067047,513.765000000,16,0.179000000,0.178000000,0.531000000
16:58:39,230719,50.599812297,-123.435067020,513.778000000,16,0.179000000,0.178000000,0.531000000
16:58:40,230719,50.599812308,-123.435067008,513.783000000,16,0.179000000,0.178000000,0.531000000
16:58:41,230719,50.599812327,-123.435066998,513.780000000,16,0.179000000,0.178000000,0.531000000
16:58:42,230719,50.599812347,-123.435066987,513.782000000,16,0.179000000,0.178000000,0.531000000
16:58:43,230719,50.599812368,-123.435066982,513.778000000,16,0.179000000,0.178000000,0.531000000
16:58:44,230719,50.599812380,-123.435066982,513.790000000,16,0.179000000,0.178000000,0.532000000
16:58:45,230719,50.599812385,-123.435066948,513.804000000,16,0.179000000,0.178000000,0.532000000
16:58:46,230719,50.599812383,-123.435066910,513.815000000,16,0.179000000,0.178000000,0.532000000
16:58:47,230719,50.599812402,-123.435066937,513.816000000,16,0.179000000,0.178000000,0.532000000
16:58:48,230719,50.599812392,-123.435066943,513.822000000,16,0.179000000,0.178000000,0.532000000
16:58:49,230719,50.599812392,-123.435066972,513.827000000,16,0.179000000,0.178000000,0.532000000
16:58:50,230719,50.599812402,-123.435067000,513.828000000,16,0.179000000,0.178000000,0.532000000
16:58:51,230719,50.599812400,-123.435067013,513.819000000,16,0.179000000,0.178000000,0.532000000
16:58:52,230719,50.599812368,-123.435067053,513.804000000,16,0.179000000,0.178000000,0.532000000
16:58:53,230719,50.599812353,-123.435067088,513.794000000,16,0.179000000,0.178000000,0.532000000
16:58:54,230719,50.599812343,-123.435067110,513.784000000,16,0.179000000,0.178000000,0.532000000
16:58:55,230719,50.599812342,-123.435067143,513.774000000,16,0.179000000,0.178000000,0.532000000
16:58:56,230719,50.599812325,-123.435067155,513.778000000,16,0.179000000,0.178000000,0.532000000
16:58:57,230719,50.599812313,-123.435067147,513.783000000,16,0.179000000,0.178000000,0.532000000
16:58:58,230719,50.599812307,-123.435067163,513.788000000,16,0.179000000,0.178000000,0.532000000
16:58:59,230719,50.599812292,-123.435067188,513.792000000,16,0.179000000,0.178000000,0.532000000
16:59:00,230719,50.599812262,-123.435067227,513.792000000,16,0.179000000,0.178000000,0.532000000
16:59:01,230719,50.599812215,-123.435067262,513.796000000,16,0.179000000,0.178000000,0.532000000
16:59:02,230719,50.599812195,-123.435067318,513.805000000,16,0.179000000,0.178000000,0.532000000
16:59:03,230719,50.599812195,-123.435067320,513.815000000,16,0.179000000,0.178000000,0.532000000
16:59:04,230719,50.599812173,-123.435067367,513.820000000,16,0.179000000,0.178000000,0.532000000
16:59:05,230719,50.599812152,-123.435067318,513.830000000,16,0.179000000,0.178000000,0.532000000
16:59:06,230719,50.599812140,-123.435067295,513.843000000,16,0.179000000,0.178000000,0.532000000
16:59:07,230719,50.599812143,-123.435067295,513.844000000,16,0.179000000,0.178000000,0.532000000
16:59:08,230719,50.599812128,-123.435067307,513.850000000,16,0.179000000,0.178000000,0.532000000
16:59:09,230719,50.599812117,-123.435067317,513.856000000,16,0.179000000,0.178000000,0.532000000
16:59:10,230719,50.599812102,-123.435067340,513.859000000,16,0.179000000,0.178000000,0.532000000
16:59:11,230719,50.599812078,-123.435067335,513.862000000,16,0.179000000,0.178000000,0.532000000
16:59:12,230719,50.599812058,-123.435067323,513.863000000,16,0.179000000,0.178000000,0.532000000
16:59:13,230719,50.599812052,-123.435067337,513.861000000,16,0.179000000,0.178000000,0.532000000
16:59:14,230719,50.599812047,-123.435067333,513.857000000,16,0.179000000,0.178000000,0.532000000
16:59:15,230719,50.599812033,-123.435067353,513.849000000,16,0.179000000,0.178000000,0.532000000
16:59:16,230719,50.599812013,-123.435067357,513.846000000,16,0.179000000,0.178000000,0.532000000
16:59:17,230719,50.599812002,-123.435067393,513.847000000,16,0.179000000,0.178000000,0.532000000
16:59:18,230719,50.599811992,-123.435067410,513.847000000,16,0.179000000,0.178000000,0.532000000
16:59:19,230719,50.599811948,-123.435067340,513.853000000,16,0.179000000,0.178000000,0.532000000
16:59:20,230719,50.599811945,-123.435067338,513.853000000,16,0.179000000,0.178000000,0.532000000
16:59:21,230719,50.599811983,-123.435067360,513.861000000,16,0.179000000,0.178000000,0.532000000
16:59:22,230719,50.599812008,-123.435067362,513.869000000,16,0.179000000,0.178000000,0.532000000
16:59:23,230719,50.599812020,-123.435067337,513.882000000,16,0.179000000,0.178000000,0.532000000
16:59:24,230719,50.599812018,-123.435067307,513.891000000,16,0.179000000,0.178000000,0.532000000
16:59:25,230719,50.599812020,-123.435067280,513.895000000,16,0.179000000,0.178000000,0.532000000
16:59:26,230719,50.599812008,-123.435067293,513.888000000,16,0.179000000,0.179000000,0.532000000
16:59:27,230719,50.599812000,-123.435067318,513.880000000,16,0.179000000,0.179000000,0.532000000
16:59:28,230719,50.599811983,-123.435067323,513.882000000,16,0.179000000,0.179000000,0.532000000
16:59:29,230719,50.599811962,-123.435067282,513.883000000,16,0.179000000,0.179000000,0.532000000
16:59:30,230719,50.599811950,-123.435067233,513.876000000,16,0.179000000,0.179000000,0.532000000
16:59:31,230719,50.599811940,-123.435067165,513.881000000,16,0.179000000,0.179000000,0.532000000
16:59:32,230719,50.599811928,-123.435067120,513.880000000,16,0.179000000,0.179000000,0.532000000
16:59:33,230719,50.599811927,-123.435067088,513.876000000,16,0.179000000,0.179000000,0.532000000
16:59:34,230719,50.599811933,-123.435067080,513.881000000,16,0.179000000,0.179000000,0.532000000
16:59:35,230719,50.599811928,-123.435067062,513.888000000,16,0.179000000,0.179000000,0.532000000
16:59:36,230719,50.599811927,-123.435066995,513.911000000,16,0.179000000,0.179000000,0.532000000
16:59:37,230719,50.599811942,-123.435066935,513.929000000,16,0.179000000,0.179000000,0.532000000
16:59:38,230719,50.599811968,-123.435066913,513.938000000,16,0.179000000,0.179000000,0.532000000
16:59:39,230719,50.599811985,-123.435066870,513.959000000,16,0.179000000,0.179000000,0.532000000
16:59:40,230719,50.599811987,-123.435066825,513.975000000,16,0.179000000,0.179000000,0.532000000
16:59:41,230719,50.599811962,-123.435066780,514.000000000,16,0.179000000,0.179000000,0.532000000
16:59:42,230719,50.599811983,-123.435066785,514.008000000,16,0.179000000,0.179000000,0.532000000
16:59:43,230719,50.599812000,-123.435066770,514.010000000,16,0.179000000,0.179000000,0.532000000
16:59:44,230719,50.599811995,-123.435066735,514.005000000,16,0.179000000,0.179000000,0.532000000
16:59:45,230719,50.599811985,-123.435066720,513.992000000,16,0.179000000,0.179000000,0.532000000
16:59:46,230719,50.599811950,-123.435066733,513.980000000,16,0.179000000,0.179000000,0.532000000
16:59:47,230719,50.599811998,-123.435066713,513.984000000,16,0.179000000,0.179000000,0.532000000
16:59:48,230719,50.599811963,-123.435066680,513.972000000,16,0.179000000,0.179000000,0.532000000
16:59:49,230719,50.599811990,-123.435066658,513.973000000,16,0.179000000,0.179000000,0.532000000
16:59:50,230719,50.599812018,-123.435066647,513.972000000,16,0.179000000,0.179000000,0.533000000
16:59:51,230719,50.599812067,-123.435066602,513.980000000,16,0.179000000,0.179000000,0.533000000
16:59:52,230719,50.599812092,-123.435066552,513.994000000,16,0.179000000,0.179000000,0.533000000
16:59:53,230719,50.599812118,-123.435066548,513.997000000,16,0.179000000,0.179000000,0.533000000
16:59:54,230719,50.599812180,-123.435066532,514.022000000,16,0.179000000,0.179000000,0.533000000
16:59:55,230719,50.599812133,-123.435066558,514.009000000,16,0.179000000,0.179000000,0.533000000
16:59:56,230719,50.599812133,-123.435066503,514.015000000,16,0.179000000,0.179000000,0.533000000
16:59:57,230719,50.599812125,-123.435066467,514.008000000,16,0.179000000,0.179000000,0.533000000
16:59:58,230719,50.599812125,-123.435066473,514.002000000,16,0.179000000,0.179000000,0.533000000
16:59:59,230719,50.599812100,-123.435066978,514.003000000,16,0.179000000,0.179000000,0.533000000
17:00:00,230719,50.599812270,-123.435067087,513.981000000,16,0.179000000,0.179000000,0.533000000
17:00:01,230719,50.599812573,-123.435067230,513.989000000,16,0.179000000,0.179000000,0.533000000
17:00:02,230719,50.599812723,-123.435067233,513.996000000,16,0.179000000,0.179000000,0.533000000
17:00:03,230719,50.599812945,-123.435067752,513.909000000,5,2.140000000,2.527000000,4.892000000
17:00:04,230719,50.599812642,-123.435067398,513.910000000,5,2.140000000,2.527000000,4.892000000
17:00:05,230719,50.599811963,-123.435067387,513.823000000,5,2.140000000,2.527000000,4.892000000
17:00:06,230719,50.599811287,-123.435067747,513.750000000,5,3.520000000,4.158000000,8.048000000
17:00:07,230719,50.599805740,-123.435066777,512.734000000,5,3.520000000,4.158000000,8.048000000
17:00:08,230719,50.599798640,-123.435066353,511.623000000,5,3.520000000,4.158000000,8.048000000
17:00:09,230719,50.599792458,-123.435066077,510.642000000,5,3.957000000,4.677000000,9.051000000
17:00:10,230719,50.599783338,-123.435094225,518.164000000,15,2.864000000,2.340000000,7.589000000
17:00:11,230719,50.599786003,-123.435084092,517.044000000,16,2.253000000,2.251000000,6.709000000
17:00:12,230719,50.599789398,-123.435080235,516.654000000,16,1.960000000,1.958000000,5.838000000
17:00:13,230719,50.599793137,-123.435077600,516.628000000,16,1.960000000,1.958000000,5.838000000
17:00:14,230719,50.599795623,-123.435075347,516.325000000,16,1.960000000,1.958000000,5.838000000
17:00:15,230719,50.599797400,-123.435073312,516.121000000,16,1.510000000,1.509000000,4.497000000
17:00:16,230719,50.599799572,-123.435071428,516.271000000,16,1.247000000,1.246000000,3.714000000
17:00:17,230719,50.599800780,-123.435069938,516.151000000,16,1.247000000,1.246000000,3.714000000
17:00:18,230719,50.599801445,-123.435068645,516.017000000,16,1.247000000,1.246000000,3.714000000
17:00:19,230719,50.599802123,-123.435067638,515.905000000,16,0.893000000,0.893000000,2.661000000
17:00:20,230719,50.599802460,-123.435068090,515.683000000,9,1.013000000,0.816000000,2.667000000
17:00:21,230719,50.599801978,-123.435067777,515.543000000,5,2.206000000,2.610000000,5.050000000
17:00:22,230719,50.599801362,-123.435067322,515.434000000,5,2.206000000,2.610000000,5.050000000
17:00:23,230719,50.599800628,-123.435066980,515.194000000,5,2.206000000,2.610000000,5.050000000
17:00:24,230719,50.599800152,-123.435066637,515.049000000,5,4.153000000,4.913000000,9.506000000
17:00:25,230719,50.599799427,-123.435067760,514.925000000,4,523.927000000,2272.349000000,5996.739000000
17:00:26,230719,50.599795612,-123.435066863,514.071000000,4,523.927000000,2272.349000000,5996.739000000
17:00:27,230719,50.599789637,-123.435067065,513.038000000,4,523.927000000,2272.349000000,5996.739000000
17:00:28,230719,50.599783940,-123.435066983,512.050000000,4,518.336000000,2250.138000000,5926.237000000
17:00:29,230719,50.599823668,-123.435037765,516.339000000,14,3.030000000,2.689000000,8.305000000
17:00:30,230719,50.599823168,-123.435039752,516.357000000,14,2.914000000,2.586000000,7.988000000
17:00:31,230719,50.599823075,-123.435044157,516.399000000,14,2.914000000,2.586000000,7.988000000
17:00:32,230719,50.599820918,-123.435047485,515.973000000,15,1.908000000,1.982000000,5.558000000
17:00:33,230719,50.599818457,-123.435048942,515.650000000,15,1.908000000,1.982000000,5.558000000
17:00:34,230719,50.599817465,-123.435050988,515.529000000,16,1.483000000,1.483000000,4.418000000
17:00:35,230719,50.599816997,-123.435053370,515.468000000,16,1.365000000,1.365000000,4.067000000
17:00:36,230719,50.599816502,-123.435055133,515.415000000,16,1.365000000,1.365000000,4.067000000
17:00:37,230719,50.599816005,-123.435056420,515.388000000,16,1.365000000,1.365000000,4.067000000
17:00:38,230719,50.599815525,-123.435057390,515.396000000,16,0.971000000,0.971000000,2.894000000
17:00:39,230719,50.599815067,-123.435058190,515.408000000,16,0.971000000,0.971000000,2.894000000
17:00:40,230719,50.599814623,-123.435058872,515.397000000,16,0.971000000,0.971000000,2.894000000
17:00:41,230719,50.599814288,-123.435059518,515.368000000,16,0.674000000,0.674000000,2.008000000
17:00:42,230719,50.599814007,-123.435060118,515.323000000,16,0.674000000,0.674000000,2.008000000
17:00:43,230719,50.599813738,-123.435060662,515.269000000,16,0.674000000,0.674000000,2.008000000
17:00:44,230719,50.599813490,-123.435061083,515.213000000,16,0.467000000,0.467000000,1.391000000
17:00:45,230719,50.599813240,-123.435061408,515.159000000,16,0.467000000,0.467000000,1.391000000
17:00:46,230719,50.599813047,-123.435061693,515.106000000,16,0.467000000,0.467000000,1.391000000
17:00:47,230719,50.599812858,-123.435061893,515.068000000,16,0.326000000,0.326000000,0.970000000
17:00:48,230719,50.599812707,-123.435062022,515.032000000,16,0.326000000,0.326000000,0.970000000
17:00:49,230719,50.599812617,-123.435062172,514.999000000,16,0.326000000,0.326000000,0.970000000
17:00:50,230719,50.599812568,-123.435062262,514.967000000,16,0.234000000,0.234000000,0.696000000
17:00:51,230719,50.599812532,-123.435062373,514.946000000,16,0.234000000,0.234000000,0.696000000
17:00:52,230719,50.599812508,-123.435062462,514.930000000,16,0.234000000,0.234000000,0.696000000
17:00:53,230719,50.599812520,-123.435062533,514.909000000,16,0.179000000,0.179000000,0.533000000
17:00:54,230719,50.599812502,-123.435062633,514.889000000,16,0.179000000,0.179000000,0.533000000
17:00:55,230719,50.599812477,-123.435062742,514.863000000,16,0.179000000,0.179000000,0.533000000
17:00:56,230719,50.599812438,-123.435062878,514.833000000,16,0.179000000,0.179000000,0.533000000
17:00:57,230719,50.599812425,-123.435062980,514.801000000,16,0.179000000,0.179000000,0.533000000
17:00:58,230719,50.599812382,-123.435063097,514.764000000,16,0.179000000,0.179000000,0.533000000
17:00:59,230719,50.599812358,-123.435063160,514.739000000,16,0.179000000,0.179000000,0.533000000
17:01:00,230719,50.599812343,-123.435063153,514.716000000,16,0.179000000,0.179000000,0.533000000
17:01:01,230719,50.599812350,-123.435063083,514.698000000,16,0.179000000,0.179000000,0.533000000
17:01:02,230719,50.599812375,-123.435063068,514.686000000,16,0.179000000,0.179000000,0.533000000
17:01:03,230719,50.599812415,-123.435063117,514.664000000,16,0.179000000,0.179000000,0.533000000
17:01:04,230719,50.599812440,-123.435063250,514.633000000,16,0.179000000,0.179000000,0.533000000
17:01:05,230719,50.599812477,-123.435063300,514.624000000,16,0.179000000,0.179000000,0.533000000
17:01:06,230719,50.599812437,-123.435063380,514.588000000,16,0.179000000,0.179000000,0.533000000
17:01:07,230719,50.599812403,-123.435063502,514.551000000,16,0.179000000,0.179000000,0.533000000
17:01:08,230719,50.599812375,-123.435063642,514.519000000,16,0.179000000,0.179000000,0.533000000
17:01:09,230719,50.599812378,-123.435063798,514.496000000,16,0.179000000,0.179000000,0.533000000
17:01:10,230719,50.599812417,-123.435063905,514.485000000,16,0.179000000,0.179000000,0.533000000
17:01:11,230719,50.599812435,-123.435063990,514.473000000,16,0.179000000,0.179000000,0.533000000
17:01:12,230719,50.599812428,-123.435064055,514.462000000,16,0.179000000,0.179000000,0.533000000
17:01:13,230719,50.599812385,-123.435064148,514.456000000,16,0.179000000,0.179000000,0.533000000
17:01:14,230719,50.599812358,-123.435064253,514.431000000,16,0.179000000,0.179000000,0.533000000
17:01:15,230719,50.599812278,-123.435064350,514.399000000,16,0.179000000,0.179000000,0.533000000
17:01:16,230719,50.599812223,-123.435064367,514.381000000,16,0.179000000,0.179000000,0.533000000
17:01:17,230719,50.599812067,-123.435064425,514.340000000,16,0.179000000,0.179000000,0.533000000
17:01:18,230719,50.599811982,-123.435064532,514.296000000,16,0.179000000,0.179000000,0.533000000
17:01:19,230719,50.599812005,-123.435064573,514.283000000,16,0.179000000,0.179000000,0.533000000
17:01:20,230719,50.599812065,-123.435064610,514.292000000,16,0.179000000,0.179000000,0.533000000
17:01:21,230719,50.599812083,-123.435064605,514.299000000,16,0.179000000,0.179000000,0.533000000
17:01:22,230719,50.599812027,-123.435064633,514.285000000,16,0.179000000,0.179000000,0.533000000
17:01:23,230719,50.599811947,-123.435064643,514.268000000,16,0.179000000,0.179000000,0.533000000
17:01:24,230719,50.599811907,-123.435064647,514.260000000,16,0.179000000,0.179000000,0.533000000
17:01:25,230719,50.599811930,-123.435064643,514.266000000,16,0.179000000,0.179000000,0.533000000
17:01:26,230719,50.599811963,-123.435064617,514.282000000,16,0.179000000,0.179000000,0.533000000
17:01:27,230719,50.599812012,-123.435064645,514.293000000,16,0.179000000,0.179000000,0.533000000
17:01:28,230719,50.599812048,-123.435064678,514.301000000,16,0.179000000,0.179000000,0.533000000
17:01:29,230719,50.599812058,-123.435064697,514.306000000,16,0.179000000,0.179000000,0.533000000
17:01:30,230719,50.599812107,-123.435064673,514.317000000,16,0.179000000,0.179000000,0.533000000
17:01:31,230719,50.599812098,-123.435064630,514.318000000,16,0.179000000,0.179000000,0.533000000
17:01:32,230719,50.599812003,-123.435064675,514.287000000,16,0.179000000,0.179000000,0.533000000
17:01:33,230719,50.599812032,-123.435064625,514.288000000,16,0.179000000,0.179000000,0.533000000
17:01:34,230719,50.599812032,-123.435064592,514.288000000,16,0.179000000,0.179000000,0.533000000
17:01:35,230719,50.599812047,-123.435064562,514.282000000,16,0.179000000,0.179000000,0.533000000
17:01:36,230719,50.599812070,-123.435064542,514.276000000,16,0.179000000,0.179000000,0.533000000
17:01:37,230719,50.599812097,-123.435064560,514.268000000,16,0.179000000,0.179000000,0.533000000
17:01:38,230719,50.599812110,-123.435064555,514.268000000,16,0.179000000,0.179000000,0.533000000
17:01:39,230719,50.599812127,-123.435064538,514.282000000,16,0.179000000,0.179000000,0.533000000
17:01:40,230719,50.599812158,-123.435064522,514.301000000,16,0.179000000,0.179000000,0.533000000
17:01:41,230719,50.599812205,-123.435064530,514.316000000,16,0.179000000,0.179000000,0.533000000
17:01:42,230719,50.599812247,-123.435064557,514.338000000,16,0.179000000,0.179000000,0.533000000
17:01:43,230719,50.599812255,-123.435064577,514.360000000,16,0.179000000,0.179000000,0.533000000
17:01:44,230719,50.599812253,-123.435064577,514.385000000,16,0.179000000,0.179000000,0.533000000
17:01:45,230719,50.599812257,-123.435064577,514.408000000,16,0.179000000,0.179000000,0.533000000
17:01:46,230719,50.599812277,-123.435064588,514.424000000,16,0.179000000,0.179000000,0.533000000
17:01:47,230719,50.599812288,-123.435064612,514.440000000,16,0.179000000,0.179000000,0.533000000
17:01:48,230719,50.599812298,-123.435064622,514.466000000,16,0.179000000,0.179000000,0.533000000
17:01:49,230719,50.599812295,-123.435064590,514.502000000,16,0.179000000,0.179000000,0.533000000
17:01:50,230719,50.599812297,-123.435064548,514.525000000,16,0.179000000,0.179000000,0.533000000
17:01:51,230719,50.599812342,-123.435064523,514.536000000,16,0.179000000,0.179000000,0.533000000
17:01:52,230719,50.599812385,-123.435064508,514.541000000,16,0.179000000,0.179000000,0.533000000
17:01:53,230719,50.599812417,-123.435064450,514.552000000,16,0.179000000,0.179000000,0.533000000
17:01:54,230719,50.599812442,-123.435064418,514.568000000,16,0.179000000,0.179000000,0.533000000
17:01:55,230719,50.599812470,-123.435064363,514.590000000,16,0.179000000,0.179000000,0.533000000
17:01:56,230719,50.599812517,-123.435064413,514.599000000,16,0.179000000,0.179000000,0.533000000
17:01:57,230719,50.599812567,-123.435064452,514.595000000,16,0.179000000,0.179000000,0.533000000
17:01:58,230719,50.599812582,-123.435064453,514.598000000,16,0.179000000,0.179000000,0.533000000
17:01:59,230719,50.599812592,-123.435064450,514.604000000,16,0.179000000,0.179000000,0.533000000
17:02:00,230719,50.599812592,-123.435064420,514.612000000,16,0.179000000,0.179000000,0.533000000
17:02:01,230719,50.599812623,-123.435064398,514.617000000,16,0.179000000,0.179000000,0.533000000
17:02:02,230719,50.599812643,-123.435064373,514.622000000,16,0.179000000,0.179000000,0.533000000
17:02:03,230719,50.599812642,-123.435064372,514.622000000,16,0.179000000,0.179000000,0.533000000
17:02:04,230719,50.599812635,-123.435064365,514.621000000,16,0.179000000,0.179000000,0.533000000
17:02:05,230719,50.599812610,-123.435064367,514.615000000,16,0.179000000,0.179000000,0.533000000
17:02:06,230719,50.599812588,-123.435064373,514.608000000,16,0.179000000,0.180000000,0.533000000
17:02:07,230719,50.599812608,-123.435064373,514.607000000,16,0.179000000,0.180000000,0.533000000
17:02:08,230719,50.599812625,-123.435064378,514.615000000,16,0.179000000,0.180000000,0.533000000
17:02:09,230719,50.599812658,-123.435064352,514.633000000,16,0.179000000,0.180000000,0.533000000
17:02:10,230719,50.599812665,-123.435064322,514.640000000,16,0.179000000,0.180000000,0.533000000
17:02:11,230719,50.599812697,-123.435064295,514.647000000,16,0.179000000,0.180000000,0.533000000
17:02:12,230719,50.599812735,-123.435064273,514.663000000,16,0.179000000,0.180000000,0.533000000
17:02:13,230719,50.599812750,-123.435064232,514.683000000,16,0.179000000,0.180000000,0.533000000
17:02:14,230719,50.599812767,-123.435064175,514.694000000,16,0.179000000,0.180000000,0.533000000
17:02:15,230719,50.599812785,-123.435064137,514.709000000,16,0.179000000,0.180000000,0.533000000
17:02:16,230719,50.599812798,-123.435064118,514.717000000,16,0.179000000,0.180000000,0.533000000
17:02:17,230719,50.599812823,-123.435064097,514.723000000,16,0.179000000,0.180000000,0.533000000
17:02:18,230719,50.599812843,-123.435064078,514.730000000,16,0.179000000,0.180000000,0.533000000
17:02:19,230719,50.599812862,-123.435064108,514.735000000,16,0.179000000,0.180000000,0.533000000
17:02:20,230719,50.599812873,-123.435064123,514.738000000,16,0.179000000,0.180000000,0.533000000
17:02:21,230719,50.599812875,-123.435064175,514.735000000,16,0.179000000,0.180000000,0.533000000
17:02:22,230719,50.599812873,-123.435064238,514.737000000,16,0.179000000,0.180000000,0.533000000
17:02:23,230719,50.599812890,-123.435064300,514.726000000,16,0.179000000,0.180000000,0.533000000
17:02:24,230719,50.599812883,-123.435064333,514.721000000,16,0.179000000,0.180000000,0.533000000
17:02:25,230719,50.599812877,-123.435064360,514.705000000,16,0.179000000,0.180000000,0.533000000
17:02:26,230719,50.599812868,-123.435064395,514.697000000,16,0.179000000,0.180000000,0.533000000
17:02:27,230719,50.599812850,-123.435064425,514.692000000,16,0.179000000,0.180000000,0.533000000
17:02:28,230719,50.599812833,-123.435064465,514.687000000,16,0.179000000,0.180000000,0.533000000
17:02:29,230719,50.599812820,-123.435064503,514.683000000,16,0.179000000,0.180000000,0.533000000
17:02:30,230719,50.599812822,-123.435064542,514.681000000,16,0.179000000,0.180000000,0.533000000
17:02:31,230719,50.599812845,-123.435064572,514.683000000,16,0.179000000,0.180000000,0.533000000
17:02:32,230719,50.599812858,-123.435064592,514.682000000,16,0.179000000,0.180000000,0.533000000
17:02:33,230719,50.599812893,-123.435064612,514.685000000,16,0.179000000,0.180000000,0.533000000
17:02:34,230719,50.599812930,-123.435064623,514.689000000,16,0.179000000,0.180000000,0.533000000
17:02:35,230719,50.599812957,-123.435064627,514.695000000,16,0.179000000,0.180000000,0.533000000
17:02:36,230719,50.599812977,-123.435064647,514.701000000,16,0.179000000,0.180000000,0.533000000
17:02:37,230719,50.599813013,-123.435064653,514.706000000,16,0.179000000,0.180000000,0.533000000
17:02:38,230719,50.599813037,-123.435064653,514.718000000,16,0.179000000,0.180000000,0.533000000
17:02:39,230719,50.599813042,-123.435064637,514.734000000,16,0.179000000,0.180000000,0.533000000
17:02:40,230719,50.599813035,-123.435064618,514.749000000,16,0.179000000,0.180000000,0.533000000
17:02:41,230719,50.599813125,-123.435064643,514.766000000,16,0.179000000,0.180000000,0.533000000
17:02:42,230719,50.599813112,-123.435064628,514.767000000,16,0.179000000,0.180000000,0.533000000
17:02:43,230719,50.599813110,-123.435064607,514.778000000,16,0.179000000,0.180000000,0.533000000
17:02:44,230719,50.599813133,-123.435064647,514.776000000,16,0.179000000,0.180000000,0.533000000
17:02:45,230719,50.599813138,-123.435064638,514.772000000,16,0.179000000,0.180000000,0.533000000
17:02:46,230719,50.599813112,-123.435064632,514.767000000,16,0.179000000,0.180000000,0.533000000
17:02:47,230719,50.599813098,-123.435064642,514.766000000,16,0.179000000,0.180000000,0.533000000
17:02:48,230719,50.599813077,-123.435064653,514.754000000,16,0.179000000,0.180000000,0.533000000
17:02:49,230719,50.599813060,-123.435064638,514.747000000,16,0.179000000,0.180000000,0.533000000
17:02:50,230719,50.599813067,-123.435064612,514.740000000,16,0.179000000,0.180000000,0.533000000
17:02:51,230719,50.599813060,-123.435064578,514.742000000,16,0.179000000,0.180000000,0.533000000
17:02:52,230719,50.599813083,-123.435064552,514.736000000,16,0.179000000,0.180000000,0.533000000
17:02:53,230719,50.599813095,-123.435064527,514.734000000,16,0.179000000,0.180000000,0.533000000
17:02:54,230719,50.599813120,-123.435064533,514.731000000,16,0.179000000,0.180000000,0.533000000
17:02:55,230719,50.599813117,-123.435064540,514.737000000,16,0.179000000,0.180000000,0.533000000
17:02:56,230719,50.599813142,-123.435064543,514.744000000,16,0.179000000,0.180000000,0.533000000
17:02:57,230719,50.599813170,-123.435064542,514.754000000,16,0.179000000,0.180000000,0.533000000
17:02:58,230719,50.599813197,-123.435064515,514.757000000,16,0.179000000,0.180000000,0.533000000
17:02:59,230719,50.599813210,-123.435064497,514.760000000,16,0.179000000,0.180000000,0.533000000
17:03:00,230719,50.599813252,-123.435064425,514.770000000,16,0.179000000,0.180000000,0.533000000
17:03:01,230719,50.599813275,-123.435064350,514.781000000,16,0.179000000,0.180000000,0.533000000
17:03:02,230719,50.599813285,-123.435064297,514.785000000,16,0.179000000,0.180000000,0.533000000
17:03:03,230719,50.599813263,-123.435064293,514.777000000,16,0.179000000,0.180000000,0.533000000
17:03:04,230719,50.599813253,-123.435064267,514.765000000,16,0.179000000,0.180000000,0.533000000
17:03:05,230719,50.599813258,-123.435064253,514.757000000,16,0.179000000,0.180000000,0.533000000
17:03:06,230719,50.599813262,-123.435064232,514.760000000,16,0.179000000,0.180000000,0.533000000
17:03:07,230719,50.599813250,-123.435064213,514.766000000,16,0.179000000,0.180000000,0.533000000
17:03:08,230719,50.599813233,-123.435064237,514.758000000,16,0.179000000,0.180000000,0.533000000
17:03:09,230719,50.599813198,-123.435064295,514.752000000,16,0.179000000,0.180000000,0.533000000
17:03:10,230719,50.599813162,-123.435064302,514.741000000,16,0.179000000,0.180000000,0.533000000
17:03:11,230719,50.599813118,-123.435064277,514.731000000,16,0.179000000,0.180000000,0.533000000
17:03:12,230719,50.599813077,-123.435064262,514.727000000,16,0.179000000,0.180000000,0.533000000
17:03:13,230719,50.599813067,-123.435064308,514.714000000,16,0.179000000,0.180000000,0.533000000
17:03:14,230719,50.599813035,-123.435064320,514.704000000,16,0.179000000,0.180000000,0.533000000
17:03:15,230719,50.599813032,-123.435064313,514.701000000,16,0.179000000,0.180000000,0.533000000
17:03:16,230719,50.599813005,-123.435064295,514.703000000,16,0.179000000,0.180000000,0.533000000
17:03:17,230719,50.599812987,-123.435064305,514.698000000,16,0.179000000,0.180000000,0.533000000
17:03:18,230719,50.599812982,-123.435064348,514.697000000,16,0.179000000,0.180000000,0.533000000
17:03:19,230719,50.599812973,-123.435064388,514.690000000,16,0.179000000,0.180000000,0.533000000
17:03:20,230719,50.599812968,-123.435064403,514.683000000,16,0.179000000,0.180000000,0.533000000
17:03:21,230719,50.599812968,-123.435064420,514.690000000,16,0.179000000,0.180000000,0.533000000
17:03:22,230719,50.599812953,-123.435064435,514.696000000,16,0.179000000,0.180000000,0.533000000
17:03:23,230719,50.599812953,-123.435064432,514.705000000,16,0.179000000,0.180000000,0.533000000
17:03:24,230719,50.599812952,-123.435064392,514.714000000,16,0.179000000,0.180000000,0.533000000
17:03:25,230719,50.599812952,-123.435064367,514.711000000,16,0.179000000,0.180000000,0.533000000
17:03:26,230719,50.599812940,-123.435064350,514.701000000,16,0.179000000,0.180000000,0.533000000
17:03:27,230719,50.599812903,-123.435064385,514.682000000,16,0.179000000,0.180000000,0.533000000
17:03:28,230719,50.599812867,-123.435064393,514.671000000,16,0.179000000,0.180000000,0.533000000
17:03:29,230719,50.599812840,-123.435064398,514.661000000,16,0.179000000,0.180000000,0.533000000
17:03:30,230719,50.599812822,-123.435064418,514.644000000,16,0.179000000,0.180000000,0.533000000
17:03:31,230719,50.599812805,-123.435064445,514.627000000,16,0.179000000,0.180000000,0.533000000
17:03:32,230719,50.599812790,-123.435064462,514.614000000,16,0.179000000,0.180000000,0.533000000
17:03:33,230719,50.599812780,-123.435064448,514.609000000,16,0.179000000,0.180000000,0.533000000
17:03:34,230719,50.599812760,-123.435064437,514.610000000,16,0.179000000,0.180000000,0.533000000
17:03:35,230719,50.599812760,-123.435064438,514.599000000,16,0.179000000,0.180000000,0.533000000
17:03:36,230719,50.599812770,-123.435064412,514.593000000,16,0.179000000,0.180000000,0.533000000
17:03:37,230719,50.599812795,-123.435064393,514.597000000,16,0.179000000,0.180000000,0.533000000
17:03:38,230719,50.599812832,-123.435064355,514.614000000,16,0.179000000,0.180000000,0.533000000
17:03:39,230719,50.599812890,-123.435064333,514.631000000,16,0.179000000,0.180000000,0.533000000
17:03:40,230719,50.599812922,-123.435064335,514.636000000,16,0.179000000,0.180000000,0.533000000
17:03:41,230719,50.599812920,-123.435064315,514.648000000,16,0.179000000,0.180000000,0.533000000
17:03:42,230719,50.599812897,-123.435064302,514.659000000,16,0.179000000,0.180000000,0.533000000
17:03:43,230719,50.599812900,-123.435064318,514.664000000,16,0.179000000,0.180000000,0.533000000
17:03:44,230719,50.599812905,-123.435064355,514.654000000,16,0.179000000,0.180000000,0.533000000
17:03:45,230719,50.599812892,-123.435064373,514.641000000,16,0.179000000,0.180000000,0.533000000
17:03:46,230719,50.599812873,-123.435064408,514.634000000,16,0.179000000,0.180000000,0.533000000
17:03:47,230719,50.599812863,-123.435064437,514.624000000,16,0.179000000,0.180000000,0.533000000
17:03:48,230719,50.599812868,-123.435064447,514.617000000,16,0.179000000,0.180000000,0.533000000
17:03:49,230719,50.599812878,-123.435064470,514.616000000,16,0.179000000,0.180000000,0.533000000
17:03:50,230719,50.599812873,-123.435064468,514.615000000,16,0.179000000,0.180000000,0.533000000
17:03:51,230719,50.599812862,-123.435064478,514.611000000,16,0.179000000,0.180000000,0.533000000
17:03:52,230719,50.599812867,-123.435064470,514.598000000,16,0.179000000,0.180000000,0.533000000
17:03:53,230719,50.599812873,-123.435064487,514.587000000,16,0.179000000,0.180000000,0.533000000
17:03:54,230719,50.599812853,-123.435064508,514.583000000,16,0.179000000,0.181000000,0.533000000
17:03:55,230719,50.599812845,-123.435064558,514.579000000,16,0.179000000,0.181000000,0.533000000
17:03:56,230719,50.599812853,-123.435064593,514.576000000,16,0.179000000,0.181000000,0.533000000
17:03:57,230719,50.599812858,-123.435064620,514.573000000,16,0.179000000,0.181000000,0.533000000
17:03:58,230719,50.599812868,-123.435064625,514.574000000,16,0.179000000,0.181000000,0.533000000
17:03:59,230719,50.599812892,-123.435064612,514.575000000,16,0.179000000,0.181000000,0.533000000
17:04:00,230719,50.599812898,-123.435064570,514.574000000,16,0.179000000,0.181000000,0.533000000
17:04:01,230719,50.599812930,-123.435064528,514.576000000,16,0.179000000,0.181000000,0.533000000
17:04:02,230719,50.599812947,-123.435064498,514.576000000,16,0.179000000,0.181000000,0.533000000
17:04:03,230719,50.599812977,-123.435064435,514.589000000,16,0.179000000,0.181000000,0.533000000
17:04:04,230719,50.599813003,-123.435064393,514.599000000,16,0.179000000,0.181000000,0.533000000
17:04:05,230719,50.599813038,-123.435064363,514.604000000,16,0.179000000,0.181000000,0.533000000
17:04:06,230719,50.599813047,-123.435064338,514.611000000,16,0.179000000,0.181000000,0.533000000
17:04:07,230719,50.599813050,-123.435064377,514.613000000,16,0.179000000,0.181000000,0.533000000
17:04:08,230719,50.599813092,-123.435064395,514.624000000,16,0.179000000,0.181000000,0.533000000
17:04:09,230719,50.599813085,-123.435064445,514.630000000,16,0.179000000,0.181000000,0.533000000
17:04:10,230719,50.599813078,-123.435064442,514.626000000,16,0.179000000,0.181000000,0.533000000
17:04:11,230719,50.599813080,-123.435064448,514.621000000,16,0.179000000,0.181000000,0.533000000
17:04:12,230719,50.599813060,-123.435064465,514.610000000,16,0.179000000,0.181000000,0.533000000
17:04:13,230719,50.599813057,-123.435064485,514.595000000,16,0.179000000,0.181000000,0.533000000
17:04:14,230719,50.599813082,-123.435064463,514.595000000,16,0.179000000,0.181000000,0.533000000
17:04:15,230719,50.599813052,-123.435064477,514.585000000,16,0.179000000,0.181000000,0.533000000
17:04:16,230719,50.599813022,-123.435064492,514.573000000,16,0.179000000,0.181000000,0.533000000
17:04:17,230719,50.599813003,-123.435064482,514.567000000,16,0.179000000,0.181000000,0.533000000
17:04:18,230719,50.599812987,-123.435064505,514.560000000,16,0.179000000,0.181000000,0.533000000
17:04:19,230719,50.599812967,-123.435064580,514.544000000,16,0.179000000,0.181000000,0.533000000
17:04:20,230719,50.599812975,-123.435064633,514.537000000,16,0.179000000,0.181000000,0.533000000
17:04:21,230719,50.599812962,-123.435064637,514.544000000,16,0.179000000,0.181000000,0.533000000
17:04:22,230719,50.599812950,-123.435064662,514.530000000,16,0.179000000,0.181000000,0.533000000
17:04:23,230719,50.599812970,-123.435064665,514.535000000,16,0.179000000,0.181000000,0.533000000
17:04:24,230719,50.599812977,-123.435064655,514.542000000,16,0.179000000,0.181000000,0.533000000
17:04:25,230719,50.599812987,-123.435064628,514.543000000,16,0.179000000,0.181000000,0.533000000
17:04:26,230719,50.599812992,-123.435064602,514.539000000,16,0.179000000,0.181000000,0.533000000
17:04:27,230719,50.599812998,-123.435064588,514.536000000,16,0.179000000,0.181000000,0.533000000
17:04:28,230719,50.599813003,-123.435064570,514.533000000,16,0.179000000,0.181000000,0.533000000
17:04:29,230719,50.599812995,-123.435064547,514.528000000,16,0.179000000,0.181000000,0.533000000
17:04:30,230719,50.599812962,-123.435064533,514.528000000,16,0.179000000,0.181000000,0.532000000
17:04:31,230719,50.599812963,-123.435064528,514.523000000,16,0.179000000,0.181000000,0.532000000
17:04:32,230719,50.599812947,-123.435064555,514.508000000,16,0.179000000,0.181000000,0.532000000
17:04:33,230719,50.599812922,-123.435064590,514.497000000,16,0.179000000,0.181000000,0.532000000
17:04:34,230719,50.599812888,-123.435064615,514.478000000,16,0.179000000,0.181000000,0.532000000
17:04:35,230719,50.599812873,-123.435064663,514.468000000,16,0.179000000,0.181000000,0.532000000
17:04:36,230719,50.599812853,-123.435064702,514.451000000,16,0.179000000,0.181000000,0.532000000
17:04:37,230719,50.599812857,-123.435064713,514.443000000,16,0.179000000,0.181000000,0.532000000
17:04:38,230719,50.599812857,-123.435064737,514.441000000,16,0.179000000,0.181000000,0.532000000
17:04:39,230719,50.599812862,-123.435064743,514.444000000,16,0.179000000,0.181000000,0.532000000
17:04:40,230719,50.599812867,-123.435064758,514.445000000,16,0.179000000,0.181000000,0.532000000
17:04:41,230719,50.599812880,-123.435064783,514.441000000,16,0.179000000,0.181000000,0.532000000
17:04:42,230719,50.599812877,-123.435064773,514.435000000,16,0.179000000,0.181000000,0.532000000
17:04:43,230719,50.599812873,-123.435064813,514.427000000,16,0.179000000,0.181000000,0.532000000
17:04:44,230719,50.599812872,-123.435064868,514.411000000,16,0.179000000,0.181000000,0.532000000
17:04:45,230719,50.599812862,-123.435064903,514.400000000,16,0.179000000,0.181000000,0.532000000
17:04:46,230719,50.599812855,-123.435064925,514.391000000,16,0.179000000,0.181000000,0.532000000
17:04:47,230719,50.599812857,-123.435064970,514.382000000,16,0.179000000,0.181000000,0.532000000
17:04:48,230719,50.599812862,-123.435064975,514.372000000,16,0.179000000,0.181000000,0.532000000
17:04:49,230719,50.599812878,-123.435064915,514.372000000,16,0.179000000,0.181000000,0.532000000
17:04:50,230719,50.599812912,-123.435064867,514.377000000,16,0.179000000,0.181000000,0.532000000
17:04:51,230719,50.599812953,-123.435064817,514.383000000,16,0.179000000,0.181000000,0.532000000
17:04:52,230719,50.599812985,-123.435064793,514.388000000,16,0.179000000,0.181000000,0.532000000
17:04:53,230719,50.599812998,-123.435064757,514.394000000,16,0.179000000,0.181000000,0.532000000
17:04:54,230719,50.599812995,-123.435064750,514.401000000,16,0.179000000,0.181000000,0.532000000
17:04:55,230719,50.599813005,-123.435064753,514.401000000,16,0.179000000,0.181000000,0.532000000
17:04:56,230719,50.599813010,-123.435064772,514.391000000,16,0.179000000,0.181000000,0.532000000
17:04:57,230719,50.599813005,-123.435064783,514.385000000,16,0.179000000,0.181000000,0.532000000
17:04:58,230719,50.599812992,-123.435064807,514.372000000,16,0.179000000,0.181000000,0.532000000
17:04:59,230719,50.599812982,-123.435064847,514.361000000,16,0.179000000,0.181000000,0.532000000
17:05:00,230719,50.599812975,-123.435064865,514.351000000,16,0.179000000,0.181000000,0.532000000
17:05:01,230719,50.599812953,-123.435064893,514.343000000,16,0.179000000,0.181000000,0.532000000
17:05:02,230719,50.599812943,-123.435064898,514.333000000,16,0.179000000,0.181000000,0.532000000
17:05:03,230719,50.599812928,-123.435064903,514.321000000,16,0.179000000,0.181000000,0.532000000
17:05:04,230719,50.599812922,-123.435064902,514.310000000,16,0.179000000,0.181000000,0.532000000
17:05:05,230719,50.599812900,-123.435064900,514.302000000,16,0.179000000,0.181000000,0.532000000
17:05:06,230719,50.599812873,-123.435064898,514.295000000,16,0.179000000,0.181000000,0.532000000
17:05:07,230719,50.599812848,-123.435064885,514.284000000,16,0.179000000,0.181000000,0.532000000
17:05:08,230719,50.599812837,-123.435064905,514.269000000,16,0.179000000,0.181000000,0.532000000
17:05:09,230719,50.599812832,-123.435064910,514.261000000,16,0.179000000,0.181000000,0.532000000
17:05:10,230719,50.599812842,-123.435064910,514.264000000,16,0.179000000,0.181000000,0.532000000
17:05:11,230719,50.599812833,-123.435064910,514.265000000,16,0.179000000,0.181000000,0.532000000
17:05:12,230719,50.599812832,-123.435064930,514.255000000,16,0.179000000,0.181000000,0.532000000
17:05:13,230719,50.599812845,-123.435064970,514.249000000,16,0.179000000,0.181000000,0.532000000
17:05:14,230719,50.599812865,-123.435064980,514.246000000,16,0.179000000,0.181000000,0.532000000
17:05:15,230719,50.599812877,-123.435064957,514.256000000,16,0.179000000,0.181000000,0.532000000
17:05:16,230719,50.599812878,-123.435064940,514.261000000,16,0.179000000,0.181000000,0.532000000
17:05:17,230719,50.599812890,-123.435064980,514.254000000,16,0.179000000,0.181000000,0.532000000
17:05:18,230719,50.599812893,-123.435064977,514.255000000,16,0.179000000,0.181000000,0.532000000
17:05:19,230719,50.599812890,-123.435064977,514.261000000,16,0.179000000,0.181000000,0.532000000
17:05:20,230719,50.599812897,-123.435064990,514.269000000,16,0.179000000,0.181000000,0.532000000
17:05:21,230719,50.599812900,-123.435064972,514.281000000,16,0.179000000,0.182000000,0.532000000
17:05:22,230719,50.599812910,-123.435064948,514.282000000,16,0.179000000,0.182000000,0.532000000
17:05:23,230719,50.599812932,-123.435064950,514.280000000,16,0.179000000,0.182000000,0.532000000
17:05:24,230719,50.599812928,-123.435064967,514.274000000,16,0.179000000,0.182000000,0.532000000
17:05:25,230719,50.599812912,-123.435064962,514.274000000,16,0.179000000,0.182000000,0.532000000
17:05:26,230719,50.599812882,-123.435064933,514.270000000,16,0.179000000,0.182000000,0.532000000
17:05:27,230719,50.599812887,-123.435064902,514.269000000,16,0.179000000,0.182000000,0.532000000
