TIME,DATE(ddMMyy),LATITUDEGGA,LONGITUDEGGA,ALTITUDEGGA,NUMBERSAT,LATERR,LONGERR,ALTERR
22:24:33,190719,50.638002043,-123.534621118,1834.236000000,19,0.157000000,0.118000000,0.367000000
22:24:34,190719,50.638002070,-123.534621088,1834.238000000,19,0.157000000,0.118000000,0.367000000
22:24:35,190719,50.638002105,-123.534621092,1834.237000000,19,0.157000000,0.118000000,0.367000000
22:24:36,190719,50.638002128,-123.534621085,1834.236000000,19,0.157000000,0.118000000,0.367000000
22:24:37,190719,50.638002143,-123.534621075,1834.233000000,19,0.157000000,0.118000000,0.367000000
22:24:38,190719,50.638002158,-123.534621075,1834.229000000,19,0.157000000,0.118000000,0.367000000
22:24:39,190719,50.638002188,-123.534621078,1834.227000000,19,0.157000000,0.118000000,0.367000000
22:24:40,190719,50.638002235,-123.534621062,1834.225000000,19,0.157000000,0.118000000,0.366000000
22:24:41,190719,50.638002290,-123.534621073,1834.226000000,19,0.157000000,0.118000000,0.366000000
22:24:42,190719,50.638002328,-123.534621065,1834.227000000,19,0.157000000,0.118000000,0.366000000
22:24:43,190719,50.638002343,-123.534621057,1834.230000000,19,0.157000000,0.118000000,0.366000000
22:24:44,190719,50.638002357,-123.534621053,1834.231000000,19,0.157000000,0.118000000,0.366000000
22:24:45,190719,50.638002387,-123.534621078,1834.235000000,19,0.157000000,0.118000000,0.366000000
22:24:46,190719,50.638002412,-123.534621087,1834.233000000,19,0.157000000,0.118000000,0.366000000
22:24:47,190719,50.638002425,-123.534621085,1834.231000000,19,0.157000000,0.118000000,0.366000000
22:24:48,190719,50.638002453,-123.534621075,1834.225000000,19,0.157000000,0.118000000,0.366000000
22:24:49,190719,50.638002465,-123.534621085,1834.224000000,19,0.157000000,0.118000000,0.366000000
22:24:50,190719,50.638002470,-123.534621070,1834.219000000,19,0.157000000,0.118000000,0.366000000
22:24:51,190719,50.638002483,-123.534621075,1834.223000000,19,0.157000000,0.118000000,0.366000000
22:24:52,190719,50.638002477,-123.534621077,1834.222000000,19,0.157000000,0.118000000,0.366000000
22:24:53,190719,50.638002452,-123.534621087,1834.219000000,19,0.157000000,0.118000000,0.366000000
22:24:54,190719,50.638002428,-123.534621075,1834.214000000,19,0.157000000,0.118000000,0.366000000
22:24:55,190719,50.638002408,-123.534621060,1834.212000000,19,0.157000000,0.118000000,0.366000000
22:24:56,190719,50.638002392,-123.534621062,1834.212000000,19,0.157000000,0.118000000,0.366000000
22:24:57,190719,50.638002367,-123.534621072,1834.209000000,19,0.157000000,0.118000000,0.366000000
22:24:58,190719,50.638002375,-123.534621068,1834.210000000,19,0.157000000,0.118000000,0.366000000
22:24:59,190719,50.638002378,-123.534621077,1834.209000000,19,0.157000000,0.118000000,0.366000000
22:25:00,190719,50.638002392,-123.534621063,1834.206000000,19,0.157000000,0.118000000,0.366000000
22:25:01,190719,50.638002400,-123.534621063,1834.206000000,19,0.157000000,0.118000000,0.366000000
22:25:02,190719,50.638002415,-123.534621057,1834.209000000,19,0.157000000,0.118000000,0.366000000
22:25:03,190719,50.638002438,-123.534621075,1834.209000000,19,0.157000000,0.118000000,0.366000000
22:25:04,190719,50.638002443,-123.534621068,1834.206000000,19,0.157000000,0.118000000,0.366000000
22:25:05,190719,50.638002440,-123.534621067,1834.210000000,19,0.157000000,0.118000000,0.366000000
22:25:06,190719,50.638002447,-123.534621070,1834.213000000,19,0.157000000,0.118000000,0.366000000
22:25:07,190719,50.638002460,-123.534621060,1834.217000000,19,0.157000000,0.118000000,0.366000000
22:25:08,190719,50.638002470,-123.534621050,1834.218000000,19,0.157000000,0.118000000,0.366000000
22:25:09,190719,50.638002477,-123.534621070,1834.228000000,19,0.157000000,0.118000000,0.366000000
22:25:10,190719,50.638002463,-123.534621083,1834.225000000,19,0.157000000,0.118000000,0.366000000
22:25:11,190719,50.638002447,-123.534621107,1834.228000000,19,0.157000000,0.118000000,0.366000000
22:25:12,190719,50.638002437,-123.534621098,1834.225000000,19,0.157000000,0.118000000,0.366000000
22:25:13,190719,50.638002432,-123.534621108,1834.224000000,19,0.157000000,0.117000000,0.366000000
22:25:14,190719,50.638002432,-123.534621097,1834.229000000,19,0.157000000,0.117000000,0.366000000
22:25:15,190719,50.638002430,-123.534621105,1834.228000000,19,0.157000000,0.117000000,0.366000000
22:25:16,190719,50.638002427,-123.534621095,1834.223000000,19,0.157000000,0.117000000,0.366000000
22:25:17,190719,50.638002405,-123.534621102,1834.219000000,19,0.157000000,0.117000000,0.366000000
22:25:18,190719,50.638002382,-123.534621135,1834.219000000,19,0.157000000,0.117000000,0.366000000
22:25:19,190719,50.638002362,-123.534621150,1834.221000000,19,0.157000000,0.117000000,0.366000000
22:25:20,190719,50.638002363,-123.534621155,1834.222000000,19,0.157000000,0.117000000,0.366000000
22:25:21,190719,50.638002362,-123.534621157,1834.228000000,19,0.157000000,0.117000000,0.366000000
22:25:22,190719,50.638002373,-123.534621157,1834.229000000,19,0.157000000,0.117000000,0.366000000
22:25:23,190719,50.638002407,-123.534621143,1834.227000000,19,0.157000000,0.117000000,0.366000000
22:25:24,190719,50.638002420,-123.534621145,1834.229000000,19,0.157000000,0.117000000,0.366000000
22:25:25,190719,50.638002430,-123.534621137,1834.230000000,19,0.157000000,0.117000000,0.366000000
22:25:26,190719,50.638002447,-123.534621133,1834.237000000,19,0.157000000,0.117000000,0.366000000
22:25:27,190719,50.638002470,-123.534621118,1834.236000000,19,0.157000000,0.117000000,0.366000000
22:25:28,190719,50.638002463,-123.534621110,1834.236000000,19,0.157000000,0.117000000,0.366000000
22:25:29,190719,50.638002452,-123.534621120,1834.239000000,19,0.157000000,0.117000000,0.366000000
22:25:30,190719,50.638002443,-123.534621120,1834.237000000,19,0.157000000,0.117000000,0.366000000
22:25:31,190719,50.638002440,-123.534621122,1834.238000000,19,0.157000000,0.117000000,0.366000000
22:25:32,190719,50.638002448,-123.534621117,1834.245000000,19,0.157000000,0.117000000,0.366000000
22:25:33,190719,50.638002445,-123.534621128,1834.245000000,19,0.157000000,0.117000000,0.366000000
22:25:34,190719,50.638002437,-123.534621128,1834.247000000,19,0.157000000,0.117000000,0.365000000
22:25:35,190719,50.638002458,-123.534621127,1834.247000000,19,0.157000000,0.117000000,0.365000000
22:25:36,190719,50.638002470,-123.534621130,1834.245000000,19,0.157000000,0.117000000,0.365000000
22:25:37,190719,50.638002473,-123.534621120,1834.246000000,19,0.157000000,0.117000000,0.365000000
22:25:38,190719,50.638002462,-123.534621123,1834.253000000,19,0.157000000,0.117000000,0.365000000
22:25:39,190719,50.638002460,-123.534621122,1834.250000000,19,0.157000000,0.117000000,0.365000000
22:25:40,190719,50.638002465,-123.534621135,1834.251000000,19,0.157000000,0.117000000,0.365000000
22:25:41,190719,50.638002452,-123.534621135,1834.251000000,19,0.157000000,0.117000000,0.365000000
22:25:42,190719,50.638002440,-123.534621155,1834.252000000,19,0.157000000,0.117000000,0.365000000
22:25:43,190719,50.638002427,-123.534621177,1834.258000000,19,0.157000000,0.117000000,0.365000000
22:25:44,190719,50.638002408,-123.534621195,1834.257000000,19,0.157000000,0.117000000,0.365000000
22:25:45,190719,50.638002408,-123.534621227,1834.260000000,19,0.157000000,0.117000000,0.365000000
22:25:46,190719,50.638002413,-123.534621237,1834.256000000,19,0.157000000,0.117000000,0.365000000
22:25:47,190719,50.638002418,-123.534621257,1834.250000000,19,0.157000000,0.117000000,0.365000000
22:25:48,190719,50.638002412,-123.534621255,1834.249000000,19,0.157000000,0.117000000,0.365000000
22:25:49,190719,50.638002410,-123.534621252,1834.253000000,19,0.157000000,0.117000000,0.365000000
22:25:50,190719,50.638002423,-123.534621262,1834.252000000,19,0.157000000,0.117000000,0.365000000
22:25:51,190719,50.638002440,-123.534621255,1834.249000000,19,0.157000000,0.117000000,0.365000000
22:25:52,190719,50.638002457,-123.534621255,1834.246000000,19,0.157000000,0.117000000,0.365000000
22:25:53,190719,50.638002447,-123.534621257,1834.242000000,19,0.157000000,0.117000000,0.365000000
22:25:54,190719,50.638002433,-123.534621245,1834.243000000,19,0.157000000,0.117000000,0.365000000
22:25:55,190719,50.638002440,-123.534621253,1834.251000000,19,0.157000000,0.117000000,0.365000000
22:25:56,190719,50.638002453,-123.534621225,1834.252000000,19,0.157000000,0.117000000,0.365000000
22:25:57,190719,50.638002457,-123.534621248,1834.251000000,19,0.157000000,0.117000000,0.365000000
22:25:58,190719,50.638002462,-123.534621262,1834.243000000,19,0.157000000,0.117000000,0.365000000
22:25:59,190719,50.638002465,-123.534621255,1834.239000000,19,0.157000000,0.117000000,0.365000000
22:26:00,190719,50.638002463,-123.534621265,1834.235000000,19,0.157000000,0.117000000,0.365000000
22:26:01,190719,50.638002478,-123.534621265,1834.236000000,19,0.157000000,0.117000000,0.365000000
22:26:02,190719,50.638002487,-123.534621262,1834.241000000,19,0.157000000,0.117000000,0.365000000
22:26:03,190719,50.638002498,-123.534621263,1834.242000000,19,0.157000000,0.117000000,0.365000000
22:26:04,190719,50.638002500,-123.534621262,1834.235000000,19,0.157000000,0.117000000,0.365000000
22:26:05,190719,50.638002498,-123.534621257,1834.234000000,19,0.157000000,0.117000000,0.365000000
22:26:06,190719,50.638002507,-123.534621270,1834.234000000,19,0.157000000,0.117000000,0.365000000
22:26:07,190719,50.638002517,-123.534621283,1834.235000000,19,0.157000000,0.117000000,0.365000000
22:26:08,190719,50.638002528,-123.534621285,1834.231000000,19,0.157000000,0.117000000,0.365000000
22:26:09,190719,50.638002527,-123.534621310,1834.230000000,19,0.157000000,0.117000000,0.365000000
22:26:10,190719,50.638002527,-123.534621328,1834.229000000,19,0.157000000,0.117000000,0.365000000
22:26:11,190719,50.638002547,-123.534621315,1834.225000000,19,0.157000000,0.117000000,0.365000000
22:26:12,190719,50.638002562,-123.534621318,1834.225000000,19,0.157000000,0.117000000,0.365000000
22:26:13,190719,50.638002592,-123.534621310,1834.229000000,19,0.157000000,0.117000000,0.365000000
22:26:14,190719,50.638002593,-123.534621308,1834.226000000,19,0.157000000,0.117000000,0.365000000
22:26:15,190719,50.638002617,-123.534621302,1834.223000000,19,0.157000000,0.117000000,0.365000000
22:26:16,190719,50.638002625,-123.534621280,1834.217000000,19,0.157000000,0.117000000,0.365000000
22:26:17,190719,50.638002607,-123.534621287,1834.215000000,19,0.157000000,0.117000000,0.365000000
22:26:18,190719,50.638002598,-123.534621303,1834.212000000,19,0.157000000,0.117000000,0.365000000
22:26:19,190719,50.638002605,-123.534621313,1834.209000000,19,0.157000000,0.117000000,0.365000000
22:26:20,190719,50.638002590,-123.534621318,1834.201000000,19,0.157000000,0.117000000,0.365000000
22:26:21,190719,50.638002580,-123.534621337,1834.197000000,19,0.157000000,0.117000000,0.365000000
22:26:22,190719,50.638002592,-123.534621325,1834.194000000,19,0.157000000,0.117000000,0.364000000
22:26:23,190719,50.638002618,-123.534621317,1834.195000000,19,0.157000000,0.117000000,0.364000000
22:26:24,190719,50.638002628,-123.534621322,1834.194000000,19,0.157000000,0.117000000,0.364000000
22:26:25,190719,50.638002658,-123.534621332,1834.194000000,19,0.157000000,0.117000000,0.364000000
22:26:26,190719,50.638002678,-123.534621340,1834.196000000,19,0.157000000,0.117000000,0.364000000
22:26:27,190719,50.638002705,-123.534621335,1834.196000000,19,0.157000000,0.117000000,0.364000000
22:26:28,190719,50.638002707,-123.534621345,1834.197000000,19,0.157000000,0.117000000,0.364000000
22:26:29,190719,50.638002738,-123.534621347,1834.204000000,19,0.157000000,0.117000000,0.364000000
22:26:30,190719,50.638002753,-123.534621375,1834.208000000,19,0.157000000,0.117000000,0.364000000
22:26:31,190719,50.638002773,-123.534621390,1834.214000000,19,0.157000000,0.117000000,0.364000000
22:26:32,190719,50.638002772,-123.534621398,1834.217000000,19,0.157000000,0.117000000,0.364000000
22:26:33,190719,50.638002763,-123.534621405,1834.216000000,19,0.157000000,0.117000000,0.364000000
22:26:34,190719,50.638002762,-123.534621423,1834.215000000,19,0.157000000,0.117000000,0.364000000
22:26:35,190719,50.638002765,-123.534621432,1834.210000000,19,0.157000000,0.117000000,0.364000000
22:26:36,190719,50.638002735,-123.534621430,1834.210000000,19,0.157000000,0.117000000,0.364000000
22:26:37,190719,50.638002713,-123.534621435,1834.214000000,19,0.157000000,0.117000000,0.364000000
22:26:38,190719,50.638002693,-123.534621443,1834.211000000,19,0.157000000,0.117000000,0.364000000
22:26:39,190719,50.638002692,-123.534621457,1834.205000000,19,0.157000000,0.117000000,0.364000000
22:26:40,190719,50.638002678,-123.534621452,1834.203000000,19,0.158000000,0.117000000,0.364000000
22:26:41,190719,50.638002662,-123.534621443,1834.201000000,19,0.158000000,0.117000000,0.364000000
22:26:42,190719,50.638002663,-123.534621450,1834.207000000,19,0.158000000,0.117000000,0.364000000
22:26:43,190719,50.638002670,-123.534621465,1834.207000000,19,0.158000000,0.117000000,0.364000000
22:26:44,190719,50.638002667,-123.534621448,1834.206000000,19,0.158000000,0.117000000,0.364000000
22:26:45,190719,50.638002667,-123.534621443,1834.206000000,19,0.158000000,0.117000000,0.364000000
22:26:46,190719,50.638002685,-123.534621447,1834.206000000,19,0.158000000,0.117000000,0.364000000
22:26:47,190719,50.638002717,-123.534621438,1834.210000000,19,0.158000000,0.117000000,0.364000000
22:26:48,190719,50.638002748,-123.534621442,1834.210000000,19,0.158000000,0.117000000,0.364000000
22:26:49,190719,50.638002768,-123.534621433,1834.209000000,19,0.158000000,0.117000000,0.364000000
22:26:50,190719,50.638002793,-123.534621437,1834.209000000,19,0.158000000,0.117000000,0.364000000
22:26:51,190719,50.638002795,-123.534621440,1834.206000000,19,0.158000000,0.117000000,0.364000000
22:26:52,190719,50.638002795,-123.534621440,1834.205000000,19,0.158000000,0.117000000,0.364000000
22:26:53,190719,50.638002787,-123.534621438,1834.206000000,19,0.158000000,0.117000000,0.364000000
22:26:54,190719,50.638002773,-123.534621445,1834.204000000,19,0.158000000,0.117000000,0.364000000
22:26:55,190719,50.638002768,-123.534621442,1834.204000000,20,0.146000000,0.110000000,0.339000000
22:26:56,190719,50.638002742,-123.534621423,1834.204000000,20,0.146000000,0.110000000,0.339000000
22:26:57,190719,50.638002740,-123.534621428,1834.210000000,20,0.146000000,0.110000000,0.339000000
22:26:58,190719,50.638002728,-123.534621430,1834.208000000,20,0.146000000,0.110000000,0.339000000
22:26:59,190719,50.638002705,-123.534621443,1834.208000000,20,0.146000000,0.110000000,0.339000000
22:27:00,190719,50.638002678,-123.534621448,1834.208000000,20,0.146000000,0.110000000,0.339000000
22:27:01,190719,50.638002642,-123.534621452,1834.209000000,20,0.146000000,0.110000000,0.339000000
22:27:02,190719,50.638002620,-123.534621475,1834.209000000,20,0.146000000,0.110000000,0.339000000
22:27:03,190719,50.638002580,-123.534621467,1834.201000000,20,0.146000000,0.110000000,0.339000000
22:27:04,190719,50.638002603,-123.534621440,1834.195000000,20,0.146000000,0.110000000,0.339000000
22:27:05,190719,50.638002623,-123.534621443,1834.204000000,20,0.146000000,0.110000000,0.339000000
22:27:06,190719,50.638002642,-123.534621442,1834.210000000,20,0.146000000,0.110000000,0.339000000
22:27:07,190719,50.638002653,-123.534621448,1834.214000000,20,0.146000000,0.110000000,0.339000000
22:27:08,190719,50.638002662,-123.534621443,1834.213000000,20,0.146000000,0.110000000,0.339000000
22:27:09,190719,50.638002672,-123.534621440,1834.214000000,20,0.146000000,0.110000000,0.339000000
22:27:10,190719,50.638002700,-123.534621430,1834.216000000,20,0.146000000,0.110000000,0.339000000
22:27:11,190719,50.638002720,-123.534621442,1834.223000000,20,0.146000000,0.110000000,0.339000000
22:27:12,190719,50.638002743,-123.534621435,1834.224000000,20,0.146000000,0.110000000,0.339000000
22:27:13,190719,50.638002755,-123.534621430,1834.220000000,20,0.146000000,0.110000000,0.339000000
22:27:14,190719,50.638002762,-123.534621420,1834.214000000,20,0.146000000,0.110000000,0.339000000
22:27:15,190719,50.638002782,-123.534621407,1834.211000000,20,0.146000000,0.110000000,0.339000000
22:27:16,190719,50.638002778,-123.534621418,1834.211000000,20,0.146000000,0.110000000,0.339000000
22:27:17,190719,50.638002758,-123.534621428,1834.213000000,20,0.146000000,0.110000000,0.339000000
22:27:18,190719,50.638002735,-123.534621437,1834.211000000,20,0.146000000,0.110000000,0.339000000
22:27:19,190719,50.638002712,-123.534621437,1834.208000000,20,0.146000000,0.110000000,0.339000000
22:27:20,190719,50.638002695,-123.534621430,1834.208000000,20,0.146000000,0.110000000,0.339000000
22:27:21,190719,50.638002688,-123.534621432,1834.207000000,20,0.146000000,0.110000000,0.339000000
22:27:22,190719,50.638002680,-123.534621443,1834.207000000,20,0.146000000,0.110000000,0.339000000
22:27:23,190719,50.638002677,-123.534621447,1834.201000000,20,0.146000000,0.110000000,0.339000000
22:27:24,190719,50.638002673,-123.534621433,1834.198000000,20,0.146000000,0.110000000,0.339000000
22:27:25,190719,50.638002675,-123.534621420,1834.193000000,20,0.146000000,0.110000000,0.339000000
22:27:26,190719,50.638002677,-123.534621402,1834.193000000,20,0.146000000,0.110000000,0.339000000
22:27:27,190719,50.638002677,-123.534621412,1834.190000000,20,0.146000000,0.110000000,0.339000000
22:27:28,190719,50.638002677,-123.534621420,1834.185000000,20,0.146000000,0.110000000,0.339000000
22:27:29,190719,50.638002710,-123.534621425,1834.189000000,20,0.146000000,0.110000000,0.339000000
22:27:30,190719,50.638002750,-123.534621407,1834.189000000,20,0.146000000,0.110000000,0.339000000
22:27:31,190719,50.638002773,-123.534621398,1834.188000000,20,0.146000000,0.110000000,0.339000000
22:27:32,190719,50.638002787,-123.534621377,1834.191000000,20,0.146000000,0.110000000,0.339000000
22:27:33,190719,50.638002810,-123.534621362,1834.191000000,20,0.146000000,0.110000000,0.339000000
22:27:34,190719,50.638002838,-123.534621345,1834.187000000,20,0.146000000,0.110000000,0.338000000
22:27:35,190719,50.638002850,-123.534621350,1834.186000000,20,0.146000000,0.110000000,0.338000000
22:27:36,190719,50.638002875,-123.534621332,1834.182000000,20,0.146000000,0.110000000,0.338000000
22:27:37,190719,50.638002882,-123.534621315,1834.177000000,20,0.146000000,0.110000000,0.338000000
22:27:38,190719,50.638002880,-123.534621303,1834.180000000,20,0.146000000,0.110000000,0.338000000
22:27:39,190719,50.638002888,-123.534621297,1834.179000000,20,0.146000000,0.110000000,0.338000000
22:27:40,190719,50.638002882,-123.534621293,1834.178000000,20,0.146000000,0.110000000,0.338000000
22:27:41,190719,50.638002843,-123.534621292,1834.181000000,20,0.146000000,0.110000000,0.338000000
22:27:42,190719,50.638002825,-123.534621300,1834.177000000,20,0.146000000,0.110000000,0.338000000
22:27:43,190719,50.638002793,-123.534621310,1834.172000000,20,0.146000000,0.110000000,0.338000000
22:27:44,190719,50.638002768,-123.534621315,1834.164000000,20,0.146000000,0.110000000,0.338000000
22:27:45,190719,50.638002745,-123.534621325,1834.164000000,20,0.146000000,0.110000000,0.338000000
22:27:46,190719,50.638002723,-123.534621340,1834.159000000,20,0.146000000,0.110000000,0.338000000
22:27:47,190719,50.638002710,-123.534621340,1834.158000000,20,0.146000000,0.110000000,0.338000000
22:27:48,190719,50.638002713,-123.534621352,1834.155000000,20,0.146000000,0.110000000,0.338000000
22:27:49,190719,50.638002710,-123.534621352,1834.154000000,20,0.146000000,0.110000000,0.338000000
22:27:50,190719,50.638002707,-123.534621343,1834.157000000,20,0.146000000,0.110000000,0.338000000
22:27:51,190719,50.638002697,-123.534621335,1834.162000000,20,0.146000000,0.110000000,0.338000000
22:27:52,190719,50.638002702,-123.534621340,1834.166000000,20,0.146000000,0.110000000,0.338000000
22:27:53,190719,50.638002730,-123.534621337,1834.172000000,20,0.146000000,0.110000000,0.338000000
22:27:54,190719,50.638002758,-123.534621325,1834.172000000,20,0.146000000,0.110000000,0.338000000
22:27:55,190719,50.638002772,-123.534621307,1834.175000000,20,0.146000000,0.110000000,0.338000000
22:27:56,190719,50.638002788,-123.534621305,1834.177000000,20,0.146000000,0.110000000,0.338000000
22:27:57,190719,50.638002805,-123.534621290,1834.178000000,20,0.146000000,0.110000000,0.338000000
22:27:58,190719,50.638002803,-123.534621285,1834.177000000,20,0.146000000,0.110000000,0.338000000
22:27:59,190719,50.638002788,-123.534621260,1834.170000000,20,0.146000000,0.110000000,0.338000000
22:28:00,190719,50.638002795,-123.534621253,1834.166000000,20,0.146000000,0.110000000,0.338000000
22:28:01,190719,50.638002803,-123.534621247,1834.168000000,20,0.146000000,0.110000000,0.338000000
22:28:02,190719,50.638002807,-123.534621247,1834.174000000,20,0.146000000,0.110000000,0.338000000
22:28:03,190719,50.638002808,-123.534621260,1834.185000000,20,0.146000000,0.110000000,0.338000000
22:28:04,190719,50.638002805,-123.534621277,1834.192000000,20,0.146000000,0.110000000,0.338000000
22:28:05,190719,50.638002808,-123.534621273,1834.196000000,20,0.146000000,0.110000000,0.338000000
22:28:06,190719,50.638002785,-123.534621288,1834.200000000,20,0.146000000,0.110000000,0.338000000
22:28:07,190719,50.638002788,-123.534621302,1834.199000000,20,0.146000000,0.110000000,0.338000000
22:28:08,190719,50.638002797,-123.534621310,1834.202000000,20,0.146000000,0.110000000,0.338000000
22:28:09,190719,50.638002800,-123.534621322,1834.198000000,20,0.146000000,0.110000000,0.338000000
22:28:10,190719,50.638002820,-123.534621308,1834.198000000,20,0.146000000,0.110000000,0.338000000
22:28:11,190719,50.638002833,-123.534621297,1834.194000000,20,0.146000000,0.110000000,0.338000000
22:28:12,190719,50.638002847,-123.534621288,1834.189000000,20,0.146000000,0.110000000,0.338000000
22:28:13,190719,50.638002873,-123.534621293,1834.186000000,20,0.146000000,0.110000000,0.338000000
22:28:14,190719,50.638002888,-123.534621285,1834.184000000,20,0.146000000,0.110000000,0.338000000
22:28:15,190719,50.638002902,-123.534621302,1834.184000000,20,0.146000000,0.110000000,0.338000000
22:28:16,190719,50.638002912,-123.534621298,1834.188000000,20,0.146000000,0.110000000,0.338000000
22:28:17,190719,50.638002938,-123.534621310,1834.191000000,20,0.146000000,0.110000000,0.338000000
22:28:18,190719,50.638002960,-123.534621317,1834.188000000,20,0.146000000,0.110000000,0.338000000
22:28:19,190719,50.638002978,-123.534621332,1834.189000000,20,0.146000000,0.110000000,0.338000000
22:28:20,190719,50.638002970,-123.534621332,1834.190000000,20,0.146000000,0.110000000,0.338000000
22:28:21,190719,50.638002978,-123.534621322,1834.199000000,20,0.146000000,0.110000000,0.338000000
22:28:22,190719,50.638002967,-123.534621320,1834.200000000,20,0.146000000,0.110000000,0.338000000
22:28:23,190719,50.638002940,-123.534621303,1834.197000000,20,0.146000000,0.110000000,0.338000000
22:28:24,190719,50.638002918,-123.534621302,1834.192000000,20,0.146000000,0.110000000,0.338000000
22:28:25,190719,50.638002907,-123.534621295,1834.190000000,20,0.146000000,0.110000000,0.338000000
22:28:26,190719,50.638002895,-123.534621293,1834.189000000,20,0.146000000,0.110000000,0.338000000
22:28:27,190719,50.638002888,-123.534621292,1834.193000000,21,0.141000000,0.110000000,0.321000000
22:28:28,190719,50.638002895,-123.534621308,1834.192000000,21,0.141000000,0.110000000,0.321000000
22:28:29,190719,50.638002890,-123.534621315,1834.191000000,21,0.141000000,0.110000000,0.321000000
22:28:30,190719,50.638002885,-123.534621322,1834.190000000,21,0.141000000,0.110000000,0.321000000
22:28:31,190719,50.638002870,-123.534621318,1834.190000000,21,0.141000000,0.110000000,0.321000000
22:28:32,190719,50.638002855,-123.534621332,1834.188000000,21,0.141000000,0.110000000,0.321000000
22:28:33,190719,50.638002840,-123.534621323,1834.193000000,21,0.141000000,0.110000000,0.321000000
22:28:34,190719,50.638002852,-123.534621323,1834.199000000,21,0.141000000,0.110000000,0.321000000
22:28:35,190719,50.638002845,-123.534621320,1834.203000000,21,0.141000000,0.110000000,0.321000000
22:28:36,190719,50.638002875,-123.534621308,1834.204000000,21,0.141000000,0.110000000,0.321000000
22:28:37,190719,50.638002875,-123.534621317,1834.207000000,21,0.141000000,0.110000000,0.321000000
22:28:38,190719,50.638002872,-123.534621322,1834.214000000,21,0.141000000,0.110000000,0.321000000
22:28:39,190719,50.638002887,-123.534621342,1834.216000000,21,0.141000000,0.110000000,0.321000000
22:28:40,190719,50.638002905,-123.534621360,1834.218000000,21,0.141000000,0.110000000,0.321000000
22:28:41,190719,50.638002902,-123.534621377,1834.220000000,21,0.141000000,0.110000000,0.321000000
22:28:42,190719,50.638002902,-123.534621383,1834.225000000,21,0.141000000,0.110000000,0.321000000
22:28:43,190719,50.638002910,-123.534621395,1834.228000000,21,0.141000000,0.110000000,0.321000000
22:28:44,190719,50.638002927,-123.534621430,1834.236000000,21,0.141000000,0.110000000,0.321000000
22:28:45,190719,50.638002923,-123.534621440,1834.237000000,21,0.141000000,0.110000000,0.321000000
22:28:46,190719,50.638002898,-123.534621425,1834.233000000,21,0.141000000,0.110000000,0.321000000
22:28:47,190719,50.638002870,-123.534621425,1834.227000000,21,0.141000000,0.110000000,0.321000000
22:28:48,190719,50.638002872,-123.534621420,1834.226000000,21,0.141000000,0.110000000,0.321000000
22:28:49,190719,50.638002868,-123.534621420,1834.218000000,21,0.141000000,0.110000000,0.321000000
22:28:50,190719,50.638002833,-123.534621417,1834.219000000,21,0.141000000,0.110000000,0.321000000
22:28:51,190719,50.638002808,-123.534621410,1834.217000000,21,0.141000000,0.110000000,0.321000000
22:28:52,190719,50.638002788,-123.534621392,1834.213000000,21,0.141000000,0.110000000,0.321000000
22:28:53,190719,50.638002762,-123.534621387,1834.208000000,21,0.141000000,0.110000000,0.321000000
22:28:54,190719,50.638002742,-123.534621393,1834.203000000,21,0.141000000,0.110000000,0.321000000
22:28:55,190719,50.638002713,-123.534621393,1834.201000000,21,0.141000000,0.110000000,0.321000000
22:28:56,190719,50.638002718,-123.534621408,1834.212000000,21,0.141000000,0.110000000,0.321000000
22:28:57,190719,50.638002705,-123.534621387,1834.216000000,21,0.141000000,0.110000000,0.321000000
22:28:58,190719,50.638002732,-123.534621383,1834.216000000,22,0.141000000,0.110000000,0.321000000
22:28:59,190719,50.638002752,-123.534621362,1834.213000000,22,0.126000000,0.110000000,0.311000000
22:29:00,190719,50.638002768,-123.534621332,1834.210000000,22,0.126000000,0.110000000,0.311000000
22:29:01,190719,50.638002770,-123.534621347,1834.211000000,22,0.126000000,0.110000000,0.311000000
22:29:02,190719,50.638002770,-123.534621350,1834.213000000,22,0.126000000,0.110000000,0.311000000
22:29:03,190719,50.638002782,-123.534621355,1834.221000000,22,0.126000000,0.110000000,0.311000000
22:29:04,190719,50.638002788,-123.534621337,1834.228000000,22,0.126000000,0.110000000,0.311000000
22:29:05,190719,50.638002783,-123.534621343,1834.230000000,22,0.126000000,0.110000000,0.311000000
22:29:06,190719,50.638002783,-123.534621347,1834.230000000,22,0.126000000,0.110000000,0.311000000
22:29:07,190719,50.638002770,-123.534621335,1834.223000000,22,0.126000000,0.110000000,0.311000000
22:29:08,190719,50.638002768,-123.534621328,1834.227000000,22,0.126000000,0.110000000,0.311000000
22:29:09,190719,50.638002772,-123.534621300,1834.229000000,22,0.126000000,0.110000000,0.311000000
22:29:10,190719,50.638002770,-123.534621283,1834.229000000,22,0.126000000,0.110000000,0.311000000
22:29:11,190719,50.638002772,-123.534621273,1834.225000000,22,0.126000000,0.110000000,0.311000000
22:29:12,190719,50.638002755,-123.534621272,1834.221000000,22,0.126000000,0.110000000,0.311000000
22:29:13,190719,50.638002750,-123.534621250,1834.219000000,22,0.126000000,0.110000000,0.311000000
22:29:14,190719,50.638002747,-123.534621250,1834.214000000,22,0.126000000,0.110000000,0.311000000
22:29:15,190719,50.638002737,-123.534621250,1834.213000000,22,0.126000000,0.110000000,0.311000000
22:29:16,190719,50.638002737,-123.534621220,1834.212000000,22,0.126000000,0.110000000,0.311000000
22:29:17,190719,50.638002727,-123.534621213,1834.216000000,22,0.126000000,0.110000000,0.311000000
22:29:18,190719,50.638002742,-123.534621213,1834.222000000,22,0.126000000,0.110000000,0.311000000
22:29:19,190719,50.638002730,-123.534621213,1834.223000000,22,0.126000000,0.110000000,0.311000000
22:29:20,190719,50.638002727,-123.534621197,1834.226000000,22,0.126000000,0.110000000,0.312000000
22:29:21,190719,50.638002735,-123.534621203,1834.227000000,22,0.126000000,0.110000000,0.312000000
22:29:22,190719,50.638002732,-123.534621203,1834.224000000,22,0.126000000,0.110000000,0.312000000
22:29:23,190719,50.638002752,-123.534621195,1834.220000000,22,0.126000000,0.110000000,0.312000000
22:29:24,190719,50.638002772,-123.534621188,1834.219000000,22,0.126000000,0.110000000,0.312000000
22:29:25,190719,50.638002782,-123.534621175,1834.217000000,22,0.126000000,0.110000000,0.312000000
22:29:26,190719,50.638002780,-123.534621172,1834.219000000,22,0.126000000,0.110000000,0.312000000
22:29:27,190719,50.638002785,-123.534621165,1834.216000000,22,0.126000000,0.110000000,0.312000000
22:29:28,190719,50.638002787,-123.534621157,1834.215000000,22,0.126000000,0.110000000,0.312000000
22:29:29,190719,50.638002793,-123.534621158,1834.218000000,22,0.126000000,0.110000000,0.312000000
22:29:30,190719,50.638002795,-123.534621158,1834.220000000,22,0.126000000,0.110000000,0.312000000
22:29:31,190719,50.638002793,-123.534621168,1834.223000000,22,0.126000000,0.110000000,0.312000000
22:29:32,190719,50.638002788,-123.534621185,1834.226000000,22,0.126000000,0.110000000,0.312000000
22:29:33,190719,50.638002787,-123.534621205,1834.221000000,22,0.126000000,0.110000000,0.312000000
22:29:34,190719,50.638002780,-123.534621200,1834.217000000,22,0.126000000,0.110000000,0.312000000
22:29:35,190719,50.638002767,-123.534621193,1834.216000000,22,0.126000000,0.110000000,0.312000000
22:29:36,190719,50.638002767,-123.534621187,1834.214000000,22,0.126000000,0.110000000,0.312000000
22:29:37,190719,50.638002757,-123.534621193,1834.212000000,22,0.126000000,0.110000000,0.312000000
22:29:38,190719,50.638002772,-123.534621187,1834.208000000,22,0.126000000,0.110000000,0.312000000
22:29:39,190719,50.638002767,-123.534621180,1834.203000000,22,0.126000000,0.110000000,0.312000000
22:29:40,190719,50.638002778,-123.534621175,1834.206000000,22,0.126000000,0.110000000,0.312000000
22:29:41,190719,50.638002790,-123.534621183,1834.206000000,22,0.126000000,0.110000000,0.312000000
22:29:42,190719,50.638002823,-123.534621197,1834.212000000,22,0.126000000,0.110000000,0.312000000
22:29:43,190719,50.638002850,-123.534621192,1834.219000000,22,0.126000000,0.110000000,0.312000000
22:29:44,190719,50.638002865,-123.534621185,1834.217000000,22,0.127000000,0.110000000,0.312000000
22:29:45,190719,50.638002887,-123.534621172,1834.214000000,22,0.127000000,0.110000000,0.312000000
22:29:46,190719,50.638002912,-123.534621173,1834.215000000,22,0.127000000,0.110000000,0.312000000
22:29:47,190719,50.638002928,-123.534621167,1834.217000000,22,0.127000000,0.110000000,0.312000000
22:29:48,190719,50.638002942,-123.534621140,1834.215000000,22,0.127000000,0.110000000,0.312000000
22:29:49,190719,50.638002955,-123.534621132,1834.215000000,22,0.127000000,0.110000000,0.312000000
22:29:50,190719,50.638002940,-123.534621108,1834.212000000,22,0.127000000,0.110000000,0.312000000
22:29:51,190719,50.638002952,-123.534621095,1834.210000000,22,0.127000000,0.110000000,0.312000000
22:29:52,190719,50.638002953,-123.534621080,1834.209000000,22,0.127000000,0.110000000,0.312000000
22:29:53,190719,50.638002948,-123.534621082,1834.212000000,22,0.127000000,0.110000000,0.312000000
22:29:54,190719,50.638002937,-123.534621067,1834.215000000,22,0.127000000,0.110000000,0.312000000
22:29:55,190719,50.638002932,-123.534621073,1834.216000000,22,0.127000000,0.110000000,0.312000000
22:29:56,190719,50.638002932,-123.534621053,1834.216000000,22,0.127000000,0.110000000,0.312000000
22:29:57,190719,50.638002928,-123.534621067,1834.218000000,22,0.127000000,0.110000000,0.312000000
22:29:58,190719,50.638002913,-123.534621072,1834.217000000,22,0.127000000,0.110000000,0.312000000
22:29:59,190719,50.638002888,-123.534621078,1834.213000000,22,0.127000000,0.110000000,0.312000000
22:30:00,190719,50.638002868,-123.534621080,1834.215000000,22,0.127000000,0.110000000,0.312000000
22:30:01,190719,50.638002840,-123.534621078,1834.213000000,22,0.127000000,0.110000000,0.312000000
22:30:02,190719,50.638002825,-123.534621078,1834.210000000,22,0.127000000,0.110000000,0.312000000
22:30:03,190719,50.638002812,-123.534621067,1834.211000000,22,0.127000000,0.110000000,0.312000000
22:30:04,190719,50.638002792,-123.534621068,1834.214000000,22,0.127000000,0.110000000,0.312000000
22:30:05,190719,50.638002800,-123.534621057,1834.218000000,22,0.127000000,0.110000000,0.312000000
22:30:06,190719,50.638002793,-123.534621068,1834.220000000,22,0.127000000,0.110000000,0.312000000
22:30:07,190719,50.638002810,-123.534621075,1834.222000000,22,0.127000000,0.110000000,0.312000000
22:30:08,190719,50.638002828,-123.534621085,1834.221000000,22,0.127000000,0.109000000,0.312000000
22:30:09,190719,50.638002842,-123.534621085,1834.219000000,22,0.127000000,0.109000000,0.312000000
22:30:10,190719,50.638002850,-123.534621078,1834.220000000,22,0.127000000,0.109000000,0.312000000
22:30:11,190719,50.638002860,-123.534621067,1834.221000000,22,0.127000000,0.109000000,0.312000000
22:30:12,190719,50.638002872,-123.534621053,1834.226000000,22,0.127000000,0.109000000,0.312000000
22:30:13,190719,50.638002875,-123.534621053,1834.228000000,22,0.127000000,0.109000000,0.312000000
22:30:14,190719,50.638002857,-123.534621048,1834.226000000,22,0.127000000,0.109000000,0.312000000
22:30:15,190719,50.638002862,-123.534621057,1834.227000000,22,0.127000000,0.109000000,0.312000000
22:30:16,190719,50.638002853,-123.534621058,1834.221000000,22,0.127000000,0.109000000,0.312000000
22:30:17,190719,50.638002828,-123.534621063,1834.224000000,22,0.127000000,0.109000000,0.312000000
22:30:18,190719,50.638002815,-123.534621068,1834.229000000,22,0.127000000,0.109000000,0.312000000
22:30:19,190719,50.638002815,-123.534621092,1834.232000000,22,0.127000000,0.109000000,0.312000000
22:30:20,190719,50.638002808,-123.534621095,1834.234000000,22,0.127000000,0.109000000,0.312000000
22:30:21,190719,50.638002815,-123.534621098,1834.236000000,22,0.127000000,0.109000000,0.312000000
22:30:22,190719,50.638002793,-123.534621123,1834.237000000,22,0.127000000,0.109000000,0.312000000
22:30:23,190719,50.638002783,-123.534621132,1834.236000000,22,0.127000000,0.109000000,0.312000000
22:30:24,190719,50.638002772,-123.534621132,1834.236000000,22,0.127000000,0.109000000,0.312000000
22:30:25,190719,50.638002760,-123.534621115,1834.232000000,22,0.127000000,0.109000000,0.312000000
22:30:26,190719,50.638002750,-123.534621122,1834.227000000,22,0.127000000,0.109000000,0.312000000
22:30:27,190719,50.638002763,-123.534621137,1834.225000000,22,0.127000000,0.109000000,0.312000000
22:30:28,190719,50.638002787,-123.534621145,1834.226000000,22,0.127000000,0.109000000,0.312000000
22:30:29,190719,50.638002820,-123.534621143,1834.233000000,22,0.127000000,0.109000000,0.312000000
22:30:30,190719,50.638002833,-123.534621145,1834.235000000,22,0.127000000,0.109000000,0.312000000
22:30:31,190719,50.638002855,-123.534621143,1834.234000000,22,0.127000000,0.109000000,0.312000000
22:30:32,190719,50.638002865,-123.534621152,1834.229000000,22,0.127000000,0.109000000,0.312000000
22:30:33,190719,50.638002872,-123.534621163,1834.231000000,22,0.127000000,0.109000000,0.312000000
22:30:34,190719,50.638002872,-123.534621192,1834.235000000,22,0.127000000,0.109000000,0.312000000
22:30:35,190719,50.638002877,-123.534621197,1834.236000000,22,0.127000000,0.109000000,0.312000000
22:30:36,190719,50.638002878,-123.534621195,1834.237000000,22,0.127000000,0.109000000,0.312000000
22:30:37,190719,50.638002873,-123.534621223,1834.236000000,22,0.127000000,0.109000000,0.312000000
22:30:38,190719,50.638002852,-123.534621223,1834.232000000,22,0.127000000,0.109000000,0.312000000
22:30:39,190719,50.638002845,-123.534621243,1834.233000000,22,0.127000000,0.109000000,0.312000000
22:30:40,190719,50.638002833,-123.534621260,1834.235000000,22,0.127000000,0.109000000,0.312000000
22:30:41,190719,50.638002815,-123.534621288,1834.232000000,22,0.127000000,0.109000000,0.312000000
22:30:42,190719,50.638002787,-123.534621302,1834.234000000,22,0.127000000,0.109000000,0.312000000
22:30:43,190719,50.638002767,-123.534621318,1834.236000000,22,0.127000000,0.109000000,0.312000000
22:30:44,190719,50.638002752,-123.534621338,1834.235000000,22,0.127000000,0.109000000,0.312000000
22:30:45,190719,50.638002722,-123.534621360,1834.234000000,22,0.127000000,0.109000000,0.312000000
22:30:46,190719,50.638002718,-123.534621373,1834.230000000,22,0.127000000,0.109000000,0.312000000
22:30:47,190719,50.638002712,-123.534621393,1834.227000000,22,0.127000000,0.109000000,0.312000000
22:30:48,190719,50.638002720,-123.534621398,1834.229000000,22,0.127000000,0.109000000,0.312000000
22:30:49,190719,50.638002727,-123.534621392,1834.228000000,22,0.127000000,0.109000000,0.312000000
22:30:50,190719,50.638002735,-123.534621395,1834.231000000,22,0.127000000,0.109000000,0.312000000
22:30:51,190719,50.638002732,-123.534621392,1834.230000000,22,0.127000000,0.109000000,0.312000000
22:30:52,190719,50.638002740,-123.534621387,1834.228000000,22,0.127000000,0.109000000,0.312000000
22:30:53,190719,50.638002742,-123.534621400,1834.231000000,22,0.127000000,0.109000000,0.312000000
22:30:54,190719,50.638002752,-123.534621412,1834.235000000,22,0.127000000,0.109000000,0.312000000
22:30:55,190719,50.638002762,-123.534621425,1834.235000000,22,0.127000000,0.109000000,0.312000000
22:30:56,190719,50.638002773,-123.534621418,1834.238000000,22,0.127000000,0.109000000,0.312000000
22:30:57,190719,50.638002777,-123.534621428,1834.240000000,22,0.127000000,0.109000000,0.312000000
22:30:58,190719,50.638002760,-123.534621458,1834.238000000,22,0.127000000,0.109000000,0.312000000
22:30:59,190719,50.638002735,-123.534621472,1834.233000000,22,0.127000000,0.109000000,0.312000000
22:31:00,190719,50.638002712,-123.534621475,1834.234000000,22,0.127000000,0.109000000,0.312000000
22:31:01,190719,50.638002688,-123.534621480,1834.232000000,22,0.127000000,0.109000000,0.312000000
22:31:02,190719,50.638002670,-123.534621475,1834.227000000,22,0.127000000,0.109000000,0.312000000
22:31:03,190719,50.638002647,-123.534621472,1834.225000000,22,0.127000000,0.109000000,0.312000000
22:31:04,190719,50.638002623,-123.534621502,1834.222000000,22,0.127000000,0.109000000,0.312000000
22:31:05,190719,50.638002605,-123.534621525,1834.226000000,22,0.127000000,0.109000000,0.312000000
22:31:06,190719,50.638002588,-123.534621555,1834.226000000,22,0.127000000,0.109000000,0.312000000
22:31:07,190719,50.638002570,-123.534621567,1834.229000000,22,0.127000000,0.109000000,0.312000000
22:31:08,190719,50.638002570,-123.534621572,1834.230000000,22,0.127000000,0.109000000,0.312000000
22:31:09,190719,50.638002568,-123.534621573,1834.236000000,22,0.127000000,0.109000000,0.312000000
22:31:10,190719,50.638002572,-123.534621585,1834.239000000,22,0.127000000,0.109000000,0.312000000
22:31:11,190719,50.638002618,-123.534621585,1834.240000000,22,0.127000000,0.109000000,0.312000000
22:31:12,190719,50.638002610,-123.534621612,1834.236000000,22,0.127000000,0.109000000,0.312000000
22:31:13,190719,50.638002608,-123.534621620,1834.238000000,22,0.127000000,0.109000000,0.312000000
22:31:14,190719,50.638002622,-123.534621613,1834.240000000,22,0.127000000,0.109000000,0.312000000
22:31:15,190719,50.638002642,-123.534621605,1834.240000000,22,0.127000000,0.109000000,0.312000000
22:31:16,190719,50.638002642,-123.534621618,1834.243000000,22,0.127000000,0.109000000,0.312000000
22:31:17,190719,50.638002658,-123.534621632,1834.241000000,22,0.127000000,0.109000000,0.312000000
22:31:18,190719,50.638002647,-123.534621640,1834.243000000,22,0.127000000,0.109000000,0.312000000
22:31:19,190719,50.638002635,-123.534621655,1834.244000000,22,0.127000000,0.109000000,0.312000000
22:31:20,190719,50.638002627,-123.534621667,1834.245000000,22,0.127000000,0.109000000,0.312000000
22:31:21,190719,50.638002625,-123.534621680,1834.245000000,22,0.127000000,0.109000000,0.312000000
22:31:22,190719,50.638002605,-123.534621705,1834.246000000,22,0.127000000,0.109000000,0.312000000
22:31:23,190719,50.638002583,-123.534621707,1834.245000000,22,0.127000000,0.109000000,0.312000000
22:31:24,190719,50.638002568,-123.534621703,1834.241000000,22,0.127000000,0.109000000,0.312000000
22:31:25,190719,50.638002565,-123.534621712,1834.246000000,22,0.127000000,0.109000000,0.312000000
22:31:26,190719,50.638002568,-123.534621710,1834.248000000,22,0.127000000,0.109000000,0.312000000
22:31:27,190719,50.638002567,-123.534621715,1834.249000000,22,0.127000000,0.109000000,0.312000000
22:31:28,190719,50.638002585,-123.534621702,1834.247000000,22,0.127000000,0.109000000,0.312000000
22:31:29,190719,50.638002597,-123.534621675,1834.249000000,22,0.127000000,0.109000000,0.312000000
22:31:30,190719,50.638002612,-123.534621648,1834.251000000,22,0.127000000,0.109000000,0.312000000
22:31:31,190719,50.638002633,-123.534621632,1834.255000000,22,0.127000000,0.109000000,0.312000000
22:31:32,190719,50.638002655,-123.534621632,1834.257000000,22,0.127000000,0.109000000,0.312000000
22:31:33,190719,50.638002688,-123.534621632,1834.260000000,22,0.127000000,0.109000000,0.312000000
22:31:34,190719,50.638002717,-123.534621628,1834.259000000,22,0.127000000,0.109000000,0.312000000
22:31:35,190719,50.638002758,-123.534621615,1834.256000000,22,0.127000000,0.109000000,0.312000000
22:31:36,190719,50.638002770,-123.534621600,1834.255000000,22,0.127000000,0.109000000,0.312000000
22:31:37,190719,50.638002802,-123.534621580,1834.255000000,22,0.127000000,0.109000000,0.312000000
22:31:38,190719,50.638002833,-123.534621553,1834.257000000,22,0.127000000,0.109000000,0.312000000
22:31:39,190719,50.638002853,-123.534621558,1834.257000000,22,0.127000000,0.109000000,0.312000000
22:31:40,190719,50.638002872,-123.534621548,1834.262000000,22,0.127000000,0.109000000,0.312000000
22:31:41,190719,50.638002857,-123.534621532,1834.258000000,22,0.127000000,0.109000000,0.312000000
22:31:42,190719,50.638002865,-123.534621528,1834.259000000,22,0.127000000,0.109000000,0.312000000
22:31:43,190719,50.638002862,-123.534621543,1834.259000000,22,0.127000000,0.109000000,0.312000000
22:31:44,190719,50.638002850,-123.534621533,1834.262000000,22,0.127000000,0.109000000,0.312000000
22:31:45,190719,50.638002835,-123.534621543,1834.260000000,22,0.127000000,0.109000000,0.312000000
22:31:46,190719,50.638002833,-123.534621533,1834.261000000,22,0.127000000,0.109000000,0.312000000
22:31:47,190719,50.638002842,-123.534621533,1834.260000000,22,0.127000000,0.109000000,0.312000000
22:31:48,190719,50.638002832,-123.534621528,1834.255000000,22,0.127000000,0.109000000,0.312000000
22:31:49,190719,50.638002835,-123.534621528,1834.252000000,22,0.127000000,0.109000000,0.312000000
22:31:50,190719,50.638002842,-123.534621523,1834.250000000,22,0.127000000,0.109000000,0.312000000
22:31:51,190719,50.638002847,-123.534621520,1834.250000000,22,0.127000000,0.109000000,0.312000000
22:31:52,190719,50.638002877,-123.534621505,1834.249000000,22,0.127000000,0.109000000,0.312000000
22:31:53,190719,50.638002877,-123.534621505,1834.250000000,22,0.127000000,0.109000000,0.312000000
22:31:54,190719,50.638002885,-123.534621497,1834.251000000,22,0.127000000,0.109000000,0.312000000
22:31:55,190719,50.638002910,-123.534621495,1834.254000000,22,0.127000000,0.109000000,0.312000000
22:31:56,190719,50.638002932,-123.534621497,1834.254000000,22,0.127000000,0.109000000,0.312000000
22:31:57,190719,50.638002953,-123.534621507,1834.257000000,22,0.127000000,0.109000000,0.312000000
22:31:58,190719,50.638002982,-123.534621505,1834.257000000,22,0.127000000,0.109000000,0.312000000
22:31:59,190719,50.638003018,-123.534621480,1834.259000000,22,0.127000000,0.109000000,0.312000000
22:32:00,190719,50.638003062,-123.534621460,1834.258000000,22,0.127000000,0.109000000,0.312000000
22:32:01,190719,50.638003085,-123.534621455,1834.259000000,22,0.127000000,0.109000000,0.312000000
22:32:02,190719,50.638003107,-123.534621443,1834.262000000,22,0.127000000,0.109000000,0.312000000
22:32:03,190719,50.638003140,-123.534621428,1834.261000000,22,0.127000000,0.109000000,0.312000000
22:32:04,190719,50.638003167,-123.534621420,1834.259000000,22,0.127000000,0.109000000,0.312000000
22:32:05,190719,50.638003167,-123.534621420,1834.257000000,22,0.127000000,0.109000000,0.312000000
22:32:06,190719,50.638003157,-123.534621425,1834.258000000,22,0.127000000,0.109000000,0.312000000
22:32:07,190719,50.638003143,-123.534621430,1834.256000000,22,0.127000000,0.109000000,0.312000000
22:32:08,190719,50.638003145,-123.534621423,1834.257000000,22,0.127000000,0.109000000,0.312000000
22:32:09,190719,50.638003152,-123.534621405,1834.256000000,22,0.127000000,0.109000000,0.312000000
22:32:10,190719,50.638003152,-123.534621397,1834.253000000,22,0.127000000,0.109000000,0.312000000
22:32:11,190719,50.638003132,-123.534621378,1834.250000000,22,0.127000000,0.109000000,0.312000000
22:32:12,190719,50.638003145,-123.534621372,1834.247000000,22,0.127000000,0.109000000,0.312000000
22:32:13,190719,50.638003143,-123.534621358,1834.245000000,22,0.127000000,0.109000000,0.312000000
22:32:14,190719,50.638003143,-123.534621353,1834.244000000,22,0.127000000,0.109000000,0.312000000
22:32:15,190719,50.638003135,-123.534621338,1834.242000000,22,0.127000000,0.109000000,0.312000000
22:32:16,190719,50.638003158,-123.534621327,1834.243000000,22,0.127000000,0.109000000,0.312000000
22:32:17,190719,50.638003175,-123.534621313,1834.248000000,22,0.127000000,0.109000000,0.312000000
22:32:18,190719,50.638003192,-123.534621325,1834.252000000,22,0.127000000,0.109000000,0.312000000
22:32:19,190719,50.638003203,-123.534621343,1834.256000000,22,0.127000000,0.109000000,0.312000000
22:32:20,190719,50.638003212,-123.534621343,1834.259000000,22,0.127000000,0.109000000,0.312000000
22:32:21,190719,50.638003195,-123.534621348,1834.258000000,22,0.127000000,0.109000000,0.312000000
22:32:22,190719,50.638003197,-123.534621343,1834.258000000,22,0.127000000,0.109000000,0.312000000
22:32:23,190719,50.638003228,-123.534621320,1834.253000000,22,0.127000000,0.109000000,0.312000000
22:32:24,190719,50.638003242,-123.534621308,1834.250000000,22,0.127000000,0.109000000,0.312000000
22:32:25,190719,50.638003253,-123.534621300,1834.253000000,22,0.127000000,0.109000000,0.312000000
22:32:26,190719,50.638003265,-123.534621287,1834.253000000,22,0.127000000,0.109000000,0.312000000
22:32:27,190719,50.638003270,-123.534621278,1834.249000000,22,0.127000000,0.109000000,0.312000000
22:32:28,190719,50.638003263,-123.534621280,1834.249000000,22,0.127000000,0.109000000,0.312000000
22:32:29,190719,50.638003228,-123.534621298,1834.252000000,22,0.127000000,0.109000000,0.312000000
22:32:30,190719,50.638003213,-123.534621327,1834.254000000,22,0.127000000,0.109000000,0.312000000
22:32:31,190719,50.638003178,-123.534621343,1834.253000000,22,0.127000000,0.109000000,0.312000000
22:32:32,190719,50.638003160,-123.534621373,1834.251000000,22,0.127000000,0.109000000,0.312000000
22:32:33,190719,50.638003150,-123.534621373,1834.249000000,22,0.127000000,0.109000000,0.312000000
22:32:34,190719,50.638003147,-123.534621365,1834.245000000,22,0.127000000,0.109000000,0.312000000
22:32:35,190719,50.638003147,-123.534621370,1834.246000000,22,0.127000000,0.109000000,0.312000000
22:32:36,190719,50.638003150,-123.534621355,1834.249000000,22,0.127000000,0.109000000,0.312000000
22:32:37,190719,50.638003152,-123.534621357,1834.248000000,22,0.127000000,0.109000000,0.312000000
22:32:38,190719,50.638003162,-123.534621340,1834.246000000,22,0.127000000,0.109000000,0.312000000
22:32:39,190719,50.638003162,-123.534621348,1834.246000000,22,0.127000000,0.109000000,0.312000000
22:32:40,190719,50.638003172,-123.534621325,1834.245000000,22,0.127000000,0.109000000,0.312000000
22:32:41,190719,50.638003180,-123.534621340,1834.248000000,22,0.128000000,0.109000000,0.312000000
22:32:42,190719,50.638003190,-123.534621343,1834.253000000,22,0.128000000,0.109000000,0.312000000
22:32:43,190719,50.638003190,-123.534621368,1834.258000000,22,0.128000000,0.109000000,0.312000000
22:32:44,190719,50.638003192,-123.534621375,1834.257000000,22,0.128000000,0.109000000,0.312000000
22:32:45,190719,50.638003198,-123.534621388,1834.258000000,22,0.128000000,0.109000000,0.312000000
22:32:46,190719,50.638003200,-123.534621392,1834.261000000,22,0.128000000,0.109000000,0.312000000
22:32:47,190719,50.638003193,-123.534621395,1834.263000000,22,0.128000000,0.109000000,0.312000000
22:32:48,190719,50.638003197,-123.534621390,1834.264000000,22,0.128000000,0.109000000,0.312000000
22:32:49,190719,50.638003210,-123.534621398,1834.263000000,22,0.128000000,0.109000000,0.312000000
22:32:50,190719,50.638003227,-123.534621392,1834.261000000,22,0.128000000,0.109000000,0.312000000
22:32:51,190719,50.638003223,-123.534621377,1834.259000000,22,0.128000000,0.109000000,0.312000000
22:32:52,190719,50.638003227,-123.534621367,1834.257000000,22,0.128000000,0.109000000,0.312000000
22:32:53,190719,50.638003220,-123.534621368,1834.254000000,22,0.128000000,0.109000000,0.312000000
22:32:54,190719,50.638003215,-123.534621382,1834.260000000,22,0.128000000,0.109000000,0.312000000
22:32:55,190719,50.638003218,-123.534621397,1834.261000000,22,0.128000000,0.109000000,0.312000000
22:32:56,190719,50.638003233,-123.534621400,1834.262000000,22,0.128000000,0.109000000,0.312000000
22:32:57,190719,50.638003223,-123.534621403,1834.259000000,22,0.128000000,0.109000000,0.312000000
22:32:58,190719,50.638003230,-123.534621427,1834.261000000,22,0.128000000,0.109000000,0.312000000
22:32:59,190719,50.638003248,-123.534621442,1834.264000000,22,0.128000000,0.109000000,0.312000000
22:33:00,190719,50.638003260,-123.534621437,1834.270000000,22,0.128000000,0.109000000,0.312000000
22:33:01,190719,50.638003257,-123.534621453,1834.274000000,22,0.128000000,0.109000000,0.312000000
22:33:02,190719,50.638003252,-123.534621452,1834.275000000,22,0.128000000,0.109000000,0.312000000
22:33:03,190719,50.638003253,-123.534621455,1834.271000000,22,0.128000000,0.109000000,0.312000000
22:33:04,190719,50.638003248,-123.534621453,1834.270000000,22,0.128000000,0.109000000,0.312000000
22:33:05,190719,50.638003250,-123.534621455,1834.273000000,22,0.128000000,0.109000000,0.312000000
22:33:06,190719,50.638003243,-123.534621460,1834.276000000,22,0.128000000,0.109000000,0.312000000
22:33:07,190719,50.638003240,-123.534621458,1834.279000000,22,0.128000000,0.109000000,0.312000000
22:33:08,190719,50.638003237,-123.534621478,1834.278000000,22,0.128000000,0.109000000,0.312000000
22:33:09,190719,50.638003228,-123.534621485,1834.280000000,22,0.128000000,0.109000000,0.312000000
22:33:10,190719,50.638003235,-123.534621485,1834.282000000,22,0.128000000,0.109000000,0.312000000
22:33:11,190719,50.638003248,-123.534621475,1834.284000000,22,0.128000000,0.109000000,0.312000000
22:33:12,190719,50.638003260,-123.534621470,1834.283000000,22,0.128000000,0.109000000,0.312000000
22:33:13,190719,50.638003277,-123.534621472,1834.283000000,22,0.128000000,0.109000000,0.312000000
22:33:14,190719,50.638003278,-123.534621463,1834.277000000,22,0.128000000,0.109000000,0.312000000
22:33:15,190719,50.638003268,-123.534621467,1834.273000000,22,0.128000000,0.109000000,0.312000000
22:33:16,190719,50.638003268,-123.534621455,1834.274000000,22,0.128000000,0.109000000,0.312000000
22:33:17,190719,50.638003262,-123.534621453,1834.273000000,22,0.128000000,0.109000000,0.312000000
22:33:18,190719,50.638003257,-123.534621428,1834.268000000,22,0.128000000,0.109000000,0.312000000
22:33:19,190719,50.638003263,-123.534621417,1834.263000000,22,0.128000000,0.109000000,0.312000000
22:33:20,190719,50.638003267,-123.534621413,1834.260000000,22,0.128000000,0.109000000,0.312000000
22:33:21,190719,50.638003265,-123.534621407,1834.260000000,22,0.128000000,0.109000000,0.312000000
22:33:22,190719,50.638003280,-123.534621395,1834.259000000,22,0.128000000,0.109000000,0.312000000
22:33:23,190719,50.638003297,-123.534621388,1834.255000000,22,0.128000000,0.109000000,0.312000000
22:33:24,190719,50.638003312,-123.534621375,1834.251000000,22,0.128000000,0.109000000,0.312000000
22:33:25,190719,50.638003338,-123.534621340,1834.253000000,22,0.128000000,0.109000000,0.312000000
22:33:26,190719,50.638003372,-123.534621312,1834.251000000,22,0.128000000,0.109000000,0.312000000
22:33:27,190719,50.638003388,-123.534621310,1834.254000000,22,0.128000000,0.109000000,0.312000000
22:33:28,190719,50.638003380,-123.534621303,1834.256000000,22,0.128000000,0.109000000,0.312000000
22:33:29,190719,50.638003400,-123.534621303,1834.257000000,22,0.128000000,0.109000000,0.312000000
22:33:30,190719,50.638003420,-123.534621300,1834.252000000,22,0.128000000,0.109000000,0.312000000
22:33:31,190719,50.638003428,-123.534621293,1834.248000000,22,0.128000000,0.109000000,0.312000000
22:33:32,190719,50.638003432,-123.534621288,1834.246000000,22,0.128000000,0.109000000,0.312000000
22:33:33,190719,50.638003442,-123.534621308,1834.245000000,22,0.128000000,0.109000000,0.312000000
22:33:34,190719,50.638003448,-123.534621323,1834.246000000,22,0.128000000,0.109000000,0.312000000
