TIME,DATE(ddMMyy),LATITUDEGGA,LONGITUDEGGA,ALTITUDEGGA,NUMBERSAT,LATERR,LONGERR,ALTERR
19:02:38,190719,50.579157512,-123.487864512,1168.467000000,18,0.159000000,0.132000000,0.275000000
19:02:39,190719,50.579157537,-123.487864455,1168.466000000,18,0.159000000,0.132000000,0.275000000
19:02:40,190719,50.579157533,-123.487864422,1168.459000000,18,0.159000000,0.132000000,0.275000000
19:02:41,190719,50.579157517,-123.487864380,1168.451000000,18,0.159000000,0.132000000,0.275000000
19:02:42,190719,50.579157513,-123.487864352,1168.451000000,18,0.159000000,0.132000000,0.275000000
19:02:43,190719,50.579157505,-123.487864335,1168.449000000,18,0.159000000,0.132000000,0.275000000
19:02:44,190719,50.579157505,-123.487864323,1168.446000000,18,0.159000000,0.132000000,0.275000000
19:02:45,190719,50.579157487,-123.487864323,1168.444000000,18,0.159000000,0.132000000,0.275000000
19:02:46,190719,50.579157503,-123.487864303,1168.439000000,18,0.159000000,0.132000000,0.275000000
19:02:47,190719,50.579157507,-123.487864270,1168.436000000,17,0.174000000,0.133000000,0.275000000
19:02:48,190719,50.579157490,-123.487864215,1168.431000000,17,0.174000000,0.133000000,0.275000000
19:02:49,190719,50.579157487,-123.487864190,1168.427000000,17,0.174000000,0.133000000,0.275000000
19:02:50,190719,50.579157490,-123.487864137,1168.428000000,17,0.174000000,0.133000000,0.275000000
19:02:51,190719,50.579157498,-123.487864132,1168.428000000,17,0.174000000,0.133000000,0.275000000
19:02:52,190719,50.579157490,-123.487864140,1168.428000000,17,0.174000000,0.133000000,0.275000000
19:02:53,190719,50.579157488,-123.487864132,1168.426000000,17,0.174000000,0.133000000,0.276000000
19:02:54,190719,50.579157500,-123.487864108,1168.427000000,17,0.174000000,0.133000000,0.276000000
19:02:55,190719,50.579157563,-123.487864000,1168.422000000,17,0.174000000,0.133000000,0.276000000
19:02:56,190719,50.579157607,-123.487863910,1168.423000000,17,0.174000000,0.133000000,0.276000000
19:02:57,190719,50.579157668,-123.487863805,1168.414000000,16,0.207000000,0.134000000,0.289000000
19:02:58,190719,50.579157685,-123.487863722,1168.406000000,16,0.207000000,0.134000000,0.289000000
19:02:59,190719,50.579157690,-123.487863668,1168.401000000,16,0.207000000,0.134000000,0.289000000
19:03:00,190719,50.579157688,-123.487863653,1168.402000000,16,0.207000000,0.134000000,0.289000000
19:03:01,190719,50.579157698,-123.487863635,1168.406000000,16,0.207000000,0.134000000,0.289000000
19:03:02,190719,50.579157697,-123.487863598,1168.406000000,15,0.217000000,0.147000000,0.322000000
19:03:03,190719,50.579157700,-123.487863568,1168.404000000,15,0.217000000,0.147000000,0.322000000
19:03:04,190719,50.579157690,-123.487863518,1168.397000000,15,0.217000000,0.147000000,0.322000000
19:03:05,190719,50.579157697,-123.487863417,1168.386000000,15,0.217000000,0.147000000,0.322000000
19:03:06,190719,50.579157695,-123.487863325,1168.373000000,15,0.217000000,0.147000000,0.322000000
19:03:07,190719,50.579157677,-123.487863218,1168.364000000,15,0.217000000,0.147000000,0.322000000
19:03:08,190719,50.579157678,-123.487863167,1168.359000000,15,0.217000000,0.147000000,0.322000000
19:03:09,190719,50.579157668,-123.487863135,1168.358000000,15,0.217000000,0.147000000,0.322000000
19:03:10,190719,50.579157692,-123.487863100,1168.363000000,15,0.217000000,0.147000000,0.322000000
19:03:11,190719,50.579157738,-123.487863053,1168.368000000,15,0.217000000,0.147000000,0.323000000
19:03:12,190719,50.579157827,-123.487862962,1168.375000000,15,0.217000000,0.147000000,0.323000000
19:03:13,190719,50.579157918,-123.487862855,1168.377000000,15,0.217000000,0.147000000,0.323000000
19:03:14,190719,50.579158013,-123.487862750,1168.375000000,15,0.217000000,0.147000000,0.323000000
19:03:15,190719,50.579158103,-123.487862658,1168.371000000,15,0.217000000,0.147000000,0.323000000
19:03:16,190719,50.579158183,-123.487862560,1168.368000000,15,0.217000000,0.147000000,0.323000000
19:03:17,190719,50.579158282,-123.487862440,1168.362000000,15,0.217000000,0.147000000,0.323000000
19:03:18,190719,50.579158363,-123.487862363,1168.366000000,15,0.217000000,0.147000000,0.323000000
19:03:19,190719,50.579158442,-123.487862293,1168.370000000,15,0.217000000,0.147000000,0.323000000
19:03:20,190719,50.579158495,-123.487862302,1168.378000000,15,0.217000000,0.147000000,0.323000000
19:03:21,190719,50.579158530,-123.487862290,1168.388000000,15,0.217000000,0.147000000,0.323000000
19:03:22,190719,50.579158553,-123.487862267,1168.389000000,15,0.217000000,0.147000000,0.323000000
19:03:23,190719,50.579158557,-123.487862248,1168.391000000,15,0.217000000,0.147000000,0.323000000
19:03:24,190719,50.579158582,-123.487862183,1168.389000000,15,0.217000000,0.147000000,0.323000000
19:03:25,190719,50.579158613,-123.487862110,1168.392000000,15,0.217000000,0.147000000,0.323000000
19:03:26,190719,50.579158635,-123.487862050,1168.388000000,15,0.217000000,0.147000000,0.323000000
19:03:27,190719,50.579158662,-123.487862010,1168.385000000,15,0.217000000,0.147000000,0.323000000
19:03:28,190719,50.579158672,-123.487861968,1168.387000000,15,0.217000000,0.147000000,0.323000000
19:03:29,190719,50.579158708,-123.487861983,1168.395000000,15,0.217000000,0.147000000,0.323000000
19:03:30,190719,50.579158718,-123.487862030,1168.405000000,15,0.217000000,0.147000000,0.323000000
19:03:31,190719,50.579158745,-123.487862083,1168.418000000,15,0.217000000,0.147000000,0.323000000
19:03:32,190719,50.579158797,-123.487862115,1168.430000000,15,0.217000000,0.147000000,0.324000000
19:03:33,190719,50.579158858,-123.487862135,1168.440000000,15,0.217000000,0.147000000,0.324000000
19:03:34,190719,50.579158935,-123.487862150,1168.447000000,15,0.217000000,0.147000000,0.324000000
19:03:35,190719,50.579159043,-123.487862128,1168.454000000,15,0.217000000,0.147000000,0.324000000
19:03:36,190719,50.579159183,-123.487862098,1168.465000000,15,0.217000000,0.147000000,0.324000000
19:03:37,190719,50.579159328,-123.487862077,1168.474000000,15,0.217000000,0.147000000,0.324000000
19:03:38,190719,50.579159420,-123.487862075,1168.479000000,15,0.217000000,0.147000000,0.324000000
19:03:39,190719,50.579159513,-123.487862122,1168.494000000,15,0.217000000,0.147000000,0.324000000
19:03:40,190719,50.579159588,-123.487862185,1168.505000000,15,0.217000000,0.147000000,0.324000000
19:03:41,190719,50.579159650,-123.487862260,1168.514000000,15,0.217000000,0.147000000,0.324000000
19:03:42,190719,50.579159698,-123.487862310,1168.527000000,15,0.217000000,0.147000000,0.324000000
19:03:43,190719,50.579159738,-123.487862350,1168.535000000,15,0.217000000,0.147000000,0.324000000
19:03:44,190719,50.579159775,-123.487862383,1168.541000000,15,0.217000000,0.147000000,0.324000000
19:03:45,190719,50.579159823,-123.487862405,1168.544000000,15,0.217000000,0.147000000,0.324000000
19:03:46,190719,50.579159848,-123.487862403,1168.540000000,15,0.217000000,0.147000000,0.324000000
19:03:47,190719,50.579159800,-123.487862428,1168.530000000,15,0.217000000,0.147000000,0.324000000
19:03:48,190719,50.579159752,-123.487862450,1168.521000000,15,0.217000000,0.147000000,0.324000000
19:03:49,190719,50.579159653,-123.487862457,1168.508000000,15,0.217000000,0.147000000,0.324000000
19:03:50,190719,50.579159543,-123.487862480,1168.485000000,15,0.217000000,0.147000000,0.324000000
19:03:51,190719,50.579159440,-123.487862508,1168.465000000,15,0.217000000,0.147000000,0.324000000
19:03:52,190719,50.579159315,-123.487862548,1168.444000000,16,0.200000000,0.146000000,0.324000000
19:03:53,190719,50.579159238,-123.487862562,1168.427000000,16,0.200000000,0.146000000,0.324000000
19:03:54,190719,50.579159178,-123.487862602,1168.421000000,16,0.200000000,0.146000000,0.324000000
19:03:55,190719,50.579159145,-123.487862665,1168.419000000,16,0.200000000,0.146000000,0.324000000
19:03:56,190719,50.579159078,-123.487862725,1168.415000000,16,0.200000000,0.146000000,0.324000000
19:03:57,190719,50.579159042,-123.487862738,1168.412000000,16,0.200000000,0.146000000,0.324000000
19:03:58,190719,50.579159013,-123.487862738,1168.411000000,16,0.200000000,0.146000000,0.325000000
19:03:59,190719,50.579158963,-123.487862757,1168.404000000,16,0.200000000,0.146000000,0.325000000
19:04:00,190719,50.579158913,-123.487862755,1168.399000000,16,0.200000000,0.146000000,0.325000000
19:04:01,190719,50.579158887,-123.487862728,1168.392000000,16,0.200000000,0.146000000,0.325000000
19:04:02,190719,50.579158848,-123.487862680,1168.388000000,16,0.200000000,0.146000000,0.325000000
19:04:03,190719,50.579158815,-123.487862707,1168.383000000,16,0.200000000,0.146000000,0.325000000
19:04:04,190719,50.579158795,-123.487862710,1168.378000000,16,0.200000000,0.146000000,0.325000000
19:04:05,190719,50.579158802,-123.487862710,1168.377000000,16,0.200000000,0.146000000,0.325000000
19:04:06,190719,50.579158772,-123.487862720,1168.374000000,16,0.200000000,0.146000000,0.325000000
19:04:07,190719,50.579158762,-123.487862730,1168.374000000,16,0.200000000,0.146000000,0.325000000
19:04:08,190719,50.579158738,-123.487862762,1168.375000000,16,0.200000000,0.146000000,0.325000000
19:04:09,190719,50.579158737,-123.487862762,1168.379000000,15,0.217000000,0.147000000,0.325000000
19:04:10,190719,50.579158718,-123.487862755,1168.373000000,15,0.217000000,0.147000000,0.325000000
19:04:11,190719,50.579158678,-123.487862735,1168.371000000,15,0.217000000,0.147000000,0.325000000
19:04:12,190719,50.579158630,-123.487862742,1168.369000000,15,0.217000000,0.147000000,0.325000000
19:04:13,190719,50.579158595,-123.487862778,1168.366000000,15,0.217000000,0.147000000,0.325000000
19:04:14,190719,50.579158558,-123.487862802,1168.365000000,15,0.217000000,0.147000000,0.325000000
19:04:15,190719,50.579158562,-123.487862817,1168.370000000,15,0.217000000,0.147000000,0.326000000
19:04:16,190719,50.579158567,-123.487862823,1168.367000000,15,0.217000000,0.147000000,0.326000000
19:04:17,190719,50.579158593,-123.487862810,1168.367000000,15,0.217000000,0.147000000,0.326000000
19:04:18,190719,50.579158650,-123.487862782,1168.369000000,15,0.217000000,0.147000000,0.326000000
19:04:19,190719,50.579158738,-123.487862732,1168.380000000,15,0.217000000,0.147000000,0.326000000
19:04:20,190719,50.579158822,-123.487862697,1168.388000000,15,0.217000000,0.147000000,0.326000000
19:04:21,190719,50.579158893,-123.487862650,1168.399000000,15,0.217000000,0.147000000,0.326000000
19:04:22,190719,50.579159018,-123.487862612,1168.419000000,15,0.217000000,0.147000000,0.326000000
19:04:23,190719,50.579159155,-123.487862585,1168.440000000,15,0.217000000,0.147000000,0.326000000
19:04:24,190719,50.579159275,-123.487862550,1168.461000000,16,0.175000000,0.143000000,0.294000000
19:04:25,190719,50.579159415,-123.487862525,1168.480000000,16,0.175000000,0.143000000,0.294000000
19:04:26,190719,50.579159547,-123.487862522,1168.501000000,16,0.175000000,0.143000000,0.294000000
19:04:27,190719,50.579159667,-123.487862492,1168.516000000,16,0.175000000,0.143000000,0.294000000
19:04:28,190719,50.579159745,-123.487862450,1168.530000000,16,0.175000000,0.143000000,0.294000000
19:04:29,190719,50.579159817,-123.487862410,1168.536000000,16,0.175000000,0.143000000,0.294000000
19:04:30,190719,50.579159858,-123.487862377,1168.541000000,16,0.175000000,0.143000000,0.295000000
19:04:31,190719,50.579159875,-123.487862327,1168.545000000,16,0.175000000,0.143000000,0.295000000
19:04:32,190719,50.579159917,-123.487862302,1168.547000000,15,0.175000000,0.143000000,0.295000000
19:04:33,190719,50.579159927,-123.487862280,1168.553000000,15,0.217000000,0.147000000,0.327000000
19:04:34,190719,50.579159925,-123.487862282,1168.559000000,15,0.217000000,0.147000000,0.327000000
19:04:35,190719,50.579159915,-123.487862268,1168.566000000,15,0.217000000,0.147000000,0.327000000
19:04:36,190719,50.579159930,-123.487862250,1168.565000000,15,0.217000000,0.147000000,0.327000000
19:04:37,190719,50.579159972,-123.487862188,1168.567000000,15,0.217000000,0.147000000,0.327000000
19:04:38,190719,50.579160038,-123.487862085,1168.567000000,15,0.217000000,0.147000000,0.327000000
19:04:39,190719,50.579160105,-123.487862018,1168.563000000,15,0.217000000,0.147000000,0.327000000
19:04:40,190719,50.579160175,-123.487861932,1168.561000000,15,0.217000000,0.147000000,0.327000000
19:04:41,190719,50.579160258,-123.487861857,1168.560000000,15,0.217000000,0.147000000,0.327000000
19:04:42,190719,50.579160358,-123.487861797,1168.564000000,15,0.217000000,0.147000000,0.327000000
19:04:43,190719,50.579160428,-123.487861763,1168.571000000,15,0.217000000,0.147000000,0.327000000
19:04:44,190719,50.579160445,-123.487861798,1168.580000000,15,0.217000000,0.147000000,0.327000000
19:04:45,190719,50.579160452,-123.487861822,1168.591000000,15,0.217000000,0.147000000,0.327000000
19:04:46,190719,50.579160420,-123.487861865,1168.600000000,15,0.217000000,0.147000000,0.327000000
19:04:47,190719,50.579160358,-123.487861880,1168.600000000,15,0.217000000,0.147000000,0.327000000
19:04:48,190719,50.579160285,-123.487861875,1168.592000000,15,0.216000000,0.147000000,0.327000000
19:04:49,190719,50.579160198,-123.487861853,1168.583000000,15,0.216000000,0.147000000,0.327000000
19:04:50,190719,50.579160123,-123.487861868,1168.571000000,15,0.216000000,0.147000000,0.327000000
19:04:51,190719,50.579160003,-123.487861922,1168.557000000,15,0.216000000,0.147000000,0.327000000
19:04:52,190719,50.579159842,-123.487862033,1168.538000000,15,0.216000000,0.147000000,0.327000000
19:04:53,190719,50.579159620,-123.487862240,1168.511000000,15,0.216000000,0.147000000,0.327000000
19:04:54,190719,50.579159423,-123.487862377,1168.491000000,15,0.216000000,0.147000000,0.328000000
19:04:55,190719,50.579159233,-123.487862520,1168.470000000,15,0.216000000,0.147000000,0.328000000
19:04:56,190719,50.579159047,-123.487862665,1168.450000000,15,0.216000000,0.147000000,0.328000000
19:04:57,190719,50.579158900,-123.487862760,1168.439000000,15,0.216000000,0.147000000,0.328000000
19:04:58,190719,50.579158795,-123.487862833,1168.426000000,15,0.216000000,0.147000000,0.328000000
19:04:59,190719,50.579158737,-123.487862930,1168.415000000,15,0.216000000,0.147000000,0.328000000
19:05:00,190719,50.579158683,-123.487863027,1168.411000000,16,0.175000000,0.143000000,0.296000000
19:05:01,190719,50.579158650,-123.487863105,1168.405000000,16,0.175000000,0.143000000,0.296000000
19:05:02,190719,50.579158605,-123.487863177,1168.401000000,16,0.175000000,0.143000000,0.296000000
19:05:03,190719,50.579158528,-123.487863258,1168.397000000,16,0.175000000,0.143000000,0.296000000
19:05:04,190719,50.579158445,-123.487863365,1168.393000000,16,0.175000000,0.143000000,0.296000000
19:05:05,190719,50.579158368,-123.487863430,1168.383000000,16,0.175000000,0.143000000,0.296000000
19:05:06,190719,50.579158285,-123.487863503,1168.378000000,16,0.175000000,0.143000000,0.296000000
19:05:07,190719,50.579158233,-123.487863582,1168.380000000,16,0.175000000,0.143000000,0.296000000
19:05:08,190719,50.579158177,-123.487863652,1168.382000000,16,0.175000000,0.143000000,0.296000000
19:05:09,190719,50.579158113,-123.487863767,1168.383000000,16,0.175000000,0.143000000,0.296000000
19:05:10,190719,50.579158063,-123.487863863,1168.382000000,16,0.175000000,0.143000000,0.296000000
19:05:11,190719,50.579158028,-123.487863937,1168.377000000,15,0.216000000,0.147000000,0.328000000
19:05:12,190719,50.579158008,-123.487864015,1168.375000000,15,0.216000000,0.147000000,0.328000000
19:05:13,190719,50.579157988,-123.487864033,1168.373000000,15,0.216000000,0.147000000,0.328000000
19:05:14,190719,50.579157955,-123.487864032,1168.367000000,16,0.200000000,0.146000000,0.328000000
19:05:15,190719,50.579157958,-123.487864025,1168.360000000,16,0.200000000,0.146000000,0.328000000
19:05:16,190719,50.579157968,-123.487864013,1168.360000000,16,0.200000000,0.146000000,0.328000000
19:05:17,190719,50.579157955,-123.487864010,1168.358000000,16,0.200000000,0.146000000,0.328000000
19:05:18,190719,50.579157958,-123.487864012,1168.360000000,16,0.200000000,0.146000000,0.328000000
19:05:19,190719,50.579157952,-123.487864008,1168.357000000,16,0.200000000,0.146000000,0.328000000
19:05:20,190719,50.579157928,-123.487864020,1168.358000000,16,0.200000000,0.146000000,0.328000000
19:05:21,190719,50.579157942,-123.487863983,1168.358000000,16,0.200000000,0.146000000,0.328000000
19:05:22,190719,50.579157962,-123.487863980,1168.361000000,16,0.200000000,0.146000000,0.328000000
19:05:23,190719,50.579157990,-123.487863930,1168.368000000,16,0.200000000,0.146000000,0.329000000
19:05:24,190719,50.579158017,-123.487863922,1168.366000000,16,0.200000000,0.146000000,0.329000000
19:05:25,190719,50.579158012,-123.487863887,1168.363000000,16,0.200000000,0.146000000,0.329000000
19:05:26,190719,50.579158013,-123.487863828,1168.355000000,16,0.200000000,0.146000000,0.329000000
19:05:27,190719,50.579158007,-123.487863752,1168.347000000,16,0.200000000,0.146000000,0.329000000
19:05:28,190719,50.579157997,-123.487863710,1168.342000000,16,0.200000000,0.146000000,0.329000000
19:05:29,190719,50.579157987,-123.487863657,1168.339000000,16,0.200000000,0.146000000,0.329000000
19:05:30,190719,50.579157953,-123.487863627,1168.335000000,16,0.200000000,0.146000000,0.329000000
19:05:31,190719,50.579157907,-123.487863618,1168.327000000,16,0.200000000,0.146000000,0.329000000
19:05:32,190719,50.579157867,-123.487863570,1168.316000000,16,0.200000000,0.146000000,0.329000000
19:05:33,190719,50.579157848,-123.487863462,1168.301000000,16,0.200000000,0.146000000,0.329000000
19:05:34,190719,50.579157783,-123.487863385,1168.285000000,16,0.200000000,0.146000000,0.329000000
19:05:35,190719,50.579157700,-123.487863263,1168.268000000,16,0.200000000,0.146000000,0.329000000
19:05:36,190719,50.579157632,-123.487863213,1168.246000000,16,0.200000000,0.146000000,0.329000000
19:05:37,190719,50.579157600,-123.487863120,1168.230000000,16,0.200000000,0.146000000,0.329000000
19:05:38,190719,50.579157552,-123.487863098,1168.216000000,16,0.200000000,0.146000000,0.329000000
19:05:39,190719,50.579157530,-123.487863053,1168.202000000,16,0.200000000,0.146000000,0.329000000
19:05:40,190719,50.579157525,-123.487863035,1168.191000000,17,0.160000000,0.141000000,0.295000000
19:05:41,190719,50.579157580,-123.487862955,1168.179000000,16,0.172000000,0.148000000,0.303000000
19:05:42,190719,50.579157633,-123.487862855,1168.171000000,16,0.172000000,0.148000000,0.303000000
19:05:43,190719,50.579157660,-123.487862720,1168.170000000,16,0.172000000,0.148000000,0.303000000
19:05:44,190719,50.579157718,-123.487862637,1168.175000000,15,0.172000000,0.148000000,0.303000000
19:05:45,190719,50.579157793,-123.487862540,1168.183000000,15,0.208000000,0.153000000,0.338000000
19:05:46,190719,50.579157857,-123.487862493,1168.184000000,15,0.208000000,0.153000000,0.338000000
19:05:47,190719,50.579157897,-123.487862518,1168.197000000,15,0.208000000,0.153000000,0.338000000
19:05:48,190719,50.579158057,-123.487862838,1168.233000000,15,0.208000000,0.153000000,0.338000000
19:05:49,190719,50.579158163,-123.487863092,1168.273000000,15,0.208000000,0.153000000,0.338000000
19:05:50,190719,50.579158188,-123.487863120,1168.291000000,15,0.208000000,0.153000000,0.338000000
19:05:51,190719,50.579158298,-123.487863402,1168.327000000,15,0.208000000,0.153000000,0.338000000
19:05:52,190719,50.579158322,-123.487863483,1168.341000000,15,0.208000000,0.153000000,0.338000000
19:05:53,190719,50.579158385,-123.487863682,1168.371000000,15,0.208000000,0.153000000,0.338000000
19:05:54,190719,50.579158468,-123.487863837,1168.397000000,15,0.208000000,0.153000000,0.338000000
19:05:55,190719,50.579158552,-123.487864092,1168.439000000,15,0.208000000,0.153000000,0.338000000
19:05:56,190719,50.579158533,-123.487864192,1168.451000000,15,0.208000000,0.153000000,0.338000000
19:05:57,190719,50.579158548,-123.487864320,1168.470000000,15,0.208000000,0.153000000,0.339000000
19:05:58,190719,50.579158602,-123.487864362,1168.484000000,16,0.172000000,0.148000000,0.303000000
19:05:59,190719,50.579158690,-123.487864520,1168.515000000,16,0.172000000,0.148000000,0.303000000
19:06:00,190719,50.579158702,-123.487864532,1168.519000000,16,0.172000000,0.148000000,0.303000000
19:06:01,190719,50.579158692,-123.487864420,1168.509000000,16,0.172000000,0.148000000,0.303000000
19:06:02,190719,50.579158667,-123.487864310,1168.496000000,15,0.172000000,0.163000000,0.329000000
19:06:03,190719,50.579158633,-123.487864170,1168.477000000,15,0.172000000,0.163000000,0.329000000
19:06:04,190719,50.579158553,-123.487864027,1168.448000000,15,0.172000000,0.163000000,0.329000000
19:06:05,190719,50.579158457,-123.487863885,1168.420000000,15,0.172000000,0.163000000,0.329000000
19:06:06,190719,50.579158378,-123.487863755,1168.396000000,15,0.172000000,0.163000000,0.329000000
19:06:07,190719,50.579158307,-123.487863630,1168.375000000,15,0.172000000,0.163000000,0.329000000
19:06:08,190719,50.579158232,-123.487863472,1168.347000000,15,0.172000000,0.163000000,0.329000000
19:06:09,190719,50.579158165,-123.487863343,1168.326000000,15,0.172000000,0.163000000,0.329000000
19:06:10,190719,50.579158130,-123.487863243,1168.307000000,15,0.172000000,0.163000000,0.329000000
19:06:11,190719,50.579158133,-123.487863150,1168.293000000,14,0.208000000,0.166000000,0.366000000
19:06:12,190719,50.579158150,-123.487863040,1168.283000000,14,0.208000000,0.166000000,0.366000000
19:06:13,190719,50.579158180,-123.487862872,1168.267000000,14,0.208000000,0.166000000,0.366000000
19:06:14,190719,50.579158203,-123.487862702,1168.246000000,14,0.208000000,0.166000000,0.366000000
19:06:15,190719,50.579158237,-123.487862510,1168.229000000,14,0.208000000,0.166000000,0.366000000
19:06:16,190719,50.579158232,-123.487862408,1168.215000000,14,0.208000000,0.166000000,0.366000000
19:06:17,190719,50.579158213,-123.487862323,1168.208000000,14,0.208000000,0.166000000,0.366000000
19:06:18,190719,50.579158167,-123.487862212,1168.192000000,13,0.236000000,0.169000000,0.373000000
19:06:19,190719,50.579158145,-123.487862102,1168.179000000,13,0.236000000,0.169000000,0.373000000
19:06:20,190719,50.579158145,-123.487861940,1168.163000000,13,0.236000000,0.169000000,0.373000000
19:06:21,190719,50.579158135,-123.487861797,1168.141000000,13,0.236000000,0.169000000,0.373000000
19:06:22,190719,50.579158130,-123.487861638,1168.119000000,13,0.236000000,0.169000000,0.373000000
19:06:23,190719,50.579158137,-123.487861437,1168.097000000,13,0.236000000,0.169000000,0.373000000
19:06:24,190719,50.579158155,-123.487861273,1168.080000000,14,0.217000000,0.161000000,0.358000000
19:06:25,190719,50.579158138,-123.487861162,1168.064000000,14,0.217000000,0.161000000,0.358000000
19:06:26,190719,50.579158113,-123.487861038,1168.045000000,14,0.217000000,0.161000000,0.358000000
19:06:27,190719,50.579158115,-123.487860922,1168.028000000,14,0.217000000,0.161000000,0.358000000
19:06:28,190719,50.579158133,-123.487860837,1168.016000000,14,0.217000000,0.161000000,0.358000000
19:06:29,190719,50.579158187,-123.487860762,1168.004000000,14,0.217000000,0.161000000,0.358000000
19:06:30,190719,50.579158210,-123.487860680,1167.994000000,14,0.217000000,0.161000000,0.359000000
19:06:31,190719,50.579158215,-123.487860592,1167.984000000,14,0.217000000,0.161000000,0.359000000
19:06:32,190719,50.579158245,-123.487860510,1167.975000000,14,0.217000000,0.161000000,0.359000000
19:06:33,190719,50.579158325,-123.487860392,1167.963000000,14,0.217000000,0.161000000,0.359000000
19:06:34,190719,50.579158392,-123.487860240,1167.951000000,15,0.216000000,0.147000000,0.333000000
19:06:35,190719,50.579158442,-123.487860142,1167.941000000,15,0.216000000,0.147000000,0.333000000
19:06:36,190719,50.579158467,-123.487860040,1167.931000000,15,0.216000000,0.147000000,0.333000000
19:06:37,190719,50.579158527,-123.487859982,1167.927000000,15,0.216000000,0.147000000,0.333000000
19:06:38,190719,50.579158562,-123.487859952,1167.924000000,15,0.216000000,0.147000000,0.333000000
19:06:39,190719,50.579158577,-123.487859932,1167.915000000,15,0.216000000,0.147000000,0.333000000
19:06:40,190719,50.579158580,-123.487859910,1167.912000000,15,0.216000000,0.147000000,0.333000000
19:06:41,190719,50.579158588,-123.487859918,1167.906000000,15,0.216000000,0.147000000,0.333000000
19:06:42,190719,50.579158583,-123.487859923,1167.900000000,15,0.216000000,0.147000000,0.333000000
19:06:43,190719,50.579158585,-123.487859912,1167.900000000,15,0.216000000,0.147000000,0.333000000
19:06:44,190719,50.579158593,-123.487859890,1167.890000000,16,0.174000000,0.143000000,0.299000000
19:06:45,190719,50.579158608,-123.487859878,1167.890000000,16,0.174000000,0.143000000,0.299000000
19:06:46,190719,50.579158617,-123.487859850,1167.886000000,16,0.174000000,0.143000000,0.299000000
19:06:47,190719,50.579158652,-123.487859835,1167.879000000,16,0.174000000,0.143000000,0.299000000
19:06:48,190719,50.579158642,-123.487859813,1167.879000000,16,0.174000000,0.143000000,0.299000000
19:06:49,190719,50.579158657,-123.487859828,1167.876000000,16,0.174000000,0.143000000,0.299000000
19:06:50,190719,50.579158665,-123.487859843,1167.874000000,17,0.174000000,0.143000000,0.300000000
19:06:51,190719,50.579158655,-123.487859863,1167.877000000,17,0.160000000,0.142000000,0.298000000
19:06:52,190719,50.579158650,-123.487859870,1167.877000000,15,0.216000000,0.147000000,0.333000000
19:06:53,190719,50.579158703,-123.487859842,1167.880000000,16,0.200000000,0.146000000,0.333000000
19:06:54,190719,50.579158715,-123.487859810,1167.882000000,15,0.216000000,0.147000000,0.334000000
19:06:55,190719,50.579158698,-123.487859835,1167.884000000,16,0.200000000,0.146000000,0.333000000
19:06:56,190719,50.579158708,-123.487859785,1167.884000000,16,0.200000000,0.146000000,0.333000000
19:06:57,190719,50.579158723,-123.487859782,1167.885000000,16,0.200000000,0.146000000,0.333000000
19:06:58,190719,50.579158777,-123.487859710,1167.882000000,16,0.200000000,0.146000000,0.333000000
19:06:59,190719,50.579158833,-123.487859670,1167.884000000,16,0.200000000,0.146000000,0.333000000
19:07:00,190719,50.579158850,-123.487859638,1167.882000000,16,0.200000000,0.146000000,0.333000000
19:07:01,190719,50.579158890,-123.487859600,1167.882000000,16,0.200000000,0.146000000,0.333000000
19:07:02,190719,50.579158922,-123.487859537,1167.886000000,16,0.200000000,0.146000000,0.333000000
19:07:03,190719,50.579158987,-123.487859470,1167.886000000,16,0.200000000,0.146000000,0.333000000
19:07:04,190719,50.579158977,-123.487859437,1167.892000000,16,0.200000000,0.146000000,0.333000000
19:07:05,190719,50.579158915,-123.487859423,1167.895000000,16,0.200000000,0.146000000,0.333000000
19:07:06,190719,50.579158870,-123.487859402,1167.899000000,16,0.200000000,0.146000000,0.333000000
19:07:07,190719,50.579158835,-123.487859410,1167.911000000,16,0.200000000,0.146000000,0.334000000
19:07:08,190719,50.579158815,-123.487859378,1167.911000000,16,0.200000000,0.146000000,0.334000000
19:07:09,190719,50.579158788,-123.487859368,1167.914000000,16,0.200000000,0.146000000,0.334000000
19:07:10,190719,50.579158787,-123.487859330,1167.919000000,16,0.200000000,0.146000000,0.334000000
19:07:11,190719,50.579158798,-123.487859293,1167.920000000,16,0.200000000,0.146000000,0.334000000
19:07:12,190719,50.579158810,-123.487859285,1167.923000000,16,0.200000000,0.146000000,0.334000000
19:07:13,190719,50.579158807,-123.487859297,1167.925000000,15,0.216000000,0.147000000,0.335000000
19:07:14,190719,50.579158807,-123.487859283,1167.924000000,15,0.216000000,0.147000000,0.335000000
19:07:15,190719,50.579158807,-123.487859278,1167.925000000,15,0.216000000,0.147000000,0.335000000
19:07:16,190719,50.579158802,-123.487859315,1167.933000000,15,0.216000000,0.147000000,0.335000000
19:07:17,190719,50.579158805,-123.487859367,1167.936000000,15,0.216000000,0.147000000,0.335000000
19:07:18,190719,50.579158800,-123.487859390,1167.939000000,15,0.216000000,0.147000000,0.335000000
19:07:19,190719,50.579158775,-123.487859413,1167.942000000,15,0.216000000,0.147000000,0.335000000
19:07:20,190719,50.579158773,-123.487859435,1167.946000000,15,0.216000000,0.147000000,0.335000000
19:07:21,190719,50.579158768,-123.487859453,1167.950000000,15,0.216000000,0.147000000,0.335000000
19:07:22,190719,50.579158800,-123.487859475,1167.953000000,16,0.216000000,0.147000000,0.335000000
19:07:23,190719,50.579158812,-123.487859497,1167.960000000,16,0.174000000,0.143000000,0.301000000
19:07:24,190719,50.579158817,-123.487859548,1167.965000000,16,0.174000000,0.143000000,0.301000000
19:07:25,190719,50.579158822,-123.487859583,1167.974000000,16,0.174000000,0.143000000,0.301000000
19:07:26,190719,50.579158825,-123.487859653,1167.982000000,16,0.174000000,0.143000000,0.301000000
19:07:27,190719,50.579158833,-123.487859710,1167.991000000,16,0.174000000,0.143000000,0.301000000
19:07:28,190719,50.579158827,-123.487859795,1167.995000000,16,0.174000000,0.143000000,0.301000000
19:07:29,190719,50.579158770,-123.487859960,1168.001000000,16,0.174000000,0.143000000,0.301000000
19:07:30,190719,50.579158747,-123.487860033,1168.008000000,16,0.174000000,0.143000000,0.301000000
19:07:31,190719,50.579158698,-123.487860135,1168.011000000,16,0.174000000,0.143000000,0.301000000
19:07:32,190719,50.579158677,-123.487860218,1168.015000000,16,0.174000000,0.143000000,0.301000000
19:07:33,190719,50.579158662,-123.487860307,1168.018000000,16,0.174000000,0.143000000,0.301000000
19:07:34,190719,50.579158645,-123.487860378,1168.017000000,16,0.174000000,0.143000000,0.301000000
19:07:35,190719,50.579158650,-123.487860428,1168.023000000,16,0.174000000,0.143000000,0.301000000
19:07:36,190719,50.579158655,-123.487860518,1168.033000000,16,0.174000000,0.143000000,0.301000000
19:07:37,190719,50.579158633,-123.487860643,1168.041000000,16,0.174000000,0.143000000,0.301000000
19:07:38,190719,50.579158602,-123.487860747,1168.049000000,16,0.174000000,0.143000000,0.301000000
19:07:39,190719,50.579158573,-123.487860865,1168.054000000,16,0.174000000,0.143000000,0.301000000
19:07:40,190719,50.579158565,-123.487860928,1168.062000000,16,0.174000000,0.143000000,0.301000000
19:07:41,190719,50.579158590,-123.487860997,1168.064000000,17,0.159000000,0.142000000,0.299000000
19:07:42,190719,50.579158607,-123.487861020,1168.066000000,17,0.159000000,0.142000000,0.299000000
19:07:43,190719,50.579158608,-123.487861068,1168.076000000,17,0.159000000,0.142000000,0.299000000
19:07:44,190719,50.579158602,-123.487861138,1168.081000000,17,0.159000000,0.142000000,0.299000000
19:07:45,190719,50.579158582,-123.487861213,1168.088000000,17,0.159000000,0.142000000,0.299000000
19:07:46,190719,50.579158572,-123.487861273,1168.091000000,17,0.159000000,0.142000000,0.299000000
19:07:47,190719,50.579158583,-123.487861313,1168.091000000,17,0.159000000,0.142000000,0.299000000
19:07:48,190719,50.579158603,-123.487861332,1168.103000000,17,0.159000000,0.142000000,0.299000000
19:07:49,190719,50.579158605,-123.487861427,1168.104000000,17,0.159000000,0.142000000,0.299000000
19:07:50,190719,50.579158583,-123.487861487,1168.109000000,17,0.159000000,0.142000000,0.299000000
19:07:51,190719,50.579158577,-123.487861543,1168.117000000,17,0.159000000,0.142000000,0.299000000
19:07:52,190719,50.579158578,-123.487861593,1168.125000000,17,0.159000000,0.142000000,0.299000000
19:07:53,190719,50.579158595,-123.487861608,1168.125000000,17,0.159000000,0.142000000,0.299000000
19:07:54,190719,50.579158602,-123.487861642,1168.125000000,17,0.159000000,0.142000000,0.299000000
19:07:55,190719,50.579158593,-123.487861660,1168.123000000,17,0.159000000,0.142000000,0.299000000
19:07:56,190719,50.579158592,-123.487861597,1168.124000000,17,0.159000000,0.142000000,0.299000000
19:07:57,190719,50.579158580,-123.487861488,1168.128000000,17,0.159000000,0.142000000,0.299000000
19:07:58,190719,50.579158573,-123.487861455,1168.131000000,17,0.159000000,0.142000000,0.299000000
19:07:59,190719,50.579158555,-123.487861487,1168.134000000,17,0.159000000,0.142000000,0.300000000
19:08:00,190719,50.579158520,-123.487861537,1168.140000000,17,0.159000000,0.142000000,0.300000000
19:08:01,190719,50.579158487,-123.487861577,1168.146000000,17,0.159000000,0.142000000,0.300000000
19:08:02,190719,50.579158467,-123.487861598,1168.147000000,17,0.159000000,0.142000000,0.300000000
19:08:03,190719,50.579158457,-123.487861633,1168.149000000,17,0.159000000,0.142000000,0.300000000
19:08:04,190719,50.579158477,-123.487861635,1168.150000000,17,0.159000000,0.142000000,0.300000000
19:08:05,190719,50.579158502,-123.487861637,1168.156000000,17,0.159000000,0.142000000,0.300000000
19:08:06,190719,50.579158540,-123.487861625,1168.158000000,17,0.159000000,0.142000000,0.300000000
19:08:07,190719,50.579158570,-123.487861607,1168.163000000,17,0.159000000,0.142000000,0.300000000
19:08:08,190719,50.579158590,-123.487861578,1168.159000000,16,0.174000000,0.144000000,0.302000000
19:08:09,190719,50.579158608,-123.487861578,1168.160000000,16,0.174000000,0.144000000,0.302000000
19:08:10,190719,50.579158628,-123.487861592,1168.163000000,16,0.174000000,0.144000000,0.302000000
19:08:11,190719,50.579158605,-123.487861623,1168.167000000,16,0.174000000,0.144000000,0.302000000
19:08:12,190719,50.579158573,-123.487861645,1168.168000000,16,0.174000000,0.144000000,0.302000000
19:08:13,190719,50.579158568,-123.487861670,1168.170000000,16,0.174000000,0.144000000,0.302000000
19:08:14,190719,50.579158580,-123.487861688,1168.173000000,16,0.174000000,0.144000000,0.303000000
19:08:15,190719,50.579158578,-123.487861690,1168.176000000,16,0.174000000,0.144000000,0.303000000
19:08:16,190719,50.579158583,-123.487861712,1168.177000000,16,0.174000000,0.144000000,0.303000000
19:08:17,190719,50.579158602,-123.487861735,1168.179000000,16,0.174000000,0.144000000,0.303000000
19:08:18,190719,50.579158592,-123.487861735,1168.181000000,16,0.174000000,0.144000000,0.303000000
19:08:19,190719,50.579158603,-123.487861723,1168.182000000,16,0.174000000,0.144000000,0.303000000
19:08:20,190719,50.579158620,-123.487861703,1168.185000000,16,0.174000000,0.144000000,0.303000000
19:08:21,190719,50.579158632,-123.487861683,1168.187000000,16,0.174000000,0.144000000,0.303000000
19:08:22,190719,50.579158643,-123.487861670,1168.189000000,16,0.174000000,0.144000000,0.303000000
19:08:23,190719,50.579158633,-123.487861683,1168.191000000,16,0.174000000,0.144000000,0.303000000
19:08:24,190719,50.579158645,-123.487861692,1168.194000000,16,0.174000000,0.144000000,0.303000000
19:08:25,190719,50.579158637,-123.487861717,1168.197000000,16,0.174000000,0.144000000,0.303000000
19:08:26,190719,50.579158645,-123.487861755,1168.197000000,16,0.174000000,0.144000000,0.303000000
19:08:27,190719,50.579158658,-123.487861768,1168.198000000,16,0.174000000,0.144000000,0.303000000
19:08:28,190719,50.579158688,-123.487861788,1168.201000000,16,0.174000000,0.144000000,0.303000000
19:08:29,190719,50.579158745,-123.487861772,1168.202000000,16,0.174000000,0.144000000,0.303000000
19:08:30,190719,50.579158775,-123.487861770,1168.202000000,16,0.174000000,0.144000000,0.303000000
19:08:31,190719,50.579158828,-123.487861760,1168.201000000,16,0.174000000,0.144000000,0.303000000
19:08:32,190719,50.579158873,-123.487861728,1168.203000000,15,0.175000000,0.159000000,0.328000000
19:08:33,190719,50.579158928,-123.487861717,1168.206000000,15,0.175000000,0.159000000,0.328000000
19:08:34,190719,50.579158960,-123.487861745,1168.211000000,15,0.175000000,0.159000000,0.328000000
19:08:35,190719,50.579158985,-123.487861792,1168.209000000,15,0.175000000,0.159000000,0.329000000
19:08:36,190719,50.579158998,-123.487861813,1168.209000000,15,0.175000000,0.159000000,0.329000000
19:08:37,190719,50.579159020,-123.487861840,1168.209000000,16,0.159000000,0.159000000,0.324000000
19:08:38,190719,50.579159020,-123.487861853,1168.209000000,16,0.159000000,0.159000000,0.324000000
19:08:39,190719,50.579159037,-123.487861887,1168.207000000,16,0.159000000,0.159000000,0.324000000
19:08:40,190719,50.579159042,-123.487861907,1168.208000000,16,0.159000000,0.159000000,0.324000000
19:08:41,190719,50.579159050,-123.487861952,1168.208000000,16,0.159000000,0.159000000,0.324000000
19:08:42,190719,50.579159035,-123.487862008,1168.216000000,16,0.159000000,0.159000000,0.324000000
19:08:43,190719,50.579159030,-123.487862057,1168.218000000,16,0.159000000,0.159000000,0.324000000
19:08:44,190719,50.579159028,-123.487862083,1168.226000000,16,0.159000000,0.159000000,0.324000000
19:08:45,190719,50.579159062,-123.487862095,1168.227000000,16,0.159000000,0.159000000,0.324000000
19:08:46,190719,50.579159072,-123.487862105,1168.228000000,16,0.159000000,0.159000000,0.324000000
19:08:47,190719,50.579159083,-123.487862145,1168.228000000,16,0.159000000,0.159000000,0.324000000
19:08:48,190719,50.579159102,-123.487862173,1168.230000000,16,0.159000000,0.159000000,0.324000000
19:08:49,190719,50.579159127,-123.487862187,1168.231000000,17,0.159000000,0.142000000,0.301000000
19:08:50,190719,50.579159140,-123.487862227,1168.236000000,16,0.159000000,0.159000000,0.324000000
19:08:51,190719,50.579159162,-123.487862273,1168.242000000,16,0.159000000,0.159000000,0.324000000
19:08:52,190719,50.579159183,-123.487862318,1168.248000000,16,0.159000000,0.159000000,0.324000000
19:08:53,190719,50.579159223,-123.487862348,1168.256000000,17,0.159000000,0.142000000,0.301000000
19:08:54,190719,50.579159265,-123.487862362,1168.261000000,16,0.159000000,0.159000000,0.324000000
19:08:55,190719,50.579159315,-123.487862347,1168.269000000,17,0.159000000,0.142000000,0.301000000
19:08:56,190719,50.579159345,-123.487862357,1168.275000000,16,0.159000000,0.159000000,0.324000000
19:08:57,190719,50.579159368,-123.487862328,1168.275000000,17,0.159000000,0.142000000,0.301000000
19:08:58,190719,50.579159405,-123.487862303,1168.274000000,17,0.159000000,0.142000000,0.301000000
19:08:59,190719,50.579159417,-123.487862310,1168.271000000,17,0.159000000,0.142000000,0.301000000
19:09:00,190719,50.579159430,-123.487862335,1168.270000000,17,0.159000000,0.142000000,0.301000000
19:09:01,190719,50.579159448,-123.487862373,1168.273000000,17,0.159000000,0.142000000,0.301000000
19:09:02,190719,50.579159458,-123.487862420,1168.276000000,17,0.159000000,0.142000000,0.301000000
19:09:03,190719,50.579159468,-123.487862443,1168.278000000,17,0.159000000,0.142000000,0.301000000
19:09:04,190719,50.579159482,-123.487862465,1168.280000000,17,0.159000000,0.142000000,0.301000000
19:09:05,190719,50.579159488,-123.487862490,1168.277000000,17,0.159000000,0.142000000,0.301000000
19:09:06,190719,50.579159487,-123.487862493,1168.278000000,17,0.159000000,0.142000000,0.301000000
19:09:07,190719,50.579159477,-123.487862500,1168.280000000,17,0.159000000,0.142000000,0.301000000
19:09:08,190719,50.579159478,-123.487862525,1168.280000000,17,0.159000000,0.142000000,0.301000000
19:09:09,190719,50.579159458,-123.487862533,1168.284000000,17,0.159000000,0.142000000,0.302000000
19:09:10,190719,50.579159440,-123.487862540,1168.286000000,17,0.159000000,0.142000000,0.302000000
19:09:11,190719,50.579159437,-123.487862547,1168.287000000,18,0.143000000,0.139000000,0.285000000
19:09:12,190719,50.579159455,-123.487862548,1168.289000000,18,0.143000000,0.139000000,0.285000000
19:09:13,190719,50.579159490,-123.487862533,1168.286000000,18,0.143000000,0.139000000,0.285000000
19:09:14,190719,50.579159532,-123.487862502,1168.288000000,17,0.143000000,0.139000000,0.285000000
19:09:15,190719,50.579159547,-123.487862495,1168.287000000,17,0.156000000,0.140000000,0.290000000
19:09:16,190719,50.579159572,-123.487862500,1168.286000000,17,0.156000000,0.140000000,0.290000000
19:09:17,190719,50.579159612,-123.487862468,1168.291000000,17,0.156000000,0.140000000,0.290000000
19:09:18,190719,50.579159645,-123.487862452,1168.290000000,17,0.156000000,0.140000000,0.290000000
19:09:19,190719,50.579159653,-123.487862430,1168.290000000,17,0.156000000,0.140000000,0.290000000
19:09:20,190719,50.579159683,-123.487862418,1168.294000000,17,0.156000000,0.140000000,0.290000000
19:09:21,190719,50.579159698,-123.487862408,1168.298000000,17,0.156000000,0.140000000,0.290000000
19:09:22,190719,50.579159720,-123.487862390,1168.297000000,17,0.156000000,0.140000000,0.290000000
19:09:23,190719,50.579159728,-123.487862405,1168.299000000,17,0.156000000,0.140000000,0.290000000
19:09:24,190719,50.579159740,-123.487862383,1168.299000000,17,0.156000000,0.140000000,0.290000000
19:09:25,190719,50.579159770,-123.487862360,1168.297000000,17,0.156000000,0.140000000,0.290000000
19:09:26,190719,50.579159808,-123.487862322,1168.299000000,17,0.156000000,0.140000000,0.290000000
19:09:27,190719,50.579159828,-123.487862302,1168.295000000,17,0.156000000,0.140000000,0.290000000
19:09:28,190719,50.579159812,-123.487862300,1168.294000000,17,0.156000000,0.140000000,0.290000000
19:09:29,190719,50.579159802,-123.487862318,1168.293000000,17,0.156000000,0.140000000,0.290000000
19:09:30,190719,50.579159790,-123.487862323,1168.297000000,17,0.156000000,0.140000000,0.290000000
19:09:31,190719,50.579159782,-123.487862338,1168.294000000,17,0.156000000,0.140000000,0.290000000
19:09:32,190719,50.579159738,-123.487862338,1168.290000000,16,0.156000000,0.140000000,0.290000000
19:09:33,190719,50.579159712,-123.487862308,1168.285000000,16,0.174000000,0.144000000,0.305000000
19:09:34,190719,50.579159715,-123.487862283,1168.280000000,16,0.174000000,0.144000000,0.305000000
19:09:35,190719,50.579159707,-123.487862273,1168.275000000,16,0.174000000,0.144000000,0.305000000
19:09:36,190719,50.579159695,-123.487862305,1168.271000000,16,0.174000000,0.144000000,0.305000000
19:09:37,190719,50.579159663,-123.487862333,1168.272000000,16,0.174000000,0.144000000,0.305000000
19:09:38,190719,50.579159642,-123.487862388,1168.271000000,16,0.174000000,0.144000000,0.305000000
19:09:39,190719,50.579159635,-123.487862378,1168.271000000,17,0.156000000,0.140000000,0.291000000
19:09:40,190719,50.579159632,-123.487862392,1168.269000000,17,0.156000000,0.140000000,0.291000000
19:09:41,190719,50.579159628,-123.487862392,1168.268000000,17,0.156000000,0.140000000,0.291000000
19:09:42,190719,50.579159657,-123.487862383,1168.269000000,17,0.156000000,0.140000000,0.291000000
19:09:43,190719,50.579159688,-123.487862388,1168.272000000,17,0.156000000,0.140000000,0.291000000
19:09:44,190719,50.579159725,-123.487862422,1168.277000000,17,0.156000000,0.140000000,0.291000000
19:09:45,190719,50.579159783,-123.487862432,1168.281000000,17,0.156000000,0.140000000,0.291000000
19:09:46,190719,50.579159773,-123.487862475,1168.283000000,17,0.156000000,0.140000000,0.291000000
19:09:47,190719,50.579159760,-123.487862513,1168.285000000,17,0.156000000,0.140000000,0.291000000
19:09:48,190719,50.579159780,-123.487862560,1168.290000000,17,0.156000000,0.140000000,0.291000000
19:09:49,190719,50.579159780,-123.487862582,1168.290000000,17,0.156000000,0.140000000,0.291000000
19:09:50,190719,50.579159762,-123.487862570,1168.291000000,17,0.156000000,0.140000000,0.291000000
19:09:51,190719,50.579159757,-123.487862585,1168.289000000,17,0.156000000,0.140000000,0.291000000
19:09:52,190719,50.579159723,-123.487862602,1168.288000000,17,0.156000000,0.140000000,0.291000000
19:09:53,190719,50.579159667,-123.487862615,1168.287000000,17,0.156000000,0.140000000,0.291000000
19:09:54,190719,50.579159643,-123.487862658,1168.291000000,17,0.156000000,0.140000000,0.291000000
19:09:55,190719,50.579159612,-123.487862675,1168.295000000,17,0.156000000,0.140000000,0.291000000
19:09:56,190719,50.579159605,-123.487862707,1168.296000000,17,0.156000000,0.140000000,0.291000000
19:09:57,190719,50.579159587,-123.487862742,1168.301000000,17,0.156000000,0.140000000,0.291000000
19:09:58,190719,50.579159607,-123.487862743,1168.302000000,17,0.156000000,0.140000000,0.291000000
19:09:59,190719,50.579159662,-123.487862728,1168.306000000,17,0.156000000,0.140000000,0.291000000
19:10:00,190719,50.579159688,-123.487862732,1168.312000000,17,0.156000000,0.140000000,0.292000000
19:10:01,190719,50.579159710,-123.487862723,1168.320000000,17,0.156000000,0.140000000,0.292000000
19:10:02,190719,50.579159723,-123.487862737,1168.325000000,17,0.156000000,0.140000000,0.292000000
19:10:03,190719,50.579159735,-123.487862758,1168.331000000,17,0.156000000,0.140000000,0.292000000
19:10:04,190719,50.579159732,-123.487862748,1168.328000000,17,0.156000000,0.140000000,0.292000000
19:10:05,190719,50.579159733,-123.487862723,1168.332000000,17,0.156000000,0.140000000,0.292000000
19:10:06,190719,50.579159735,-123.487862703,1168.334000000,17,0.156000000,0.140000000,0.292000000
19:10:07,190719,50.579159742,-123.487862680,1168.335000000,17,0.156000000,0.140000000,0.292000000
19:10:08,190719,50.579159740,-123.487862672,1168.335000000,17,0.156000000,0.140000000,0.292000000
19:10:09,190719,50.579159728,-123.487862678,1168.334000000,17,0.156000000,0.140000000,0.292000000
19:10:10,190719,50.579159743,-123.487862673,1168.335000000,17,0.156000000,0.140000000,0.292000000
19:10:11,190719,50.579159748,-123.487862690,1168.341000000,17,0.156000000,0.140000000,0.292000000
19:10:12,190719,50.579159770,-123.487862723,1168.345000000,17,0.156000000,0.140000000,0.292000000
19:10:13,190719,50.579159775,-123.487862747,1168.349000000,17,0.156000000,0.140000000,0.292000000
19:10:14,190719,50.579159758,-123.487862788,1168.352000000,17,0.156000000,0.140000000,0.292000000
19:10:15,190719,50.579159733,-123.487862818,1168.352000000,17,0.156000000,0.140000000,0.292000000
19:10:16,190719,50.579159720,-123.487862817,1168.351000000,17,0.156000000,0.140000000,0.292000000
19:10:17,190719,50.579159727,-123.487862770,1168.349000000,17,0.156000000,0.140000000,0.292000000
19:10:18,190719,50.579159715,-123.487862742,1168.350000000,17,0.156000000,0.140000000,0.292000000
19:10:19,190719,50.579159712,-123.487862760,1168.350000000,17,0.156000000,0.140000000,0.292000000
19:10:20,190719,50.579159688,-123.487862782,1168.350000000,17,0.156000000,0.140000000,0.292000000
19:10:21,190719,50.579159667,-123.487862835,1168.352000000,17,0.156000000,0.140000000,0.292000000
19:10:22,190719,50.579159650,-123.487862895,1168.356000000,17,0.156000000,0.140000000,0.292000000
19:10:23,190719,50.579159652,-123.487862908,1168.361000000,17,0.156000000,0.140000000,0.292000000
19:10:24,190719,50.579159633,-123.487862922,1168.366000000,17,0.156000000,0.140000000,0.293000000
19:10:25,190719,50.579159627,-123.487862935,1168.364000000,17,0.156000000,0.140000000,0.293000000
19:10:26,190719,50.579159613,-123.487862957,1168.361000000,17,0.156000000,0.140000000,0.293000000
19:10:27,190719,50.579159608,-123.487862972,1168.363000000,17,0.156000000,0.140000000,0.293000000
19:10:28,190719,50.579159588,-123.487862987,1168.365000000,17,0.156000000,0.140000000,0.293000000
19:10:29,190719,50.579159548,-123.487863053,1168.367000000,17,0.156000000,0.140000000,0.293000000
19:10:30,190719,50.579159523,-123.487863098,1168.370000000,17,0.156000000,0.140000000,0.293000000
19:10:31,190719,50.579159495,-123.487863143,1168.378000000,17,0.156000000,0.140000000,0.293000000
19:10:32,190719,50.579159460,-123.487863190,1168.385000000,17,0.156000000,0.140000000,0.293000000
19:10:33,190719,50.579159432,-123.487863245,1168.389000000,17,0.156000000,0.140000000,0.293000000
19:10:34,190719,50.579159437,-123.487863257,1168.391000000,17,0.156000000,0.140000000,0.293000000
19:10:35,190719,50.579159462,-123.487863275,1168.398000000,17,0.156000000,0.140000000,0.293000000
19:10:36,190719,50.579159472,-123.487863332,1168.392000000,17,0.156000000,0.140000000,0.293000000
19:10:37,190719,50.579159470,-123.487863358,1168.394000000,17,0.156000000,0.140000000,0.293000000
19:10:38,190719,50.579159483,-123.487863438,1168.394000000,17,0.156000000,0.140000000,0.293000000
19:10:39,190719,50.579159470,-123.487863510,1168.392000000,18,0.143000000,0.139000000,0.288000000
19:10:40,190719,50.579159442,-123.487863588,1168.394000000,18,0.143000000,0.139000000,0.288000000
19:10:41,190719,50.579159413,-123.487863638,1168.393000000,18,0.143000000,0.139000000,0.288000000
19:10:42,190719,50.579159380,-123.487863702,1168.394000000,18,0.143000000,0.139000000,0.288000000
19:10:43,190719,50.579159357,-123.487863753,1168.397000000,18,0.143000000,0.139000000,0.288000000
19:10:44,190719,50.579159317,-123.487863785,1168.400000000,18,0.143000000,0.139000000,0.288000000
19:10:45,190719,50.579159288,-123.487863782,1168.394000000,18,0.143000000,0.139000000,0.288000000
19:10:46,190719,50.579159270,-123.487863795,1168.391000000,18,0.143000000,0.139000000,0.288000000
19:10:47,190719,50.579159278,-123.487863810,1168.392000000,18,0.143000000,0.139000000,0.288000000
19:10:48,190719,50.579159265,-123.487863872,1168.398000000,18,0.143000000,0.139000000,0.288000000
19:10:49,190719,50.579159263,-123.487863868,1168.401000000,18,0.143000000,0.139000000,0.288000000
19:10:50,190719,50.579159240,-123.487863923,1168.402000000,18,0.143000000,0.139000000,0.288000000
19:10:51,190719,50.579159218,-123.487863975,1168.401000000,18,0.143000000,0.139000000,0.288000000
19:10:52,190719,50.579159208,-123.487864030,1168.399000000,18,0.143000000,0.139000000,0.288000000
19:10:53,190719,50.579159197,-123.487864057,1168.400000000,18,0.143000000,0.139000000,0.288000000
19:10:54,190719,50.579159168,-123.487864040,1168.402000000,18,0.143000000,0.139000000,0.288000000
19:10:55,190719,50.579159147,-123.487864017,1168.403000000,18,0.143000000,0.139000000,0.288000000
19:10:56,190719,50.579159133,-123.487864020,1168.408000000,18,0.143000000,0.139000000,0.288000000
19:10:57,190719,50.579159140,-123.487864017,1168.414000000,18,0.143000000,0.139000000,0.288000000
19:10:58,190719,50.579159148,-123.487864002,1168.414000000,18,0.143000000,0.139000000,0.288000000
19:10:59,190719,50.579159120,-123.487863995,1168.412000000,18,0.143000000,0.139000000,0.288000000
19:11:00,190719,50.579159105,-123.487864010,1168.409000000,18,0.143000000,0.139000000,0.288000000
19:11:01,190719,50.579159122,-123.487863955,1168.409000000,18,0.143000000,0.139000000,0.288000000
19:11:02,190719,50.579159107,-123.487863945,1168.407000000,18,0.143000000,0.139000000,0.288000000
19:11:03,190719,50.579159098,-123.487863948,1168.404000000,18,0.143000000,0.139000000,0.288000000
19:11:04,190719,50.579159085,-123.487863965,1168.405000000,18,0.143000000,0.139000000,0.288000000
19:11:05,190719,50.579159078,-123.487863963,1168.401000000,18,0.143000000,0.139000000,0.288000000
19:11:06,190719,50.579159085,-123.487863927,1168.399000000,18,0.143000000,0.139000000,0.288000000
19:11:07,190719,50.579159098,-123.487863898,1168.401000000,18,0.143000000,0.139000000,0.288000000
19:11:08,190719,50.579159097,-123.487863887,1168.398000000,18,0.143000000,0.139000000,0.288000000
19:11:09,190719,50.579159085,-123.487863817,1168.392000000,18,0.143000000,0.139000000,0.289000000
19:11:10,190719,50.579159088,-123.487863757,1168.387000000,18,0.143000000,0.139000000,0.289000000
19:11:11,190719,50.579159075,-123.487863703,1168.374000000,18,0.143000000,0.139000000,0.289000000
19:11:12,190719,50.579159060,-123.487863665,1168.366000000,18,0.143000000,0.139000000,0.289000000
19:11:13,190719,50.579159058,-123.487863632,1168.358000000,18,0.143000000,0.139000000,0.289000000
19:11:14,190719,50.579159052,-123.487863600,1168.355000000,18,0.143000000,0.139000000,0.289000000
19:11:15,190719,50.579159027,-123.487863613,1168.350000000,18,0.143000000,0.139000000,0.289000000
19:11:16,190719,50.579159013,-123.487863597,1168.347000000,18,0.143000000,0.139000000,0.289000000
19:11:17,190719,50.579159050,-123.487863515,1168.344000000,18,0.143000000,0.139000000,0.289000000
19:11:18,190719,50.579159087,-123.487863440,1168.342000000,18,0.142000000,0.139000000,0.289000000
19:11:19,190719,50.579159112,-123.487863383,1168.337000000,18,0.142000000,0.139000000,0.289000000
19:11:20,190719,50.579159153,-123.487863337,1168.332000000,18,0.142000000,0.139000000,0.289000000
19:11:21,190719,50.579159198,-123.487863290,1168.332000000,18,0.142000000,0.139000000,0.289000000
19:11:22,190719,50.579159222,-123.487863280,1168.329000000,18,0.142000000,0.139000000,0.289000000
19:11:23,190719,50.579159237,-123.487863293,1168.330000000,18,0.142000000,0.139000000,0.289000000
19:11:24,190719,50.579159235,-123.487863315,1168.329000000,18,0.142000000,0.139000000,0.289000000
19:11:25,190719,50.579159230,-123.487863307,1168.326000000,18,0.142000000,0.139000000,0.289000000
19:11:26,190719,50.579159227,-123.487863295,1168.322000000,18,0.142000000,0.139000000,0.289000000
19:11:27,190719,50.579159245,-123.487863265,1168.317000000,18,0.142000000,0.139000000,0.289000000
19:11:28,190719,50.579159250,-123.487863238,1168.316000000,18,0.142000000,0.139000000,0.289000000
19:11:29,190719,50.579159210,-123.487863263,1168.314000000,18,0.142000000,0.139000000,0.289000000
19:11:30,190719,50.579159167,-123.487863310,1168.312000000,18,0.142000000,0.139000000,0.289000000
19:11:31,190719,50.579159113,-123.487863362,1168.314000000,18,0.142000000,0.139000000,0.289000000
19:11:32,190719,50.579159057,-123.487863428,1168.312000000,18,0.142000000,0.139000000,0.289000000
19:11:33,190719,50.579159030,-123.487863472,1168.314000000,18,0.142000000,0.139000000,0.289000000
19:11:34,190719,50.579159038,-123.487863480,1168.313000000,18,0.142000000,0.139000000,0.289000000
19:11:35,190719,50.579159087,-123.487863445,1168.314000000,18,0.142000000,0.139000000,0.289000000
19:11:36,190719,50.579159130,-123.487863390,1168.319000000,18,0.142000000,0.139000000,0.289000000
19:11:37,190719,50.579159173,-123.487863348,1168.324000000,18,0.142000000,0.139000000,0.289000000
19:11:38,190719,50.579159217,-123.487863285,1168.335000000,18,0.142000000,0.139000000,0.289000000
19:11:39,190719,50.579159268,-123.487863280,1168.340000000,18,0.142000000,0.139000000,0.289000000
19:11:40,190719,50.579159327,-123.487863240,1168.346000000,18,0.142000000,0.139000000,0.289000000
19:11:41,190719,50.579159348,-123.487863205,1168.347000000,18,0.142000000,0.139000000,0.289000000
19:11:42,190719,50.579159342,-123.487863202,1168.344000000,18,0.142000000,0.139000000,0.290000000
19:11:43,190719,50.579159355,-123.487863188,1168.347000000,18,0.142000000,0.139000000,0.290000000
19:11:44,190719,50.579159358,-123.487863163,1168.346000000,18,0.142000000,0.139000000,0.290000000
19:11:45,190719,50.579159365,-123.487863128,1168.345000000,18,0.142000000,0.139000000,0.290000000
19:11:46,190719,50.579159350,-123.487863123,1168.337000000,18,0.142000000,0.139000000,0.290000000
19:11:47,190719,50.579159315,-123.487863132,1168.335000000,18,0.142000000,0.139000000,0.290000000
19:11:48,190719,50.579159298,-123.487863123,1168.337000000,18,0.142000000,0.139000000,0.290000000
19:11:49,190719,50.579159280,-123.487863172,1168.339000000,18,0.142000000,0.139000000,0.290000000
19:11:50,190719,50.579159258,-123.487863178,1168.336000000,18,0.142000000,0.139000000,0.290000000
19:11:51,190719,50.579159230,-123.487863188,1168.335000000,18,0.142000000,0.139000000,0.290000000
19:11:52,190719,50.579159230,-123.487863173,1168.330000000,17,0.164000000,0.145000000,0.309000000
19:11:53,190719,50.579159217,-123.487863158,1168.332000000,17,0.164000000,0.145000000,0.309000000
19:11:54,190719,50.579159217,-123.487863160,1168.334000000,17,0.164000000,0.145000000,0.309000000
19:11:55,190719,50.579159187,-123.487863172,1168.336000000,17,0.164000000,0.145000000,0.309000000
19:11:56,190719,50.579159153,-123.487863198,1168.336000000,17,0.164000000,0.145000000,0.309000000
19:11:57,190719,50.579159133,-123.487863183,1168.337000000,17,0.164000000,0.145000000,0.309000000
19:11:58,190719,50.579159122,-123.487863147,1168.337000000,17,0.164000000,0.145000000,0.309000000
19:11:59,190719,50.579159110,-123.487863115,1168.333000000,17,0.164000000,0.145000000,0.309000000
19:12:00,190719,50.579159102,-123.487863108,1168.331000000,17,0.164000000,0.145000000,0.309000000
19:12:01,190719,50.579159100,-123.487863093,1168.326000000,17,0.164000000,0.145000000,0.309000000
19:12:02,190719,50.579159087,-123.487863087,1168.325000000,17,0.164000000,0.145000000,0.309000000
19:12:03,190719,50.579159072,-123.487863087,1168.323000000,17,0.164000000,0.145000000,0.309000000
19:12:04,190719,50.579159070,-123.487863060,1168.321000000,17,0.164000000,0.145000000,0.309000000
19:12:05,190719,50.579159092,-123.487863078,1168.328000000,17,0.164000000,0.145000000,0.309000000
19:12:06,190719,50.579159127,-123.487863048,1168.332000000,17,0.164000000,0.145000000,0.309000000
19:12:07,190719,50.579159170,-123.487863028,1168.333000000,17,0.164000000,0.145000000,0.310000000
19:12:08,190719,50.579159197,-123.487862977,1168.336000000,17,0.164000000,0.145000000,0.310000000
19:12:09,190719,50.579159215,-123.487862935,1168.341000000,17,0.164000000,0.145000000,0.310000000
19:12:10,190719,50.579159222,-123.487862903,1168.344000000,17,0.164000000,0.145000000,0.310000000
19:12:11,190719,50.579159198,-123.487862947,1168.346000000,18,0.142000000,0.139000000,0.290000000
19:12:12,190719,50.579159190,-123.487862990,1168.352000000,18,0.142000000,0.139000000,0.290000000
19:12:13,190719,50.579159158,-123.487862993,1168.353000000,18,0.142000000,0.139000000,0.290000000
19:12:14,190719,50.579159133,-123.487862958,1168.356000000,18,0.142000000,0.139000000,0.291000000
19:12:15,190719,50.579159085,-123.487863028,1168.358000000,17,0.164000000,0.145000000,0.310000000
19:12:16,190719,50.579159055,-123.487863067,1168.353000000,17,0.164000000,0.145000000,0.310000000
19:12:17,190719,50.579159032,-123.487863027,1168.356000000,17,0.164000000,0.145000000,0.310000000
19:12:18,190719,50.579159033,-123.487863008,1168.362000000,17,0.164000000,0.145000000,0.310000000
19:12:19,190719,50.579159015,-123.487862997,1168.360000000,17,0.164000000,0.145000000,0.310000000
19:12:20,190719,50.579158997,-123.487862987,1168.366000000,17,0.164000000,0.145000000,0.310000000
19:12:21,190719,50.579158968,-123.487863012,1168.368000000,17,0.164000000,0.145000000,0.310000000
19:12:22,190719,50.579158977,-123.487863008,1168.369000000,17,0.164000000,0.145000000,0.310000000
19:12:23,190719,50.579158990,-123.487863003,1168.367000000,17,0.164000000,0.145000000,0.310000000
19:12:24,190719,50.579159020,-123.487863033,1168.372000000,17,0.164000000,0.145000000,0.310000000
19:12:25,190719,50.579159040,-123.487863035,1168.377000000,17,0.164000000,0.145000000,0.310000000
19:12:26,190719,50.579159047,-123.487863055,1168.378000000,17,0.164000000,0.145000000,0.310000000
19:12:27,190719,50.579159058,-123.487863077,1168.381000000,17,0.164000000,0.145000000,0.310000000
19:12:28,190719,50.579159038,-123.487863137,1168.384000000,17,0.164000000,0.145000000,0.310000000
19:12:29,190719,50.579159023,-123.487863158,1168.383000000,17,0.164000000,0.145000000,0.310000000
19:12:30,190719,50.579159017,-123.487863162,1168.384000000,17,0.164000000,0.145000000,0.311000000
19:12:31,190719,50.579159010,-123.487863190,1168.384000000,17,0.164000000,0.145000000,0.311000000
19:12:32,190719,50.579159000,-123.487863238,1168.382000000,17,0.164000000,0.145000000,0.311000000
19:12:33,190719,50.579158977,-123.487863318,1168.381000000,17,0.164000000,0.145000000,0.311000000
19:12:34,190719,50.579158922,-123.487863332,1168.376000000,17,0.164000000,0.145000000,0.311000000
19:12:35,190719,50.579158855,-123.487863410,1168.371000000,17,0.164000000,0.145000000,0.311000000
19:12:36,190719,50.579158790,-123.487863483,1168.365000000,17,0.164000000,0.145000000,0.311000000
19:12:37,190719,50.579158733,-123.487863503,1168.359000000,17,0.164000000,0.145000000,0.311000000
19:12:38,190719,50.579158678,-123.487863525,1168.355000000,17,0.164000000,0.145000000,0.311000000
19:12:39,190719,50.579158640,-123.487863505,1168.351000000,17,0.164000000,0.145000000,0.311000000
19:12:40,190719,50.579158622,-123.487863510,1168.344000000,17,0.164000000,0.145000000,0.311000000
19:12:41,190719,50.579158610,-123.487863508,1168.342000000,17,0.164000000,0.145000000,0.311000000
19:12:42,190719,50.579158583,-123.487863528,1168.345000000,17,0.164000000,0.145000000,0.311000000
19:12:43,190719,50.579158550,-123.487863548,1168.347000000,17,0.164000000,0.145000000,0.311000000
19:12:44,190719,50.579158517,-123.487863572,1168.345000000,17,0.164000000,0.145000000,0.311000000
19:12:45,190719,50.579158490,-123.487863547,1168.344000000,17,0.164000000,0.145000000,0.311000000
19:12:46,190719,50.579158507,-123.487863483,1168.345000000,17,0.164000000,0.145000000,0.311000000
19:12:47,190719,50.579158545,-123.487863438,1168.347000000,17,0.164000000,0.145000000,0.311000000
19:12:48,190719,50.579158568,-123.487863378,1168.350000000,17,0.164000000,0.145000000,0.311000000
19:12:49,190719,50.579158605,-123.487863322,1168.352000000,17,0.164000000,0.145000000,0.311000000
19:12:50,190719,50.579158632,-123.487863245,1168.351000000,17,0.164000000,0.145000000,0.311000000
19:12:51,190719,50.579158658,-123.487863213,1168.353000000,17,0.164000000,0.145000000,0.312000000
19:12:52,190719,50.579158640,-123.487863203,1168.355000000,17,0.164000000,0.145000000,0.312000000
19:12:53,190719,50.579158593,-123.487863227,1168.358000000,17,0.164000000,0.145000000,0.312000000
19:12:54,190719,50.579158547,-123.487863235,1168.357000000,17,0.164000000,0.145000000,0.312000000
19:12:55,190719,50.579158513,-123.487863207,1168.355000000,17,0.164000000,0.145000000,0.312000000
19:12:56,190719,50.579158492,-123.487863185,1168.355000000,17,0.164000000,0.145000000,0.312000000
19:12:57,190719,50.579158493,-123.487863125,1168.353000000,17,0.164000000,0.145000000,0.312000000
19:12:58,190719,50.579158510,-123.487863045,1168.350000000,17,0.164000000,0.145000000,0.312000000
19:12:59,190719,50.579158503,-123.487863005,1168.355000000,17,0.164000000,0.145000000,0.312000000
19:13:00,190719,50.579158513,-123.487863007,1168.359000000,17,0.164000000,0.145000000,0.312000000
19:13:01,190719,50.579158500,-123.487862985,1168.366000000,17,0.164000000,0.145000000,0.312000000
19:13:02,190719,50.579158468,-123.487862912,1168.381000000,17,0.164000000,0.145000000,0.312000000
19:13:03,190719,50.579158467,-123.487862858,1168.394000000,17,0.164000000,0.145000000,0.312000000
19:13:04,190719,50.579158463,-123.487862775,1168.402000000,17,0.164000000,0.145000000,0.312000000
19:13:05,190719,50.579158460,-123.487862712,1168.408000000,17,0.164000000,0.145000000,0.312000000
19:13:06,190719,50.579158462,-123.487862667,1168.415000000,18,0.142000000,0.139000000,0.292000000
19:13:07,190719,50.579158463,-123.487862618,1168.420000000,18,0.142000000,0.139000000,0.292000000
19:13:08,190719,50.579158472,-123.487862558,1168.426000000,18,0.142000000,0.139000000,0.292000000
19:13:09,190719,50.579158455,-123.487862557,1168.432000000,18,0.142000000,0.139000000,0.292000000
19:13:10,190719,50.579158463,-123.487862587,1168.435000000,18,0.142000000,0.139000000,0.292000000
19:13:11,190719,50.579158447,-123.487862648,1168.438000000,18,0.142000000,0.139000000,0.292000000
19:13:12,190719,50.579158438,-123.487862667,1168.444000000,18,0.142000000,0.139000000,0.292000000
19:13:13,190719,50.579158437,-123.487862662,1168.447000000,18,0.142000000,0.139000000,0.292000000
19:13:14,190719,50.579158440,-123.487862645,1168.450000000,18,0.142000000,0.139000000,0.292000000
19:13:15,190719,50.579158432,-123.487862650,1168.452000000,18,0.142000000,0.139000000,0.292000000
19:13:16,190719,50.579158422,-123.487862643,1168.454000000,18,0.142000000,0.139000000,0.292000000
19:13:17,190719,50.579158403,-123.487862640,1168.456000000,18,0.142000000,0.139000000,0.292000000
19:13:18,190719,50.579158412,-123.487862632,1168.461000000,18,0.142000000,0.139000000,0.292000000
19:13:19,190719,50.579158413,-123.487862592,1168.463000000,18,0.142000000,0.139000000,0.292000000
19:13:20,190719,50.579158425,-123.487862555,1168.465000000,18,0.142000000,0.139000000,0.292000000
19:13:21,190719,50.579158418,-123.487862528,1168.468000000,18,0.142000000,0.139000000,0.292000000
19:13:22,190719,50.579158410,-123.487862527,1168.458000000,18,0.142000000,0.139000000,0.292000000
19:13:23,190719,50.579158375,-123.487862555,1168.452000000,18,0.142000000,0.139000000,0.292000000
19:13:24,190719,50.579158360,-123.487862565,1168.450000000,18,0.142000000,0.139000000,0.293000000
19:13:25,190719,50.579158337,-123.487862575,1168.444000000,18,0.142000000,0.139000000,0.293000000
19:13:26,190719,50.579158345,-123.487862582,1168.444000000,18,0.142000000,0.139000000,0.293000000
19:13:27,190719,50.579158338,-123.487862622,1168.438000000,18,0.142000000,0.139000000,0.293000000
19:13:28,190719,50.579158370,-123.487862637,1168.441000000,17,0.156000000,0.140000000,0.300000000
19:13:29,190719,50.579158395,-123.487862642,1168.443000000,17,0.156000000,0.140000000,0.300000000
19:13:30,190719,50.579158423,-123.487862638,1168.442000000,17,0.156000000,0.140000000,0.300000000
19:13:31,190719,50.579158432,-123.487862640,1168.444000000,17,0.156000000,0.140000000,0.300000000
19:13:32,190719,50.579158450,-123.487862642,1168.446000000,17,0.156000000,0.140000000,0.300000000
19:13:33,190719,50.579158473,-123.487862633,1168.451000000,17,0.156000000,0.140000000,0.300000000
19:13:34,190719,50.579158465,-123.487862628,1168.445000000,17,0.156000000,0.140000000,0.300000000
19:13:35,190719,50.579158463,-123.487862638,1168.442000000,17,0.156000000,0.140000000,0.300000000
19:13:36,190719,50.579158475,-123.487862647,1168.443000000,17,0.156000000,0.140000000,0.300000000
19:13:37,190719,50.579158465,-123.487862670,1168.445000000,17,0.156000000,0.140000000,0.300000000
19:13:38,190719,50.579158453,-123.487862670,1168.450000000,17,0.156000000,0.140000000,0.300000000
19:13:39,190719,50.579158445,-123.487862693,1168.452000000,17,0.156000000,0.140000000,0.300000000
19:13:40,190719,50.579158453,-123.487862670,1168.454000000,17,0.156000000,0.140000000,0.300000000
19:13:41,190719,50.579158468,-123.487862638,1168.457000000,16,0.177000000,0.145000000,0.320000000
19:13:42,190719,50.579158490,-123.487862608,1168.460000000,16,0.177000000,0.145000000,0.320000000
19:13:43,190719,50.579158503,-123.487862578,1168.460000000,16,0.177000000,0.145000000,0.320000000
19:13:44,190719,50.579158523,-123.487862553,1168.461000000,16,0.177000000,0.145000000,0.320000000
19:13:45,190719,50.579158532,-123.487862530,1168.462000000,16,0.177000000,0.145000000,0.320000000
19:13:46,190719,50.579158525,-123.487862532,1168.462000000,16,0.177000000,0.145000000,0.320000000
19:13:47,190719,50.579158517,-123.487862518,1168.460000000,16,0.177000000,0.145000000,0.320000000
19:13:48,190719,50.579158523,-123.487862510,1168.460000000,16,0.177000000,0.145000000,0.320000000
19:13:49,190719,50.579158532,-123.487862487,1168.463000000,16,0.177000000,0.145000000,0.320000000
19:13:50,190719,50.579158547,-123.487862455,1168.461000000,16,0.177000000,0.145000000,0.320000000
19:13:51,190719,50.579158570,-123.487862445,1168.459000000,16,0.177000000,0.145000000,0.320000000
19:13:52,190719,50.579158588,-123.487862467,1168.457000000,16,0.177000000,0.145000000,0.320000000
19:13:53,190719,50.579158615,-123.487862472,1168.460000000,16,0.177000000,0.145000000,0.320000000
19:13:54,190719,50.579158640,-123.487862462,1168.460000000,16,0.177000000,0.145000000,0.320000000
19:13:55,190719,50.579158658,-123.487862460,1168.462000000,17,0.156000000,0.141000000,0.301000000
19:13:56,190719,50.579158655,-123.487862468,1168.463000000,17,0.156000000,0.141000000,0.301000000
19:13:57,190719,50.579158665,-123.487862500,1168.462000000,17,0.156000000,0.141000000,0.301000000
19:13:58,190719,50.579158657,-123.487862522,1168.464000000,17,0.156000000,0.141000000,0.301000000
19:13:59,190719,50.579158653,-123.487862567,1168.465000000,17,0.156000000,0.141000000,0.301000000
19:14:00,190719,50.579158663,-123.487862578,1168.466000000,17,0.156000000,0.141000000,0.301000000
19:14:01,190719,50.579158675,-123.487862592,1168.466000000,17,0.156000000,0.141000000,0.301000000
19:14:02,190719,50.579158670,-123.487862658,1168.467000000,17,0.156000000,0.141000000,0.301000000
19:14:03,190719,50.579158675,-123.487862735,1168.468000000,17,0.156000000,0.141000000,0.301000000
19:14:04,190719,50.579158707,-123.487862803,1168.469000000,17,0.156000000,0.141000000,0.301000000
19:14:05,190719,50.579158717,-123.487862837,1168.470000000,17,0.156000000,0.141000000,0.301000000
19:14:06,190719,50.579158753,-123.487862860,1168.467000000,17,0.156000000,0.141000000,0.301000000
19:14:07,190719,50.579158785,-123.487862888,1168.463000000,17,0.156000000,0.141000000,0.301000000
19:14:08,190719,50.579158783,-123.487862917,1168.461000000,17,0.156000000,0.141000000,0.301000000
19:14:09,190719,50.579158787,-123.487862947,1168.460000000,17,0.156000000,0.141000000,0.301000000
19:14:10,190719,50.579158802,-123.487862912,1168.462000000,17,0.156000000,0.141000000,0.301000000
19:14:11,190719,50.579158823,-123.487862845,1168.463000000,17,0.156000000,0.141000000,0.301000000
19:14:12,190719,50.579158827,-123.487862820,1168.467000000,17,0.156000000,0.141000000,0.301000000
19:14:13,190719,50.579158828,-123.487862822,1168.472000000,17,0.156000000,0.141000000,0.301000000
19:14:14,190719,50.579158848,-123.487862822,1168.477000000,17,0.156000000,0.141000000,0.301000000
19:14:15,190719,50.579158878,-123.487862795,1168.482000000,17,0.156000000,0.141000000,0.301000000
19:14:16,190719,50.579158910,-123.487862763,1168.481000000,17,0.156000000,0.141000000,0.301000000
19:14:17,190719,50.579158917,-123.487862707,1168.481000000,17,0.156000000,0.141000000,0.301000000
19:14:18,190719,50.579158933,-123.487862673,1168.477000000,17,0.156000000,0.141000000,0.301000000
19:14:19,190719,50.579158978,-123.487862647,1168.478000000,17,0.156000000,0.141000000,0.301000000
19:14:20,190719,50.579159015,-123.487862652,1168.482000000,17,0.156000000,0.141000000,0.301000000
19:14:21,190719,50.579159028,-123.487862643,1168.483000000,17,0.156000000,0.141000000,0.301000000
19:14:22,190719,50.579159032,-123.487862693,1168.484000000,17,0.156000000,0.141000000,0.302000000
19:14:23,190719,50.579159005,-123.487862707,1168.485000000,17,0.156000000,0.141000000,0.302000000
19:14:24,190719,50.579159020,-123.487862702,1168.485000000,17,0.156000000,0.141000000,0.302000000
19:14:25,190719,50.579159032,-123.487862722,1168.493000000,17,0.156000000,0.141000000,0.302000000
19:14:26,190719,50.579159045,-123.487862747,1168.498000000,17,0.156000000,0.141000000,0.302000000
19:14:27,190719,50.579159068,-123.487862730,1168.494000000,17,0.156000000,0.141000000,0.302000000
19:14:28,190719,50.579159072,-123.487862733,1168.500000000,17,0.156000000,0.141000000,0.302000000
19:14:29,190719,50.579159078,-123.487862733,1168.503000000,17,0.156000000,0.141000000,0.302000000
19:14:30,190719,50.579159095,-123.487862718,1168.505000000,17,0.156000000,0.141000000,0.302000000
19:14:31,190719,50.579159125,-123.487862728,1168.507000000,17,0.156000000,0.141000000,0.302000000
19:14:32,190719,50.579159138,-123.487862760,1168.512000000,17,0.156000000,0.141000000,0.302000000
19:14:33,190719,50.579159170,-123.487862807,1168.510000000,17,0.156000000,0.141000000,0.302000000
19:14:34,190719,50.579159170,-123.487862862,1168.510000000,17,0.156000000,0.141000000,0.302000000
19:14:35,190719,50.579159190,-123.487862852,1168.506000000,17,0.156000000,0.141000000,0.302000000
19:14:36,190719,50.579159182,-123.487862862,1168.503000000,17,0.156000000,0.141000000,0.302000000
19:14:37,190719,50.579159200,-123.487862835,1168.507000000,17,0.156000000,0.141000000,0.302000000
19:14:38,190719,50.579159200,-123.487862863,1168.508000000,17,0.156000000,0.141000000,0.302000000
19:14:39,190719,50.579159192,-123.487862900,1168.510000000,17,0.156000000,0.141000000,0.302000000
19:14:40,190719,50.579159200,-123.487862928,1168.516000000,17,0.156000000,0.141000000,0.302000000
19:14:41,190719,50.579159178,-123.487862947,1168.519000000,17,0.156000000,0.141000000,0.302000000
19:14:42,190719,50.579159180,-123.487862943,1168.523000000,17,0.156000000,0.141000000,0.302000000
19:14:43,190719,50.579159175,-123.487862975,1168.528000000,17,0.156000000,0.141000000,0.302000000
19:14:44,190719,50.579159160,-123.487862992,1168.532000000,17,0.156000000,0.141000000,0.302000000
19:14:45,190719,50.579159155,-123.487863035,1168.529000000,17,0.156000000,0.141000000,0.302000000
19:14:46,190719,50.579159150,-123.487863055,1168.524000000,17,0.156000000,0.141000000,0.302000000
19:14:47,190719,50.579159173,-123.487863067,1168.525000000,17,0.156000000,0.141000000,0.302000000
19:14:48,190719,50.579159180,-123.487863087,1168.525000000,17,0.156000000,0.141000000,0.302000000
19:14:49,190719,50.579159193,-123.487863093,1168.530000000,17,0.156000000,0.141000000,0.303000000
19:14:50,190719,50.579159173,-123.487863105,1168.531000000,17,0.156000000,0.141000000,0.303000000
19:14:51,190719,50.579159163,-123.487863117,1168.530000000,17,0.156000000,0.141000000,0.303000000
19:14:52,190719,50.579159143,-123.487863140,1168.533000000,17,0.156000000,0.141000000,0.303000000
19:14:53,190719,50.579159097,-123.487863148,1168.533000000,17,0.156000000,0.141000000,0.303000000
19:14:54,190719,50.579159040,-123.487863153,1168.532000000,17,0.156000000,0.141000000,0.303000000
19:14:55,190719,50.579159015,-123.487863112,1168.532000000,17,0.156000000,0.141000000,0.303000000
19:14:56,190719,50.579158980,-123.487863087,1168.529000000,17,0.156000000,0.141000000,0.303000000
19:14:57,190719,50.579158953,-123.487863103,1168.526000000,17,0.156000000,0.141000000,0.303000000
19:14:58,190719,50.579158913,-123.487863123,1168.525000000,17,0.156000000,0.141000000,0.303000000
19:14:59,190719,50.579158892,-123.487863120,1168.526000000,17,0.156000000,0.141000000,0.303000000
19:15:00,190719,50.579158868,-123.487863105,1168.525000000,17,0.156000000,0.141000000,0.303000000
19:15:01,190719,50.579158865,-123.487863155,1168.533000000,17,0.156000000,0.141000000,0.303000000
19:15:02,190719,50.579158842,-123.487863172,1168.540000000,17,0.156000000,0.141000000,0.303000000
19:15:03,190719,50.579158817,-123.487863192,1168.541000000,17,0.156000000,0.141000000,0.303000000
19:15:04,190719,50.579158818,-123.487863188,1168.546000000,17,0.156000000,0.141000000,0.303000000
19:15:05,190719,50.579158825,-123.487863218,1168.552000000,17,0.156000000,0.141000000,0.303000000
19:15:06,190719,50.579158843,-123.487863238,1168.556000000,17,0.156000000,0.141000000,0.303000000
19:15:07,190719,50.579158843,-123.487863212,1168.560000000,17,0.156000000,0.141000000,0.303000000
19:15:08,190719,50.579158830,-123.487863205,1168.560000000,17,0.156000000,0.141000000,0.303000000
19:15:09,190719,50.579158843,-123.487863240,1168.567000000,17,0.156000000,0.141000000,0.303000000
