TIME,DATE(ddMMyy),LATITUDEGGA,LONGITUDEGGA,ALTITUDEGGA,NUMBERSAT,LATERR,LONGERR,ALTERR
21:52:27,190719,50.644364648,-123.525912685,2160.004000000,22,0.126000000,0.109000000,0.303000000
21:52:28,190719,50.644364625,-123.525912658,2160.002000000,22,0.126000000,0.109000000,0.303000000
21:52:29,190719,50.644364635,-123.525912672,2160.007000000,22,0.126000000,0.109000000,0.303000000
21:52:30,190719,50.644364642,-123.525912680,2160.019000000,22,0.126000000,0.109000000,0.303000000
21:52:31,190719,50.644364635,-123.525912722,2160.027000000,22,0.126000000,0.109000000,0.303000000
21:52:32,190719,50.644364647,-123.525912840,2160.027000000,22,0.126000000,0.109000000,0.303000000
21:52:33,190719,50.644364682,-123.525912928,2160.031000000,22,0.126000000,0.109000000,0.303000000
21:52:34,190719,50.644364677,-123.525913003,2160.034000000,22,0.126000000,0.109000000,0.303000000
21:52:35,190719,50.644364653,-123.525913053,2160.046000000,22,0.126000000,0.109000000,0.303000000
21:52:36,190719,50.644364620,-123.525913032,2160.046000000,22,0.126000000,0.109000000,0.303000000
21:52:37,190719,50.644364625,-123.525913000,2160.041000000,22,0.126000000,0.109000000,0.303000000
21:52:38,190719,50.644364622,-123.525912998,2160.036000000,22,0.126000000,0.109000000,0.303000000
21:52:39,190719,50.644364625,-123.525913027,2160.029000000,22,0.126000000,0.109000000,0.303000000
21:52:40,190719,50.644364622,-123.525912997,2160.028000000,22,0.126000000,0.109000000,0.303000000
21:52:41,190719,50.644364625,-123.525913013,2160.025000000,22,0.126000000,0.109000000,0.303000000
21:52:42,190719,50.644364637,-123.525913090,2160.023000000,22,0.126000000,0.109000000,0.303000000
21:52:43,190719,50.644364647,-123.525913090,2160.020000000,22,0.126000000,0.109000000,0.303000000
21:52:44,190719,50.644364685,-123.525913137,2160.020000000,22,0.126000000,0.109000000,0.303000000
21:52:45,190719,50.644364702,-123.525913195,2160.018000000,22,0.126000000,0.109000000,0.303000000
21:52:46,190719,50.644364732,-123.525913243,2160.018000000,22,0.126000000,0.109000000,0.303000000
21:52:47,190719,50.644364767,-123.525913293,2160.017000000,22,0.126000000,0.109000000,0.303000000
21:52:48,190719,50.644364762,-123.525913345,2160.013000000,22,0.126000000,0.109000000,0.303000000
21:52:49,190719,50.644364750,-123.525913400,2160.013000000,22,0.126000000,0.109000000,0.303000000
21:52:50,190719,50.644364753,-123.525913427,2160.011000000,22,0.126000000,0.109000000,0.303000000
21:52:51,190719,50.644364740,-123.525913470,2160.013000000,22,0.126000000,0.109000000,0.303000000
21:52:52,190719,50.644364707,-123.525913512,2160.011000000,22,0.126000000,0.109000000,0.303000000
21:52:53,190719,50.644364673,-123.525913560,2160.014000000,22,0.126000000,0.109000000,0.303000000
21:52:54,190719,50.644364637,-123.525913617,2160.013000000,22,0.126000000,0.109000000,0.303000000
21:52:55,190719,50.644364600,-123.525913663,2160.011000000,22,0.126000000,0.109000000,0.303000000
21:52:56,190719,50.644364570,-123.525913720,2160.006000000,22,0.126000000,0.109000000,0.303000000
21:52:57,190719,50.644364560,-123.525913762,2160.004000000,22,0.126000000,0.109000000,0.303000000
21:52:58,190719,50.644364543,-123.525913797,2160.005000000,22,0.126000000,0.109000000,0.303000000
21:52:59,190719,50.644364517,-123.525913823,2160.008000000,22,0.126000000,0.109000000,0.303000000
21:53:00,190719,50.644364520,-123.525913848,2160.003000000,22,0.126000000,0.109000000,0.303000000
21:53:01,190719,50.644364515,-123.525913858,2159.997000000,22,0.126000000,0.109000000,0.303000000
21:53:02,190719,50.644364505,-123.525913885,2159.992000000,22,0.126000000,0.109000000,0.303000000
21:53:03,190719,50.644364510,-123.525913900,2159.990000000,22,0.126000000,0.109000000,0.303000000
21:53:04,190719,50.644364532,-123.525913918,2159.983000000,22,0.126000000,0.109000000,0.303000000
21:53:05,190719,50.644364568,-123.525913958,2159.980000000,22,0.126000000,0.109000000,0.303000000
21:53:06,190719,50.644364570,-123.525913975,2159.971000000,22,0.126000000,0.109000000,0.303000000
21:53:07,190719,50.644364588,-123.525914015,2159.969000000,22,0.126000000,0.109000000,0.303000000
21:53:08,190719,50.644364607,-123.525914028,2159.963000000,22,0.126000000,0.109000000,0.303000000
21:53:09,190719,50.644364598,-123.525914050,2159.958000000,22,0.126000000,0.109000000,0.303000000
21:53:10,190719,50.644364587,-123.525914075,2159.958000000,22,0.126000000,0.109000000,0.303000000
21:53:11,190719,50.644364572,-123.525914105,2159.955000000,22,0.126000000,0.109000000,0.303000000
21:53:12,190719,50.644364548,-123.525914122,2159.954000000,22,0.126000000,0.109000000,0.303000000
21:53:13,190719,50.644364530,-123.525914157,2159.957000000,22,0.126000000,0.109000000,0.303000000
21:53:14,190719,50.644364507,-123.525914193,2159.956000000,22,0.126000000,0.109000000,0.303000000
21:53:15,190719,50.644364497,-123.525914257,2159.956000000,22,0.126000000,0.109000000,0.303000000
21:53:16,190719,50.644364483,-123.525914307,2159.962000000,22,0.126000000,0.109000000,0.303000000
21:53:17,190719,50.644364453,-123.525914378,2159.967000000,22,0.126000000,0.109000000,0.303000000
21:53:18,190719,50.644364442,-123.525914443,2159.967000000,22,0.126000000,0.109000000,0.303000000
21:53:19,190719,50.644364430,-123.525914487,2159.967000000,22,0.126000000,0.109000000,0.303000000
21:53:20,190719,50.644364430,-123.525914538,2159.968000000,22,0.126000000,0.109000000,0.303000000
21:53:21,190719,50.644364417,-123.525914577,2159.966000000,22,0.126000000,0.109000000,0.303000000
21:53:22,190719,50.644364405,-123.525914577,2159.961000000,22,0.126000000,0.109000000,0.303000000
21:53:23,190719,50.644364438,-123.525914602,2159.965000000,22,0.126000000,0.109000000,0.303000000
21:53:24,190719,50.644364455,-123.525914620,2159.961000000,22,0.126000000,0.109000000,0.303000000
21:53:25,190719,50.644364468,-123.525914647,2159.956000000,22,0.126000000,0.109000000,0.303000000
21:53:26,190719,50.644364467,-123.525914662,2159.961000000,22,0.126000000,0.109000000,0.303000000
21:53:27,190719,50.644364472,-123.525914665,2159.957000000,21,0.126000000,0.120000000,0.313000000
21:53:28,190719,50.644364472,-123.525914677,2159.956000000,21,0.126000000,0.120000000,0.313000000
21:53:29,190719,50.644364497,-123.525914690,2159.950000000,21,0.126000000,0.120000000,0.313000000
21:53:30,190719,50.644364483,-123.525914693,2159.945000000,21,0.126000000,0.120000000,0.313000000
21:53:31,190719,50.644364478,-123.525914735,2159.951000000,21,0.126000000,0.120000000,0.313000000
21:53:32,190719,50.644364468,-123.525914832,2159.961000000,21,0.126000000,0.120000000,0.313000000
21:53:33,190719,50.644364483,-123.525914942,2159.970000000,21,0.126000000,0.120000000,0.313000000
21:53:34,190719,50.644364480,-123.525914962,2159.969000000,21,0.126000000,0.120000000,0.313000000
21:53:35,190719,50.644364488,-123.525914942,2159.974000000,21,0.126000000,0.120000000,0.313000000
21:53:36,190719,50.644364468,-123.525914933,2159.971000000,21,0.126000000,0.120000000,0.313000000
21:53:37,190719,50.644364452,-123.525914960,2159.977000000,21,0.126000000,0.120000000,0.313000000
21:53:38,190719,50.644364412,-123.525914993,2159.990000000,21,0.126000000,0.120000000,0.313000000
21:53:39,190719,50.644364378,-123.525915017,2159.991000000,21,0.126000000,0.120000000,0.313000000
21:53:40,190719,50.644364387,-123.525914993,2159.996000000,21,0.126000000,0.120000000,0.313000000
21:53:41,190719,50.644364398,-123.525914987,2159.997000000,21,0.126000000,0.120000000,0.313000000
21:53:42,190719,50.644364420,-123.525914993,2159.996000000,21,0.126000000,0.120000000,0.313000000
21:53:43,190719,50.644364412,-123.525914983,2159.991000000,21,0.126000000,0.120000000,0.313000000
21:53:44,190719,50.644364417,-123.525915045,2159.993000000,21,0.126000000,0.120000000,0.313000000
21:53:45,190719,50.644364453,-123.525915102,2159.996000000,21,0.126000000,0.120000000,0.313000000
21:53:46,190719,50.644364470,-123.525915172,2160.005000000,21,0.126000000,0.120000000,0.313000000
21:53:47,190719,50.644364457,-123.525915195,2160.013000000,21,0.126000000,0.120000000,0.313000000
21:53:48,190719,50.644364465,-123.525915212,2160.018000000,21,0.126000000,0.120000000,0.313000000
21:53:49,190719,50.644364478,-123.525915235,2160.021000000,21,0.126000000,0.120000000,0.313000000
21:53:50,190719,50.644364478,-123.525915223,2160.022000000,21,0.126000000,0.120000000,0.313000000
21:53:51,190719,50.644364447,-123.525915205,2160.020000000,21,0.126000000,0.120000000,0.314000000
21:53:52,190719,50.644364463,-123.525915185,2160.016000000,21,0.126000000,0.120000000,0.314000000
21:53:53,190719,50.644364482,-123.525915182,2160.008000000,21,0.126000000,0.120000000,0.314000000
21:53:54,190719,50.644364497,-123.525915175,2160.006000000,21,0.126000000,0.120000000,0.314000000
21:53:55,190719,50.644364478,-123.525915128,2160.001000000,21,0.126000000,0.120000000,0.314000000
21:53:56,190719,50.644364502,-123.525915100,2159.996000000,21,0.126000000,0.120000000,0.314000000
21:53:57,190719,50.644364488,-123.525915062,2159.993000000,21,0.126000000,0.120000000,0.314000000
21:53:58,190719,50.644364493,-123.525915037,2159.989000000,21,0.126000000,0.120000000,0.314000000
21:53:59,190719,50.644364492,-123.525914997,2159.984000000,21,0.126000000,0.120000000,0.314000000
21:54:00,190719,50.644364478,-123.525914972,2159.977000000,21,0.126000000,0.120000000,0.314000000
21:54:01,190719,50.644364477,-123.525914967,2159.976000000,21,0.126000000,0.120000000,0.314000000
21:54:02,190719,50.644364445,-123.525915040,2159.983000000,21,0.126000000,0.120000000,0.314000000
21:54:03,190719,50.644364422,-123.525915058,2159.979000000,21,0.126000000,0.120000000,0.314000000
21:54:04,190719,50.644364433,-123.525915093,2159.985000000,21,0.126000000,0.120000000,0.314000000
21:54:05,190719,50.644364445,-123.525915105,2159.983000000,21,0.126000000,0.120000000,0.314000000
21:54:06,190719,50.644364445,-123.525915148,2159.987000000,21,0.126000000,0.120000000,0.314000000
21:54:07,190719,50.644364443,-123.525915137,2159.984000000,21,0.126000000,0.120000000,0.314000000
21:54:08,190719,50.644364467,-123.525915173,2159.991000000,21,0.126000000,0.120000000,0.314000000
21:54:09,190719,50.644364480,-123.525915233,2159.986000000,21,0.126000000,0.120000000,0.314000000
21:54:10,190719,50.644364498,-123.525915250,2159.981000000,21,0.126000000,0.120000000,0.314000000
21:54:11,190719,50.644364503,-123.525915273,2159.976000000,21,0.126000000,0.120000000,0.314000000
21:54:12,190719,50.644364490,-123.525915283,2159.983000000,21,0.126000000,0.120000000,0.314000000
21:54:13,190719,50.644364473,-123.525915310,2159.985000000,21,0.126000000,0.120000000,0.314000000
21:54:14,190719,50.644364478,-123.525915352,2159.992000000,21,0.126000000,0.120000000,0.314000000
21:54:15,190719,50.644364472,-123.525915372,2159.993000000,21,0.126000000,0.120000000,0.314000000
21:54:16,190719,50.644364445,-123.525915412,2159.999000000,21,0.126000000,0.120000000,0.314000000
21:54:17,190719,50.644364413,-123.525915437,2160.005000000,21,0.126000000,0.120000000,0.314000000
21:54:18,190719,50.644364387,-123.525915453,2160.004000000,21,0.126000000,0.120000000,0.314000000
21:54:19,190719,50.644364343,-123.525915455,2160.006000000,21,0.126000000,0.120000000,0.314000000
21:54:20,190719,50.644364317,-123.525915468,2160.007000000,21,0.126000000,0.120000000,0.314000000
21:54:21,190719,50.644364310,-123.525915500,2160.006000000,21,0.126000000,0.120000000,0.314000000
21:54:22,190719,50.644364297,-123.525915508,2160.005000000,21,0.126000000,0.120000000,0.314000000
21:54:23,190719,50.644364275,-123.525915532,2160.005000000,21,0.126000000,0.120000000,0.314000000
21:54:24,190719,50.644364287,-123.525915570,2160.006000000,21,0.126000000,0.120000000,0.314000000
21:54:25,190719,50.644364272,-123.525915565,2160.007000000,21,0.126000000,0.120000000,0.314000000
21:54:26,190719,50.644364268,-123.525915568,2160.003000000,21,0.126000000,0.120000000,0.314000000
21:54:27,190719,50.644364287,-123.525915578,2160.003000000,21,0.126000000,0.120000000,0.314000000
21:54:28,190719,50.644364283,-123.525915590,2160.003000000,21,0.126000000,0.120000000,0.314000000
21:54:29,190719,50.644364282,-123.525915620,2160.003000000,21,0.126000000,0.120000000,0.314000000
21:54:30,190719,50.644364277,-123.525915663,2160.002000000,21,0.126000000,0.120000000,0.314000000
21:54:31,190719,50.644364265,-123.525915678,2159.997000000,21,0.126000000,0.120000000,0.314000000
21:54:32,190719,50.644364260,-123.525915698,2159.998000000,21,0.126000000,0.120000000,0.314000000
21:54:33,190719,50.644364245,-123.525915738,2159.998000000,21,0.126000000,0.120000000,0.314000000
21:54:34,190719,50.644364217,-123.525915732,2159.996000000,21,0.126000000,0.120000000,0.314000000
21:54:35,190719,50.644364222,-123.525915747,2159.992000000,21,0.126000000,0.120000000,0.314000000
21:54:36,190719,50.644364232,-123.525915750,2159.988000000,21,0.126000000,0.120000000,0.314000000
21:54:37,190719,50.644364250,-123.525915777,2159.991000000,21,0.126000000,0.120000000,0.314000000
21:54:38,190719,50.644364242,-123.525915818,2160.002000000,21,0.126000000,0.120000000,0.314000000
21:54:39,190719,50.644364248,-123.525915848,2160.002000000,21,0.126000000,0.120000000,0.315000000
21:54:40,190719,50.644364220,-123.525915848,2160.001000000,21,0.126000000,0.120000000,0.315000000
21:54:41,190719,50.644364175,-123.525915838,2159.996000000,21,0.126000000,0.120000000,0.315000000
21:54:42,190719,50.644364148,-123.525915812,2159.993000000,21,0.126000000,0.120000000,0.315000000
21:54:43,190719,50.644364133,-123.525915798,2159.995000000,21,0.126000000,0.120000000,0.315000000
21:54:44,190719,50.644364120,-123.525915788,2159.995000000,21,0.126000000,0.120000000,0.315000000
21:54:45,190719,50.644364100,-123.525915782,2159.997000000,21,0.126000000,0.120000000,0.315000000
21:54:46,190719,50.644364095,-123.525915765,2159.992000000,21,0.126000000,0.120000000,0.315000000
21:54:47,190719,50.644364120,-123.525915770,2159.991000000,21,0.126000000,0.120000000,0.315000000
21:54:48,190719,50.644364145,-123.525915778,2159.988000000,21,0.126000000,0.120000000,0.315000000
21:54:49,190719,50.644364152,-123.525915805,2159.994000000,21,0.126000000,0.120000000,0.315000000
21:54:50,190719,50.644364180,-123.525915778,2159.990000000,21,0.126000000,0.120000000,0.315000000
21:54:51,190719,50.644364180,-123.525915763,2159.986000000,21,0.126000000,0.120000000,0.315000000
21:54:52,190719,50.644364233,-123.525915738,2159.983000000,21,0.126000000,0.120000000,0.315000000
21:54:53,190719,50.644364253,-123.525915718,2159.980000000,21,0.126000000,0.120000000,0.315000000
21:54:54,190719,50.644364262,-123.525915707,2159.982000000,21,0.126000000,0.120000000,0.315000000
21:54:55,190719,50.644364290,-123.525915693,2159.980000000,21,0.126000000,0.120000000,0.315000000
21:54:56,190719,50.644364288,-123.525915700,2159.978000000,21,0.126000000,0.120000000,0.315000000
21:54:57,190719,50.644364292,-123.525915718,2159.980000000,21,0.126000000,0.120000000,0.315000000
21:54:58,190719,50.644364287,-123.525915728,2159.978000000,21,0.126000000,0.120000000,0.315000000
21:54:59,190719,50.644364293,-123.525915727,2159.977000000,21,0.126000000,0.120000000,0.315000000
21:55:00,190719,50.644364288,-123.525915708,2159.971000000,21,0.126000000,0.120000000,0.315000000
21:55:01,190719,50.644364268,-123.525915683,2159.966000000,21,0.126000000,0.120000000,0.315000000
21:55:02,190719,50.644364302,-123.525915707,2159.963000000,21,0.126000000,0.120000000,0.315000000
21:55:03,190719,50.644364303,-123.525915642,2159.956000000,21,0.126000000,0.120000000,0.315000000
21:55:04,190719,50.644364300,-123.525915600,2159.955000000,21,0.126000000,0.120000000,0.315000000
21:55:05,190719,50.644364307,-123.525915590,2159.959000000,21,0.126000000,0.120000000,0.315000000
21:55:06,190719,50.644364330,-123.525915548,2159.954000000,21,0.126000000,0.120000000,0.315000000
21:55:07,190719,50.644364345,-123.525915505,2159.951000000,21,0.126000000,0.120000000,0.315000000
21:55:08,190719,50.644364350,-123.525915487,2159.946000000,21,0.126000000,0.120000000,0.315000000
21:55:09,190719,50.644364365,-123.525915448,2159.942000000,21,0.126000000,0.120000000,0.315000000
21:55:10,190719,50.644364400,-123.525915433,2159.938000000,21,0.126000000,0.120000000,0.315000000
21:55:11,190719,50.644364433,-123.525915413,2159.938000000,21,0.126000000,0.120000000,0.315000000
21:55:12,190719,50.644364448,-123.525915397,2159.940000000,21,0.126000000,0.120000000,0.315000000
21:55:13,190719,50.644364452,-123.525915365,2159.934000000,21,0.126000000,0.120000000,0.315000000
21:55:14,190719,50.644364468,-123.525915378,2159.931000000,21,0.126000000,0.120000000,0.315000000
21:55:15,190719,50.644364498,-123.525915378,2159.924000000,21,0.126000000,0.120000000,0.315000000
21:55:16,190719,50.644364523,-123.525915373,2159.919000000,21,0.126000000,0.120000000,0.315000000
21:55:17,190719,50.644364550,-123.525915343,2159.915000000,21,0.126000000,0.120000000,0.315000000
21:55:18,190719,50.644364567,-123.525915312,2159.914000000,21,0.126000000,0.120000000,0.315000000
21:55:19,190719,50.644364578,-123.525915293,2159.910000000,21,0.126000000,0.120000000,0.315000000
21:55:20,190719,50.644364578,-123.525915267,2159.907000000,21,0.126000000,0.120000000,0.315000000
21:55:21,190719,50.644364575,-123.525915263,2159.903000000,21,0.126000000,0.120000000,0.315000000
21:55:22,190719,50.644364573,-123.525915232,2159.905000000,21,0.126000000,0.120000000,0.315000000
21:55:23,190719,50.644364573,-123.525915207,2159.907000000,21,0.126000000,0.120000000,0.315000000
21:55:24,190719,50.644364565,-123.525915172,2159.909000000,21,0.126000000,0.120000000,0.315000000
21:55:25,190719,50.644364573,-123.525915142,2159.905000000,21,0.126000000,0.120000000,0.315000000
21:55:26,190719,50.644364577,-123.525915128,2159.904000000,21,0.126000000,0.120000000,0.315000000
21:55:27,190719,50.644364568,-123.525915118,2159.906000000,22,0.126000000,0.109000000,0.305000000
21:55:28,190719,50.644364572,-123.525915108,2159.902000000,22,0.126000000,0.109000000,0.305000000
21:55:29,190719,50.644364598,-123.525915100,2159.903000000,22,0.126000000,0.109000000,0.305000000
21:55:30,190719,50.644364612,-123.525915068,2159.901000000,22,0.126000000,0.109000000,0.305000000
21:55:31,190719,50.644364620,-123.525915038,2159.902000000,22,0.126000000,0.109000000,0.305000000
21:55:32,190719,50.644364630,-123.525914992,2159.900000000,22,0.126000000,0.109000000,0.305000000
21:55:33,190719,50.644364625,-123.525914962,2159.907000000,22,0.126000000,0.109000000,0.305000000
21:55:34,190719,50.644364640,-123.525914960,2159.903000000,22,0.126000000,0.109000000,0.305000000
21:55:35,190719,50.644364672,-123.525915005,2159.900000000,22,0.126000000,0.109000000,0.305000000
21:55:36,190719,50.644364668,-123.525915038,2159.905000000,22,0.126000000,0.109000000,0.305000000
21:55:37,190719,50.644364673,-123.525915060,2159.909000000,22,0.126000000,0.109000000,0.305000000
21:55:38,190719,50.644364668,-123.525915068,2159.909000000,22,0.126000000,0.109000000,0.305000000
21:55:39,190719,50.644364663,-123.525915062,2159.911000000,22,0.126000000,0.109000000,0.305000000
21:55:40,190719,50.644364670,-123.525915050,2159.911000000,22,0.126000000,0.109000000,0.305000000
21:55:41,190719,50.644364685,-123.525915052,2159.909000000,22,0.126000000,0.109000000,0.305000000
21:55:42,190719,50.644364697,-123.525915043,2159.906000000,22,0.126000000,0.109000000,0.305000000
21:55:43,190719,50.644364702,-123.525915017,2159.901000000,22,0.126000000,0.109000000,0.305000000
21:55:44,190719,50.644364727,-123.525915003,2159.900000000,22,0.126000000,0.109000000,0.305000000
21:55:45,190719,50.644364738,-123.525914983,2159.900000000,22,0.126000000,0.109000000,0.305000000
21:55:46,190719,50.644364755,-123.525914980,2159.900000000,22,0.126000000,0.109000000,0.305000000
21:55:47,190719,50.644364760,-123.525914968,2159.902000000,22,0.126000000,0.109000000,0.305000000
21:55:48,190719,50.644364770,-123.525914983,2159.898000000,22,0.126000000,0.109000000,0.305000000
21:55:49,190719,50.644364782,-123.525914990,2159.897000000,22,0.126000000,0.109000000,0.305000000
21:55:50,190719,50.644364772,-123.525915007,2159.896000000,22,0.126000000,0.109000000,0.305000000
21:55:51,190719,50.644364787,-123.525915007,2159.891000000,22,0.126000000,0.109000000,0.305000000
21:55:52,190719,50.644364792,-123.525915000,2159.893000000,22,0.126000000,0.109000000,0.305000000
21:55:53,190719,50.644364792,-123.525914990,2159.894000000,22,0.126000000,0.109000000,0.305000000
21:55:54,190719,50.644364777,-123.525914988,2159.897000000,22,0.126000000,0.109000000,0.305000000
21:55:55,190719,50.644364762,-123.525914980,2159.900000000,22,0.126000000,0.109000000,0.305000000
21:55:56,190719,50.644364760,-123.525914972,2159.897000000,22,0.126000000,0.109000000,0.305000000
21:55:57,190719,50.644364755,-123.525914953,2159.899000000,22,0.126000000,0.109000000,0.305000000
21:55:58,190719,50.644364767,-123.525914948,2159.898000000,22,0.126000000,0.109000000,0.305000000
21:55:59,190719,50.644364783,-123.525914937,2159.897000000,22,0.126000000,0.109000000,0.305000000
21:56:00,190719,50.644364805,-123.525914955,2159.895000000,22,0.126000000,0.109000000,0.305000000
21:56:01,190719,50.644364822,-123.525914942,2159.893000000,22,0.126000000,0.109000000,0.305000000
21:56:02,190719,50.644364813,-123.525914910,2159.890000000,22,0.126000000,0.109000000,0.305000000
21:56:03,190719,50.644364822,-123.525914893,2159.888000000,22,0.126000000,0.109000000,0.305000000
21:56:04,190719,50.644364822,-123.525914875,2159.889000000,22,0.126000000,0.109000000,0.305000000
21:56:05,190719,50.644364830,-123.525914858,2159.887000000,22,0.126000000,0.109000000,0.305000000
21:56:06,190719,50.644364823,-123.525914853,2159.888000000,22,0.126000000,0.109000000,0.305000000
21:56:07,190719,50.644364823,-123.525914860,2159.889000000,22,0.126000000,0.109000000,0.305000000
21:56:08,190719,50.644364807,-123.525914880,2159.887000000,22,0.126000000,0.109000000,0.305000000
21:56:09,190719,50.644364807,-123.525914880,2159.887000000,22,0.126000000,0.109000000,0.305000000
21:56:10,190719,50.644364808,-123.525914852,2159.885000000,22,0.126000000,0.109000000,0.305000000
21:56:11,190719,50.644364802,-123.525914825,2159.883000000,22,0.126000000,0.109000000,0.305000000
21:56:12,190719,50.644364797,-123.525914803,2159.881000000,22,0.126000000,0.109000000,0.305000000
21:56:13,190719,50.644364772,-123.525914802,2159.880000000,22,0.126000000,0.109000000,0.305000000
21:56:14,190719,50.644364752,-123.525914813,2159.879000000,22,0.126000000,0.109000000,0.305000000
21:56:15,190719,50.644364715,-123.525914813,2159.880000000,22,0.126000000,0.109000000,0.305000000
21:56:16,190719,50.644364708,-123.525914812,2159.886000000,22,0.126000000,0.109000000,0.305000000
21:56:17,190719,50.644364700,-123.525914822,2159.887000000,22,0.126000000,0.109000000,0.305000000
21:56:18,190719,50.644364707,-123.525914845,2159.886000000,22,0.126000000,0.109000000,0.305000000
21:56:19,190719,50.644364718,-123.525914838,2159.887000000,21,0.126000000,0.120000000,0.316000000
21:56:20,190719,50.644364717,-123.525914822,2159.889000000,21,0.126000000,0.120000000,0.316000000
21:56:21,190719,50.644364722,-123.525914813,2159.891000000,21,0.126000000,0.120000000,0.316000000
21:56:22,190719,50.644364710,-123.525914800,2159.893000000,21,0.126000000,0.120000000,0.316000000
21:56:23,190719,50.644364707,-123.525914815,2159.896000000,21,0.126000000,0.120000000,0.316000000
21:56:24,190719,50.644364697,-123.525914842,2159.896000000,21,0.126000000,0.120000000,0.316000000
21:56:25,190719,50.644364680,-123.525914847,2159.890000000,21,0.126000000,0.120000000,0.317000000
21:56:26,190719,50.644364672,-123.525914862,2159.890000000,21,0.126000000,0.120000000,0.317000000
21:56:27,190719,50.644364660,-123.525914868,2159.894000000,21,0.126000000,0.120000000,0.317000000
21:56:28,190719,50.644364672,-123.525914878,2159.892000000,21,0.126000000,0.120000000,0.317000000
21:56:29,190719,50.644364680,-123.525914852,2159.892000000,21,0.126000000,0.120000000,0.317000000
21:56:30,190719,50.644364682,-123.525914850,2159.893000000,21,0.126000000,0.120000000,0.317000000
21:56:31,190719,50.644364665,-123.525914817,2159.888000000,21,0.126000000,0.120000000,0.317000000
21:56:32,190719,50.644364667,-123.525914868,2159.891000000,21,0.126000000,0.120000000,0.317000000
21:56:33,190719,50.644364658,-123.525914872,2159.888000000,21,0.126000000,0.120000000,0.317000000
21:56:34,190719,50.644364657,-123.525914865,2159.892000000,21,0.126000000,0.120000000,0.317000000
21:56:35,190719,50.644364690,-123.525914803,2159.883000000,21,0.126000000,0.120000000,0.317000000
21:56:36,190719,50.644364640,-123.525914858,2159.888000000,21,0.126000000,0.120000000,0.317000000
21:56:37,190719,50.644364645,-123.525914878,2159.893000000,21,0.126000000,0.120000000,0.317000000
21:56:38,190719,50.644364637,-123.525914872,2159.889000000,21,0.126000000,0.120000000,0.317000000
21:56:39,190719,50.644364617,-123.525914878,2159.896000000,21,0.126000000,0.120000000,0.317000000
21:56:40,190719,50.644364603,-123.525914888,2159.904000000,21,0.126000000,0.120000000,0.317000000
21:56:41,190719,50.644364585,-123.525914912,2159.904000000,21,0.126000000,0.120000000,0.317000000
21:56:42,190719,50.644364573,-123.525914930,2159.905000000,21,0.126000000,0.120000000,0.317000000
21:56:43,190719,50.644364535,-123.525914920,2159.903000000,21,0.126000000,0.120000000,0.317000000
21:56:44,190719,50.644364538,-123.525914910,2159.906000000,21,0.126000000,0.120000000,0.317000000
21:56:45,190719,50.644364535,-123.525914890,2159.905000000,21,0.126000000,0.120000000,0.317000000
21:56:46,190719,50.644364548,-123.525914872,2159.902000000,21,0.126000000,0.120000000,0.317000000
21:56:47,190719,50.644364568,-123.525914848,2159.902000000,21,0.126000000,0.120000000,0.317000000
21:56:48,190719,50.644364610,-123.525914850,2159.897000000,21,0.126000000,0.120000000,0.317000000
21:56:49,190719,50.644364627,-123.525914837,2159.894000000,21,0.126000000,0.120000000,0.317000000
21:56:50,190719,50.644364627,-123.525914820,2159.896000000,21,0.126000000,0.120000000,0.317000000
21:56:51,190719,50.644364632,-123.525914835,2159.897000000,21,0.126000000,0.120000000,0.317000000
21:56:52,190719,50.644364643,-123.525914820,2159.896000000,21,0.126000000,0.120000000,0.317000000
21:56:53,190719,50.644364648,-123.525914807,2159.891000000,21,0.126000000,0.120000000,0.317000000
21:56:54,190719,50.644364638,-123.525914808,2159.888000000,21,0.126000000,0.120000000,0.317000000
21:56:55,190719,50.644364637,-123.525914803,2159.888000000,21,0.126000000,0.120000000,0.317000000
21:56:56,190719,50.644364642,-123.525914807,2159.888000000,21,0.126000000,0.120000000,0.317000000
21:56:57,190719,50.644364637,-123.525914817,2159.891000000,21,0.126000000,0.120000000,0.317000000
21:56:58,190719,50.644364638,-123.525914813,2159.891000000,21,0.126000000,0.120000000,0.317000000
21:56:59,190719,50.644364635,-123.525914818,2159.889000000,21,0.126000000,0.120000000,0.317000000
21:57:00,190719,50.644364618,-123.525914817,2159.888000000,21,0.126000000,0.120000000,0.317000000
21:57:01,190719,50.644364620,-123.525914827,2159.885000000,21,0.126000000,0.120000000,0.317000000
21:57:02,190719,50.644364620,-123.525914840,2159.884000000,21,0.126000000,0.120000000,0.317000000
21:57:03,190719,50.644364607,-123.525914842,2159.883000000,21,0.126000000,0.120000000,0.317000000
21:57:04,190719,50.644364583,-123.525914845,2159.888000000,21,0.126000000,0.120000000,0.317000000
21:57:05,190719,50.644364573,-123.525914857,2159.889000000,21,0.126000000,0.120000000,0.317000000
21:57:06,190719,50.644364580,-123.525914852,2159.884000000,21,0.126000000,0.120000000,0.317000000
21:57:07,190719,50.644364590,-123.525914865,2159.880000000,21,0.126000000,0.120000000,0.317000000
21:57:08,190719,50.644364610,-123.525914875,2159.879000000,21,0.126000000,0.120000000,0.317000000
21:57:09,190719,50.644364597,-123.525914843,2159.877000000,21,0.126000000,0.120000000,0.317000000
21:57:10,190719,50.644364605,-123.525914835,2159.878000000,21,0.126000000,0.120000000,0.317000000
21:57:11,190719,50.644364622,-123.525914808,2159.869000000,21,0.126000000,0.120000000,0.317000000
21:57:12,190719,50.644364605,-123.525914822,2159.865000000,21,0.126000000,0.120000000,0.317000000
21:57:13,190719,50.644364612,-123.525914833,2159.864000000,21,0.126000000,0.120000000,0.317000000
21:57:14,190719,50.644364613,-123.525914820,2159.855000000,21,0.126000000,0.120000000,0.317000000
21:57:15,190719,50.644364610,-123.525914818,2159.852000000,21,0.126000000,0.120000000,0.317000000
21:57:16,190719,50.644364612,-123.525914802,2159.844000000,21,0.126000000,0.120000000,0.317000000
21:57:17,190719,50.644364625,-123.525914797,2159.840000000,21,0.126000000,0.120000000,0.317000000
21:57:18,190719,50.644364642,-123.525914820,2159.835000000,21,0.126000000,0.120000000,0.317000000
21:57:19,190719,50.644364647,-123.525914842,2159.831000000,21,0.126000000,0.120000000,0.317000000
21:57:20,190719,50.644364652,-123.525914853,2159.826000000,21,0.126000000,0.120000000,0.317000000
21:57:21,190719,50.644364658,-123.525914860,2159.824000000,21,0.126000000,0.120000000,0.317000000
21:57:22,190719,50.644364688,-123.525914875,2159.818000000,21,0.126000000,0.120000000,0.317000000
21:57:23,190719,50.644364692,-123.525914908,2159.803000000,21,0.126000000,0.120000000,0.317000000
21:57:24,190719,50.644364722,-123.525914918,2159.791000000,21,0.126000000,0.120000000,0.317000000
21:57:25,190719,50.644364737,-123.525914955,2159.782000000,21,0.126000000,0.120000000,0.318000000
21:57:26,190719,50.644364737,-123.525914988,2159.784000000,21,0.126000000,0.120000000,0.318000000
21:57:27,190719,50.644364752,-123.525914990,2159.778000000,21,0.126000000,0.120000000,0.318000000
21:57:28,190719,50.644364777,-123.525915015,2159.774000000,21,0.126000000,0.120000000,0.318000000
21:57:29,190719,50.644364803,-123.525915023,2159.769000000,21,0.126000000,0.120000000,0.318000000
21:57:30,190719,50.644364823,-123.525915028,2159.763000000,21,0.126000000,0.120000000,0.318000000
21:57:31,190719,50.644364860,-123.525915055,2159.763000000,21,0.126000000,0.120000000,0.318000000
21:57:32,190719,50.644364877,-123.525915083,2159.759000000,21,0.126000000,0.120000000,0.318000000
21:57:33,190719,50.644364907,-123.525915087,2159.755000000,21,0.126000000,0.120000000,0.318000000
21:57:34,190719,50.644364915,-123.525915078,2159.752000000,21,0.126000000,0.120000000,0.318000000
21:57:35,190719,50.644364918,-123.525915060,2159.750000000,21,0.126000000,0.120000000,0.318000000
21:57:36,190719,50.644364918,-123.525915062,2159.749000000,21,0.126000000,0.120000000,0.318000000
21:57:37,190719,50.644364930,-123.525915078,2159.746000000,21,0.126000000,0.120000000,0.318000000
21:57:38,190719,50.644364967,-123.525915093,2159.747000000,21,0.126000000,0.120000000,0.318000000
21:57:39,190719,50.644364945,-123.525915092,2159.738000000,21,0.126000000,0.120000000,0.318000000
21:57:40,190719,50.644364940,-123.525915107,2159.739000000,21,0.126000000,0.120000000,0.318000000
21:57:41,190719,50.644364937,-123.525915097,2159.737000000,21,0.126000000,0.120000000,0.318000000
21:57:42,190719,50.644364958,-123.525915113,2159.741000000,21,0.126000000,0.120000000,0.318000000
21:57:43,190719,50.644364943,-123.525915143,2159.740000000,21,0.126000000,0.120000000,0.318000000
21:57:44,190719,50.644364958,-123.525915180,2159.741000000,21,0.126000000,0.120000000,0.318000000
21:57:45,190719,50.644364963,-123.525915210,2159.746000000,21,0.126000000,0.120000000,0.318000000
21:57:46,190719,50.644364960,-123.525915228,2159.747000000,21,0.126000000,0.120000000,0.318000000
21:57:47,190719,50.644364948,-123.525915247,2159.739000000,21,0.126000000,0.120000000,0.318000000
21:57:48,190719,50.644364913,-123.525915228,2159.735000000,21,0.126000000,0.120000000,0.318000000
21:57:49,190719,50.644364938,-123.525915260,2159.743000000,21,0.126000000,0.120000000,0.318000000
21:57:50,190719,50.644364985,-123.525915297,2159.755000000,21,0.126000000,0.120000000,0.318000000
21:57:51,190719,50.644365013,-123.525915313,2159.766000000,21,0.126000000,0.120000000,0.318000000
21:57:52,190719,50.644365013,-123.525915307,2159.763000000,21,0.126000000,0.120000000,0.318000000
21:57:53,190719,50.644365012,-123.525915298,2159.759000000,21,0.126000000,0.120000000,0.318000000
21:57:54,190719,50.644365037,-123.525915297,2159.762000000,21,0.126000000,0.120000000,0.318000000
21:57:55,190719,50.644365038,-123.525915302,2159.762000000,21,0.126000000,0.120000000,0.318000000
21:57:56,190719,50.644365027,-123.525915327,2159.770000000,21,0.126000000,0.120000000,0.318000000
21:57:57,190719,50.644365018,-123.525915327,2159.768000000,21,0.126000000,0.120000000,0.318000000
21:57:58,190719,50.644365013,-123.525915325,2159.767000000,21,0.126000000,0.120000000,0.318000000
21:57:59,190719,50.644365023,-123.525915343,2159.771000000,21,0.126000000,0.120000000,0.318000000
21:58:00,190719,50.644365050,-123.525915372,2159.783000000,21,0.126000000,0.120000000,0.318000000
21:58:01,190719,50.644365043,-123.525915365,2159.787000000,21,0.126000000,0.120000000,0.318000000
21:58:02,190719,50.644365043,-123.525915365,2159.787000000,21,0.126000000,0.120000000,0.318000000
21:58:03,190719,50.644365048,-123.525915370,2159.791000000,21,0.126000000,0.120000000,0.318000000
21:58:04,190719,50.644365025,-123.525915367,2159.783000000,21,0.126000000,0.120000000,0.318000000
21:58:05,190719,50.644364985,-123.525915365,2159.780000000,21,0.126000000,0.120000000,0.318000000
21:58:06,190719,50.644364972,-123.525915383,2159.785000000,21,0.126000000,0.120000000,0.318000000
21:58:07,190719,50.644364940,-123.525915393,2159.787000000,21,0.126000000,0.120000000,0.318000000
21:58:08,190719,50.644364923,-123.525915382,2159.786000000,21,0.126000000,0.120000000,0.318000000
21:58:09,190719,50.644364900,-123.525915393,2159.785000000,21,0.126000000,0.120000000,0.318000000
21:58:10,190719,50.644364877,-123.525915383,2159.786000000,21,0.126000000,0.120000000,0.318000000
21:58:11,190719,50.644364887,-123.525915375,2159.790000000,21,0.126000000,0.120000000,0.318000000
21:58:12,190719,50.644364890,-123.525915383,2159.794000000,21,0.126000000,0.120000000,0.318000000
21:58:13,190719,50.644364898,-123.525915373,2159.798000000,21,0.126000000,0.120000000,0.318000000
21:58:14,190719,50.644364915,-123.525915375,2159.797000000,21,0.126000000,0.120000000,0.318000000
21:58:15,190719,50.644364910,-123.525915340,2159.799000000,21,0.126000000,0.120000000,0.318000000
21:58:16,190719,50.644364923,-123.525915320,2159.797000000,21,0.126000000,0.120000000,0.318000000
21:58:17,190719,50.644364948,-123.525915282,2159.793000000,21,0.126000000,0.120000000,0.318000000
21:58:18,190719,50.644364967,-123.525915282,2159.790000000,21,0.126000000,0.120000000,0.318000000
21:58:19,190719,50.644364973,-123.525915272,2159.791000000,21,0.126000000,0.120000000,0.318000000
21:58:20,190719,50.644364985,-123.525915258,2159.791000000,21,0.126000000,0.120000000,0.318000000
21:58:21,190719,50.644365010,-123.525915257,2159.789000000,21,0.126000000,0.120000000,0.318000000
21:58:22,190719,50.644365017,-123.525915258,2159.787000000,21,0.126000000,0.120000000,0.318000000
21:58:23,190719,50.644365022,-123.525915238,2159.792000000,21,0.126000000,0.120000000,0.318000000
21:58:24,190719,50.644365015,-123.525915225,2159.794000000,21,0.126000000,0.120000000,0.318000000
21:58:25,190719,50.644365025,-123.525915223,2159.796000000,21,0.126000000,0.120000000,0.318000000
21:58:26,190719,50.644365025,-123.525915232,2159.791000000,21,0.126000000,0.120000000,0.318000000
21:58:27,190719,50.644365025,-123.525915235,2159.794000000,21,0.126000000,0.120000000,0.318000000
21:58:28,190719,50.644365012,-123.525915212,2159.788000000,21,0.126000000,0.120000000,0.318000000
21:58:29,190719,50.644364992,-123.525915197,2159.787000000,21,0.126000000,0.120000000,0.318000000
21:58:30,190719,50.644364967,-123.525915192,2159.785000000,21,0.126000000,0.120000000,0.318000000
21:58:31,190719,50.644364958,-123.525915158,2159.783000000,21,0.126000000,0.120000000,0.318000000
21:58:32,190719,50.644364958,-123.525915163,2159.777000000,21,0.126000000,0.120000000,0.318000000
21:58:33,190719,50.644364952,-123.525915167,2159.774000000,21,0.126000000,0.120000000,0.318000000
21:58:34,190719,50.644364940,-123.525915143,2159.771000000,21,0.126000000,0.120000000,0.318000000
21:58:35,190719,50.644364933,-123.525915123,2159.772000000,21,0.126000000,0.120000000,0.318000000
21:58:36,190719,50.644364935,-123.525915135,2159.770000000,21,0.126000000,0.120000000,0.318000000
21:58:37,190719,50.644364940,-123.525915123,2159.773000000,21,0.126000000,0.120000000,0.318000000
21:58:38,190719,50.644364933,-123.525915113,2159.774000000,21,0.126000000,0.120000000,0.318000000
21:58:39,190719,50.644364950,-123.525915080,2159.763000000,21,0.126000000,0.120000000,0.318000000
21:58:40,190719,50.644364975,-123.525915077,2159.765000000,21,0.126000000,0.120000000,0.319000000
21:58:41,190719,50.644364987,-123.525915048,2159.760000000,21,0.126000000,0.120000000,0.319000000
21:58:42,190719,50.644364987,-123.525915047,2159.758000000,21,0.126000000,0.120000000,0.319000000
21:58:43,190719,50.644364985,-123.525915040,2159.759000000,21,0.126000000,0.120000000,0.319000000
21:58:44,190719,50.644364998,-123.525915032,2159.760000000,21,0.126000000,0.120000000,0.319000000
21:58:45,190719,50.644365010,-123.525915033,2159.756000000,21,0.126000000,0.120000000,0.319000000
21:58:46,190719,50.644365030,-123.525915033,2159.752000000,21,0.126000000,0.120000000,0.319000000
21:58:47,190719,50.644365017,-123.525915055,2159.750000000,21,0.126000000,0.120000000,0.319000000
21:58:48,190719,50.644365010,-123.525915062,2159.758000000,21,0.126000000,0.120000000,0.319000000
21:58:49,190719,50.644364995,-123.525915053,2159.757000000,21,0.126000000,0.119000000,0.319000000
21:58:50,190719,50.644364977,-123.525915042,2159.761000000,21,0.126000000,0.119000000,0.319000000
21:58:51,190719,50.644364967,-123.525915063,2159.761000000,21,0.126000000,0.119000000,0.319000000
21:58:52,190719,50.644364950,-123.525915033,2159.758000000,21,0.126000000,0.119000000,0.319000000
21:58:53,190719,50.644364930,-123.525915035,2159.758000000,21,0.126000000,0.119000000,0.319000000
21:58:54,190719,50.644364918,-123.525915038,2159.759000000,21,0.126000000,0.119000000,0.319000000
21:58:55,190719,50.644364905,-123.525915032,2159.765000000,21,0.126000000,0.119000000,0.319000000
21:58:56,190719,50.644364915,-123.525915022,2159.765000000,21,0.126000000,0.119000000,0.319000000
21:58:57,190719,50.644364912,-123.525915013,2159.764000000,21,0.126000000,0.119000000,0.319000000
21:58:58,190719,50.644364923,-123.525914992,2159.759000000,21,0.126000000,0.119000000,0.319000000
21:58:59,190719,50.644364917,-123.525914987,2159.761000000,21,0.126000000,0.119000000,0.319000000
21:59:00,190719,50.644364913,-123.525914987,2159.762000000,21,0.126000000,0.119000000,0.319000000
21:59:01,190719,50.644364925,-123.525914987,2159.765000000,21,0.126000000,0.119000000,0.319000000
21:59:02,190719,50.644364925,-123.525914972,2159.761000000,21,0.126000000,0.119000000,0.319000000
21:59:03,190719,50.644364925,-123.525914987,2159.760000000,21,0.126000000,0.119000000,0.319000000
21:59:04,190719,50.644364935,-123.525915012,2159.764000000,21,0.126000000,0.119000000,0.319000000
21:59:05,190719,50.644364945,-123.525915015,2159.765000000,21,0.126000000,0.119000000,0.319000000
21:59:06,190719,50.644364973,-123.525915017,2159.764000000,21,0.126000000,0.119000000,0.319000000
21:59:07,190719,50.644364995,-123.525915010,2159.765000000,21,0.127000000,0.119000000,0.319000000
21:59:08,190719,50.644365017,-123.525915023,2159.760000000,21,0.127000000,0.119000000,0.319000000
21:59:09,190719,50.644365045,-123.525914987,2159.749000000,21,0.127000000,0.119000000,0.319000000
21:59:10,190719,50.644365038,-123.525914997,2159.746000000,21,0.127000000,0.119000000,0.319000000
21:59:11,190719,50.644365017,-123.525915007,2159.747000000,21,0.127000000,0.119000000,0.319000000
21:59:12,190719,50.644365000,-123.525915012,2159.750000000,21,0.127000000,0.119000000,0.319000000
21:59:13,190719,50.644364963,-123.525915015,2159.750000000,21,0.127000000,0.119000000,0.319000000
21:59:14,190719,50.644364920,-123.525915013,2159.748000000,21,0.127000000,0.119000000,0.319000000
21:59:15,190719,50.644364902,-123.525915038,2159.751000000,21,0.127000000,0.119000000,0.319000000
21:59:16,190719,50.644364895,-123.525915042,2159.751000000,21,0.127000000,0.119000000,0.319000000
21:59:17,190719,50.644364888,-123.525915050,2159.752000000,21,0.127000000,0.119000000,0.319000000
21:59:18,190719,50.644364895,-123.525915052,2159.748000000,21,0.127000000,0.119000000,0.319000000
21:59:19,190719,50.644364895,-123.525915077,2159.746000000,21,0.127000000,0.119000000,0.319000000
21:59:20,190719,50.644364907,-123.525915067,2159.742000000,21,0.127000000,0.119000000,0.319000000
21:59:21,190719,50.644364915,-123.525915055,2159.741000000,21,0.127000000,0.119000000,0.319000000
21:59:22,190719,50.644364938,-123.525915063,2159.739000000,21,0.127000000,0.119000000,0.319000000
21:59:23,190719,50.644364952,-123.525915063,2159.743000000,21,0.127000000,0.119000000,0.319000000
21:59:24,190719,50.644364965,-123.525915092,2159.751000000,21,0.127000000,0.119000000,0.319000000
21:59:25,190719,50.644364975,-123.525915095,2159.752000000,21,0.127000000,0.119000000,0.319000000
21:59:26,190719,50.644365002,-123.525915080,2159.755000000,21,0.127000000,0.119000000,0.319000000
21:59:27,190719,50.644364997,-123.525915103,2159.758000000,21,0.127000000,0.119000000,0.319000000
21:59:28,190719,50.644364988,-123.525915123,2159.760000000,21,0.127000000,0.119000000,0.319000000
21:59:29,190719,50.644364973,-123.525915135,2159.764000000,21,0.127000000,0.119000000,0.319000000
21:59:30,190719,50.644364965,-123.525915135,2159.761000000,21,0.127000000,0.119000000,0.319000000
21:59:31,190719,50.644364963,-123.525915142,2159.762000000,21,0.127000000,0.119000000,0.319000000
21:59:32,190719,50.644364953,-123.525915172,2159.768000000,21,0.127000000,0.119000000,0.319000000
21:59:33,190719,50.644364933,-123.525915185,2159.771000000,21,0.127000000,0.119000000,0.319000000
21:59:34,190719,50.644364910,-123.525915198,2159.773000000,21,0.127000000,0.119000000,0.319000000
21:59:35,190719,50.644364853,-123.525915223,2159.782000000,22,0.119000000,0.117000000,0.298000000
21:59:36,190719,50.644364812,-123.525915235,2159.786000000,22,0.119000000,0.117000000,0.298000000
21:59:37,190719,50.644364775,-123.525915253,2159.792000000,22,0.119000000,0.117000000,0.298000000
21:59:38,190719,50.644364740,-123.525915263,2159.792000000,22,0.119000000,0.117000000,0.298000000
21:59:39,190719,50.644364717,-123.525915252,2159.791000000,22,0.119000000,0.117000000,0.298000000
21:59:40,190719,50.644364697,-123.525915245,2159.796000000,22,0.119000000,0.117000000,0.298000000
21:59:41,190719,50.644364693,-123.525915240,2159.797000000,22,0.119000000,0.117000000,0.298000000
21:59:42,190719,50.644364688,-123.525915235,2159.799000000,22,0.119000000,0.117000000,0.298000000
21:59:43,190719,50.644364700,-123.525915230,2159.794000000,22,0.119000000,0.117000000,0.298000000
21:59:44,190719,50.644364715,-123.525915227,2159.797000000,22,0.119000000,0.117000000,0.299000000
21:59:45,190719,50.644364712,-123.525915235,2159.799000000,22,0.119000000,0.117000000,0.299000000
21:59:46,190719,50.644364713,-123.525915220,2159.796000000,22,0.119000000,0.117000000,0.299000000
21:59:47,190719,50.644364723,-123.525915217,2159.801000000,22,0.119000000,0.117000000,0.299000000
21:59:48,190719,50.644364733,-123.525915225,2159.804000000,22,0.119000000,0.117000000,0.299000000
21:59:49,190719,50.644364752,-123.525915222,2159.804000000,22,0.119000000,0.117000000,0.299000000
21:59:50,190719,50.644364773,-123.525915217,2159.804000000,22,0.119000000,0.117000000,0.299000000
21:59:51,190719,50.644364775,-123.525915213,2159.804000000,22,0.119000000,0.117000000,0.299000000
21:59:52,190719,50.644364785,-123.525915207,2159.803000000,22,0.119000000,0.117000000,0.299000000
21:59:53,190719,50.644364773,-123.525915208,2159.803000000,22,0.119000000,0.117000000,0.299000000
21:59:54,190719,50.644364782,-123.525915198,2159.803000000,22,0.119000000,0.117000000,0.299000000
21:59:55,190719,50.644364782,-123.525915192,2159.804000000,22,0.119000000,0.117000000,0.299000000
21:59:56,190719,50.644364787,-123.525915182,2159.800000000,22,0.119000000,0.117000000,0.299000000
21:59:57,190719,50.644364777,-123.525915178,2159.801000000,22,0.119000000,0.117000000,0.299000000
21:59:58,190719,50.644364773,-123.525915178,2159.806000000,22,0.119000000,0.117000000,0.299000000
21:59:59,190719,50.644364757,-123.525915187,2159.811000000,22,0.119000000,0.117000000,0.299000000
22:00:00,190719,50.644364742,-123.525915190,2159.817000000,22,0.119000000,0.117000000,0.299000000
22:00:01,190719,50.644364748,-123.525915190,2159.814000000,22,0.119000000,0.117000000,0.299000000
22:00:02,190719,50.644364753,-123.525915187,2159.813000000,22,0.119000000,0.117000000,0.299000000
22:00:03,190719,50.644364753,-123.525915163,2159.813000000,22,0.119000000,0.117000000,0.299000000
22:00:04,190719,50.644364762,-123.525915145,2159.806000000,22,0.119000000,0.117000000,0.299000000
22:00:05,190719,50.644364757,-123.525915113,2159.805000000,22,0.119000000,0.117000000,0.299000000
22:00:06,190719,50.644364777,-123.525915082,2159.798000000,22,0.119000000,0.117000000,0.299000000
22:00:07,190719,50.644364800,-123.525915072,2159.791000000,22,0.119000000,0.117000000,0.299000000
22:00:08,190719,50.644364813,-123.525915030,2159.783000000,22,0.119000000,0.117000000,0.299000000
22:00:09,190719,50.644364817,-123.525915033,2159.778000000,22,0.119000000,0.117000000,0.299000000
22:00:10,190719,50.644364812,-123.525915003,2159.774000000,22,0.119000000,0.117000000,0.299000000
22:00:11,190719,50.644364828,-123.525915002,2159.775000000,22,0.119000000,0.117000000,0.299000000
22:00:12,190719,50.644364838,-123.525915010,2159.777000000,22,0.119000000,0.117000000,0.299000000
22:00:13,190719,50.644364862,-123.525915015,2159.772000000,22,0.119000000,0.117000000,0.299000000
22:00:14,190719,50.644364873,-123.525915022,2159.774000000,22,0.119000000,0.117000000,0.299000000
22:00:15,190719,50.644364870,-123.525915013,2159.775000000,22,0.119000000,0.117000000,0.299000000
22:00:16,190719,50.644364852,-123.525914995,2159.776000000,22,0.119000000,0.117000000,0.299000000
22:00:17,190719,50.644364837,-123.525914995,2159.775000000,22,0.119000000,0.117000000,0.299000000
22:00:18,190719,50.644364833,-123.525914977,2159.771000000,22,0.119000000,0.117000000,0.299000000
22:00:19,190719,50.644364833,-123.525914987,2159.772000000,22,0.119000000,0.117000000,0.299000000
22:00:20,190719,50.644364843,-123.525915005,2159.772000000,22,0.119000000,0.117000000,0.299000000
22:00:21,190719,50.644364840,-123.525915002,2159.769000000,22,0.119000000,0.117000000,0.299000000
22:00:22,190719,50.644364822,-123.525914987,2159.771000000,22,0.119000000,0.117000000,0.299000000
22:00:23,190719,50.644364785,-123.525914958,2159.768000000,22,0.119000000,0.117000000,0.299000000
22:00:24,190719,50.644364777,-123.525914942,2159.770000000,22,0.119000000,0.117000000,0.299000000
22:00:25,190719,50.644364762,-123.525914927,2159.773000000,22,0.119000000,0.117000000,0.299000000
22:00:26,190719,50.644364757,-123.525914918,2159.772000000,22,0.119000000,0.117000000,0.299000000
22:00:27,190719,50.644364743,-123.525914912,2159.772000000,22,0.119000000,0.117000000,0.299000000
22:00:28,190719,50.644364738,-123.525914913,2159.772000000,22,0.119000000,0.117000000,0.299000000
22:00:29,190719,50.644364787,-123.525914903,2159.769000000,22,0.119000000,0.117000000,0.300000000
22:00:30,190719,50.644364818,-123.525914877,2159.764000000,22,0.119000000,0.117000000,0.300000000
22:00:31,190719,50.644364843,-123.525914863,2159.758000000,22,0.119000000,0.117000000,0.300000000
22:00:32,190719,50.644364867,-123.525914875,2159.761000000,22,0.119000000,0.117000000,0.300000000
22:00:33,190719,50.644364877,-123.525914890,2159.761000000,22,0.119000000,0.117000000,0.300000000
22:00:34,190719,50.644364877,-123.525914887,2159.761000000,22,0.119000000,0.117000000,0.300000000
22:00:35,190719,50.644364885,-123.525914907,2159.765000000,22,0.119000000,0.117000000,0.300000000
22:00:36,190719,50.644364883,-123.525914932,2159.764000000,22,0.119000000,0.117000000,0.300000000
22:00:37,190719,50.644364885,-123.525914945,2159.769000000,22,0.119000000,0.117000000,0.300000000
22:00:38,190719,50.644364885,-123.525914962,2159.770000000,22,0.119000000,0.117000000,0.300000000
22:00:39,190719,50.644364878,-123.525914958,2159.770000000,22,0.119000000,0.117000000,0.300000000
22:00:40,190719,50.644364857,-123.525914963,2159.771000000,22,0.119000000,0.117000000,0.300000000
22:00:41,190719,50.644364837,-123.525914957,2159.766000000,22,0.119000000,0.117000000,0.300000000
22:00:42,190719,50.644364807,-123.525914957,2159.764000000,22,0.119000000,0.117000000,0.300000000
22:00:43,190719,50.644364785,-123.525914962,2159.761000000,22,0.119000000,0.117000000,0.300000000
22:00:44,190719,50.644364778,-123.525914955,2159.759000000,22,0.119000000,0.117000000,0.300000000
