TIME,DATE(ddMMyy),LATITUDEGGA,LONGITUDEGGA,ALTITUDEGGA,NUMBERSAT,LATERR,LONGERR,ALTERR
20:13:58,190719,50.576157490,-123.487896880,1098.214000000,18,0.179000000,0.125000000,0.380000000
20:13:59,190719,50.576157455,-123.487896867,1098.215000000,18,0.179000000,0.125000000,0.380000000
20:14:00,190719,50.576157425,-123.487896862,1098.217000000,18,0.179000000,0.125000000,0.380000000
20:14:01,190719,50.576157397,-123.487896868,1098.219000000,18,0.179000000,0.125000000,0.380000000
20:14:02,190719,50.576157382,-123.487896860,1098.221000000,18,0.179000000,0.125000000,0.380000000
20:14:03,190719,50.576157393,-123.487896858,1098.219000000,18,0.179000000,0.125000000,0.380000000
20:14:04,190719,50.576157432,-123.487896828,1098.221000000,18,0.179000000,0.125000000,0.380000000
20:14:05,190719,50.576157483,-123.487896792,1098.222000000,18,0.179000000,0.125000000,0.380000000
20:14:06,190719,50.576157522,-123.487896797,1098.226000000,18,0.179000000,0.125000000,0.380000000
20:14:07,190719,50.576157568,-123.487896803,1098.222000000,18,0.179000000,0.125000000,0.380000000
20:14:08,190719,50.576157605,-123.487896822,1098.222000000,18,0.179000000,0.125000000,0.380000000
20:14:09,190719,50.576157630,-123.487896835,1098.223000000,18,0.179000000,0.125000000,0.380000000
20:14:10,190719,50.576157617,-123.487896850,1098.222000000,18,0.179000000,0.125000000,0.380000000
20:14:11,190719,50.576157575,-123.487896872,1098.224000000,18,0.179000000,0.125000000,0.380000000
20:14:12,190719,50.576157540,-123.487896883,1098.225000000,18,0.179000000,0.125000000,0.380000000
20:14:13,190719,50.576157503,-123.487896883,1098.230000000,18,0.179000000,0.125000000,0.380000000
20:14:14,190719,50.576157478,-123.487896878,1098.231000000,18,0.179000000,0.125000000,0.380000000
20:14:15,190719,50.576157458,-123.487896872,1098.237000000,18,0.179000000,0.125000000,0.380000000
20:14:16,190719,50.576157428,-123.487896875,1098.244000000,18,0.179000000,0.124000000,0.380000000
20:14:17,190719,50.576157427,-123.487896900,1098.243000000,18,0.179000000,0.124000000,0.380000000
20:14:18,190719,50.576157422,-123.487896903,1098.241000000,18,0.179000000,0.124000000,0.380000000
20:14:19,190719,50.576157418,-123.487896918,1098.245000000,18,0.179000000,0.124000000,0.380000000
20:14:20,190719,50.576157395,-123.487896930,1098.246000000,18,0.179000000,0.124000000,0.380000000
20:14:21,190719,50.576157385,-123.487896960,1098.248000000,18,0.179000000,0.124000000,0.380000000
20:14:22,190719,50.576157387,-123.487896992,1098.247000000,18,0.179000000,0.124000000,0.380000000
20:14:23,190719,50.576157412,-123.487896983,1098.254000000,18,0.179000000,0.124000000,0.380000000
20:14:24,190719,50.576157422,-123.487896985,1098.256000000,18,0.179000000,0.124000000,0.380000000
20:14:25,190719,50.576157438,-123.487896972,1098.260000000,18,0.179000000,0.124000000,0.380000000
20:14:26,190719,50.576157458,-123.487896967,1098.262000000,18,0.179000000,0.124000000,0.380000000
20:14:27,190719,50.576157473,-123.487896983,1098.268000000,18,0.179000000,0.124000000,0.380000000
20:14:28,190719,50.576157492,-123.487897017,1098.269000000,18,0.179000000,0.124000000,0.380000000
20:14:29,190719,50.576157530,-123.487897050,1098.275000000,18,0.179000000,0.124000000,0.380000000
20:14:30,190719,50.576157538,-123.487897043,1098.280000000,18,0.179000000,0.124000000,0.380000000
20:14:31,190719,50.576157573,-123.487897033,1098.282000000,18,0.179000000,0.124000000,0.380000000
20:14:32,190719,50.576157593,-123.487897012,1098.286000000,18,0.179000000,0.124000000,0.380000000
20:14:33,190719,50.576157598,-123.487897007,1098.292000000,18,0.179000000,0.124000000,0.380000000
20:14:34,190719,50.576157567,-123.487897035,1098.295000000,18,0.179000000,0.124000000,0.380000000
20:14:35,190719,50.576157525,-123.487897063,1098.295000000,18,0.179000000,0.124000000,0.380000000
20:14:36,190719,50.576157503,-123.487897088,1098.291000000,18,0.179000000,0.124000000,0.380000000
20:14:37,190719,50.576157488,-123.487897092,1098.290000000,18,0.179000000,0.124000000,0.380000000
20:14:38,190719,50.576157495,-123.487897125,1098.288000000,18,0.179000000,0.124000000,0.380000000
20:14:39,190719,50.576157490,-123.487897138,1098.289000000,18,0.179000000,0.124000000,0.380000000
20:14:40,190719,50.576157482,-123.487897145,1098.288000000,18,0.179000000,0.124000000,0.380000000
20:14:41,190719,50.576157487,-123.487897163,1098.285000000,18,0.179000000,0.124000000,0.380000000
20:14:42,190719,50.576157500,-123.487897165,1098.282000000,18,0.179000000,0.124000000,0.380000000
20:14:43,190719,50.576157525,-123.487897145,1098.282000000,18,0.179000000,0.124000000,0.380000000
20:14:44,190719,50.576157547,-123.487897147,1098.286000000,18,0.179000000,0.124000000,0.380000000
20:14:45,190719,50.576157555,-123.487897162,1098.285000000,18,0.179000000,0.124000000,0.380000000
20:14:46,190719,50.576157590,-123.487897205,1098.273000000,18,0.179000000,0.124000000,0.380000000
20:14:47,190719,50.576157608,-123.487897237,1098.263000000,18,0.179000000,0.124000000,0.380000000
20:14:48,190719,50.576157638,-123.487897290,1098.253000000,18,0.179000000,0.124000000,0.380000000
20:14:49,190719,50.576157677,-123.487897363,1098.245000000,18,0.179000000,0.124000000,0.380000000
20:14:50,190719,50.576157720,-123.487897405,1098.237000000,18,0.179000000,0.124000000,0.380000000
20:14:51,190719,50.576157760,-123.487897433,1098.229000000,18,0.179000000,0.124000000,0.380000000
20:14:52,190719,50.576157798,-123.487897445,1098.217000000,18,0.179000000,0.124000000,0.380000000
20:14:53,190719,50.576157828,-123.487897470,1098.205000000,18,0.179000000,0.124000000,0.380000000
20:14:54,190719,50.576157858,-123.487897493,1098.197000000,18,0.179000000,0.124000000,0.380000000
20:14:55,190719,50.576157892,-123.487897512,1098.188000000,18,0.179000000,0.124000000,0.380000000
20:14:56,190719,50.576157923,-123.487897535,1098.180000000,18,0.179000000,0.124000000,0.380000000
20:14:57,190719,50.576157940,-123.487897565,1098.176000000,18,0.179000000,0.124000000,0.380000000
20:14:58,190719,50.576157960,-123.487897632,1098.165000000,18,0.179000000,0.124000000,0.380000000
20:14:59,190719,50.576157967,-123.487897670,1098.157000000,18,0.179000000,0.124000000,0.380000000
20:15:00,190719,50.576157983,-123.487897713,1098.147000000,18,0.179000000,0.124000000,0.380000000
20:15:01,190719,50.576157998,-123.487897738,1098.138000000,18,0.179000000,0.124000000,0.380000000
20:15:02,190719,50.576157982,-123.487897742,1098.136000000,18,0.179000000,0.124000000,0.380000000
20:15:03,190719,50.576157990,-123.487897755,1098.134000000,18,0.179000000,0.124000000,0.380000000
20:15:04,190719,50.576157993,-123.487897730,1098.135000000,18,0.179000000,0.124000000,0.380000000
20:15:05,190719,50.576157993,-123.487897708,1098.146000000,18,0.179000000,0.124000000,0.380000000
20:15:06,190719,50.576158002,-123.487897680,1098.159000000,18,0.179000000,0.124000000,0.380000000
20:15:07,190719,50.576158035,-123.487897687,1098.155000000,18,0.179000000,0.124000000,0.380000000
20:15:08,190719,50.576158050,-123.487897657,1098.157000000,17,0.190000000,0.152000000,0.465000000
20:15:09,190719,50.576158073,-123.487897650,1098.157000000,17,0.190000000,0.152000000,0.465000000
20:15:10,190719,50.576158088,-123.487897653,1098.158000000,17,0.190000000,0.152000000,0.465000000
20:15:11,190719,50.576158092,-123.487897657,1098.161000000,17,0.190000000,0.152000000,0.465000000
20:15:12,190719,50.576158107,-123.487897632,1098.166000000,17,0.190000000,0.152000000,0.465000000
20:15:13,190719,50.576158122,-123.487897637,1098.167000000,17,0.190000000,0.152000000,0.465000000
20:15:14,190719,50.576158132,-123.487897637,1098.169000000,17,0.190000000,0.152000000,0.465000000
20:15:15,190719,50.576158150,-123.487897655,1098.170000000,17,0.190000000,0.152000000,0.465000000
20:15:16,190719,50.576158157,-123.487897675,1098.166000000,17,0.190000000,0.152000000,0.465000000
20:15:17,190719,50.576158152,-123.487897702,1098.166000000,17,0.190000000,0.152000000,0.465000000
20:15:18,190719,50.576158162,-123.487897730,1098.160000000,17,0.190000000,0.152000000,0.465000000
20:15:19,190719,50.576158162,-123.487897747,1098.157000000,17,0.190000000,0.152000000,0.465000000
20:15:20,190719,50.576158158,-123.487897783,1098.154000000,17,0.190000000,0.152000000,0.465000000
20:15:21,190719,50.576158187,-123.487897820,1098.145000000,17,0.190000000,0.152000000,0.465000000
20:15:22,190719,50.576158213,-123.487897848,1098.137000000,17,0.190000000,0.152000000,0.465000000
20:15:23,190719,50.576158245,-123.487897833,1098.137000000,17,0.190000000,0.152000000,0.465000000
20:15:24,190719,50.576158282,-123.487897835,1098.139000000,17,0.190000000,0.152000000,0.465000000
20:15:25,190719,50.576158295,-123.487897823,1098.142000000,17,0.190000000,0.152000000,0.465000000
20:15:26,190719,50.576158315,-123.487897837,1098.138000000,17,0.190000000,0.152000000,0.465000000
20:15:27,190719,50.576158338,-123.487897868,1098.139000000,17,0.190000000,0.152000000,0.465000000
20:15:28,190719,50.576158360,-123.487897878,1098.135000000,17,0.190000000,0.152000000,0.465000000
20:15:29,190719,50.576158393,-123.487897913,1098.135000000,17,0.190000000,0.152000000,0.465000000
20:15:30,190719,50.576158402,-123.487897890,1098.140000000,17,0.190000000,0.152000000,0.465000000
20:15:31,190719,50.576158415,-123.487897913,1098.138000000,17,0.190000000,0.152000000,0.465000000
20:15:32,190719,50.576158427,-123.487897920,1098.140000000,17,0.190000000,0.152000000,0.465000000
20:15:33,190719,50.576158433,-123.487897953,1098.142000000,18,0.179000000,0.124000000,0.380000000
20:15:34,190719,50.576158413,-123.487897950,1098.147000000,18,0.179000000,0.124000000,0.380000000
20:15:35,190719,50.576158423,-123.487897972,1098.142000000,18,0.179000000,0.124000000,0.380000000
20:15:36,190719,50.576158438,-123.487898003,1098.138000000,18,0.179000000,0.124000000,0.380000000
20:15:37,190719,50.576158443,-123.487898038,1098.132000000,18,0.179000000,0.124000000,0.380000000
20:15:38,190719,50.576158443,-123.487898072,1098.129000000,18,0.179000000,0.124000000,0.380000000
20:15:39,190719,50.576158432,-123.487898083,1098.124000000,18,0.179000000,0.124000000,0.380000000
20:15:40,190719,50.576158430,-123.487898078,1098.121000000,18,0.179000000,0.124000000,0.380000000
20:15:41,190719,50.576158427,-123.487898087,1098.122000000,18,0.179000000,0.124000000,0.380000000
20:15:42,190719,50.576158418,-123.487898095,1098.122000000,18,0.179000000,0.124000000,0.380000000
20:15:43,190719,50.576158417,-123.487898085,1098.126000000,18,0.179000000,0.124000000,0.380000000
20:15:44,190719,50.576158418,-123.487898113,1098.124000000,18,0.179000000,0.124000000,0.380000000
20:15:45,190719,50.576158435,-123.487898120,1098.124000000,18,0.179000000,0.124000000,0.380000000
20:15:46,190719,50.576158465,-123.487898147,1098.120000000,18,0.179000000,0.124000000,0.380000000
20:15:47,190719,50.576158495,-123.487898190,1098.123000000,18,0.179000000,0.124000000,0.380000000
20:15:48,190719,50.576158533,-123.487898238,1098.116000000,18,0.179000000,0.124000000,0.380000000
20:15:49,190719,50.576158563,-123.487898210,1098.116000000,18,0.179000000,0.124000000,0.380000000
20:15:50,190719,50.576158575,-123.487898225,1098.113000000,18,0.179000000,0.124000000,0.380000000
20:15:51,190719,50.576158582,-123.487898193,1098.117000000,18,0.179000000,0.124000000,0.380000000
20:15:52,190719,50.576158577,-123.487898188,1098.122000000,18,0.179000000,0.124000000,0.380000000
20:15:53,190719,50.576158543,-123.487898198,1098.120000000,18,0.179000000,0.124000000,0.380000000
20:15:54,190719,50.576158522,-123.487898188,1098.116000000,18,0.179000000,0.124000000,0.380000000
20:15:55,190719,50.576158512,-123.487898180,1098.113000000,18,0.179000000,0.124000000,0.380000000
20:15:56,190719,50.576158500,-123.487898182,1098.109000000,18,0.179000000,0.124000000,0.380000000
20:15:57,190719,50.576158490,-123.487898165,1098.111000000,18,0.179000000,0.124000000,0.380000000
20:15:58,190719,50.576158448,-123.487898162,1098.117000000,18,0.179000000,0.124000000,0.380000000
20:15:59,190719,50.576158418,-123.487898183,1098.115000000,18,0.179000000,0.124000000,0.380000000
20:16:00,190719,50.576158405,-123.487898190,1098.111000000,18,0.179000000,0.124000000,0.380000000
20:16:01,190719,50.576158408,-123.487898228,1098.109000000,18,0.179000000,0.124000000,0.380000000
20:16:02,190719,50.576158385,-123.487898217,1098.112000000,18,0.179000000,0.124000000,0.380000000
20:16:03,190719,50.576158383,-123.487898210,1098.120000000,18,0.179000000,0.124000000,0.380000000
20:16:04,190719,50.576158388,-123.487898183,1098.128000000,18,0.179000000,0.124000000,0.380000000
20:16:05,190719,50.576158432,-123.487898153,1098.126000000,18,0.179000000,0.124000000,0.380000000
20:16:06,190719,50.576158463,-123.487898147,1098.123000000,18,0.179000000,0.124000000,0.380000000
20:16:07,190719,50.576158488,-123.487898145,1098.122000000,18,0.179000000,0.124000000,0.380000000
20:16:08,190719,50.576158487,-123.487898113,1098.127000000,18,0.179000000,0.124000000,0.380000000
20:16:09,190719,50.576158477,-123.487898102,1098.130000000,18,0.179000000,0.124000000,0.380000000
20:16:10,190719,50.576158487,-123.487898108,1098.135000000,18,0.179000000,0.124000000,0.380000000
20:16:11,190719,50.576158472,-123.487898098,1098.142000000,18,0.179000000,0.124000000,0.380000000
20:16:12,190719,50.576158472,-123.487898123,1098.138000000,18,0.179000000,0.124000000,0.380000000
20:16:13,190719,50.576158447,-123.487898100,1098.143000000,18,0.179000000,0.124000000,0.380000000
20:16:14,190719,50.576158428,-123.487898112,1098.142000000,18,0.179000000,0.124000000,0.380000000
20:16:15,190719,50.576158438,-123.487898132,1098.138000000,18,0.179000000,0.124000000,0.380000000
20:16:16,190719,50.576158455,-123.487898140,1098.131000000,18,0.179000000,0.124000000,0.380000000
20:16:17,190719,50.576158448,-123.487898140,1098.125000000,18,0.179000000,0.124000000,0.380000000
20:16:18,190719,50.576158440,-123.487898130,1098.122000000,18,0.178000000,0.124000000,0.380000000
20:16:19,190719,50.576158420,-123.487898147,1098.120000000,18,0.178000000,0.124000000,0.380000000
20:16:20,190719,50.576158403,-123.487898173,1098.120000000,17,0.190000000,0.152000000,0.465000000
20:16:21,190719,50.576158387,-123.487898223,1098.119000000,17,0.190000000,0.152000000,0.465000000
20:16:22,190719,50.576158393,-123.487898257,1098.116000000,17,0.190000000,0.152000000,0.465000000
20:16:23,190719,50.576158400,-123.487898292,1098.115000000,17,0.190000000,0.152000000,0.465000000
20:16:24,190719,50.576158420,-123.487898303,1098.107000000,17,0.190000000,0.152000000,0.465000000
20:16:25,190719,50.576158437,-123.487898318,1098.105000000,17,0.190000000,0.152000000,0.465000000
20:16:26,190719,50.576158453,-123.487898342,1098.105000000,17,0.190000000,0.152000000,0.465000000
20:16:27,190719,50.576158465,-123.487898400,1098.096000000,17,0.190000000,0.152000000,0.465000000
20:16:28,190719,50.576158468,-123.487898443,1098.096000000,17,0.190000000,0.152000000,0.465000000
20:16:29,190719,50.576158468,-123.487898460,1098.105000000,17,0.190000000,0.152000000,0.465000000
20:16:30,190719,50.576158473,-123.487898462,1098.106000000,17,0.190000000,0.152000000,0.465000000
20:16:31,190719,50.576158508,-123.487898475,1098.104000000,17,0.190000000,0.152000000,0.465000000
20:16:32,190719,50.576158513,-123.487898467,1098.105000000,17,0.190000000,0.152000000,0.465000000
20:16:33,190719,50.576158528,-123.487898473,1098.109000000,17,0.190000000,0.152000000,0.465000000
20:16:34,190719,50.576158503,-123.487898470,1098.113000000,18,0.178000000,0.124000000,0.379000000
20:16:35,190719,50.576158490,-123.487898502,1098.111000000,18,0.178000000,0.124000000,0.379000000
20:16:36,190719,50.576158487,-123.487898520,1098.105000000,18,0.178000000,0.124000000,0.379000000
20:16:37,190719,50.576158492,-123.487898515,1098.100000000,18,0.178000000,0.124000000,0.379000000
20:16:38,190719,50.576158488,-123.487898537,1098.098000000,18,0.178000000,0.124000000,0.379000000
20:16:39,190719,50.576158468,-123.487898552,1098.095000000,18,0.178000000,0.124000000,0.379000000
20:16:40,190719,50.576158480,-123.487898580,1098.088000000,18,0.178000000,0.124000000,0.379000000
20:16:41,190719,50.576158490,-123.487898593,1098.086000000,18,0.178000000,0.124000000,0.379000000
20:16:42,190719,50.576158512,-123.487898595,1098.083000000,18,0.178000000,0.124000000,0.379000000
20:16:43,190719,50.576158523,-123.487898563,1098.089000000,18,0.178000000,0.124000000,0.379000000
20:16:44,190719,50.576158543,-123.487898572,1098.082000000,18,0.178000000,0.124000000,0.379000000
20:16:45,190719,50.576158547,-123.487898562,1098.080000000,18,0.178000000,0.124000000,0.379000000
20:16:46,190719,50.576158525,-123.487898578,1098.078000000,18,0.178000000,0.124000000,0.379000000
20:16:47,190719,50.576158478,-123.487898592,1098.078000000,18,0.178000000,0.124000000,0.379000000
20:16:48,190719,50.576158447,-123.487898592,1098.073000000,18,0.178000000,0.124000000,0.379000000
20:16:49,190719,50.576158428,-123.487898603,1098.071000000,18,0.178000000,0.124000000,0.379000000
20:16:50,190719,50.576158437,-123.487898635,1098.065000000,18,0.178000000,0.124000000,0.379000000
20:16:51,190719,50.576158440,-123.487898682,1098.068000000,18,0.178000000,0.124000000,0.379000000
20:16:52,190719,50.576158460,-123.487898655,1098.062000000,18,0.178000000,0.124000000,0.379000000
20:16:53,190719,50.576158493,-123.487898657,1098.062000000,18,0.178000000,0.124000000,0.379000000
20:16:54,190719,50.576158513,-123.487898638,1098.061000000,18,0.178000000,0.124000000,0.379000000
20:16:55,190719,50.576158525,-123.487898642,1098.060000000,18,0.178000000,0.124000000,0.379000000
20:16:56,190719,50.576158530,-123.487898660,1098.057000000,18,0.178000000,0.124000000,0.379000000
20:16:57,190719,50.576158505,-123.487898685,1098.064000000,18,0.178000000,0.124000000,0.379000000
20:16:58,190719,50.576158470,-123.487898663,1098.068000000,18,0.178000000,0.124000000,0.379000000
20:16:59,190719,50.576158483,-123.487898675,1098.065000000,18,0.178000000,0.124000000,0.379000000
20:17:00,190719,50.576158478,-123.487898653,1098.064000000,18,0.178000000,0.124000000,0.379000000
20:17:01,190719,50.576158498,-123.487898680,1098.061000000,18,0.178000000,0.124000000,0.379000000
20:17:02,190719,50.576158507,-123.487898667,1098.053000000,18,0.178000000,0.124000000,0.379000000
20:17:03,190719,50.576158508,-123.487898675,1098.044000000,18,0.178000000,0.124000000,0.379000000
20:17:04,190719,50.576158523,-123.487898683,1098.039000000,18,0.178000000,0.124000000,0.379000000
20:17:05,190719,50.576158507,-123.487898670,1098.043000000,18,0.178000000,0.124000000,0.379000000
20:17:06,190719,50.576158505,-123.487898697,1098.042000000,18,0.178000000,0.124000000,0.379000000
20:17:07,190719,50.576158470,-123.487898695,1098.046000000,18,0.178000000,0.124000000,0.379000000
20:17:08,190719,50.576158443,-123.487898687,1098.041000000,18,0.178000000,0.124000000,0.379000000
20:17:09,190719,50.576158458,-123.487898697,1098.027000000,18,0.178000000,0.124000000,0.379000000
20:17:10,190719,50.576158453,-123.487898660,1098.031000000,18,0.178000000,0.124000000,0.379000000
20:17:11,190719,50.576158462,-123.487898652,1098.032000000,18,0.178000000,0.124000000,0.379000000
20:17:12,190719,50.576158470,-123.487898657,1098.036000000,18,0.178000000,0.124000000,0.379000000
20:17:13,190719,50.576158472,-123.487898673,1098.032000000,18,0.178000000,0.124000000,0.379000000
20:17:14,190719,50.576158460,-123.487898693,1098.033000000,18,0.178000000,0.124000000,0.379000000
20:17:15,190719,50.576158442,-123.487898693,1098.037000000,18,0.178000000,0.124000000,0.379000000
20:17:16,190719,50.576158448,-123.487898722,1098.037000000,18,0.178000000,0.124000000,0.379000000
20:17:17,190719,50.576158452,-123.487898760,1098.039000000,18,0.178000000,0.124000000,0.379000000
20:17:18,190719,50.576158447,-123.487898795,1098.034000000,18,0.178000000,0.124000000,0.379000000
20:17:19,190719,50.576158462,-123.487898857,1098.035000000,18,0.178000000,0.124000000,0.379000000
20:17:20,190719,50.576158480,-123.487898910,1098.027000000,18,0.178000000,0.124000000,0.379000000
20:17:21,190719,50.576158497,-123.487898925,1098.030000000,18,0.178000000,0.124000000,0.379000000
20:17:22,190719,50.576158513,-123.487898913,1098.032000000,18,0.178000000,0.124000000,0.379000000
20:17:23,190719,50.576158512,-123.487898873,1098.040000000,18,0.178000000,0.124000000,0.379000000
20:17:24,190719,50.576158537,-123.487898887,1098.043000000,18,0.178000000,0.124000000,0.379000000
20:17:25,190719,50.576158550,-123.487898902,1098.044000000,18,0.178000000,0.124000000,0.379000000
20:17:26,190719,50.576158558,-123.487898880,1098.049000000,18,0.178000000,0.124000000,0.379000000
20:17:27,190719,50.576158563,-123.487898877,1098.051000000,18,0.178000000,0.124000000,0.379000000
20:17:28,190719,50.576158542,-123.487898852,1098.050000000,18,0.178000000,0.124000000,0.379000000
20:17:29,190719,50.576158525,-123.487898890,1098.046000000,18,0.178000000,0.124000000,0.379000000
20:17:30,190719,50.576158513,-123.487898922,1098.049000000,18,0.178000000,0.124000000,0.379000000
20:17:31,190719,50.576158488,-123.487898947,1098.054000000,18,0.178000000,0.124000000,0.379000000
20:17:32,190719,50.576158473,-123.487898955,1098.058000000,18,0.178000000,0.124000000,0.379000000
20:17:33,190719,50.576158443,-123.487898928,1098.064000000,18,0.178000000,0.124000000,0.379000000
20:17:34,190719,50.576158417,-123.487898938,1098.064000000,18,0.178000000,0.124000000,0.379000000
20:17:35,190719,50.576158368,-123.487898917,1098.067000000,18,0.178000000,0.124000000,0.379000000
20:17:36,190719,50.576158347,-123.487898910,1098.073000000,18,0.178000000,0.124000000,0.379000000
20:17:37,190719,50.576158315,-123.487898872,1098.078000000,18,0.178000000,0.124000000,0.379000000
20:17:38,190719,50.576158287,-123.487898815,1098.086000000,18,0.178000000,0.124000000,0.379000000
20:17:39,190719,50.576158257,-123.487898775,1098.092000000,18,0.178000000,0.124000000,0.379000000
20:17:40,190719,50.576158233,-123.487898745,1098.102000000,18,0.178000000,0.124000000,0.379000000
20:17:41,190719,50.576158218,-123.487898715,1098.114000000,18,0.178000000,0.124000000,0.379000000
20:17:42,190719,50.576158195,-123.487898702,1098.123000000,18,0.178000000,0.124000000,0.379000000
20:17:43,190719,50.576158182,-123.487898698,1098.137000000,18,0.178000000,0.124000000,0.379000000
20:17:44,190719,50.576158190,-123.487898703,1098.145000000,18,0.178000000,0.124000000,0.379000000
20:17:45,190719,50.576158190,-123.487898680,1098.145000000,18,0.178000000,0.124000000,0.379000000
20:17:46,190719,50.576158193,-123.487898645,1098.150000000,18,0.178000000,0.124000000,0.379000000
20:17:47,190719,50.576158185,-123.487898608,1098.156000000,18,0.178000000,0.124000000,0.379000000
20:17:48,190719,50.576158178,-123.487898592,1098.154000000,18,0.178000000,0.124000000,0.379000000
20:17:49,190719,50.576158158,-123.487898603,1098.150000000,18,0.178000000,0.124000000,0.379000000
20:17:50,190719,50.576158135,-123.487898623,1098.144000000,18,0.178000000,0.124000000,0.379000000
20:17:51,190719,50.576158132,-123.487898655,1098.140000000,18,0.178000000,0.124000000,0.379000000
20:17:52,190719,50.576158145,-123.487898688,1098.135000000,18,0.178000000,0.124000000,0.378000000
20:17:53,190719,50.576158163,-123.487898748,1098.131000000,17,0.178000000,0.124000000,0.378000000
20:17:54,190719,50.576158167,-123.487898772,1098.128000000,17,0.190000000,0.153000000,0.465000000
20:17:55,190719,50.576158175,-123.487898792,1098.119000000,17,0.190000000,0.153000000,0.465000000
20:17:56,190719,50.576158178,-123.487898802,1098.111000000,17,0.190000000,0.153000000,0.465000000
20:17:57,190719,50.576158173,-123.487898820,1098.112000000,17,0.190000000,0.153000000,0.465000000
20:17:58,190719,50.576158167,-123.487898820,1098.109000000,17,0.190000000,0.153000000,0.465000000
20:17:59,190719,50.576158180,-123.487898797,1098.114000000,17,0.190000000,0.153000000,0.465000000
20:18:00,190719,50.576158182,-123.487898770,1098.114000000,17,0.190000000,0.153000000,0.465000000
20:18:01,190719,50.576158192,-123.487898745,1098.113000000,17,0.190000000,0.153000000,0.465000000
20:18:02,190719,50.576158200,-123.487898718,1098.116000000,17,0.190000000,0.153000000,0.465000000
20:18:03,190719,50.576158205,-123.487898742,1098.115000000,17,0.190000000,0.153000000,0.465000000
20:18:04,190719,50.576158217,-123.487898760,1098.116000000,17,0.190000000,0.153000000,0.465000000
20:18:05,190719,50.576158213,-123.487898763,1098.123000000,17,0.190000000,0.153000000,0.465000000
20:18:06,190719,50.576158223,-123.487898793,1098.124000000,17,0.190000000,0.153000000,0.465000000
20:18:07,190719,50.576158232,-123.487898795,1098.125000000,17,0.190000000,0.153000000,0.465000000
20:18:08,190719,50.576158252,-123.487898818,1098.118000000,17,0.190000000,0.153000000,0.465000000
20:18:09,190719,50.576158265,-123.487898828,1098.118000000,17,0.190000000,0.153000000,0.465000000
20:18:10,190719,50.576158252,-123.487898847,1098.119000000,17,0.190000000,0.153000000,0.465000000
20:18:11,190719,50.576158252,-123.487898872,1098.114000000,17,0.190000000,0.153000000,0.465000000
20:18:12,190719,50.576158250,-123.487898905,1098.112000000,17,0.190000000,0.153000000,0.465000000
20:18:13,190719,50.576158247,-123.487898925,1098.105000000,17,0.190000000,0.153000000,0.465000000
20:18:14,190719,50.576158228,-123.487898947,1098.097000000,17,0.190000000,0.153000000,0.465000000
20:18:15,190719,50.576158183,-123.487898940,1098.100000000,17,0.190000000,0.153000000,0.465000000
20:18:16,190719,50.576158173,-123.487898987,1098.100000000,17,0.190000000,0.153000000,0.465000000
20:18:17,190719,50.576158198,-123.487899028,1098.089000000,17,0.190000000,0.153000000,0.465000000
20:18:18,190719,50.576158212,-123.487899067,1098.085000000,17,0.190000000,0.153000000,0.465000000
20:18:19,190719,50.576158225,-123.487899103,1098.081000000,17,0.190000000,0.153000000,0.465000000
20:18:20,190719,50.576158232,-123.487899115,1098.077000000,17,0.190000000,0.153000000,0.465000000
20:18:21,190719,50.576158235,-123.487899150,1098.071000000,17,0.190000000,0.153000000,0.465000000
20:18:22,190719,50.576158242,-123.487899152,1098.071000000,17,0.190000000,0.153000000,0.465000000
20:18:23,190719,50.576158267,-123.487899107,1098.088000000,17,0.190000000,0.153000000,0.465000000
20:18:24,190719,50.576158282,-123.487899093,1098.092000000,17,0.190000000,0.153000000,0.465000000
20:18:25,190719,50.576158317,-123.487899110,1098.091000000,17,0.190000000,0.153000000,0.465000000
20:18:26,190719,50.576158342,-123.487899110,1098.089000000,17,0.190000000,0.153000000,0.465000000
20:18:27,190719,50.576158355,-123.487899112,1098.092000000,17,0.190000000,0.153000000,0.465000000
20:18:28,190719,50.576158352,-123.487899118,1098.093000000,17,0.190000000,0.153000000,0.465000000
20:18:29,190719,50.576158352,-123.487899118,1098.100000000,17,0.190000000,0.153000000,0.465000000
20:18:30,190719,50.576158355,-123.487899145,1098.106000000,17,0.190000000,0.153000000,0.465000000
20:18:31,190719,50.576158352,-123.487899148,1098.111000000,17,0.190000000,0.153000000,0.465000000
20:18:32,190719,50.576158362,-123.487899157,1098.114000000,17,0.190000000,0.153000000,0.465000000
20:18:33,190719,50.576158362,-123.487899170,1098.113000000,17,0.190000000,0.153000000,0.464000000
20:18:34,190719,50.576158330,-123.487899180,1098.114000000,17,0.190000000,0.153000000,0.464000000
20:18:35,190719,50.576158300,-123.487899205,1098.110000000,17,0.190000000,0.153000000,0.464000000
20:18:36,190719,50.576158267,-123.487899217,1098.112000000,17,0.190000000,0.153000000,0.464000000
20:18:37,190719,50.576158258,-123.487899243,1098.106000000,17,0.190000000,0.153000000,0.464000000
20:18:38,190719,50.576158262,-123.487899257,1098.104000000,18,0.178000000,0.124000000,0.378000000
20:18:39,190719,50.576158262,-123.487899252,1098.107000000,18,0.178000000,0.124000000,0.378000000
20:18:40,190719,50.576158272,-123.487899227,1098.110000000,18,0.178000000,0.124000000,0.378000000
20:18:41,190719,50.576158283,-123.487899215,1098.118000000,18,0.178000000,0.124000000,0.378000000
20:18:42,190719,50.576158280,-123.487899205,1098.121000000,18,0.178000000,0.124000000,0.378000000
20:18:43,190719,50.576158268,-123.487899213,1098.127000000,18,0.178000000,0.124000000,0.378000000
20:18:44,190719,50.576158257,-123.487899223,1098.129000000,18,0.178000000,0.124000000,0.378000000
20:18:45,190719,50.576158232,-123.487899238,1098.134000000,18,0.178000000,0.124000000,0.378000000
20:18:46,190719,50.576158253,-123.487899230,1098.140000000,18,0.178000000,0.124000000,0.378000000
20:18:47,190719,50.576158307,-123.487899203,1098.138000000,18,0.178000000,0.124000000,0.378000000
20:18:48,190719,50.576158363,-123.487899188,1098.135000000,18,0.178000000,0.124000000,0.378000000
20:18:49,190719,50.576158418,-123.487899188,1098.137000000,17,0.178000000,0.124000000,0.378000000
20:18:50,190719,50.576158447,-123.487899167,1098.137000000,17,0.190000000,0.153000000,0.464000000
20:18:51,190719,50.576158460,-123.487899150,1098.145000000,17,0.190000000,0.153000000,0.464000000
20:18:52,190719,50.576158480,-123.487899168,1098.146000000,17,0.190000000,0.153000000,0.464000000
20:18:53,190719,50.576158460,-123.487899160,1098.149000000,17,0.190000000,0.153000000,0.464000000
20:18:54,190719,50.576158447,-123.487899158,1098.150000000,17,0.190000000,0.153000000,0.464000000
20:18:55,190719,50.576158433,-123.487899142,1098.153000000,17,0.190000000,0.153000000,0.464000000
20:18:56,190719,50.576158432,-123.487899162,1098.153000000,17,0.190000000,0.153000000,0.464000000
20:18:57,190719,50.576158428,-123.487899178,1098.152000000,17,0.190000000,0.153000000,0.464000000
20:18:58,190719,50.576158405,-123.487899175,1098.151000000,17,0.190000000,0.153000000,0.464000000
20:18:59,190719,50.576158365,-123.487899187,1098.152000000,17,0.190000000,0.153000000,0.464000000
20:19:00,190719,50.576158345,-123.487899207,1098.149000000,17,0.190000000,0.153000000,0.464000000
20:19:01,190719,50.576158345,-123.487899215,1098.141000000,17,0.190000000,0.153000000,0.464000000
20:19:02,190719,50.576158343,-123.487899230,1098.135000000,17,0.190000000,0.153000000,0.464000000
20:19:03,190719,50.576158303,-123.487899200,1098.144000000,17,0.190000000,0.153000000,0.464000000
20:19:04,190719,50.576158305,-123.487899205,1098.145000000,17,0.190000000,0.153000000,0.464000000
20:19:05,190719,50.576158340,-123.487899218,1098.146000000,17,0.190000000,0.153000000,0.464000000
20:19:06,190719,50.576158348,-123.487899182,1098.154000000,17,0.190000000,0.153000000,0.464000000
20:19:07,190719,50.576158390,-123.487899190,1098.154000000,17,0.190000000,0.153000000,0.464000000
20:19:08,190719,50.576158383,-123.487899167,1098.159000000,17,0.190000000,0.153000000,0.464000000
20:19:09,190719,50.576158385,-123.487899162,1098.164000000,17,0.190000000,0.153000000,0.464000000
20:19:10,190719,50.576158380,-123.487899162,1098.173000000,17,0.190000000,0.153000000,0.464000000
20:19:11,190719,50.576158388,-123.487899147,1098.180000000,17,0.190000000,0.153000000,0.464000000
20:19:12,190719,50.576158403,-123.487899140,1098.180000000,17,0.190000000,0.153000000,0.464000000
20:19:13,190719,50.576158433,-123.487899152,1098.177000000,17,0.190000000,0.153000000,0.464000000
20:19:14,190719,50.576158430,-123.487899135,1098.184000000,17,0.190000000,0.153000000,0.464000000
20:19:15,190719,50.576158430,-123.487899132,1098.186000000,17,0.190000000,0.153000000,0.464000000
20:19:16,190719,50.576158430,-123.487899145,1098.185000000,17,0.190000000,0.153000000,0.464000000
20:19:17,190719,50.576158395,-123.487899152,1098.184000000,17,0.190000000,0.153000000,0.464000000
20:19:18,190719,50.576158363,-123.487899153,1098.183000000,17,0.190000000,0.153000000,0.464000000
20:19:19,190719,50.576158330,-123.487899167,1098.185000000,17,0.190000000,0.153000000,0.464000000
20:19:20,190719,50.576158310,-123.487899192,1098.177000000,17,0.190000000,0.153000000,0.464000000
20:19:21,190719,50.576158275,-123.487899202,1098.180000000,17,0.190000000,0.153000000,0.464000000
20:19:22,190719,50.576158258,-123.487899210,1098.180000000,17,0.190000000,0.153000000,0.464000000
20:19:23,190719,50.576158240,-123.487899215,1098.176000000,17,0.190000000,0.153000000,0.464000000
20:19:24,190719,50.576158238,-123.487899227,1098.171000000,17,0.190000000,0.153000000,0.464000000
20:19:25,190719,50.576158227,-123.487899232,1098.170000000,17,0.190000000,0.153000000,0.464000000
20:19:26,190719,50.576158220,-123.487899260,1098.169000000,17,0.190000000,0.153000000,0.464000000
20:19:27,190719,50.576158202,-123.487899283,1098.176000000,17,0.190000000,0.153000000,0.464000000
20:19:28,190719,50.576158212,-123.487899303,1098.175000000,17,0.190000000,0.153000000,0.464000000
20:19:29,190719,50.576158238,-123.487899298,1098.178000000,17,0.190000000,0.153000000,0.464000000
20:19:30,190719,50.576158262,-123.487899313,1098.179000000,17,0.190000000,0.153000000,0.464000000
20:19:31,190719,50.576158285,-123.487899297,1098.184000000,18,0.178000000,0.124000000,0.377000000
20:19:32,190719,50.576158318,-123.487899307,1098.188000000,17,0.190000000,0.153000000,0.464000000
20:19:33,190719,50.576158347,-123.487899312,1098.186000000,18,0.190000000,0.153000000,0.464000000
20:19:34,190719,50.576158380,-123.487899370,1098.178000000,18,0.178000000,0.124000000,0.377000000
20:19:35,190719,50.576158410,-123.487899430,1098.168000000,17,0.190000000,0.153000000,0.464000000
20:19:36,190719,50.576158405,-123.487899437,1098.163000000,18,0.178000000,0.124000000,0.377000000
20:19:37,190719,50.576158438,-123.487899502,1098.151000000,18,0.178000000,0.124000000,0.377000000
20:19:38,190719,50.576158438,-123.487899510,1098.151000000,18,0.178000000,0.124000000,0.377000000
20:19:39,190719,50.576158452,-123.487899533,1098.148000000,18,0.178000000,0.124000000,0.377000000
20:19:40,190719,50.576158440,-123.487899558,1098.141000000,18,0.178000000,0.124000000,0.377000000
20:19:41,190719,50.576158415,-123.487899598,1098.135000000,18,0.178000000,0.124000000,0.377000000
20:19:42,190719,50.576158392,-123.487899640,1098.134000000,18,0.178000000,0.124000000,0.377000000
20:19:43,190719,50.576158372,-123.487899668,1098.134000000,18,0.178000000,0.124000000,0.377000000
20:19:44,190719,50.576158338,-123.487899668,1098.134000000,18,0.178000000,0.124000000,0.377000000
20:19:45,190719,50.576158340,-123.487899680,1098.133000000,18,0.178000000,0.124000000,0.377000000
20:19:46,190719,50.576158353,-123.487899710,1098.126000000,18,0.178000000,0.124000000,0.377000000
20:19:47,190719,50.576158370,-123.487899723,1098.121000000,18,0.178000000,0.124000000,0.377000000
20:19:48,190719,50.576158392,-123.487899740,1098.109000000,18,0.178000000,0.124000000,0.377000000
20:19:49,190719,50.576158387,-123.487899793,1098.108000000,18,0.178000000,0.124000000,0.377000000
20:19:50,190719,50.576158362,-123.487899773,1098.117000000,18,0.178000000,0.124000000,0.377000000
20:19:51,190719,50.576158345,-123.487899772,1098.120000000,18,0.178000000,0.124000000,0.377000000
20:19:52,190719,50.576158337,-123.487899763,1098.120000000,18,0.178000000,0.124000000,0.377000000
20:19:53,190719,50.576158332,-123.487899755,1098.121000000,18,0.178000000,0.124000000,0.377000000
20:19:54,190719,50.576158320,-123.487899773,1098.120000000,18,0.178000000,0.124000000,0.376000000
20:19:55,190719,50.576158323,-123.487899782,1098.125000000,19,0.177000000,0.112000000,0.322000000
20:19:56,190719,50.576158318,-123.487899793,1098.127000000,19,0.177000000,0.112000000,0.322000000
20:19:57,190719,50.576158328,-123.487899800,1098.125000000,19,0.177000000,0.112000000,0.322000000
20:19:58,190719,50.576158343,-123.487899812,1098.125000000,19,0.177000000,0.112000000,0.322000000
20:19:59,190719,50.576158332,-123.487899805,1098.129000000,19,0.177000000,0.112000000,0.322000000
20:20:00,190719,50.576158333,-123.487899788,1098.130000000,19,0.177000000,0.112000000,0.322000000
20:20:01,190719,50.576158340,-123.487899798,1098.126000000,19,0.177000000,0.112000000,0.322000000
20:20:02,190719,50.576158312,-123.487899805,1098.130000000,19,0.177000000,0.112000000,0.322000000
20:20:03,190719,50.576158280,-123.487899805,1098.133000000,19,0.177000000,0.112000000,0.322000000
20:20:04,190719,50.576158273,-123.487899808,1098.134000000,19,0.177000000,0.112000000,0.322000000
20:20:05,190719,50.576158260,-123.487899783,1098.140000000,19,0.177000000,0.112000000,0.322000000
20:20:06,190719,50.576158278,-123.487899792,1098.134000000,18,0.177000000,0.112000000,0.322000000
20:20:07,190719,50.576158280,-123.487899780,1098.136000000,18,0.178000000,0.124000000,0.376000000
20:20:08,190719,50.576158267,-123.487899772,1098.141000000,18,0.178000000,0.124000000,0.376000000
20:20:09,190719,50.576158240,-123.487899807,1098.142000000,18,0.178000000,0.124000000,0.376000000
20:20:10,190719,50.576158213,-123.487899815,1098.144000000,18,0.178000000,0.124000000,0.376000000
20:20:11,190719,50.576158193,-123.487899818,1098.140000000,18,0.178000000,0.124000000,0.376000000
20:20:12,190719,50.576158168,-123.487899818,1098.145000000,18,0.178000000,0.124000000,0.376000000
20:20:13,190719,50.576158163,-123.487899825,1098.137000000,18,0.178000000,0.124000000,0.376000000
20:20:14,190719,50.576158163,-123.487899850,1098.136000000,18,0.178000000,0.124000000,0.376000000
20:20:15,190719,50.576158165,-123.487899873,1098.130000000,18,0.178000000,0.124000000,0.376000000
20:20:16,190719,50.576158158,-123.487899897,1098.133000000,18,0.178000000,0.124000000,0.376000000
20:20:17,190719,50.576158153,-123.487899895,1098.134000000,18,0.178000000,0.124000000,0.376000000
20:20:18,190719,50.576158115,-123.487899863,1098.148000000,18,0.178000000,0.124000000,0.376000000
20:20:19,190719,50.576158067,-123.487899853,1098.155000000,18,0.178000000,0.124000000,0.376000000
20:20:20,190719,50.576158007,-123.487899848,1098.166000000,18,0.178000000,0.124000000,0.376000000
20:20:21,190719,50.576157982,-123.487899827,1098.164000000,19,0.177000000,0.112000000,0.322000000
20:20:22,190719,50.576157977,-123.487899828,1098.161000000,19,0.177000000,0.112000000,0.322000000
20:20:23,190719,50.576157975,-123.487899795,1098.167000000,19,0.177000000,0.112000000,0.322000000
20:20:24,190719,50.576157973,-123.487899792,1098.174000000,19,0.177000000,0.112000000,0.322000000
20:20:25,190719,50.576157952,-123.487899782,1098.184000000,19,0.177000000,0.112000000,0.322000000
20:20:26,190719,50.576157915,-123.487899762,1098.192000000,19,0.177000000,0.112000000,0.322000000
20:20:27,190719,50.576157883,-123.487899763,1098.197000000,19,0.177000000,0.112000000,0.322000000
20:20:28,190719,50.576157843,-123.487899758,1098.210000000,19,0.177000000,0.112000000,0.322000000
20:20:29,190719,50.576157808,-123.487899713,1098.222000000,19,0.177000000,0.112000000,0.322000000
20:20:30,190719,50.576157790,-123.487899678,1098.230000000,19,0.177000000,0.112000000,0.322000000
20:20:31,190719,50.576157777,-123.487899642,1098.245000000,19,0.177000000,0.112000000,0.322000000
20:20:32,190719,50.576157790,-123.487899628,1098.244000000,19,0.177000000,0.112000000,0.322000000
20:20:33,190719,50.576157788,-123.487899580,1098.250000000,19,0.177000000,0.112000000,0.323000000
20:20:34,190719,50.576157792,-123.487899548,1098.255000000,19,0.177000000,0.112000000,0.323000000
20:20:35,190719,50.576157787,-123.487899545,1098.257000000,19,0.177000000,0.112000000,0.323000000
20:20:36,190719,50.576157780,-123.487899512,1098.260000000,19,0.177000000,0.112000000,0.323000000
20:20:37,190719,50.576157770,-123.487899522,1098.259000000,19,0.177000000,0.112000000,0.323000000
20:20:38,190719,50.576157752,-123.487899523,1098.266000000,19,0.177000000,0.112000000,0.323000000
20:20:39,190719,50.576157747,-123.487899522,1098.268000000,19,0.177000000,0.112000000,0.323000000
20:20:40,190719,50.576157740,-123.487899505,1098.270000000,19,0.177000000,0.112000000,0.323000000
20:20:41,190719,50.576157735,-123.487899493,1098.271000000,19,0.177000000,0.112000000,0.323000000
20:20:42,190719,50.576157700,-123.487899437,1098.284000000,19,0.177000000,0.112000000,0.323000000
20:20:43,190719,50.576157707,-123.487899455,1098.279000000,19,0.177000000,0.112000000,0.323000000
20:20:44,190719,50.576157737,-123.487899500,1098.273000000,19,0.177000000,0.112000000,0.323000000
20:20:45,190719,50.576157735,-123.487899482,1098.273000000,19,0.177000000,0.112000000,0.323000000
20:20:46,190719,50.576157765,-123.487899497,1098.270000000,19,0.177000000,0.112000000,0.323000000
20:20:47,190719,50.576157790,-123.487899518,1098.264000000,19,0.177000000,0.112000000,0.323000000
20:20:48,190719,50.576157813,-123.487899545,1098.260000000,19,0.177000000,0.112000000,0.323000000
20:20:49,190719,50.576157830,-123.487899580,1098.254000000,19,0.177000000,0.112000000,0.323000000
20:20:50,190719,50.576157860,-123.487899600,1098.245000000,19,0.177000000,0.112000000,0.323000000
20:20:51,190719,50.576157890,-123.487899620,1098.238000000,19,0.177000000,0.112000000,0.323000000
20:20:52,190719,50.576157943,-123.487899662,1098.232000000,18,0.190000000,0.126000000,0.358000000
20:20:53,190719,50.576157963,-123.487899668,1098.230000000,18,0.190000000,0.126000000,0.358000000
20:20:54,190719,50.576157978,-123.487899705,1098.229000000,18,0.190000000,0.126000000,0.358000000
20:20:55,190719,50.576157993,-123.487899712,1098.231000000,18,0.190000000,0.126000000,0.358000000
20:20:56,190719,50.576158003,-123.487899742,1098.225000000,18,0.190000000,0.126000000,0.358000000
20:20:57,190719,50.576158007,-123.487899758,1098.221000000,18,0.190000000,0.126000000,0.358000000
20:20:58,190719,50.576157995,-123.487899780,1098.214000000,18,0.190000000,0.127000000,0.358000000
20:20:59,190719,50.576157957,-123.487899777,1098.214000000,18,0.190000000,0.127000000,0.358000000
20:21:00,190719,50.576157940,-123.487899762,1098.216000000,18,0.190000000,0.127000000,0.358000000
20:21:01,190719,50.576157942,-123.487899770,1098.213000000,18,0.190000000,0.127000000,0.359000000
20:21:02,190719,50.576157917,-123.487899790,1098.213000000,18,0.190000000,0.127000000,0.359000000
20:21:03,190719,50.576157893,-123.487899793,1098.211000000,19,0.177000000,0.112000000,0.323000000
20:21:04,190719,50.576157890,-123.487899793,1098.210000000,19,0.177000000,0.112000000,0.323000000
20:21:05,190719,50.576157902,-123.487899783,1098.208000000,19,0.177000000,0.112000000,0.323000000
20:21:06,190719,50.576157930,-123.487899787,1098.203000000,19,0.177000000,0.112000000,0.323000000
20:21:07,190719,50.576157955,-123.487899775,1098.203000000,19,0.177000000,0.112000000,0.323000000
20:21:08,190719,50.576157973,-123.487899740,1098.207000000,19,0.177000000,0.112000000,0.323000000
20:21:09,190719,50.576157983,-123.487899708,1098.205000000,19,0.177000000,0.113000000,0.323000000
20:21:10,190719,50.576157973,-123.487899720,1098.212000000,19,0.177000000,0.113000000,0.323000000
20:21:11,190719,50.576157957,-123.487899715,1098.216000000,19,0.177000000,0.113000000,0.323000000
20:21:12,190719,50.576157927,-123.487899715,1098.224000000,19,0.177000000,0.113000000,0.323000000
20:21:13,190719,50.576157920,-123.487899723,1098.229000000,19,0.177000000,0.113000000,0.323000000
20:21:14,190719,50.576157908,-123.487899715,1098.234000000,19,0.177000000,0.113000000,0.323000000
20:21:15,190719,50.576157912,-123.487899717,1098.238000000,19,0.177000000,0.113000000,0.323000000
20:21:16,190719,50.576157915,-123.487899683,1098.238000000,19,0.177000000,0.113000000,0.323000000
20:21:17,190719,50.576157933,-123.487899675,1098.236000000,19,0.177000000,0.113000000,0.323000000
20:21:18,190719,50.576157960,-123.487899655,1098.234000000,19,0.177000000,0.113000000,0.323000000
20:21:19,190719,50.576157972,-123.487899650,1098.233000000,19,0.177000000,0.113000000,0.323000000
20:21:20,190719,50.576157983,-123.487899673,1098.231000000,19,0.177000000,0.113000000,0.323000000
20:21:21,190719,50.576157977,-123.487899662,1098.229000000,19,0.177000000,0.113000000,0.323000000
20:21:22,190719,50.576157938,-123.487899672,1098.226000000,19,0.177000000,0.113000000,0.323000000
20:21:23,190719,50.576157885,-123.487899685,1098.226000000,19,0.177000000,0.113000000,0.323000000
20:21:24,190719,50.576157843,-123.487899695,1098.231000000,19,0.177000000,0.113000000,0.323000000
20:21:25,190719,50.576157822,-123.487899692,1098.227000000,19,0.177000000,0.113000000,0.323000000
20:21:26,190719,50.576157803,-123.487899702,1098.221000000,19,0.177000000,0.113000000,0.323000000
20:21:27,190719,50.576157787,-123.487899720,1098.214000000,19,0.177000000,0.113000000,0.323000000
20:21:28,190719,50.576157768,-123.487899732,1098.212000000,19,0.177000000,0.113000000,0.323000000
20:21:29,190719,50.576157753,-123.487899725,1098.216000000,19,0.177000000,0.113000000,0.323000000
20:21:30,190719,50.576157737,-123.487899758,1098.213000000,19,0.177000000,0.113000000,0.323000000
20:21:31,190719,50.576157717,-123.487899745,1098.224000000,19,0.177000000,0.113000000,0.323000000
20:21:32,190719,50.576157720,-123.487899747,1098.226000000,19,0.177000000,0.113000000,0.323000000
20:21:33,190719,50.576157733,-123.487899722,1098.224000000,19,0.177000000,0.113000000,0.323000000
20:21:34,190719,50.576157748,-123.487899703,1098.223000000,19,0.177000000,0.113000000,0.323000000
20:21:35,190719,50.576157773,-123.487899698,1098.225000000,19,0.177000000,0.113000000,0.323000000
20:21:36,190719,50.576157795,-123.487899663,1098.228000000,19,0.177000000,0.113000000,0.323000000
20:21:37,190719,50.576157812,-123.487899670,1098.232000000,19,0.177000000,0.113000000,0.323000000
20:21:38,190719,50.576157815,-123.487899647,1098.231000000,19,0.177000000,0.113000000,0.323000000
20:21:39,190719,50.576157812,-123.487899642,1098.233000000,19,0.177000000,0.113000000,0.323000000
20:21:40,190719,50.576157797,-123.487899638,1098.235000000,19,0.177000000,0.113000000,0.323000000
20:21:41,190719,50.576157782,-123.487899645,1098.234000000,19,0.177000000,0.113000000,0.323000000
20:21:42,190719,50.576157777,-123.487899648,1098.233000000,19,0.177000000,0.113000000,0.323000000
20:21:43,190719,50.576157767,-123.487899650,1098.234000000,19,0.177000000,0.113000000,0.323000000
20:21:44,190719,50.576157773,-123.487899673,1098.231000000,19,0.177000000,0.113000000,0.323000000
20:21:45,190719,50.576157758,-123.487899655,1098.234000000,19,0.177000000,0.113000000,0.323000000
20:21:46,190719,50.576157717,-123.487899660,1098.235000000,19,0.177000000,0.113000000,0.323000000
20:21:47,190719,50.576157668,-123.487899658,1098.232000000,19,0.177000000,0.113000000,0.323000000
20:21:48,190719,50.576157615,-123.487899677,1098.230000000,19,0.177000000,0.113000000,0.323000000
20:21:49,190719,50.576157577,-123.487899680,1098.225000000,19,0.177000000,0.113000000,0.323000000
20:21:50,190719,50.576157542,-123.487899663,1098.226000000,19,0.177000000,0.113000000,0.323000000
20:21:51,190719,50.576157542,-123.487899672,1098.223000000,19,0.177000000,0.113000000,0.323000000
20:21:52,190719,50.576157558,-123.487899708,1098.223000000,19,0.177000000,0.113000000,0.323000000
20:21:53,190719,50.576157562,-123.487899678,1098.234000000,19,0.177000000,0.113000000,0.323000000
20:21:54,190719,50.576157562,-123.487899662,1098.241000000,19,0.177000000,0.113000000,0.323000000
20:21:55,190719,50.576157587,-123.487899663,1098.238000000,19,0.177000000,0.113000000,0.323000000
20:21:56,190719,50.576157625,-123.487899632,1098.233000000,19,0.177000000,0.113000000,0.323000000
20:21:57,190719,50.576157652,-123.487899623,1098.234000000,19,0.177000000,0.113000000,0.323000000
20:21:58,190719,50.576157648,-123.487899605,1098.238000000,19,0.177000000,0.113000000,0.323000000
20:21:59,190719,50.576157642,-123.487899627,1098.243000000,19,0.177000000,0.113000000,0.323000000
20:22:00,190719,50.576157627,-123.487899638,1098.242000000,19,0.177000000,0.113000000,0.323000000
20:22:01,190719,50.576157608,-123.487899658,1098.245000000,19,0.177000000,0.113000000,0.323000000
20:22:02,190719,50.576157590,-123.487899663,1098.246000000,19,0.177000000,0.113000000,0.323000000
20:22:03,190719,50.576157587,-123.487899692,1098.246000000,19,0.177000000,0.113000000,0.323000000
20:22:04,190719,50.576157577,-123.487899670,1098.246000000,19,0.177000000,0.113000000,0.323000000
20:22:05,190719,50.576157540,-123.487899685,1098.244000000,19,0.177000000,0.113000000,0.323000000
20:22:06,190719,50.576157513,-123.487899688,1098.241000000,19,0.177000000,0.113000000,0.323000000
20:22:07,190719,50.576157483,-123.487899695,1098.239000000,19,0.177000000,0.113000000,0.323000000
20:22:08,190719,50.576157462,-123.487899707,1098.238000000,19,0.177000000,0.113000000,0.323000000
20:22:09,190719,50.576157445,-123.487899722,1098.236000000,19,0.177000000,0.113000000,0.323000000
20:22:10,190719,50.576157435,-123.487899700,1098.236000000,19,0.177000000,0.113000000,0.323000000
20:22:11,190719,50.576157428,-123.487899692,1098.241000000,19,0.177000000,0.113000000,0.323000000
20:22:12,190719,50.576157432,-123.487899707,1098.242000000,19,0.177000000,0.113000000,0.323000000
20:22:13,190719,50.576157422,-123.487899713,1098.243000000,19,0.177000000,0.113000000,0.323000000
20:22:14,190719,50.576157423,-123.487899703,1098.247000000,19,0.177000000,0.113000000,0.323000000
20:22:15,190719,50.576157428,-123.487899703,1098.247000000,19,0.177000000,0.113000000,0.323000000
20:22:16,190719,50.576157448,-123.487899700,1098.252000000,19,0.177000000,0.113000000,0.323000000
20:22:17,190719,50.576157477,-123.487899703,1098.253000000,19,0.177000000,0.113000000,0.323000000
20:22:18,190719,50.576157503,-123.487899723,1098.253000000,19,0.177000000,0.113000000,0.324000000
20:22:19,190719,50.576157508,-123.487899718,1098.257000000,19,0.177000000,0.113000000,0.324000000
20:22:20,190719,50.576157522,-123.487899735,1098.262000000,19,0.177000000,0.113000000,0.324000000
20:22:21,190719,50.576157527,-123.487899732,1098.266000000,19,0.177000000,0.113000000,0.324000000
20:22:22,190719,50.576157522,-123.487899708,1098.266000000,19,0.177000000,0.113000000,0.324000000
20:22:23,190719,50.576157497,-123.487899707,1098.271000000,19,0.177000000,0.113000000,0.324000000
20:22:24,190719,50.576157478,-123.487899678,1098.271000000,19,0.177000000,0.113000000,0.324000000
20:22:25,190719,50.576157470,-123.487899673,1098.271000000,19,0.177000000,0.113000000,0.324000000
20:22:26,190719,50.576157452,-123.487899653,1098.278000000,19,0.177000000,0.113000000,0.324000000
20:22:27,190719,50.576157437,-123.487899657,1098.285000000,19,0.177000000,0.113000000,0.324000000
20:22:28,190719,50.576157400,-123.487899668,1098.289000000,19,0.177000000,0.113000000,0.324000000
20:22:29,190719,50.576157362,-123.487899683,1098.288000000,19,0.177000000,0.113000000,0.324000000
20:22:30,190719,50.576157327,-123.487899692,1098.288000000,19,0.177000000,0.113000000,0.324000000
20:22:31,190719,50.576157303,-123.487899703,1098.286000000,19,0.177000000,0.113000000,0.324000000
20:22:32,190719,50.576157288,-123.487899698,1098.282000000,19,0.177000000,0.113000000,0.324000000
20:22:33,190719,50.576157290,-123.487899693,1098.280000000,19,0.177000000,0.113000000,0.324000000
20:22:34,190719,50.576157310,-123.487899638,1098.277000000,19,0.177000000,0.113000000,0.324000000
20:22:35,190719,50.576157328,-123.487899610,1098.282000000,19,0.177000000,0.113000000,0.324000000
20:22:36,190719,50.576157335,-123.487899573,1098.292000000,19,0.177000000,0.113000000,0.324000000
20:22:37,190719,50.576157340,-123.487899550,1098.296000000,19,0.177000000,0.113000000,0.324000000
20:22:38,190719,50.576157345,-123.487899548,1098.299000000,19,0.177000000,0.113000000,0.324000000
20:22:39,190719,50.576157338,-123.487899590,1098.298000000,19,0.177000000,0.113000000,0.324000000
20:22:40,190719,50.576157338,-123.487899620,1098.300000000,19,0.177000000,0.113000000,0.324000000
20:22:41,190719,50.576157353,-123.487899608,1098.303000000,19,0.177000000,0.113000000,0.324000000
20:22:42,190719,50.576157363,-123.487899583,1098.304000000,19,0.177000000,0.113000000,0.324000000
20:22:43,190719,50.576157358,-123.487899580,1098.302000000,19,0.177000000,0.113000000,0.324000000
20:22:44,190719,50.576157368,-123.487899583,1098.295000000,19,0.177000000,0.113000000,0.324000000
20:22:45,190719,50.576157370,-123.487899615,1098.297000000,19,0.177000000,0.113000000,0.324000000
20:22:46,190719,50.576157365,-123.487899610,1098.296000000,19,0.177000000,0.113000000,0.324000000
20:22:47,190719,50.576157348,-123.487899613,1098.302000000,19,0.177000000,0.113000000,0.324000000
20:22:48,190719,50.576157328,-123.487899633,1098.303000000,19,0.177000000,0.113000000,0.324000000
20:22:49,190719,50.576157312,-123.487899658,1098.300000000,19,0.177000000,0.113000000,0.324000000
20:22:50,190719,50.576157290,-123.487899638,1098.299000000,19,0.177000000,0.113000000,0.324000000
20:22:51,190719,50.576157292,-123.487899665,1098.296000000,19,0.177000000,0.113000000,0.324000000
20:22:52,190719,50.576157282,-123.487899685,1098.292000000,19,0.177000000,0.113000000,0.324000000
20:22:53,190719,50.576157270,-123.487899685,1098.291000000,19,0.177000000,0.113000000,0.324000000
20:22:54,190719,50.576157268,-123.487899692,1098.289000000,19,0.177000000,0.113000000,0.324000000
20:22:55,190719,50.576157262,-123.487899700,1098.287000000,19,0.177000000,0.113000000,0.324000000
20:22:56,190719,50.576157245,-123.487899698,1098.284000000,19,0.177000000,0.113000000,0.324000000
20:22:57,190719,50.576157217,-123.487899703,1098.283000000,19,0.177000000,0.113000000,0.324000000
20:22:58,190719,50.576157212,-123.487899707,1098.285000000,19,0.177000000,0.113000000,0.324000000
20:22:59,190719,50.576157232,-123.487899695,1098.288000000,19,0.177000000,0.113000000,0.324000000
20:23:00,190719,50.576157257,-123.487899687,1098.290000000,19,0.177000000,0.113000000,0.324000000
20:23:01,190719,50.576157277,-123.487899663,1098.290000000,19,0.177000000,0.113000000,0.324000000
20:23:02,190719,50.576157305,-123.487899665,1098.291000000,19,0.177000000,0.113000000,0.324000000
20:23:03,190719,50.576157337,-123.487899665,1098.286000000,19,0.177000000,0.113000000,0.324000000
20:23:04,190719,50.576157340,-123.487899640,1098.287000000,19,0.177000000,0.113000000,0.324000000
20:23:05,190719,50.576157347,-123.487899663,1098.286000000,19,0.177000000,0.113000000,0.324000000
20:23:06,190719,50.576157355,-123.487899707,1098.284000000,19,0.177000000,0.113000000,0.324000000
20:23:07,190719,50.576157355,-123.487899720,1098.287000000,19,0.177000000,0.113000000,0.324000000
20:23:08,190719,50.576157352,-123.487899730,1098.281000000,19,0.177000000,0.113000000,0.324000000
20:23:09,190719,50.576157347,-123.487899725,1098.282000000,19,0.177000000,0.113000000,0.324000000
20:23:10,190719,50.576157342,-123.487899712,1098.281000000,19,0.177000000,0.113000000,0.324000000
20:23:11,190719,50.576157320,-123.487899705,1098.282000000,19,0.177000000,0.113000000,0.324000000
20:23:12,190719,50.576157307,-123.487899703,1098.280000000,19,0.177000000,0.113000000,0.324000000
20:23:13,190719,50.576157300,-123.487899705,1098.279000000,19,0.177000000,0.113000000,0.324000000
20:23:14,190719,50.576157298,-123.487899723,1098.271000000,19,0.177000000,0.113000000,0.324000000
20:23:15,190719,50.576157283,-123.487899720,1098.270000000,19,0.177000000,0.113000000,0.324000000
20:23:16,190719,50.576157308,-123.487899715,1098.263000000,19,0.177000000,0.113000000,0.324000000
20:23:17,190719,50.576157327,-123.487899715,1098.259000000,19,0.177000000,0.113000000,0.324000000
20:23:18,190719,50.576157330,-123.487899702,1098.261000000,19,0.177000000,0.113000000,0.324000000
20:23:19,190719,50.576157337,-123.487899692,1098.256000000,19,0.177000000,0.113000000,0.324000000
20:23:20,190719,50.576157348,-123.487899703,1098.256000000,19,0.177000000,0.113000000,0.324000000
20:23:21,190719,50.576157347,-123.487899703,1098.259000000,19,0.177000000,0.113000000,0.324000000
20:23:22,190719,50.576157365,-123.487899712,1098.258000000,19,0.177000000,0.113000000,0.324000000
20:23:23,190719,50.576157402,-123.487899713,1098.261000000,19,0.177000000,0.113000000,0.324000000
20:23:24,190719,50.576157438,-123.487899697,1098.262000000,19,0.177000000,0.113000000,0.324000000
20:23:25,190719,50.576157452,-123.487899655,1098.265000000,19,0.177000000,0.113000000,0.324000000
20:23:26,190719,50.576157482,-123.487899615,1098.263000000,19,0.177000000,0.113000000,0.324000000
20:23:27,190719,50.576157510,-123.487899605,1098.266000000,19,0.177000000,0.113000000,0.324000000
20:23:28,190719,50.576157507,-123.487899612,1098.264000000,19,0.177000000,0.113000000,0.324000000
20:23:29,190719,50.576157507,-123.487899628,1098.259000000,19,0.177000000,0.113000000,0.324000000
20:23:30,190719,50.576157498,-123.487899632,1098.258000000,19,0.177000000,0.113000000,0.324000000
20:23:31,190719,50.576157487,-123.487899653,1098.261000000,19,0.177000000,0.113000000,0.324000000
20:23:32,190719,50.576157462,-123.487899673,1098.257000000,19,0.177000000,0.113000000,0.324000000
20:23:33,190719,50.576157445,-123.487899695,1098.253000000,19,0.177000000,0.113000000,0.324000000
20:23:34,190719,50.576157428,-123.487899702,1098.251000000,19,0.177000000,0.113000000,0.324000000
20:23:35,190719,50.576157427,-123.487899697,1098.250000000,19,0.177000000,0.113000000,0.324000000
20:23:36,190719,50.576157423,-123.487899680,1098.256000000,19,0.177000000,0.113000000,0.324000000
20:23:37,190719,50.576157428,-123.487899672,1098.257000000,19,0.177000000,0.113000000,0.324000000
20:23:38,190719,50.576157425,-123.487899667,1098.259000000,19,0.177000000,0.113000000,0.324000000
20:23:39,190719,50.576157415,-123.487899663,1098.260000000,19,0.177000000,0.113000000,0.324000000
20:23:40,190719,50.576157418,-123.487899697,1098.263000000,19,0.177000000,0.113000000,0.324000000
20:23:41,190719,50.576157423,-123.487899713,1098.265000000,19,0.177000000,0.113000000,0.324000000
20:23:42,190719,50.576157427,-123.487899728,1098.264000000,19,0.177000000,0.113000000,0.324000000
20:23:43,190719,50.576157425,-123.487899737,1098.267000000,19,0.177000000,0.113000000,0.324000000
20:23:44,190719,50.576157423,-123.487899743,1098.265000000,19,0.177000000,0.113000000,0.324000000
20:23:45,190719,50.576157442,-123.487899760,1098.269000000,19,0.177000000,0.113000000,0.324000000
20:23:46,190719,50.576157457,-123.487899760,1098.275000000,19,0.177000000,0.113000000,0.324000000
20:23:47,190719,50.576157473,-123.487899768,1098.277000000,19,0.177000000,0.113000000,0.324000000
20:23:48,190719,50.576157510,-123.487899743,1098.276000000,19,0.177000000,0.113000000,0.324000000
20:23:49,190719,50.576157535,-123.487899732,1098.280000000,19,0.177000000,0.113000000,0.324000000
20:23:50,190719,50.576157558,-123.487899738,1098.283000000,19,0.177000000,0.113000000,0.324000000
20:23:51,190719,50.576157567,-123.487899748,1098.284000000,19,0.177000000,0.113000000,0.324000000
20:23:52,190719,50.576157575,-123.487899777,1098.282000000,19,0.177000000,0.113000000,0.324000000
20:23:53,190719,50.576157573,-123.487899782,1098.280000000,19,0.177000000,0.113000000,0.324000000
20:23:54,190719,50.576157550,-123.487899778,1098.284000000,19,0.177000000,0.113000000,0.324000000
20:23:55,190719,50.576157530,-123.487899797,1098.285000000,19,0.177000000,0.113000000,0.324000000
20:23:56,190719,50.576157525,-123.487899812,1098.284000000,19,0.177000000,0.113000000,0.324000000
20:23:57,190719,50.576157532,-123.487899813,1098.280000000,19,0.177000000,0.113000000,0.324000000
20:23:58,190719,50.576157530,-123.487899802,1098.280000000,19,0.177000000,0.113000000,0.324000000
20:23:59,190719,50.576157517,-123.487899788,1098.280000000,19,0.177000000,0.113000000,0.324000000
20:24:00,190719,50.576157502,-123.487899782,1098.285000000,19,0.177000000,0.113000000,0.324000000
20:24:01,190719,50.576157485,-123.487899767,1098.285000000,19,0.177000000,0.113000000,0.324000000
20:24:02,190719,50.576157472,-123.487899793,1098.283000000,19,0.177000000,0.113000000,0.324000000
20:24:03,190719,50.576157477,-123.487899793,1098.283000000,19,0.177000000,0.113000000,0.324000000
20:24:04,190719,50.576157485,-123.487899807,1098.286000000,19,0.177000000,0.113000000,0.324000000
20:24:05,190719,50.576157497,-123.487899812,1098.283000000,19,0.177000000,0.113000000,0.324000000
20:24:06,190719,50.576157493,-123.487899812,1098.288000000,19,0.177000000,0.113000000,0.324000000
20:24:07,190719,50.576157487,-123.487899817,1098.287000000,19,0.177000000,0.113000000,0.324000000
20:24:08,190719,50.576157498,-123.487899837,1098.285000000,19,0.177000000,0.113000000,0.324000000
20:24:09,190719,50.576157508,-123.487899815,1098.287000000,19,0.177000000,0.113000000,0.324000000
20:24:10,190719,50.576157503,-123.487899788,1098.295000000,19,0.177000000,0.113000000,0.324000000
20:24:11,190719,50.576157485,-123.487899765,1098.299000000,19,0.177000000,0.113000000,0.324000000
20:24:12,190719,50.576157458,-123.487899760,1098.298000000,19,0.177000000,0.113000000,0.324000000
20:24:13,190719,50.576157440,-123.487899753,1098.299000000,19,0.177000000,0.113000000,0.324000000
20:24:14,190719,50.576157415,-123.487899782,1098.303000000,19,0.177000000,0.113000000,0.324000000
20:24:15,190719,50.576157392,-123.487899810,1098.310000000,19,0.177000000,0.113000000,0.324000000
20:24:16,190719,50.576157385,-123.487899815,1098.315000000,19,0.177000000,0.113000000,0.324000000
20:24:17,190719,50.576157387,-123.487899812,1098.319000000,19,0.177000000,0.113000000,0.324000000
20:24:18,190719,50.576157382,-123.487899792,1098.321000000,19,0.177000000,0.113000000,0.324000000
20:24:19,190719,50.576157370,-123.487899797,1098.320000000,19,0.177000000,0.113000000,0.324000000
20:24:20,190719,50.576157365,-123.487899788,1098.320000000,19,0.177000000,0.113000000,0.324000000
20:24:21,190719,50.576157350,-123.487899767,1098.319000000,19,0.177000000,0.113000000,0.324000000
20:24:22,190719,50.576157340,-123.487899758,1098.315000000,19,0.177000000,0.113000000,0.324000000
20:24:23,190719,50.576157338,-123.487899760,1098.315000000,19,0.177000000,0.113000000,0.324000000
20:24:24,190719,50.576157325,-123.487899758,1098.315000000,19,0.177000000,0.113000000,0.324000000
20:24:25,190719,50.576157292,-123.487899762,1098.320000000,19,0.177000000,0.113000000,0.324000000
20:24:26,190719,50.576157270,-123.487899762,1098.316000000,19,0.177000000,0.113000000,0.324000000
20:24:27,190719,50.576157255,-123.487899750,1098.315000000,19,0.177000000,0.113000000,0.324000000
20:24:28,190719,50.576157247,-123.487899745,1098.311000000,19,0.177000000,0.113000000,0.324000000
20:24:29,190719,50.576157248,-123.487899767,1098.302000000,19,0.177000000,0.113000000,0.324000000
20:24:30,190719,50.576157260,-123.487899750,1098.295000000,19,0.177000000,0.113000000,0.324000000
20:24:31,190719,50.576157263,-123.487899718,1098.290000000,19,0.177000000,0.113000000,0.324000000
20:24:32,190719,50.576157253,-123.487899733,1098.287000000,19,0.177000000,0.113000000,0.324000000
20:24:33,190719,50.576157233,-123.487899733,1098.282000000,19,0.177000000,0.113000000,0.324000000
20:24:34,190719,50.576157232,-123.487899695,1098.283000000,19,0.177000000,0.113000000,0.324000000
20:24:35,190719,50.576157240,-123.487899695,1098.278000000,19,0.177000000,0.113000000,0.324000000
20:24:36,190719,50.576157235,-123.487899668,1098.282000000,19,0.177000000,0.113000000,0.324000000
20:24:37,190719,50.576157252,-123.487899657,1098.287000000,19,0.177000000,0.113000000,0.324000000
20:24:38,190719,50.576157263,-123.487899640,1098.287000000,19,0.177000000,0.113000000,0.324000000
20:24:39,190719,50.576157253,-123.487899618,1098.288000000,19,0.177000000,0.113000000,0.324000000
20:24:40,190719,50.576157215,-123.487899620,1098.288000000,19,0.177000000,0.113000000,0.324000000
20:24:41,190719,50.576157133,-123.487899603,1098.287000000,19,0.177000000,0.113000000,0.324000000
20:24:42,190719,50.576157047,-123.487899602,1098.287000000,19,0.177000000,0.113000000,0.324000000
20:24:43,190719,50.576156995,-123.487899605,1098.286000000,19,0.177000000,0.113000000,0.324000000
20:24:44,190719,50.576156945,-123.487899598,1098.280000000,19,0.177000000,0.113000000,0.324000000
20:24:45,190719,50.576156937,-123.487899547,1098.279000000,19,0.177000000,0.113000000,0.324000000
20:24:46,190719,50.576156928,-123.487899520,1098.275000000,19,0.177000000,0.113000000,0.324000000
20:24:47,190719,50.576156933,-123.487899515,1098.278000000,19,0.177000000,0.113000000,0.324000000
20:24:48,190719,50.576156923,-123.487899538,1098.286000000,19,0.177000000,0.113000000,0.324000000
20:24:49,190719,50.576156937,-123.487899522,1098.290000000,19,0.177000000,0.113000000,0.324000000
20:24:50,190719,50.576156930,-123.487899473,1098.286000000,19,0.177000000,0.113000000,0.324000000
20:24:51,190719,50.576156927,-123.487899472,1098.288000000,19,0.177000000,0.113000000,0.324000000
20:24:52,190719,50.576156953,-123.487899467,1098.285000000,19,0.177000000,0.113000000,0.324000000
20:24:53,190719,50.576156992,-123.487899445,1098.285000000,19,0.177000000,0.113000000,0.324000000
20:24:54,190719,50.576157025,-123.487899418,1098.277000000,19,0.177000000,0.113000000,0.324000000
20:24:55,190719,50.576157040,-123.487899442,1098.274000000,19,0.177000000,0.113000000,0.324000000
20:24:56,190719,50.576157047,-123.487899443,1098.273000000,19,0.177000000,0.113000000,0.324000000
20:24:57,190719,50.576157058,-123.487899422,1098.272000000,19,0.177000000,0.113000000,0.324000000
20:24:58,190719,50.576157067,-123.487899435,1098.274000000,19,0.177000000,0.113000000,0.324000000
20:24:59,190719,50.576157053,-123.487899395,1098.278000000,19,0.177000000,0.113000000,0.324000000
20:25:00,190719,50.576157048,-123.487899390,1098.277000000,19,0.177000000,0.113000000,0.324000000
20:25:01,190719,50.576157058,-123.487899360,1098.279000000,19,0.177000000,0.113000000,0.324000000
20:25:02,190719,50.576157065,-123.487899328,1098.274000000,19,0.177000000,0.113000000,0.324000000
20:25:03,190719,50.576157068,-123.487899325,1098.273000000,19,0.177000000,0.113000000,0.324000000
20:25:04,190719,50.576157053,-123.487899330,1098.278000000,19,0.177000000,0.113000000,0.324000000
20:25:05,190719,50.576157013,-123.487899347,1098.277000000,19,0.177000000,0.113000000,0.324000000
20:25:06,190719,50.576156975,-123.487899353,1098.270000000,19,0.177000000,0.113000000,0.324000000
20:25:07,190719,50.576156943,-123.487899353,1098.266000000,19,0.177000000,0.113000000,0.324000000
20:25:08,190719,50.576156922,-123.487899363,1098.264000000,19,0.177000000,0.113000000,0.324000000
20:25:09,190719,50.576156925,-123.487899350,1098.263000000,19,0.177000000,0.113000000,0.324000000
20:25:10,190719,50.576156965,-123.487899337,1098.264000000,19,0.177000000,0.113000000,0.324000000
20:25:11,190719,50.576156985,-123.487899337,1098.257000000,19,0.177000000,0.113000000,0.324000000
20:25:12,190719,50.576157000,-123.487899328,1098.255000000,19,0.177000000,0.113000000,0.324000000
20:25:13,190719,50.576157023,-123.487899328,1098.252000000,19,0.177000000,0.113000000,0.324000000
20:25:14,190719,50.576157043,-123.487899345,1098.254000000,19,0.177000000,0.113000000,0.324000000
20:25:15,190719,50.576157057,-123.487899340,1098.259000000,19,0.177000000,0.113000000,0.324000000
20:25:16,190719,50.576157065,-123.487899350,1098.259000000,19,0.177000000,0.113000000,0.324000000
20:25:17,190719,50.576157085,-123.487899345,1098.251000000,19,0.177000000,0.113000000,0.324000000
20:25:18,190719,50.576157105,-123.487899362,1098.244000000,19,0.177000000,0.113000000,0.324000000
20:25:19,190719,50.576157108,-123.487899353,1098.246000000,19,0.177000000,0.113000000,0.324000000
20:25:20,190719,50.576157105,-123.487899370,1098.247000000,19,0.177000000,0.113000000,0.324000000
20:25:21,190719,50.576157092,-123.487899393,1098.247000000,19,0.177000000,0.113000000,0.324000000
20:25:22,190719,50.576157073,-123.487899425,1098.250000000,19,0.177000000,0.113000000,0.324000000
20:25:23,190719,50.576157037,-123.487899435,1098.249000000,19,0.177000000,0.113000000,0.324000000
20:25:24,190719,50.576157007,-123.487899440,1098.254000000,19,0.177000000,0.113000000,0.324000000
20:25:25,190719,50.576156988,-123.487899447,1098.257000000,19,0.177000000,0.113000000,0.324000000
20:25:26,190719,50.576156978,-123.487899465,1098.252000000,19,0.177000000,0.113000000,0.324000000
20:25:27,190719,50.576156967,-123.487899505,1098.248000000,19,0.177000000,0.113000000,0.324000000
20:25:28,190719,50.576156977,-123.487899570,1098.244000000,19,0.177000000,0.113000000,0.324000000
20:25:29,190719,50.576157005,-123.487899632,1098.238000000,19,0.177000000,0.113000000,0.324000000
20:25:30,190719,50.576157025,-123.487899668,1098.235000000,19,0.177000000,0.113000000,0.324000000
20:25:31,190719,50.576157022,-123.487899727,1098.238000000,19,0.177000000,0.113000000,0.324000000
20:25:32,190719,50.576157010,-123.487899742,1098.236000000,19,0.177000000,0.113000000,0.324000000
20:25:33,190719,50.576157022,-123.487899773,1098.237000000,19,0.177000000,0.113000000,0.324000000
20:25:34,190719,50.576157050,-123.487899803,1098.241000000,19,0.177000000,0.113000000,0.324000000
20:25:35,190719,50.576157088,-123.487899828,1098.236000000,19,0.177000000,0.113000000,0.324000000
20:25:36,190719,50.576157115,-123.487899860,1098.235000000,19,0.177000000,0.113000000,0.325000000
20:25:37,190719,50.576157145,-123.487899898,1098.234000000,19,0.177000000,0.113000000,0.325000000
20:25:38,190719,50.576157168,-123.487899943,1098.233000000,19,0.177000000,0.113000000,0.325000000
20:25:39,190719,50.576157155,-123.487899958,1098.240000000,19,0.177000000,0.113000000,0.325000000
20:25:40,190719,50.576157142,-123.487899998,1098.238000000,19,0.177000000,0.113000000,0.325000000
20:25:41,190719,50.576157117,-123.487900035,1098.237000000,19,0.177000000,0.113000000,0.325000000
20:25:42,190719,50.576157098,-123.487900055,1098.239000000,19,0.177000000,0.113000000,0.325000000
20:25:43,190719,50.576157078,-123.487900078,1098.240000000,19,0.177000000,0.113000000,0.325000000
20:25:44,190719,50.576157058,-123.487900107,1098.241000000,19,0.177000000,0.113000000,0.325000000
20:25:45,190719,50.576157063,-123.487900122,1098.236000000,19,0.177000000,0.113000000,0.325000000
20:25:46,190719,50.576157077,-123.487900083,1098.228000000,19,0.177000000,0.113000000,0.325000000
20:25:47,190719,50.576157052,-123.487900077,1098.235000000,19,0.177000000,0.113000000,0.325000000
20:25:48,190719,50.576157025,-123.487900065,1098.241000000,19,0.177000000,0.113000000,0.325000000
20:25:49,190719,50.576157000,-123.487900037,1098.246000000,19,0.177000000,0.113000000,0.325000000
20:25:50,190719,50.576156987,-123.487900000,1098.248000000,19,0.177000000,0.113000000,0.325000000
20:25:51,190719,50.576156972,-123.487899982,1098.257000000,19,0.177000000,0.113000000,0.325000000
20:25:52,190719,50.576156957,-123.487899980,1098.267000000,19,0.177000000,0.113000000,0.325000000
20:25:53,190719,50.576156970,-123.487899965,1098.274000000,19,0.177000000,0.113000000,0.325000000
20:25:54,190719,50.576156988,-123.487899973,1098.277000000,19,0.177000000,0.113000000,0.325000000
20:25:55,190719,50.576156998,-123.487899957,1098.279000000,19,0.177000000,0.113000000,0.325000000
20:25:56,190719,50.576157000,-123.487899953,1098.286000000,19,0.177000000,0.113000000,0.325000000
20:25:57,190719,50.576157025,-123.487899957,1098.294000000,19,0.177000000,0.113000000,0.325000000
20:25:58,190719,50.576157033,-123.487899918,1098.296000000,19,0.177000000,0.113000000,0.325000000
20:25:59,190719,50.576157033,-123.487899905,1098.298000000,19,0.177000000,0.113000000,0.325000000
20:26:00,190719,50.576157033,-123.487899893,1098.306000000,19,0.177000000,0.113000000,0.325000000
20:26:01,190719,50.576157048,-123.487899860,1098.303000000,19,0.177000000,0.113000000,0.325000000
20:26:02,190719,50.576157053,-123.487899873,1098.309000000,19,0.177000000,0.113000000,0.325000000
20:26:03,190719,50.576157048,-123.487899863,1098.319000000,19,0.177000000,0.113000000,0.325000000
20:26:04,190719,50.576157035,-123.487899858,1098.318000000,19,0.177000000,0.113000000,0.325000000
20:26:05,190719,50.576157025,-123.487899852,1098.317000000,19,0.177000000,0.113000000,0.325000000
20:26:06,190719,50.576157022,-123.487899843,1098.316000000,19,0.177000000,0.113000000,0.325000000
20:26:07,190719,50.576157017,-123.487899870,1098.312000000,19,0.177000000,0.113000000,0.325000000
20:26:08,190719,50.576157003,-123.487899892,1098.304000000,19,0.177000000,0.113000000,0.325000000
20:26:09,190719,50.576157017,-123.487899908,1098.295000000,19,0.177000000,0.113000000,0.325000000
20:26:10,190719,50.576157020,-123.487899913,1098.294000000,19,0.177000000,0.113000000,0.325000000
20:26:11,190719,50.576157017,-123.487899915,1098.295000000,19,0.177000000,0.113000000,0.325000000
20:26:12,190719,50.576157023,-123.487899942,1098.291000000,19,0.177000000,0.113000000,0.325000000
20:26:13,190719,50.576157020,-123.487899958,1098.286000000,19,0.177000000,0.113000000,0.325000000
20:26:14,190719,50.576157018,-123.487899963,1098.285000000,19,0.177000000,0.113000000,0.325000000
20:26:15,190719,50.576157023,-123.487899933,1098.287000000,19,0.177000000,0.113000000,0.325000000
20:26:16,190719,50.576157043,-123.487899925,1098.291000000,19,0.177000000,0.113000000,0.325000000
20:26:17,190719,50.576157087,-123.487899917,1098.298000000,19,0.177000000,0.113000000,0.325000000
20:26:18,190719,50.576157123,-123.487899892,1098.299000000,19,0.177000000,0.113000000,0.325000000
20:26:19,190719,50.576157145,-123.487899882,1098.301000000,19,0.177000000,0.113000000,0.325000000
20:26:20,190719,50.576157130,-123.487899865,1098.307000000,19,0.177000000,0.113000000,0.325000000
20:26:21,190719,50.576157127,-123.487899855,1098.314000000,19,0.177000000,0.113000000,0.325000000
20:26:22,190719,50.576157125,-123.487899860,1098.318000000,19,0.177000000,0.113000000,0.325000000
20:26:23,190719,50.576157117,-123.487899838,1098.323000000,19,0.177000000,0.113000000,0.325000000
20:26:24,190719,50.576157127,-123.487899832,1098.325000000,19,0.177000000,0.113000000,0.325000000
20:26:25,190719,50.576157135,-123.487899813,1098.324000000,19,0.177000000,0.113000000,0.325000000
20:26:26,190719,50.576157123,-123.487899787,1098.327000000,19,0.177000000,0.113000000,0.325000000
20:26:27,190719,50.576157107,-123.487899785,1098.328000000,19,0.177000000,0.113000000,0.325000000
20:26:28,190719,50.576157090,-123.487899782,1098.331000000,19,0.177000000,0.113000000,0.325000000
20:26:29,190719,50.576157082,-123.487899790,1098.333000000,19,0.177000000,0.113000000,0.325000000
20:26:30,190719,50.576157080,-123.487899777,1098.334000000,19,0.177000000,0.113000000,0.325000000
20:26:31,190719,50.576157088,-123.487899743,1098.330000000,19,0.177000000,0.113000000,0.325000000
20:26:32,190719,50.576157075,-123.487899743,1098.329000000,19,0.177000000,0.113000000,0.325000000
20:26:33,190719,50.576157078,-123.487899732,1098.327000000,19,0.177000000,0.113000000,0.325000000
20:26:34,190719,50.576157092,-123.487899743,1098.321000000,19,0.177000000,0.113000000,0.325000000
20:26:35,190719,50.576157082,-123.487899748,1098.318000000,19,0.177000000,0.113000000,0.325000000
20:26:36,190719,50.576157053,-123.487899768,1098.317000000,19,0.177000000,0.113000000,0.325000000
20:26:37,190719,50.576157032,-123.487899783,1098.315000000,19,0.177000000,0.113000000,0.325000000
20:26:38,190719,50.576157030,-123.487899782,1098.312000000,19,0.177000000,0.113000000,0.325000000
20:26:39,190719,50.576157020,-123.487899755,1098.310000000,19,0.177000000,0.113000000,0.325000000
20:26:40,190719,50.576157037,-123.487899728,1098.315000000,19,0.177000000,0.113000000,0.325000000
20:26:41,190719,50.576157097,-123.487899730,1098.311000000,19,0.177000000,0.113000000,0.325000000
20:26:42,190719,50.576157142,-123.487899735,1098.313000000,19,0.177000000,0.113000000,0.325000000
20:26:43,190719,50.576157192,-123.487899743,1098.310000000,19,0.177000000,0.113000000,0.325000000
20:26:44,190719,50.576157223,-123.487899738,1098.309000000,19,0.177000000,0.113000000,0.325000000
20:26:45,190719,50.576157278,-123.487899737,1098.304000000,19,0.177000000,0.113000000,0.325000000
20:26:46,190719,50.576157295,-123.487899710,1098.301000000,19,0.177000000,0.113000000,0.325000000
20:26:47,190719,50.576157307,-123.487899715,1098.304000000,19,0.177000000,0.113000000,0.325000000
20:26:48,190719,50.576157330,-123.487899717,1098.304000000,19,0.177000000,0.113000000,0.325000000
20:26:49,190719,50.576157335,-123.487899717,1098.301000000,19,0.177000000,0.113000000,0.325000000
20:26:50,190719,50.576157355,-123.487899707,1098.299000000,19,0.177000000,0.113000000,0.325000000
20:26:51,190719,50.576157365,-123.487899678,1098.293000000,19,0.177000000,0.113000000,0.325000000
20:26:52,190719,50.576157358,-123.487899683,1098.295000000,19,0.177000000,0.113000000,0.325000000
20:26:53,190719,50.576157352,-123.487899678,1098.293000000,19,0.177000000,0.113000000,0.325000000
20:26:54,190719,50.576157370,-123.487899683,1098.291000000,19,0.177000000,0.113000000,0.325000000
20:26:55,190719,50.576157375,-123.487899667,1098.294000000,19,0.177000000,0.113000000,0.325000000
20:26:56,190719,50.576157368,-123.487899683,1098.298000000,19,0.177000000,0.113000000,0.325000000
20:26:57,190719,50.576157287,-123.487899712,1098.311000000,19,0.177000000,0.113000000,0.325000000
20:26:58,190719,50.576157197,-123.487899500,1098.321000000,18,0.177000000,0.113000000,0.325000000
20:26:59,190719,50.576157173,-123.487899543,1098.317000000,18,0.184000000,0.118000000,0.361000000
20:27:00,190719,50.576157157,-123.487899507,1098.307000000,18,0.184000000,0.118000000,0.361000000
20:27:01,190719,50.576157135,-123.487899465,1098.305000000,18,0.184000000,0.118000000,0.361000000
20:27:02,190719,50.576157128,-123.487899460,1098.294000000,18,0.184000000,0.118000000,0.361000000
20:27:03,190719,50.576157092,-123.487899438,1098.292000000,18,0.184000000,0.118000000,0.361000000
20:27:04,190719,50.576157080,-123.487899357,1098.260000000,17,0.184000000,0.118000000,0.361000000
20:27:05,190719,50.576156743,-123.487898673,1098.456000000,5,0.273000000,0.217000000,0.789000000
20:27:06,190719,50.576156888,-123.487898595,1098.330000000,5,3.776000000,2.522000000,11.465000000
20:27:07,190719,50.576156990,-123.487898352,1098.326000000,5,3.776000000,2.522000000,11.465000000
20:27:08,190719,50.576147407,-123.487902432,1099.511000000,4,6.278000000,3.748000000,14.674000000
20:27:12,190719,50.576160047,-123.487890435,1097.766000000,14,2.930000000,1.859000000,5.124000000
20:27:13,190719,50.576160343,-123.487891168,1098.271000000,18,2.048000000,1.226000000,3.543000000
20:27:14,190719,50.576160103,-123.487892935,1098.130000000,18,2.048000000,1.226000000,3.543000000
20:27:15,190719,50.576159480,-123.487893882,1098.023000000,18,2.048000000,1.226000000,3.543000000
20:27:16,190719,50.576158848,-123.487894475,1097.974000000,18,1.430000000,0.856000000,2.473000000
20:27:17,190719,50.576158453,-123.487894783,1097.956000000,18,1.430000000,0.856000000,2.473000000
20:27:18,190719,50.576158125,-123.487894865,1097.959000000,18,1.430000000,0.856000000,2.473000000
20:27:19,190719,50.576157778,-123.487894893,1097.957000000,18,0.998000000,0.598000000,1.727000000
20:27:20,190719,50.576157530,-123.487894878,1097.953000000,18,0.998000000,0.598000000,1.727000000
20:27:21,190719,50.576157362,-123.487894882,1097.949000000,18,0.998000000,0.598000000,1.727000000
