TIME,DATE(ddMMyy),LATITUDEGGA,LONGITUDEGGA,ALTITUDEGGA,NUMBERSAT,LATERR,LONGERR,ALTERR
14:23:22,180719,50.600268737,-123.671417683,1630.510000000,26,0.119000000,0.098000000,0.269000000
14:23:23,180719,50.600268748,-123.671417757,1630.508000000,26,0.119000000,0.098000000,0.269000000
14:23:24,180719,50.600268752,-123.671417830,1630.509000000,26,0.119000000,0.098000000,0.269000000
14:23:25,180719,50.600268773,-123.671417903,1630.507000000,26,0.119000000,0.098000000,0.269000000
14:23:26,180719,50.600268747,-123.671417977,1630.503000000,26,0.119000000,0.098000000,0.269000000
14:23:27,180719,50.600268772,-123.671418022,1630.501000000,26,0.119000000,0.098000000,0.269000000
14:23:28,180719,50.600268785,-123.671418043,1630.495000000,26,0.119000000,0.098000000,0.270000000
14:23:29,180719,50.600268777,-123.671418095,1630.496000000,26,0.119000000,0.098000000,0.270000000
14:23:30,180719,50.600268818,-123.671418152,1630.504000000,26,0.119000000,0.098000000,0.270000000
14:23:31,180719,50.600268848,-123.671418228,1630.516000000,26,0.119000000,0.098000000,0.270000000
14:23:32,180719,50.600268893,-123.671418272,1630.526000000,26,0.119000000,0.098000000,0.270000000
14:23:33,180719,50.600268917,-123.671418323,1630.532000000,26,0.119000000,0.098000000,0.270000000
14:23:34,180719,50.600268947,-123.671418385,1630.538000000,26,0.119000000,0.098000000,0.270000000
14:23:35,180719,50.600268978,-123.671418420,1630.545000000,26,0.119000000,0.098000000,0.270000000
14:23:36,180719,50.600268995,-123.671418482,1630.551000000,26,0.119000000,0.098000000,0.270000000
14:23:37,180719,50.600269030,-123.671418533,1630.558000000,26,0.119000000,0.098000000,0.270000000
14:23:38,180719,50.600269063,-123.671418593,1630.566000000,26,0.119000000,0.098000000,0.270000000
14:23:39,180719,50.600269103,-123.671418632,1630.573000000,26,0.119000000,0.098000000,0.270000000
14:23:40,180719,50.600269103,-123.671418667,1630.578000000,26,0.119000000,0.098000000,0.270000000
14:23:41,180719,50.600269128,-123.671418713,1630.580000000,26,0.119000000,0.098000000,0.270000000
14:23:42,180719,50.600269152,-123.671418733,1630.581000000,26,0.119000000,0.098000000,0.270000000
14:23:43,180719,50.600269188,-123.671418750,1630.583000000,26,0.119000000,0.098000000,0.270000000
14:23:44,180719,50.600269203,-123.671418768,1630.585000000,26,0.119000000,0.098000000,0.270000000
14:23:45,180719,50.600269232,-123.671418807,1630.587000000,26,0.119000000,0.098000000,0.270000000
14:23:46,180719,50.600269295,-123.671418852,1630.591000000,26,0.119000000,0.098000000,0.270000000
14:23:47,180719,50.600269330,-123.671418892,1630.596000000,26,0.119000000,0.098000000,0.270000000
14:23:48,180719,50.600269362,-123.671418938,1630.597000000,26,0.119000000,0.098000000,0.270000000
14:23:49,180719,50.600269388,-123.671418985,1630.600000000,26,0.119000000,0.098000000,0.270000000
14:23:50,180719,50.600269423,-123.671419023,1630.603000000,26,0.119000000,0.098000000,0.270000000
14:23:51,180719,50.600269457,-123.671419062,1630.607000000,26,0.119000000,0.098000000,0.270000000
14:23:52,180719,50.600269488,-123.671419095,1630.609000000,26,0.119000000,0.098000000,0.270000000
14:23:53,180719,50.600269513,-123.671419157,1630.609000000,26,0.119000000,0.098000000,0.270000000
14:23:54,180719,50.600269550,-123.671419175,1630.606000000,26,0.119000000,0.098000000,0.270000000
14:23:55,180719,50.600269607,-123.671419212,1630.606000000,26,0.119000000,0.098000000,0.270000000
14:23:56,180719,50.600269647,-123.671419240,1630.603000000,26,0.119000000,0.098000000,0.270000000
14:23:57,180719,50.600269692,-123.671419268,1630.598000000,26,0.119000000,0.098000000,0.270000000
14:23:58,180719,50.600269733,-123.671419297,1630.596000000,26,0.119000000,0.098000000,0.270000000
14:23:59,180719,50.600269748,-123.671419325,1630.596000000,26,0.119000000,0.098000000,0.270000000
14:24:00,180719,50.600269768,-123.671419355,1630.598000000,26,0.119000000,0.098000000,0.270000000
14:24:01,180719,50.600269772,-123.671419390,1630.595000000,26,0.119000000,0.098000000,0.270000000
14:24:02,180719,50.600269798,-123.671419408,1630.591000000,26,0.119000000,0.098000000,0.270000000
14:24:03,180719,50.600269823,-123.671419408,1630.588000000,26,0.119000000,0.098000000,0.270000000
14:24:04,180719,50.600269830,-123.671419413,1630.580000000,26,0.119000000,0.098000000,0.270000000
14:24:05,180719,50.600269853,-123.671419412,1630.576000000,26,0.119000000,0.098000000,0.270000000
14:24:06,180719,50.600269878,-123.671419425,1630.569000000,26,0.119000000,0.098000000,0.270000000
14:24:07,180719,50.600269910,-123.671419420,1630.563000000,26,0.119000000,0.098000000,0.270000000
14:24:08,180719,50.600269938,-123.671419427,1630.556000000,26,0.119000000,0.098000000,0.270000000
14:24:09,180719,50.600269992,-123.671419417,1630.553000000,26,0.119000000,0.098000000,0.270000000
14:24:10,180719,50.600270037,-123.671419420,1630.553000000,26,0.119000000,0.098000000,0.271000000
14:24:11,180719,50.600270097,-123.671419417,1630.556000000,26,0.119000000,0.098000000,0.271000000
14:24:12,180719,50.600270155,-123.671419405,1630.555000000,26,0.119000000,0.098000000,0.271000000
14:24:13,180719,50.600270187,-123.671419398,1630.555000000,26,0.119000000,0.098000000,0.271000000
14:24:14,180719,50.600270220,-123.671419378,1630.552000000,26,0.119000000,0.098000000,0.271000000
14:24:15,180719,50.600270222,-123.671419352,1630.548000000,26,0.119000000,0.098000000,0.271000000
14:24:16,180719,50.600270212,-123.671419343,1630.548000000,26,0.119000000,0.098000000,0.271000000
14:24:17,180719,50.600270217,-123.671419333,1630.547000000,26,0.119000000,0.098000000,0.271000000
14:24:18,180719,50.600270230,-123.671419312,1630.543000000,26,0.119000000,0.098000000,0.271000000
14:24:19,180719,50.600270247,-123.671419307,1630.544000000,26,0.119000000,0.098000000,0.271000000
14:24:20,180719,50.600270272,-123.671419303,1630.549000000,26,0.119000000,0.098000000,0.271000000
14:24:21,180719,50.600270292,-123.671419297,1630.552000000,26,0.119000000,0.098000000,0.271000000
14:24:22,180719,50.600270313,-123.671419323,1630.557000000,26,0.119000000,0.098000000,0.271000000
14:24:23,180719,50.600270342,-123.671419357,1630.561000000,26,0.119000000,0.098000000,0.271000000
14:24:24,180719,50.600270362,-123.671419370,1630.566000000,26,0.119000000,0.098000000,0.271000000
14:24:25,180719,50.600270393,-123.671419362,1630.571000000,26,0.119000000,0.098000000,0.271000000
14:24:26,180719,50.600270407,-123.671419337,1630.567000000,26,0.119000000,0.098000000,0.271000000
14:24:27,180719,50.600270403,-123.671419315,1630.568000000,26,0.119000000,0.098000000,0.271000000
14:24:28,180719,50.600270397,-123.671419315,1630.565000000,26,0.119000000,0.098000000,0.271000000
14:24:29,180719,50.600270398,-123.671419332,1630.569000000,26,0.119000000,0.098000000,0.271000000
14:24:30,180719,50.600270400,-123.671419348,1630.570000000,26,0.119000000,0.098000000,0.271000000
14:24:31,180719,50.600270398,-123.671419353,1630.564000000,26,0.119000000,0.098000000,0.271000000
14:24:32,180719,50.600270398,-123.671419367,1630.563000000,26,0.119000000,0.098000000,0.271000000
14:24:33,180719,50.600270397,-123.671419388,1630.559000000,26,0.119000000,0.098000000,0.271000000
14:24:34,180719,50.600270387,-123.671419413,1630.557000000,26,0.119000000,0.098000000,0.271000000
14:24:35,180719,50.600270385,-123.671419427,1630.561000000,26,0.119000000,0.098000000,0.271000000
14:24:36,180719,50.600270377,-123.671419423,1630.561000000,26,0.119000000,0.098000000,0.271000000
14:24:37,180719,50.600270332,-123.671419410,1630.558000000,26,0.119000000,0.097000000,0.271000000
14:24:38,180719,50.600270302,-123.671419408,1630.555000000,26,0.119000000,0.097000000,0.271000000
14:24:39,180719,50.600270280,-123.671419407,1630.551000000,26,0.119000000,0.097000000,0.271000000
14:24:40,180719,50.600270272,-123.671419403,1630.546000000,26,0.120000000,0.097000000,0.271000000
14:24:41,180719,50.600270235,-123.671419388,1630.540000000,26,0.120000000,0.097000000,0.271000000
14:24:42,180719,50.600270220,-123.671419352,1630.530000000,26,0.120000000,0.097000000,0.271000000
14:24:43,180719,50.600270220,-123.671419342,1630.524000000,26,0.120000000,0.097000000,0.271000000
14:24:44,180719,50.600270202,-123.671419345,1630.522000000,26,0.120000000,0.097000000,0.271000000
14:24:45,180719,50.600270180,-123.671419303,1630.512000000,26,0.120000000,0.097000000,0.271000000
14:24:46,180719,50.600270163,-123.671419292,1630.507000000,26,0.120000000,0.097000000,0.271000000
14:24:47,180719,50.600270133,-123.671419265,1630.503000000,26,0.120000000,0.097000000,0.271000000
14:24:48,180719,50.600270107,-123.671419252,1630.501000000,26,0.120000000,0.097000000,0.271000000
14:24:49,180719,50.600270092,-123.671419228,1630.503000000,26,0.120000000,0.097000000,0.271000000
14:24:50,180719,50.600270078,-123.671419230,1630.504000000,26,0.120000000,0.097000000,0.271000000
14:24:51,180719,50.600270112,-123.671419257,1630.510000000,26,0.120000000,0.097000000,0.271000000
14:24:52,180719,50.600270110,-123.671419262,1630.513000000,26,0.120000000,0.097000000,0.271000000
14:24:53,180719,50.600270120,-123.671419267,1630.516000000,26,0.120000000,0.097000000,0.271000000
14:24:54,180719,50.600270128,-123.671419272,1630.523000000,26,0.120000000,0.097000000,0.271000000
14:24:55,180719,50.600270147,-123.671419285,1630.526000000,26,0.120000000,0.097000000,0.272000000
14:24:56,180719,50.600270135,-123.671419305,1630.531000000,26,0.120000000,0.097000000,0.272000000
14:24:57,180719,50.600270130,-123.671419275,1630.530000000,26,0.120000000,0.097000000,0.272000000
14:24:58,180719,50.600270140,-123.671419245,1630.527000000,26,0.120000000,0.097000000,0.272000000
14:24:59,180719,50.600270117,-123.671419202,1630.525000000,26,0.120000000,0.097000000,0.272000000
14:25:00,180719,50.600270113,-123.671419158,1630.523000000,26,0.120000000,0.097000000,0.272000000
14:25:01,180719,50.600270083,-123.671419107,1630.522000000,26,0.120000000,0.097000000,0.272000000
14:25:02,180719,50.600270083,-123.671419060,1630.520000000,26,0.120000000,0.097000000,0.272000000
14:25:03,180719,50.600270067,-123.671419052,1630.512000000,26,0.120000000,0.097000000,0.272000000
14:25:04,180719,50.600270010,-123.671419045,1630.506000000,26,0.120000000,0.097000000,0.272000000
14:25:05,180719,50.600269952,-123.671419178,1630.512000000,26,0.120000000,0.097000000,0.272000000
14:25:06,180719,50.600269960,-123.671419095,1630.500000000,26,0.120000000,0.097000000,0.272000000
14:25:07,180719,50.600270000,-123.671419060,1630.495000000,26,0.120000000,0.097000000,0.272000000
14:25:08,180719,50.600270032,-123.671419055,1630.493000000,26,0.120000000,0.097000000,0.272000000
14:25:09,180719,50.600270057,-123.671419042,1630.488000000,26,0.120000000,0.097000000,0.272000000
14:25:10,180719,50.600270093,-123.671419050,1630.484000000,26,0.120000000,0.097000000,0.272000000
14:25:11,180719,50.600270098,-123.671419053,1630.481000000,26,0.120000000,0.097000000,0.272000000
14:25:12,180719,50.600270128,-123.671419038,1630.479000000,26,0.120000000,0.097000000,0.272000000
14:25:13,180719,50.600270147,-123.671419028,1630.477000000,26,0.120000000,0.097000000,0.272000000
14:25:14,180719,50.600270160,-123.671419025,1630.473000000,26,0.120000000,0.097000000,0.272000000
14:25:15,180719,50.600270160,-123.671419020,1630.467000000,26,0.120000000,0.097000000,0.272000000
14:25:16,180719,50.600270148,-123.671419000,1630.465000000,26,0.120000000,0.097000000,0.272000000
14:25:17,180719,50.600270118,-123.671419013,1630.468000000,26,0.120000000,0.097000000,0.272000000
14:25:18,180719,50.600270080,-123.671419017,1630.465000000,26,0.120000000,0.097000000,0.272000000
14:25:19,180719,50.600270060,-123.671418995,1630.456000000,26,0.120000000,0.097000000,0.272000000
14:25:20,180719,50.600270045,-123.671418995,1630.448000000,26,0.120000000,0.097000000,0.272000000
14:25:21,180719,50.600270052,-123.671418975,1630.443000000,26,0.120000000,0.097000000,0.272000000
14:25:22,180719,50.600270025,-123.671418950,1630.437000000,26,0.120000000,0.097000000,0.272000000
14:25:23,180719,50.600270020,-123.671418927,1630.435000000,26,0.120000000,0.097000000,0.272000000
14:25:24,180719,50.600270008,-123.671418932,1630.439000000,26,0.120000000,0.097000000,0.272000000
14:25:25,180719,50.600269995,-123.671418942,1630.441000000,26,0.120000000,0.097000000,0.272000000
14:25:26,180719,50.600269962,-123.671418950,1630.444000000,26,0.120000000,0.097000000,0.272000000
14:25:27,180719,50.600269937,-123.671418952,1630.447000000,26,0.120000000,0.097000000,0.272000000
14:25:28,180719,50.600269913,-123.671418963,1630.448000000,26,0.120000000,0.097000000,0.272000000
14:25:29,180719,50.600269870,-123.671418967,1630.448000000,26,0.120000000,0.097000000,0.272000000
14:25:30,180719,50.600269838,-123.671418988,1630.450000000,26,0.120000000,0.097000000,0.272000000
14:25:31,180719,50.600269830,-123.671419030,1630.457000000,26,0.120000000,0.097000000,0.272000000
14:25:32,180719,50.600269805,-123.671419040,1630.461000000,26,0.120000000,0.097000000,0.272000000
14:25:33,180719,50.600269772,-123.671419060,1630.460000000,26,0.120000000,0.097000000,0.272000000
14:25:34,180719,50.600269752,-123.671419090,1630.464000000,26,0.120000000,0.097000000,0.272000000
14:25:35,180719,50.600269730,-123.671419090,1630.463000000,26,0.120000000,0.097000000,0.272000000
14:25:36,180719,50.600269727,-123.671419085,1630.467000000,26,0.120000000,0.097000000,0.272000000
14:25:37,180719,50.600269730,-123.671419028,1630.466000000,26,0.120000000,0.097000000,0.272000000
14:25:38,180719,50.600269777,-123.671418968,1630.456000000,26,0.120000000,0.097000000,0.272000000
14:25:39,180719,50.600269665,-123.671419083,1630.470000000,26,0.120000000,0.097000000,0.272000000
14:25:40,180719,50.600269577,-123.671419130,1630.479000000,26,0.120000000,0.097000000,0.273000000
14:25:41,180719,50.600269517,-123.671419182,1630.484000000,26,0.120000000,0.097000000,0.273000000
14:25:42,180719,50.600269475,-123.671419240,1630.493000000,26,0.120000000,0.097000000,0.273000000
14:25:43,180719,50.600269470,-123.671419283,1630.499000000,26,0.120000000,0.097000000,0.273000000
14:25:44,180719,50.600269457,-123.671419310,1630.501000000,26,0.120000000,0.097000000,0.273000000
14:25:45,180719,50.600269435,-123.671419322,1630.504000000,26,0.120000000,0.097000000,0.273000000
14:25:46,180719,50.600269410,-123.671419342,1630.504000000,26,0.120000000,0.097000000,0.273000000
14:25:47,180719,50.600269402,-123.671419367,1630.509000000,26,0.120000000,0.097000000,0.273000000
14:25:48,180719,50.600269353,-123.671419372,1630.511000000,26,0.120000000,0.097000000,0.273000000
14:25:49,180719,50.600269312,-123.671419400,1630.511000000,26,0.120000000,0.097000000,0.273000000
14:25:50,180719,50.600269283,-123.671419417,1630.512000000,26,0.120000000,0.097000000,0.273000000
14:25:51,180719,50.600269252,-123.671419415,1630.511000000,26,0.120000000,0.097000000,0.273000000
14:25:52,180719,50.600269218,-123.671419408,1630.506000000,26,0.120000000,0.097000000,0.273000000
14:25:53,180719,50.600269182,-123.671419403,1630.504000000,26,0.120000000,0.097000000,0.273000000
14:25:54,180719,50.600269147,-123.671419400,1630.503000000,26,0.120000000,0.097000000,0.273000000
14:25:55,180719,50.600269128,-123.671419392,1630.499000000,26,0.120000000,0.097000000,0.273000000
14:25:56,180719,50.600269117,-123.671419380,1630.496000000,26,0.120000000,0.097000000,0.273000000
14:25:57,180719,50.600269113,-123.671419388,1630.495000000,26,0.120000000,0.097000000,0.273000000
14:25:58,180719,50.600269107,-123.671419385,1630.496000000,26,0.120000000,0.097000000,0.273000000
14:25:59,180719,50.600269097,-123.671419393,1630.502000000,26,0.120000000,0.097000000,0.273000000
14:26:00,180719,50.600269092,-123.671419415,1630.504000000,26,0.120000000,0.097000000,0.273000000
14:26:01,180719,50.600269092,-123.671419417,1630.512000000,26,0.120000000,0.097000000,0.273000000
14:26:02,180719,50.600269092,-123.671419415,1630.516000000,26,0.120000000,0.097000000,0.273000000
14:26:03,180719,50.600269083,-123.671419428,1630.523000000,26,0.120000000,0.097000000,0.273000000
14:26:04,180719,50.600269080,-123.671419438,1630.526000000,26,0.120000000,0.097000000,0.273000000
14:26:05,180719,50.600269082,-123.671419453,1630.527000000,26,0.120000000,0.097000000,0.273000000
14:26:06,180719,50.600269053,-123.671419457,1630.525000000,26,0.120000000,0.097000000,0.273000000
14:26:07,180719,50.600269027,-123.671419457,1630.523000000,26,0.120000000,0.097000000,0.273000000
14:26:08,180719,50.600269007,-123.671419480,1630.521000000,26,0.120000000,0.097000000,0.273000000
14:26:09,180719,50.600268968,-123.671419487,1630.519000000,26,0.120000000,0.097000000,0.273000000
14:26:10,180719,50.600268938,-123.671419498,1630.517000000,26,0.120000000,0.097000000,0.273000000
14:26:11,180719,50.600268935,-123.671419500,1630.516000000,26,0.120000000,0.097000000,0.273000000
14:26:12,180719,50.600268912,-123.671419503,1630.514000000,26,0.120000000,0.097000000,0.273000000
14:26:13,180719,50.600268908,-123.671419502,1630.514000000,26,0.120000000,0.097000000,0.273000000
14:26:14,180719,50.600268910,-123.671419493,1630.512000000,26,0.120000000,0.097000000,0.273000000
14:26:15,180719,50.600268903,-123.671419483,1630.510000000,26,0.120000000,0.097000000,0.273000000
14:26:16,180719,50.600268892,-123.671419480,1630.508000000,26,0.120000000,0.097000000,0.273000000
14:26:17,180719,50.600268882,-123.671419477,1630.510000000,26,0.120000000,0.097000000,0.273000000
14:26:18,180719,50.600268870,-123.671419487,1630.507000000,26,0.120000000,0.097000000,0.273000000
14:26:19,180719,50.600268877,-123.671419505,1630.508000000,26,0.120000000,0.097000000,0.273000000
14:26:20,180719,50.600268887,-123.671419535,1630.511000000,26,0.120000000,0.097000000,0.273000000
14:26:21,180719,50.600268925,-123.671419535,1630.507000000,26,0.120000000,0.097000000,0.273000000
14:26:22,180719,50.600268923,-123.671419562,1630.511000000,26,0.120000000,0.097000000,0.273000000
14:26:23,180719,50.600268958,-123.671419505,1630.496000000,26,0.120000000,0.097000000,0.273000000
14:26:24,180719,50.600269028,-123.671419405,1630.482000000,26,0.120000000,0.097000000,0.273000000
14:26:25,180719,50.600269052,-123.671419372,1630.477000000,26,0.120000000,0.097000000,0.273000000
14:26:26,180719,50.600269062,-123.671419357,1630.477000000,26,0.120000000,0.097000000,0.273000000
14:26:27,180719,50.600269052,-123.671419400,1630.477000000,26,0.120000000,0.097000000,0.273000000
14:26:28,180719,50.600269020,-123.671419438,1630.475000000,26,0.120000000,0.097000000,0.274000000
14:26:29,180719,50.600269010,-123.671419473,1630.474000000,26,0.120000000,0.097000000,0.274000000
14:26:30,180719,50.600268988,-123.671419453,1630.473000000,26,0.120000000,0.097000000,0.274000000
14:26:31,180719,50.600268975,-123.671419420,1630.471000000,26,0.120000000,0.097000000,0.274000000
14:26:32,180719,50.600268948,-123.671419377,1630.467000000,26,0.120000000,0.097000000,0.274000000
14:26:33,180719,50.600268940,-123.671419328,1630.465000000,26,0.120000000,0.097000000,0.274000000
14:26:34,180719,50.600268922,-123.671419305,1630.464000000,26,0.120000000,0.097000000,0.274000000
14:26:35,180719,50.600268918,-123.671419290,1630.460000000,26,0.120000000,0.097000000,0.274000000
14:26:36,180719,50.600268927,-123.671419253,1630.457000000,26,0.120000000,0.097000000,0.274000000
14:26:37,180719,50.600268927,-123.671419228,1630.460000000,26,0.120000000,0.097000000,0.274000000
14:26:38,180719,50.600268930,-123.671419232,1630.464000000,26,0.120000000,0.097000000,0.274000000
14:26:39,180719,50.600268928,-123.671419227,1630.467000000,26,0.120000000,0.097000000,0.274000000
14:26:40,180719,50.600268927,-123.671419222,1630.470000000,26,0.120000000,0.097000000,0.274000000
14:26:41,180719,50.600268943,-123.671419217,1630.470000000,26,0.120000000,0.097000000,0.274000000
14:26:42,180719,50.600268968,-123.671419228,1630.470000000,26,0.120000000,0.097000000,0.274000000
14:26:43,180719,50.600268978,-123.671419250,1630.470000000,26,0.120000000,0.097000000,0.274000000
14:26:44,180719,50.600268987,-123.671419282,1630.468000000,26,0.120000000,0.097000000,0.274000000
14:26:45,180719,50.600269002,-123.671419287,1630.464000000,26,0.120000000,0.097000000,0.274000000
14:26:46,180719,50.600268982,-123.671419252,1630.452000000,26,0.120000000,0.097000000,0.274000000
14:26:47,180719,50.600268992,-123.671419242,1630.445000000,26,0.120000000,0.097000000,0.274000000
14:26:48,180719,50.600268987,-123.671419240,1630.439000000,26,0.120000000,0.097000000,0.274000000
14:26:49,180719,50.600269022,-123.671419243,1630.437000000,26,0.120000000,0.097000000,0.274000000
14:26:50,180719,50.600269038,-123.671419240,1630.435000000,26,0.120000000,0.097000000,0.274000000
14:26:51,180719,50.600269057,-123.671419245,1630.436000000,26,0.120000000,0.097000000,0.274000000
14:26:52,180719,50.600269057,-123.671419260,1630.435000000,26,0.120000000,0.097000000,0.274000000
14:26:53,180719,50.600269087,-123.671419247,1630.437000000,26,0.120000000,0.097000000,0.274000000
14:26:54,180719,50.600269092,-123.671419233,1630.431000000,26,0.120000000,0.097000000,0.274000000
14:26:55,180719,50.600269088,-123.671419212,1630.424000000,26,0.120000000,0.097000000,0.274000000
14:26:56,180719,50.600269085,-123.671419183,1630.418000000,26,0.120000000,0.097000000,0.274000000
14:26:57,180719,50.600269102,-123.671419160,1630.408000000,26,0.120000000,0.097000000,0.274000000
14:26:58,180719,50.600269085,-123.671419185,1630.403000000,26,0.120000000,0.097000000,0.274000000
14:26:59,180719,50.600269058,-123.671419227,1630.405000000,26,0.120000000,0.097000000,0.274000000
14:27:00,180719,50.600269038,-123.671419262,1630.410000000,26,0.120000000,0.097000000,0.274000000
14:27:01,180719,50.600269032,-123.671419315,1630.414000000,26,0.120000000,0.097000000,0.274000000
14:27:02,180719,50.600269047,-123.671419338,1630.414000000,26,0.120000000,0.097000000,0.274000000
14:27:03,180719,50.600269083,-123.671419350,1630.408000000,26,0.120000000,0.097000000,0.274000000
14:27:04,180719,50.600269075,-123.671419322,1630.404000000,26,0.120000000,0.097000000,0.274000000
14:27:05,180719,50.600269083,-123.671419292,1630.404000000,26,0.120000000,0.097000000,0.274000000
14:27:06,180719,50.600269103,-123.671419238,1630.394000000,26,0.120000000,0.097000000,0.274000000
14:27:07,180719,50.600269102,-123.671419178,1630.392000000,26,0.120000000,0.097000000,0.274000000
14:27:08,180719,50.600269085,-123.671419133,1630.387000000,26,0.120000000,0.097000000,0.274000000
14:27:09,180719,50.600269093,-123.671419120,1630.384000000,26,0.120000000,0.097000000,0.274000000
14:27:10,180719,50.600269080,-123.671419102,1630.382000000,26,0.120000000,0.097000000,0.274000000
14:27:11,180719,50.600269098,-123.671419088,1630.376000000,26,0.120000000,0.097000000,0.274000000
14:27:12,180719,50.600269097,-123.671419050,1630.359000000,26,0.120000000,0.097000000,0.274000000
14:27:13,180719,50.600269075,-123.671419122,1630.371000000,26,0.120000000,0.097000000,0.274000000
14:27:14,180719,50.600269052,-123.671419162,1630.375000000,26,0.120000000,0.097000000,0.274000000
14:27:15,180719,50.600269038,-123.671419170,1630.378000000,26,0.120000000,0.097000000,0.274000000
14:27:16,180719,50.600269025,-123.671419185,1630.379000000,26,0.120000000,0.097000000,0.274000000
14:27:17,180719,50.600269008,-123.671419182,1630.381000000,26,0.120000000,0.097000000,0.274000000
14:27:18,180719,50.600268978,-123.671419198,1630.377000000,26,0.120000000,0.097000000,0.274000000
14:27:19,180719,50.600268953,-123.671419198,1630.379000000,26,0.120000000,0.097000000,0.275000000
14:27:20,180719,50.600268928,-123.671419202,1630.376000000,26,0.120000000,0.097000000,0.275000000
14:27:21,180719,50.600268902,-123.671419203,1630.377000000,26,0.120000000,0.097000000,0.275000000
14:27:22,180719,50.600268873,-123.671419230,1630.377000000,26,0.120000000,0.097000000,0.275000000
14:27:23,180719,50.600268868,-123.671419247,1630.379000000,26,0.120000000,0.097000000,0.275000000
14:27:24,180719,50.600268865,-123.671419255,1630.379000000,26,0.120000000,0.097000000,0.275000000
14:27:25,180719,50.600268848,-123.671419257,1630.383000000,26,0.120000000,0.097000000,0.275000000
14:27:26,180719,50.600268852,-123.671419248,1630.384000000,26,0.120000000,0.097000000,0.275000000
14:27:27,180719,50.600268850,-123.671419262,1630.383000000,26,0.120000000,0.097000000,0.275000000
14:27:28,180719,50.600268845,-123.671419295,1630.381000000,26,0.120000000,0.097000000,0.275000000
14:27:29,180719,50.600268838,-123.671419293,1630.380000000,26,0.120000000,0.097000000,0.275000000
14:27:30,180719,50.600268807,-123.671419340,1630.384000000,26,0.120000000,0.097000000,0.275000000
14:27:31,180719,50.600268833,-123.671419248,1630.368000000,26,0.120000000,0.097000000,0.275000000
14:27:32,180719,50.600268863,-123.671419237,1630.353000000,26,0.120000000,0.097000000,0.275000000
14:27:33,180719,50.600268913,-123.671419180,1630.338000000,26,0.120000000,0.097000000,0.275000000
14:27:34,180719,50.600268915,-123.671419120,1630.331000000,25,0.121000000,0.103000000,0.278000000
14:27:35,180719,50.600268945,-123.671419042,1630.316000000,25,0.124000000,0.103000000,0.282000000
14:27:36,180719,50.600268990,-123.671418965,1630.304000000,25,0.124000000,0.103000000,0.282000000
14:27:37,180719,50.600269045,-123.671418865,1630.293000000,25,0.124000000,0.103000000,0.282000000
14:27:38,180719,50.600269118,-123.671418773,1630.281000000,25,0.124000000,0.103000000,0.282000000
14:27:39,180719,50.600269162,-123.671418742,1630.275000000,25,0.124000000,0.103000000,0.282000000
14:27:40,180719,50.600269192,-123.671418752,1630.273000000,24,0.125000000,0.110000000,0.288000000
14:27:41,180719,50.600269240,-123.671418720,1630.264000000,24,0.125000000,0.110000000,0.288000000
14:27:42,180719,50.600269275,-123.671418622,1630.249000000,24,0.125000000,0.110000000,0.288000000
14:27:43,180719,50.600269320,-123.671418572,1630.245000000,24,0.125000000,0.110000000,0.288000000
14:27:44,180719,50.600269280,-123.671418618,1630.245000000,24,0.125000000,0.110000000,0.288000000
14:27:45,180719,50.600269263,-123.671418660,1630.247000000,25,0.124000000,0.103000000,0.282000000
14:27:46,180719,50.600269257,-123.671418693,1630.251000000,26,0.120000000,0.097000000,0.275000000
14:27:47,180719,50.600269253,-123.671418718,1630.251000000,26,0.120000000,0.097000000,0.275000000
14:27:48,180719,50.600269238,-123.671418715,1630.252000000,26,0.120000000,0.097000000,0.275000000
14:27:49,180719,50.600269228,-123.671418702,1630.253000000,26,0.120000000,0.097000000,0.275000000
14:27:50,180719,50.600269230,-123.671418735,1630.257000000,26,0.120000000,0.097000000,0.275000000
14:27:51,180719,50.600269212,-123.671418745,1630.257000000,26,0.120000000,0.097000000,0.275000000
14:27:52,180719,50.600269210,-123.671418745,1630.258000000,26,0.120000000,0.097000000,0.275000000
14:27:53,180719,50.600269232,-123.671418752,1630.260000000,26,0.120000000,0.097000000,0.275000000
14:27:54,180719,50.600269255,-123.671418762,1630.260000000,26,0.120000000,0.097000000,0.275000000
14:27:55,180719,50.600269260,-123.671418790,1630.259000000,26,0.120000000,0.097000000,0.275000000
14:27:56,180719,50.600269258,-123.671418790,1630.250000000,26,0.120000000,0.097000000,0.275000000
14:27:57,180719,50.600269258,-123.671418810,1630.248000000,26,0.120000000,0.097000000,0.275000000
14:27:58,180719,50.600269245,-123.671418845,1630.243000000,26,0.120000000,0.097000000,0.275000000
14:27:59,180719,50.600269240,-123.671418890,1630.241000000,26,0.120000000,0.097000000,0.275000000
14:28:00,180719,50.600269237,-123.671418903,1630.234000000,26,0.120000000,0.097000000,0.275000000
14:28:01,180719,50.600269247,-123.671418927,1630.234000000,26,0.120000000,0.097000000,0.275000000
14:28:02,180719,50.600269262,-123.671418925,1630.234000000,26,0.120000000,0.097000000,0.275000000
14:28:03,180719,50.600269277,-123.671418945,1630.234000000,26,0.120000000,0.097000000,0.275000000
14:28:04,180719,50.600269272,-123.671418937,1630.233000000,26,0.120000000,0.097000000,0.275000000
14:28:05,180719,50.600269303,-123.671418950,1630.237000000,26,0.120000000,0.097000000,0.275000000
14:28:06,180719,50.600269312,-123.671418943,1630.235000000,26,0.120000000,0.097000000,0.275000000
14:28:07,180719,50.600269320,-123.671418938,1630.234000000,26,0.120000000,0.097000000,0.275000000
14:28:08,180719,50.600269308,-123.671418935,1630.230000000,26,0.120000000,0.097000000,0.275000000
14:28:09,180719,50.600269300,-123.671418937,1630.229000000,26,0.120000000,0.097000000,0.275000000
14:28:10,180719,50.600269285,-123.671418928,1630.225000000,26,0.120000000,0.097000000,0.275000000
14:28:11,180719,50.600269282,-123.671418943,1630.223000000,26,0.120000000,0.097000000,0.275000000
14:28:12,180719,50.600269278,-123.671418940,1630.221000000,26,0.120000000,0.097000000,0.275000000
14:28:13,180719,50.600269293,-123.671418925,1630.223000000,26,0.120000000,0.097000000,0.275000000
14:28:14,180719,50.600269302,-123.671418912,1630.223000000,26,0.120000000,0.097000000,0.275000000
14:28:15,180719,50.600269317,-123.671418898,1630.226000000,26,0.120000000,0.097000000,0.275000000
14:28:16,180719,50.600269335,-123.671418903,1630.228000000,26,0.120000000,0.097000000,0.276000000
14:28:17,180719,50.600269338,-123.671418902,1630.231000000,26,0.120000000,0.097000000,0.276000000
14:28:18,180719,50.600269323,-123.671418887,1630.231000000,26,0.120000000,0.097000000,0.276000000
14:28:19,180719,50.600269315,-123.671418878,1630.233000000,26,0.120000000,0.097000000,0.276000000
14:28:20,180719,50.600269310,-123.671418880,1630.231000000,26,0.120000000,0.097000000,0.276000000
14:28:21,180719,50.600269310,-123.671418865,1630.234000000,26,0.120000000,0.097000000,0.276000000
14:28:22,180719,50.600269323,-123.671418863,1630.235000000,26,0.120000000,0.097000000,0.276000000
14:28:23,180719,50.600269327,-123.671418860,1630.236000000,26,0.120000000,0.097000000,0.276000000
14:28:24,180719,50.600269347,-123.671418865,1630.236000000,26,0.120000000,0.097000000,0.276000000
14:28:25,180719,50.600269365,-123.671418873,1630.238000000,26,0.120000000,0.097000000,0.276000000
14:28:26,180719,50.600269395,-123.671418853,1630.237000000,26,0.120000000,0.097000000,0.276000000
14:28:27,180719,50.600269417,-123.671418842,1630.233000000,26,0.120000000,0.097000000,0.276000000
14:28:28,180719,50.600269415,-123.671418837,1630.230000000,26,0.120000000,0.097000000,0.276000000
14:28:29,180719,50.600269413,-123.671418840,1630.223000000,26,0.120000000,0.097000000,0.276000000
14:28:30,180719,50.600269410,-123.671418855,1630.218000000,26,0.120000000,0.097000000,0.276000000
14:28:31,180719,50.600269387,-123.671418862,1630.212000000,26,0.120000000,0.097000000,0.276000000
14:28:32,180719,50.600269373,-123.671418855,1630.208000000,26,0.120000000,0.097000000,0.276000000
14:28:33,180719,50.600269357,-123.671418865,1630.203000000,26,0.120000000,0.097000000,0.276000000
14:28:34,180719,50.600269365,-123.671418873,1630.203000000,26,0.120000000,0.097000000,0.276000000
14:28:35,180719,50.600269352,-123.671418870,1630.202000000,26,0.120000000,0.097000000,0.276000000
14:28:36,180719,50.600269338,-123.671418870,1630.207000000,26,0.120000000,0.097000000,0.276000000
14:28:37,180719,50.600269340,-123.671418867,1630.208000000,26,0.120000000,0.097000000,0.276000000
14:28:38,180719,50.600269330,-123.671418863,1630.209000000,26,0.120000000,0.097000000,0.276000000
14:28:39,180719,50.600269322,-123.671418850,1630.207000000,26,0.120000000,0.097000000,0.276000000
14:28:40,180719,50.600269318,-123.671418820,1630.206000000,26,0.120000000,0.097000000,0.276000000
14:28:41,180719,50.600269308,-123.671418818,1630.206000000,26,0.120000000,0.097000000,0.276000000
14:28:42,180719,50.600269312,-123.671418833,1630.208000000,26,0.120000000,0.097000000,0.276000000
14:28:43,180719,50.600269328,-123.671418818,1630.212000000,26,0.120000000,0.097000000,0.276000000
14:28:44,180719,50.600269353,-123.671418818,1630.213000000,26,0.120000000,0.097000000,0.276000000
14:28:45,180719,50.600269380,-123.671418778,1630.214000000,26,0.120000000,0.097000000,0.276000000
14:28:46,180719,50.600269385,-123.671418815,1630.214000000,26,0.120000000,0.097000000,0.276000000
14:28:47,180719,50.600269382,-123.671418830,1630.217000000,26,0.120000000,0.097000000,0.276000000
14:28:48,180719,50.600269378,-123.671418825,1630.214000000,26,0.120000000,0.097000000,0.276000000
14:28:49,180719,50.600269372,-123.671418852,1630.218000000,26,0.120000000,0.097000000,0.276000000
14:28:50,180719,50.600269377,-123.671418857,1630.216000000,26,0.120000000,0.097000000,0.276000000
14:28:51,180719,50.600269392,-123.671418855,1630.214000000,26,0.120000000,0.097000000,0.276000000
14:28:52,180719,50.600269397,-123.671418857,1630.209000000,26,0.120000000,0.097000000,0.276000000
14:28:53,180719,50.600269407,-123.671418848,1630.208000000,26,0.120000000,0.097000000,0.276000000
14:28:54,180719,50.600269378,-123.671418842,1630.205000000,26,0.120000000,0.097000000,0.276000000
14:28:55,180719,50.600269343,-123.671418865,1630.205000000,26,0.120000000,0.097000000,0.276000000
14:28:56,180719,50.600269333,-123.671418882,1630.200000000,26,0.120000000,0.097000000,0.276000000
14:28:57,180719,50.600269315,-123.671418907,1630.202000000,26,0.120000000,0.097000000,0.276000000
14:28:58,180719,50.600269298,-123.671418927,1630.205000000,26,0.120000000,0.097000000,0.276000000
14:28:59,180719,50.600269293,-123.671418947,1630.203000000,26,0.120000000,0.097000000,0.276000000
14:29:00,180719,50.600269285,-123.671418968,1630.203000000,26,0.120000000,0.097000000,0.276000000
14:29:01,180719,50.600269272,-123.671418975,1630.203000000,26,0.120000000,0.097000000,0.276000000
14:29:02,180719,50.600269273,-123.671418990,1630.203000000,26,0.120000000,0.097000000,0.276000000
14:29:03,180719,50.600269288,-123.671419015,1630.205000000,26,0.120000000,0.097000000,0.276000000
14:29:04,180719,50.600269282,-123.671419013,1630.206000000,26,0.120000000,0.097000000,0.276000000
14:29:05,180719,50.600269282,-123.671418995,1630.204000000,26,0.120000000,0.097000000,0.276000000
14:29:06,180719,50.600269292,-123.671418985,1630.200000000,26,0.120000000,0.097000000,0.276000000
14:29:07,180719,50.600269315,-123.671418985,1630.198000000,26,0.120000000,0.097000000,0.276000000
14:29:08,180719,50.600269318,-123.671418983,1630.200000000,26,0.120000000,0.097000000,0.276000000
14:29:09,180719,50.600269343,-123.671418997,1630.199000000,26,0.120000000,0.097000000,0.276000000
14:29:10,180719,50.600269345,-123.671419007,1630.202000000,26,0.120000000,0.097000000,0.276000000
14:29:11,180719,50.600269365,-123.671419025,1630.198000000,26,0.120000000,0.097000000,0.276000000
14:29:12,180719,50.600269363,-123.671419032,1630.196000000,26,0.120000000,0.097000000,0.276000000
14:29:13,180719,50.600269373,-123.671419018,1630.201000000,26,0.120000000,0.097000000,0.276000000
14:29:14,180719,50.600269398,-123.671419023,1630.205000000,26,0.120000000,0.097000000,0.276000000
14:29:15,180719,50.600269435,-123.671419033,1630.206000000,26,0.120000000,0.097000000,0.276000000
14:29:16,180719,50.600269447,-123.671419050,1630.205000000,26,0.120000000,0.097000000,0.277000000
14:29:17,180719,50.600269460,-123.671419030,1630.203000000,26,0.120000000,0.097000000,0.277000000
14:29:18,180719,50.600269467,-123.671419027,1630.202000000,26,0.120000000,0.097000000,0.277000000
14:29:19,180719,50.600269452,-123.671419025,1630.202000000,26,0.120000000,0.097000000,0.277000000
14:29:20,180719,50.600269415,-123.671419053,1630.199000000,26,0.120000000,0.097000000,0.277000000
14:29:21,180719,50.600269367,-123.671419053,1630.196000000,26,0.120000000,0.097000000,0.277000000
14:29:22,180719,50.600269332,-123.671419047,1630.193000000,26,0.120000000,0.097000000,0.277000000
14:29:23,180719,50.600269315,-123.671419063,1630.193000000,26,0.120000000,0.097000000,0.277000000
14:29:24,180719,50.600269300,-123.671419075,1630.190000000,26,0.120000000,0.097000000,0.277000000
14:29:25,180719,50.600269290,-123.671419072,1630.194000000,26,0.120000000,0.097000000,0.277000000
14:29:26,180719,50.600269285,-123.671419055,1630.194000000,26,0.120000000,0.097000000,0.277000000
14:29:27,180719,50.600269267,-123.671419060,1630.196000000,26,0.120000000,0.097000000,0.277000000
14:29:28,180719,50.600269258,-123.671419045,1630.197000000,26,0.120000000,0.097000000,0.277000000
14:29:29,180719,50.600269260,-123.671419033,1630.193000000,26,0.120000000,0.097000000,0.277000000
14:29:30,180719,50.600269257,-123.671419013,1630.188000000,26,0.120000000,0.097000000,0.277000000
14:29:31,180719,50.600269287,-123.671419005,1630.187000000,26,0.120000000,0.097000000,0.277000000
14:29:32,180719,50.600269317,-123.671418998,1630.191000000,26,0.120000000,0.097000000,0.277000000
14:29:33,180719,50.600269345,-123.671418998,1630.197000000,26,0.120000000,0.097000000,0.277000000
14:29:34,180719,50.600269358,-123.671419005,1630.197000000,26,0.120000000,0.097000000,0.277000000
14:29:35,180719,50.600269372,-123.671419013,1630.193000000,26,0.120000000,0.097000000,0.277000000
14:29:36,180719,50.600269395,-123.671418995,1630.189000000,26,0.120000000,0.097000000,0.277000000
14:29:37,180719,50.600269422,-123.671418958,1630.180000000,26,0.120000000,0.097000000,0.277000000
14:29:38,180719,50.600269433,-123.671418968,1630.185000000,26,0.120000000,0.097000000,0.277000000
14:29:39,180719,50.600269418,-123.671418995,1630.181000000,26,0.120000000,0.097000000,0.277000000
14:29:40,180719,50.600269405,-123.671418973,1630.175000000,26,0.120000000,0.097000000,0.277000000
14:29:41,180719,50.600269403,-123.671418925,1630.168000000,26,0.120000000,0.097000000,0.277000000
14:29:42,180719,50.600269393,-123.671418915,1630.167000000,26,0.120000000,0.097000000,0.277000000
14:29:43,180719,50.600269358,-123.671418918,1630.164000000,26,0.120000000,0.097000000,0.277000000
14:29:44,180719,50.600269332,-123.671418908,1630.160000000,26,0.120000000,0.097000000,0.277000000
14:29:45,180719,50.600269315,-123.671418923,1630.159000000,26,0.120000000,0.097000000,0.277000000
14:29:46,180719,50.600269298,-123.671418913,1630.157000000,26,0.120000000,0.097000000,0.277000000
14:29:47,180719,50.600269300,-123.671418940,1630.159000000,26,0.120000000,0.097000000,0.277000000
14:29:48,180719,50.600269293,-123.671418940,1630.161000000,26,0.120000000,0.097000000,0.277000000
14:29:49,180719,50.600269302,-123.671418913,1630.161000000,26,0.120000000,0.097000000,0.277000000
14:29:50,180719,50.600269312,-123.671418873,1630.163000000,26,0.120000000,0.097000000,0.277000000
14:29:51,180719,50.600269333,-123.671418848,1630.166000000,26,0.120000000,0.097000000,0.277000000
14:29:52,180719,50.600269365,-123.671418833,1630.168000000,26,0.120000000,0.097000000,0.277000000
14:29:53,180719,50.600269373,-123.671418813,1630.171000000,26,0.120000000,0.097000000,0.277000000
14:29:54,180719,50.600269373,-123.671418795,1630.173000000,26,0.120000000,0.097000000,0.277000000
14:29:55,180719,50.600269388,-123.671418788,1630.174000000,26,0.120000000,0.097000000,0.277000000
14:29:56,180719,50.600269412,-123.671418770,1630.175000000,26,0.120000000,0.097000000,0.277000000
14:29:57,180719,50.600269415,-123.671418783,1630.177000000,26,0.120000000,0.097000000,0.277000000
14:29:58,180719,50.600269417,-123.671418782,1630.176000000,26,0.120000000,0.097000000,0.277000000
14:29:59,180719,50.600269435,-123.671418793,1630.176000000,26,0.120000000,0.097000000,0.277000000
14:30:00,180719,50.600269430,-123.671418797,1630.173000000,26,0.120000000,0.097000000,0.277000000
14:30:01,180719,50.600269423,-123.671418818,1630.174000000,26,0.120000000,0.097000000,0.277000000
14:30:02,180719,50.600269427,-123.671418833,1630.169000000,26,0.120000000,0.097000000,0.277000000
14:30:03,180719,50.600269432,-123.671418838,1630.169000000,26,0.120000000,0.097000000,0.277000000
14:30:04,180719,50.600269430,-123.671418837,1630.168000000,26,0.120000000,0.097000000,0.277000000
14:30:05,180719,50.600269408,-123.671418853,1630.167000000,26,0.120000000,0.097000000,0.277000000
14:30:06,180719,50.600269405,-123.671418847,1630.164000000,26,0.120000000,0.097000000,0.277000000
14:30:07,180719,50.600269375,-123.671418865,1630.161000000,26,0.120000000,0.097000000,0.277000000
14:30:08,180719,50.600269375,-123.671418873,1630.163000000,26,0.120000000,0.097000000,0.277000000
14:30:09,180719,50.600269373,-123.671418890,1630.160000000,26,0.120000000,0.097000000,0.277000000
14:30:10,180719,50.600269377,-123.671418888,1630.160000000,26,0.120000000,0.097000000,0.277000000
14:30:11,180719,50.600269357,-123.671418905,1630.158000000,26,0.120000000,0.097000000,0.277000000
14:30:12,180719,50.600269347,-123.671418903,1630.160000000,26,0.120000000,0.097000000,0.277000000
14:30:13,180719,50.600269360,-123.671418880,1630.163000000,26,0.120000000,0.097000000,0.277000000
14:30:14,180719,50.600269380,-123.671418837,1630.161000000,26,0.120000000,0.097000000,0.277000000
14:30:15,180719,50.600269383,-123.671418790,1630.160000000,26,0.120000000,0.097000000,0.277000000
14:30:16,180719,50.600269397,-123.671418757,1630.158000000,26,0.120000000,0.097000000,0.277000000
14:30:17,180719,50.600269410,-123.671418732,1630.156000000,26,0.120000000,0.097000000,0.277000000
14:30:18,180719,50.600269432,-123.671418748,1630.156000000,26,0.120000000,0.097000000,0.277000000
14:30:19,180719,50.600269443,-123.671418768,1630.155000000,26,0.120000000,0.097000000,0.277000000
14:30:20,180719,50.600269437,-123.671418768,1630.153000000,26,0.120000000,0.097000000,0.277000000
14:30:21,180719,50.600269430,-123.671418798,1630.157000000,26,0.120000000,0.097000000,0.277000000
14:30:22,180719,50.600269448,-123.671418797,1630.157000000,26,0.120000000,0.097000000,0.277000000
14:30:23,180719,50.600269477,-123.671418788,1630.156000000,26,0.120000000,0.097000000,0.277000000
14:30:24,180719,50.600269480,-123.671418772,1630.156000000,26,0.120000000,0.097000000,0.277000000
14:30:25,180719,50.600269490,-123.671418775,1630.154000000,26,0.120000000,0.097000000,0.278000000
14:30:26,180719,50.600269475,-123.671418792,1630.152000000,26,0.120000000,0.097000000,0.278000000
14:30:27,180719,50.600269480,-123.671418812,1630.151000000,26,0.120000000,0.097000000,0.278000000
14:30:28,180719,50.600269492,-123.671418825,1630.153000000,26,0.120000000,0.097000000,0.278000000
14:30:29,180719,50.600269510,-123.671418830,1630.154000000,26,0.120000000,0.097000000,0.278000000
14:30:30,180719,50.600269513,-123.671418832,1630.154000000,26,0.120000000,0.097000000,0.278000000
14:30:31,180719,50.600269495,-123.671418825,1630.150000000,26,0.120000000,0.097000000,0.278000000
14:30:32,180719,50.600269482,-123.671418828,1630.144000000,26,0.120000000,0.097000000,0.278000000
14:30:33,180719,50.600269485,-123.671418795,1630.142000000,26,0.120000000,0.097000000,0.278000000
14:30:34,180719,50.600269452,-123.671418792,1630.141000000,26,0.120000000,0.097000000,0.278000000
14:30:35,180719,50.600269445,-123.671418770,1630.136000000,26,0.120000000,0.097000000,0.278000000
14:30:36,180719,50.600269472,-123.671418743,1630.134000000,26,0.120000000,0.097000000,0.278000000
14:30:37,180719,50.600269487,-123.671418743,1630.137000000,26,0.120000000,0.097000000,0.278000000
14:30:38,180719,50.600269512,-123.671418753,1630.138000000,26,0.120000000,0.097000000,0.278000000
14:30:39,180719,50.600269528,-123.671418765,1630.141000000,26,0.120000000,0.097000000,0.278000000
14:30:40,180719,50.600269547,-123.671418767,1630.141000000,26,0.120000000,0.097000000,0.278000000
14:30:41,180719,50.600269562,-123.671418773,1630.137000000,26,0.120000000,0.097000000,0.278000000
14:30:42,180719,50.600269565,-123.671418753,1630.127000000,26,0.120000000,0.097000000,0.278000000
14:30:43,180719,50.600269547,-123.671418747,1630.121000000,26,0.120000000,0.097000000,0.278000000
14:30:44,180719,50.600269535,-123.671418745,1630.120000000,26,0.120000000,0.097000000,0.278000000
14:30:45,180719,50.600269530,-123.671418757,1630.122000000,26,0.120000000,0.097000000,0.278000000
14:30:46,180719,50.600269523,-123.671418750,1630.123000000,26,0.120000000,0.097000000,0.278000000
14:30:47,180719,50.600269543,-123.671418740,1630.126000000,26,0.120000000,0.097000000,0.278000000
14:30:48,180719,50.600269557,-123.671418733,1630.128000000,26,0.120000000,0.097000000,0.278000000
14:30:49,180719,50.600269565,-123.671418702,1630.130000000,26,0.120000000,0.097000000,0.278000000
14:30:50,180719,50.600269582,-123.671418683,1630.134000000,26,0.120000000,0.097000000,0.278000000
14:30:51,180719,50.600269583,-123.671418657,1630.131000000,26,0.120000000,0.097000000,0.278000000
14:30:52,180719,50.600269597,-123.671418638,1630.134000000,26,0.120000000,0.097000000,0.278000000
14:30:53,180719,50.600269587,-123.671418653,1630.132000000,26,0.120000000,0.097000000,0.278000000
14:30:54,180719,50.600269577,-123.671418658,1630.134000000,26,0.120000000,0.097000000,0.278000000
14:30:55,180719,50.600269580,-123.671418630,1630.132000000,26,0.120000000,0.097000000,0.278000000
14:30:56,180719,50.600269590,-123.671418595,1630.130000000,26,0.120000000,0.097000000,0.278000000
14:30:57,180719,50.600269567,-123.671418618,1630.135000000,26,0.120000000,0.097000000,0.278000000
14:30:58,180719,50.600269568,-123.671418638,1630.139000000,26,0.120000000,0.097000000,0.278000000
14:30:59,180719,50.600269562,-123.671418643,1630.143000000,26,0.120000000,0.097000000,0.278000000
14:31:00,180719,50.600269550,-123.671418660,1630.140000000,26,0.120000000,0.097000000,0.278000000
14:31:01,180719,50.600269570,-123.671418655,1630.138000000,26,0.120000000,0.097000000,0.278000000
14:31:02,180719,50.600269573,-123.671418660,1630.138000000,26,0.120000000,0.097000000,0.278000000
14:31:03,180719,50.600269575,-123.671418655,1630.136000000,26,0.120000000,0.097000000,0.278000000
14:31:04,180719,50.600269590,-123.671418648,1630.135000000,26,0.120000000,0.097000000,0.278000000
14:31:05,180719,50.600269605,-123.671418655,1630.132000000,26,0.120000000,0.097000000,0.278000000
14:31:06,180719,50.600269613,-123.671418640,1630.129000000,26,0.120000000,0.097000000,0.278000000
14:31:07,180719,50.600269598,-123.671418635,1630.125000000,26,0.120000000,0.097000000,0.278000000
14:31:08,180719,50.600269593,-123.671418633,1630.122000000,26,0.120000000,0.097000000,0.278000000
14:31:09,180719,50.600269607,-123.671418622,1630.125000000,26,0.120000000,0.097000000,0.278000000
14:31:10,180719,50.600269613,-123.671418615,1630.127000000,26,0.120000000,0.097000000,0.278000000
14:31:11,180719,50.600269615,-123.671418603,1630.130000000,26,0.120000000,0.097000000,0.278000000
14:31:12,180719,50.600269643,-123.671418573,1630.130000000,26,0.120000000,0.097000000,0.278000000
14:31:13,180719,50.600269672,-123.671418567,1630.130000000,26,0.120000000,0.097000000,0.278000000
14:31:14,180719,50.600269700,-123.671418545,1630.135000000,26,0.120000000,0.097000000,0.278000000
14:31:15,180719,50.600269712,-123.671418533,1630.136000000,26,0.120000000,0.097000000,0.278000000
14:31:16,180719,50.600269732,-123.671418537,1630.145000000,26,0.120000000,0.097000000,0.278000000
14:31:17,180719,50.600269738,-123.671418538,1630.148000000,26,0.120000000,0.097000000,0.278000000
14:31:18,180719,50.600269753,-123.671418540,1630.151000000,26,0.120000000,0.097000000,0.278000000
14:31:19,180719,50.600269750,-123.671418530,1630.150000000,26,0.120000000,0.097000000,0.278000000
14:31:20,180719,50.600269755,-123.671418535,1630.153000000,26,0.120000000,0.097000000,0.278000000
14:31:21,180719,50.600269750,-123.671418545,1630.152000000,26,0.120000000,0.097000000,0.278000000
14:31:22,180719,50.600269740,-123.671418570,1630.152000000,26,0.120000000,0.097000000,0.278000000
14:31:23,180719,50.600269743,-123.671418568,1630.150000000,26,0.120000000,0.097000000,0.278000000
14:31:24,180719,50.600269740,-123.671418587,1630.146000000,26,0.120000000,0.097000000,0.278000000
14:31:25,180719,50.600269755,-123.671418557,1630.142000000,26,0.120000000,0.097000000,0.278000000
14:31:26,180719,50.600269767,-123.671418570,1630.140000000,26,0.120000000,0.097000000,0.278000000
14:31:27,180719,50.600269788,-123.671418580,1630.138000000,26,0.120000000,0.097000000,0.278000000
14:31:28,180719,50.600269787,-123.671418602,1630.139000000,26,0.120000000,0.097000000,0.278000000
14:31:29,180719,50.600269802,-123.671418633,1630.139000000,26,0.120000000,0.097000000,0.278000000
14:31:30,180719,50.600269813,-123.671418642,1630.131000000,26,0.120000000,0.097000000,0.278000000
14:31:31,180719,50.600269805,-123.671418662,1630.125000000,26,0.120000000,0.097000000,0.278000000
14:31:32,180719,50.600269793,-123.671418678,1630.123000000,26,0.120000000,0.097000000,0.278000000
14:31:33,180719,50.600269792,-123.671418673,1630.120000000,26,0.120000000,0.097000000,0.278000000
14:31:34,180719,50.600269768,-123.671418690,1630.128000000,26,0.120000000,0.097000000,0.278000000
14:31:35,180719,50.600269772,-123.671418683,1630.127000000,26,0.120000000,0.097000000,0.278000000
14:31:36,180719,50.600269767,-123.671418662,1630.126000000,26,0.120000000,0.097000000,0.278000000
14:31:37,180719,50.600269785,-123.671418643,1630.129000000,26,0.120000000,0.097000000,0.278000000
14:31:38,180719,50.600269808,-123.671418650,1630.137000000,26,0.120000000,0.097000000,0.278000000
14:31:39,180719,50.600269822,-123.671418635,1630.135000000,26,0.120000000,0.097000000,0.278000000
14:31:40,180719,50.600269843,-123.671418638,1630.136000000,26,0.120000000,0.097000000,0.278000000
14:31:41,180719,50.600269865,-123.671418623,1630.138000000,26,0.120000000,0.097000000,0.278000000
14:31:42,180719,50.600269888,-123.671418607,1630.138000000,26,0.120000000,0.097000000,0.278000000
14:31:43,180719,50.600269897,-123.671418600,1630.140000000,26,0.120000000,0.097000000,0.279000000
14:31:44,180719,50.600269915,-123.671418610,1630.140000000,26,0.120000000,0.097000000,0.279000000
14:31:45,180719,50.600269933,-123.671418590,1630.142000000,26,0.120000000,0.097000000,0.279000000
14:31:46,180719,50.600269930,-123.671418582,1630.140000000,26,0.120000000,0.097000000,0.279000000
14:31:47,180719,50.600269933,-123.671418578,1630.142000000,26,0.120000000,0.097000000,0.279000000
14:31:48,180719,50.600269927,-123.671418593,1630.143000000,26,0.120000000,0.097000000,0.279000000
14:31:49,180719,50.600269898,-123.671418603,1630.142000000,26,0.120000000,0.097000000,0.279000000
14:31:50,180719,50.600269903,-123.671418633,1630.146000000,26,0.120000000,0.097000000,0.279000000
14:31:51,180719,50.600269895,-123.671418643,1630.144000000,26,0.120000000,0.097000000,0.279000000
14:31:52,180719,50.600269907,-123.671418633,1630.144000000,26,0.120000000,0.097000000,0.279000000
14:31:53,180719,50.600269915,-123.671418635,1630.144000000,26,0.120000000,0.097000000,0.279000000
14:31:54,180719,50.600269935,-123.671418658,1630.142000000,26,0.120000000,0.097000000,0.279000000
14:31:55,180719,50.600269938,-123.671418670,1630.143000000,26,0.120000000,0.097000000,0.279000000
14:31:56,180719,50.600269958,-123.671418638,1630.141000000,26,0.120000000,0.097000000,0.279000000
14:31:57,180719,50.600269955,-123.671418640,1630.138000000,25,0.124000000,0.102000000,0.286000000
14:31:58,180719,50.600269948,-123.671418650,1630.142000000,25,0.124000000,0.102000000,0.286000000
14:31:59,180719,50.600269953,-123.671418630,1630.140000000,25,0.124000000,0.102000000,0.286000000
14:32:00,180719,50.600269973,-123.671418640,1630.141000000,25,0.124000000,0.102000000,0.286000000
14:32:01,180719,50.600270000,-123.671418655,1630.145000000,25,0.124000000,0.102000000,0.286000000
14:32:02,180719,50.600270023,-123.671418635,1630.148000000,25,0.124000000,0.102000000,0.286000000
14:32:03,180719,50.600270047,-123.671418657,1630.151000000,25,0.124000000,0.102000000,0.286000000
14:32:04,180719,50.600270065,-123.671418668,1630.152000000,25,0.124000000,0.102000000,0.286000000
14:32:05,180719,50.600270073,-123.671418698,1630.154000000,25,0.124000000,0.102000000,0.286000000
14:32:06,180719,50.600270098,-123.671418703,1630.153000000,25,0.124000000,0.102000000,0.286000000
14:32:07,180719,50.600270115,-123.671418708,1630.154000000,25,0.124000000,0.102000000,0.286000000
14:32:08,180719,50.600270137,-123.671418710,1630.159000000,25,0.124000000,0.102000000,0.286000000
14:32:09,180719,50.600270142,-123.671418740,1630.162000000,25,0.124000000,0.102000000,0.286000000
14:32:10,180719,50.600270137,-123.671418750,1630.161000000,25,0.124000000,0.102000000,0.286000000
14:32:11,180719,50.600270133,-123.671418752,1630.159000000,25,0.124000000,0.102000000,0.286000000
14:32:12,180719,50.600270113,-123.671418752,1630.157000000,26,0.120000000,0.097000000,0.279000000
14:32:13,180719,50.600270097,-123.671418735,1630.153000000,26,0.120000000,0.097000000,0.279000000
14:32:14,180719,50.600270093,-123.671418735,1630.152000000,26,0.120000000,0.097000000,0.279000000
14:32:15,180719,50.600270090,-123.671418723,1630.149000000,26,0.120000000,0.097000000,0.279000000
14:32:16,180719,50.600270100,-123.671418708,1630.147000000,26,0.120000000,0.097000000,0.279000000
14:32:17,180719,50.600270105,-123.671418725,1630.146000000,26,0.120000000,0.097000000,0.279000000
14:32:18,180719,50.600270122,-123.671418683,1630.144000000,25,0.120000000,0.097000000,0.279000000
14:32:19,180719,50.600270105,-123.671418680,1630.142000000,25,0.124000000,0.102000000,0.286000000
14:32:20,180719,50.600270098,-123.671418690,1630.146000000,25,0.124000000,0.102000000,0.286000000
14:32:21,180719,50.600270112,-123.671418690,1630.150000000,25,0.124000000,0.102000000,0.286000000
14:32:22,180719,50.600270137,-123.671418692,1630.157000000,25,0.124000000,0.102000000,0.286000000
14:32:23,180719,50.600270148,-123.671418683,1630.161000000,26,0.120000000,0.097000000,0.279000000
14:32:24,180719,50.600270150,-123.671418670,1630.166000000,26,0.120000000,0.097000000,0.279000000
14:32:25,180719,50.600270147,-123.671418657,1630.171000000,26,0.120000000,0.097000000,0.279000000
14:32:26,180719,50.600270160,-123.671418635,1630.173000000,26,0.120000000,0.097000000,0.279000000
14:32:27,180719,50.600270160,-123.671418598,1630.169000000,26,0.120000000,0.097000000,0.279000000
14:32:28,180719,50.600270142,-123.671418595,1630.169000000,25,0.124000000,0.102000000,0.287000000
14:32:29,180719,50.600270148,-123.671418575,1630.171000000,25,0.124000000,0.102000000,0.287000000
14:32:30,180719,50.600270140,-123.671418570,1630.165000000,25,0.124000000,0.102000000,0.287000000
14:32:31,180719,50.600270110,-123.671418820,1630.153000000,23,0.128000000,0.108000000,0.290000000
14:32:32,180719,50.600270103,-123.671418848,1630.156000000,23,0.131000000,0.118000000,0.297000000
14:32:33,180719,50.600270092,-123.671418830,1630.145000000,23,0.131000000,0.118000000,0.297000000
14:32:34,180719,50.600270063,-123.671419207,1630.176000000,16,0.132000000,0.127000000,0.302000000
14:32:35,180719,50.600270043,-123.671418913,1630.156000000,9,1.545000000,1.517000000,3.531000000
14:32:36,180719,50.600270235,-123.671418528,1630.175000000,7,1.620000000,1.486000000,3.650000000
14:32:37,180719,50.600271007,-123.671417030,1630.240000000,7,1.587000000,1.918000000,4.217000000
14:32:38,180719,50.600271000,-123.671417052,1630.352000000,7,1.587000000,1.918000000,4.217000000
14:32:39,180719,50.600270885,-123.671417492,1630.510000000,7,1.587000000,1.918000000,4.217000000
14:32:40,180719,50.600272915,-123.671428063,1630.988000000,20,1.002000000,0.883000000,2.188000000
14:32:41,180719,50.600272222,-123.671427582,1631.054000000,23,0.831000000,0.725000000,1.840000000
14:32:42,180719,50.600271745,-123.671426457,1630.890000000,23,0.764000000,0.635000000,1.687000000
14:32:43,180719,50.600271842,-123.671425193,1630.781000000,26,0.609000000,0.490000000,1.411000000
14:32:44,180719,50.600271707,-123.671423695,1630.602000000,26,0.609000000,0.490000000,1.411000000
14:32:45,180719,50.600271357,-123.671422598,1630.480000000,26,0.609000000,0.490000000,1.411000000
14:32:46,180719,50.600270992,-123.671421767,1630.404000000,26,0.445000000,0.358000000,1.031000000
14:32:47,180719,50.600270658,-123.671421120,1630.351000000,26,0.445000000,0.358000000,1.031000000
14:32:48,180719,50.600270393,-123.671420577,1630.308000000,26,0.445000000,0.358000000,1.031000000
14:32:49,180719,50.600270175,-123.671420113,1630.272000000,26,0.320000000,0.258000000,0.742000000
14:32:50,180719,50.600269980,-123.671419672,1630.238000000,26,0.320000000,0.258000000,0.742000000
14:32:51,180719,50.600269855,-123.671419328,1630.208000000,26,0.320000000,0.258000000,0.742000000
14:32:52,180719,50.600269763,-123.671418962,1630.180000000,26,0.231000000,0.186000000,0.537000000
14:32:53,180719,50.600269688,-123.671418643,1630.153000000,26,0.231000000,0.186000000,0.537000000
14:32:54,180719,50.600269587,-123.671418355,1630.123000000,26,0.231000000,0.186000000,0.537000000
14:32:55,180719,50.600269530,-123.671418112,1630.097000000,26,0.174000000,0.140000000,0.404000000
14:32:56,180719,50.600269465,-123.671417958,1630.077000000,26,0.174000000,0.140000000,0.404000000
14:32:57,180719,50.600269495,-123.671417718,1630.059000000,26,0.174000000,0.140000000,0.404000000
14:32:58,180719,50.600269520,-123.671417590,1630.040000000,25,0.151000000,0.124000000,0.350000000
14:32:59,180719,50.600269560,-123.671417423,1630.017000000,25,0.151000000,0.124000000,0.350000000
14:33:00,180719,50.600269550,-123.671417358,1630.005000000,25,0.151000000,0.124000000,0.350000000
14:33:01,180719,50.600269480,-123.671417390,1630.002000000,25,0.137000000,0.112000000,0.316000000
14:33:02,180719,50.600269383,-123.671417432,1629.997000000,25,0.137000000,0.112000000,0.316000000
14:33:03,180719,50.600269352,-123.671417460,1629.997000000,14,0.149000000,0.132000000,0.325000000
14:33:04,180719,50.600269275,-123.671417735,1630.074000000,8,1.297000000,1.271000000,2.960000000
14:33:05,180719,50.600269287,-123.671418082,1630.271000000,8,1.395000000,1.277000000,3.137000000
14:33:06,180719,50.600269393,-123.671418282,1630.443000000,8,1.395000000,1.277000000,3.137000000
14:33:07,180719,50.600269453,-123.671418495,1630.613000000,8,1.395000000,1.277000000,3.137000000
14:33:08,180719,50.600269525,-123.671418693,1630.781000000,8,1.395000000,1.277000000,3.136000000
14:33:09,180719,50.600271657,-123.671404830,1631.204000000,24,0.769000000,0.730000000,1.842000000
14:33:10,180719,50.600271650,-123.671410220,1632.024000000,23,0.626000000,0.503000000,1.452000000
14:33:11,180719,50.600273745,-123.671414088,1632.909000000,9,1.297000000,1.271000000,2.960000000
14:33:12,180719,50.600274470,-123.671417102,1633.701000000,9,1.297000000,1.271000000,2.960000000
14:33:13,180719,50.600274482,-123.671418435,1634.110000000,8,1.297000000,1.271000000,2.960000000
14:33:14,180719,50.600274425,-123.671418888,1634.327000000,8,1.395000000,1.277000000,3.135000000
14:33:15,180719,50.600274357,-123.671419422,1634.446000000,8,1.395000000,1.277000000,3.135000000
14:33:16,180719,50.600274013,-123.671420177,1634.582000000,8,1.395000000,1.277000000,3.135000000
14:33:17,180719,50.600260822,-123.671426625,1631.158000000,17,0.742000000,0.643000000,1.531000000
14:33:18,180719,50.600254835,-123.671424718,1626.625000000,23,0.578000000,0.456000000,1.291000000
14:33:19,180719,50.600254292,-123.671422005,1627.808000000,25,0.556000000,0.423000000,1.229000000
14:33:20,180719,50.600257862,-123.671422705,1628.751000000,26,0.519000000,0.417000000,1.205000000
14:33:21,180719,50.600259615,-123.671422225,1629.118000000,26,0.519000000,0.417000000,1.205000000
14:33:22,180719,50.600260567,-123.671421738,1629.295000000,26,0.519000000,0.417000000,1.205000000
14:33:23,180719,50.600261188,-123.671421398,1629.392000000,26,0.404000000,0.325000000,0.937000000
14:33:24,180719,50.600261600,-123.671421115,1629.459000000,26,0.404000000,0.325000000,0.937000000
14:33:25,180719,50.600261978,-123.671420863,1629.507000000,26,0.404000000,0.325000000,0.937000000
14:33:26,180719,50.600262265,-123.671420613,1629.546000000,26,0.314000000,0.253000000,0.729000000
14:33:27,180719,50.600262375,-123.671420617,1629.613000000,26,0.314000000,0.253000000,0.729000000
14:33:28,180719,50.600262550,-123.671420550,1629.673000000,26,0.314000000,0.253000000,0.729000000
14:33:29,180719,50.600262762,-123.671420467,1629.722000000,26,0.253000000,0.204000000,0.587000000
14:33:30,180719,50.600262953,-123.671420365,1629.770000000,26,0.253000000,0.204000000,0.587000000
14:33:31,180719,50.600263147,-123.671420223,1629.812000000,26,0.253000000,0.204000000,0.587000000
14:33:32,180719,50.600263358,-123.671420025,1629.849000000,26,0.211000000,0.169000000,0.489000000
14:33:33,180719,50.600263550,-123.671419812,1629.878000000,26,0.211000000,0.169000000,0.489000000
14:33:34,180719,50.600263685,-123.671419622,1629.901000000,26,0.211000000,0.169000000,0.489000000
14:33:35,180719,50.600263828,-123.671419407,1629.922000000,26,0.182000000,0.147000000,0.423000000
14:33:36,180719,50.600263927,-123.671419183,1629.937000000,26,0.182000000,0.147000000,0.423000000
14:33:37,180719,50.600264045,-123.671418988,1629.945000000,26,0.182000000,0.147000000,0.423000000
14:33:38,180719,50.600264168,-123.671418808,1629.956000000,26,0.164000000,0.132000000,0.380000000
14:33:39,180719,50.600264278,-123.671418637,1629.967000000,26,0.164000000,0.132000000,0.380000000
14:33:40,180719,50.600264418,-123.671418455,1629.978000000,26,0.164000000,0.132000000,0.380000000
14:33:41,180719,50.600264558,-123.671418238,1629.994000000,26,0.148000000,0.119000000,0.344000000
14:33:42,180719,50.600264733,-123.671417972,1630.021000000,26,0.148000000,0.119000000,0.344000000
14:33:43,180719,50.600264897,-123.671417703,1630.043000000,26,0.148000000,0.119000000,0.344000000
