TIME,DATE(ddMMyy),LATITUDEGGA,LONGITUDEGGA,ALTITUDEGGA,NUMBERSAT,LATERR,LONGERR,ALTERR
18:54:33,180719,50.735461663,-123.470544028,1199.720000000,16,0.144000000,0.151000000,0.290000000
18:54:34,180719,50.735461667,-123.470544003,1199.734000000,16,0.144000000,0.151000000,0.290000000
18:54:35,180719,50.735461683,-123.470544035,1199.746000000,16,0.144000000,0.151000000,0.290000000
18:54:36,180719,50.735461613,-123.470543937,1199.754000000,16,0.144000000,0.151000000,0.290000000
18:54:37,180719,50.735461562,-123.470543817,1199.756000000,16,0.144000000,0.151000000,0.290000000
18:54:38,180719,50.735461520,-123.470543742,1199.758000000,16,0.144000000,0.151000000,0.290000000
18:54:39,180719,50.735461525,-123.470543713,1199.760000000,16,0.144000000,0.151000000,0.290000000
18:54:40,180719,50.735461510,-123.470543683,1199.769000000,16,0.144000000,0.151000000,0.290000000
18:54:41,180719,50.735461540,-123.470543645,1199.778000000,16,0.144000000,0.151000000,0.290000000
18:54:42,180719,50.735461547,-123.470543655,1199.788000000,16,0.144000000,0.151000000,0.290000000
18:54:43,180719,50.735461543,-123.470543723,1199.802000000,16,0.144000000,0.151000000,0.290000000
18:54:44,180719,50.735461977,-123.470544192,1200.025000000,7,0.249000000,0.186000000,0.432000000
18:54:49,180719,50.735483650,-123.470580333,1200.666000000,13,1.693000000,2.243000000,3.357000000
18:54:50,180719,50.735466897,-123.470567047,1200.484000000,8,2.521000000,2.511000000,5.446000000
18:54:54,180719,50.735443388,-123.470523385,1200.472000000,6,6.778000000,9.940000000,4.735000000
18:54:55,180719,50.735462498,-123.470550755,1200.229000000,12,1.983000000,2.682000000,3.771000000
18:54:56,180719,50.735460292,-123.470546068,1200.785000000,16,1.333000000,1.405000000,2.689000000
18:54:57,180719,50.735459680,-123.470544687,1200.568000000,16,1.333000000,1.405000000,2.689000000
18:54:58,180719,50.735458878,-123.470543677,1200.280000000,16,1.333000000,1.405000000,2.689000000
18:54:59,180719,50.735458452,-123.470543113,1200.075000000,16,0.944000000,0.995000000,1.905000000
18:55:00,180719,50.735458037,-123.470542650,1199.857000000,16,0.944000000,0.995000000,1.905000000
18:55:01,180719,50.735457800,-123.470542405,1199.718000000,16,0.944000000,0.995000000,1.905000000
18:55:02,180719,50.735457727,-123.470542565,1199.635000000,16,0.673000000,0.709000000,1.357000000
18:55:03,180719,50.735457782,-123.470542933,1199.601000000,16,0.673000000,0.709000000,1.357000000
18:55:04,180719,50.735457747,-123.470543345,1199.590000000,16,0.673000000,0.709000000,1.357000000
18:55:05,180719,50.735457805,-123.470543767,1199.598000000,16,0.477000000,0.503000000,0.961000000
18:55:06,180719,50.735457870,-123.470544173,1199.604000000,16,0.477000000,0.503000000,0.961000000
18:55:07,180719,50.735457933,-123.470544493,1199.587000000,16,0.477000000,0.503000000,0.961000000
18:55:08,180719,50.735457375,-123.470544297,1199.431000000,17,0.311000000,0.347000000,0.662000000
18:55:09,180719,50.735456697,-123.470543988,1199.246000000,17,0.311000000,0.347000000,0.662000000
18:55:10,180719,50.735456238,-123.470543807,1199.108000000,17,0.311000000,0.347000000,0.662000000
18:55:11,180719,50.735455902,-123.470543758,1199.001000000,17,0.254000000,0.283000000,0.540000000
18:55:12,180719,50.735455770,-123.470543813,1198.934000000,17,0.254000000,0.283000000,0.540000000
18:55:13,180719,50.735455700,-123.470543823,1198.892000000,17,0.254000000,0.283000000,0.540000000
18:55:14,180719,50.735455645,-123.470543777,1198.851000000,17,0.245000000,0.274000000,0.522000000
18:55:15,180719,50.735455728,-123.470543755,1198.851000000,17,0.245000000,0.274000000,0.522000000
18:55:16,180719,50.735456017,-123.470543895,1198.877000000,17,0.245000000,0.274000000,0.522000000
18:55:17,180719,50.735456400,-123.470544015,1198.930000000,17,0.198000000,0.221000000,0.421000000
18:55:18,180719,50.735456867,-123.470544135,1198.996000000,17,0.198000000,0.221000000,0.421000000
18:55:19,180719,50.735457355,-123.470544280,1199.068000000,17,0.198000000,0.221000000,0.421000000
18:55:20,180719,50.735457855,-123.470544437,1199.143000000,17,0.167000000,0.187000000,0.356000000
18:55:21,180719,50.735458285,-123.470544540,1199.208000000,17,0.167000000,0.187000000,0.356000000
18:55:22,180719,50.735458672,-123.470544645,1199.273000000,17,0.167000000,0.187000000,0.356000000
18:55:23,180719,50.735458978,-123.470544705,1199.323000000,17,0.151000000,0.168000000,0.321000000
18:55:24,180719,50.735459298,-123.470544778,1199.365000000,17,0.151000000,0.168000000,0.321000000
18:55:25,180719,50.735459577,-123.470544842,1199.407000000,17,0.151000000,0.168000000,0.321000000
18:55:26,180719,50.735459882,-123.470544943,1199.453000000,17,0.132000000,0.147000000,0.281000000
18:55:27,180719,50.735460160,-123.470545040,1199.492000000,17,0.132000000,0.147000000,0.281000000
18:55:28,180719,50.735460317,-123.470545062,1199.512000000,17,0.132000000,0.147000000,0.281000000
18:55:29,180719,50.735460388,-123.470545048,1199.522000000,17,0.132000000,0.147000000,0.281000000
18:55:30,180719,50.735460437,-123.470545080,1199.534000000,17,0.132000000,0.147000000,0.281000000
18:55:31,180719,50.735460503,-123.470545190,1199.544000000,17,0.132000000,0.147000000,0.281000000
18:55:32,180719,50.735460623,-123.470545342,1199.565000000,17,0.132000000,0.148000000,0.281000000
18:55:33,180719,50.735460713,-123.470545518,1199.591000000,17,0.132000000,0.148000000,0.281000000
18:55:34,180719,50.735460827,-123.470545733,1199.623000000,17,0.132000000,0.148000000,0.281000000
18:55:35,180719,50.735460837,-123.470545800,1199.641000000,17,0.132000000,0.148000000,0.281000000
18:55:36,180719,50.735460833,-123.470546010,1199.654000000,17,0.132000000,0.148000000,0.281000000
18:55:37,180719,50.735460935,-123.470546190,1199.698000000,17,0.132000000,0.148000000,0.281000000
18:55:38,180719,50.735460948,-123.470546253,1199.739000000,17,0.132000000,0.148000000,0.281000000
18:55:39,180719,50.735460883,-123.470546258,1199.768000000,17,0.132000000,0.148000000,0.281000000
18:55:40,180719,50.735460803,-123.470546260,1199.791000000,17,0.132000000,0.148000000,0.281000000
18:55:41,180719,50.735460750,-123.470546275,1199.816000000,17,0.132000000,0.148000000,0.281000000
18:55:42,180719,50.735460727,-123.470546313,1199.841000000,17,0.132000000,0.148000000,0.281000000
18:55:43,180719,50.735460675,-123.470546363,1199.862000000,17,0.132000000,0.148000000,0.281000000
18:55:44,180719,50.735460607,-123.470546417,1199.873000000,17,0.132000000,0.148000000,0.281000000
18:55:45,180719,50.735460552,-123.470546468,1199.888000000,17,0.132000000,0.148000000,0.281000000
18:55:46,180719,50.735460490,-123.470546553,1199.898000000,17,0.132000000,0.148000000,0.281000000
18:55:47,180719,50.735460362,-123.470546570,1199.899000000,17,0.132000000,0.148000000,0.281000000
18:55:48,180719,50.735460212,-123.470546570,1199.890000000,17,0.132000000,0.148000000,0.281000000
18:55:49,180719,50.735460038,-123.470546565,1199.882000000,17,0.132000000,0.148000000,0.281000000
18:55:50,180719,50.735459828,-123.470546510,1199.871000000,17,0.132000000,0.148000000,0.281000000
18:55:51,180719,50.735459587,-123.470546430,1199.847000000,17,0.132000000,0.148000000,0.281000000
18:55:52,180719,50.735459373,-123.470546387,1199.823000000,17,0.132000000,0.148000000,0.281000000
18:55:53,180719,50.735459228,-123.470546402,1199.809000000,17,0.132000000,0.148000000,0.281000000
18:55:54,180719,50.735459135,-123.470546417,1199.806000000,17,0.132000000,0.148000000,0.281000000
18:55:55,180719,50.735459070,-123.470546485,1199.801000000,17,0.132000000,0.148000000,0.281000000
18:55:56,180719,50.735458975,-123.470546535,1199.787000000,17,0.132000000,0.148000000,0.281000000
18:55:57,180719,50.735458885,-123.470546573,1199.774000000,17,0.132000000,0.148000000,0.281000000
18:55:58,180719,50.735458833,-123.470546657,1199.769000000,17,0.132000000,0.148000000,0.281000000
18:55:59,180719,50.735458787,-123.470546718,1199.767000000,17,0.132000000,0.148000000,0.281000000
18:56:00,180719,50.735458715,-123.470546782,1199.758000000,17,0.132000000,0.148000000,0.281000000
18:56:01,180719,50.735458653,-123.470546797,1199.755000000,17,0.132000000,0.148000000,0.281000000
18:56:02,180719,50.735458585,-123.470546827,1199.756000000,17,0.132000000,0.148000000,0.281000000
18:56:03,180719,50.735458525,-123.470546862,1199.750000000,17,0.132000000,0.148000000,0.281000000
18:56:04,180719,50.735458482,-123.470546877,1199.748000000,17,0.132000000,0.148000000,0.281000000
18:56:05,180719,50.735458472,-123.470546887,1199.743000000,17,0.132000000,0.148000000,0.281000000
18:56:06,180719,50.735458487,-123.470546895,1199.744000000,17,0.132000000,0.148000000,0.281000000
18:56:07,180719,50.735458532,-123.470546917,1199.746000000,17,0.132000000,0.148000000,0.281000000
18:56:08,180719,50.735458573,-123.470546960,1199.745000000,17,0.132000000,0.148000000,0.281000000
18:56:09,180719,50.735458583,-123.470547013,1199.742000000,17,0.132000000,0.148000000,0.281000000
18:56:10,180719,50.735458627,-123.470547088,1199.739000000,17,0.132000000,0.148000000,0.281000000
18:56:11,180719,50.735458657,-123.470547152,1199.743000000,17,0.132000000,0.148000000,0.282000000
18:56:12,180719,50.735458680,-123.470547220,1199.751000000,17,0.132000000,0.148000000,0.282000000
18:56:13,180719,50.735458715,-123.470547268,1199.759000000,17,0.132000000,0.148000000,0.282000000
18:56:14,180719,50.735458748,-123.470547328,1199.777000000,17,0.132000000,0.148000000,0.282000000
18:56:15,180719,50.735458765,-123.470547368,1199.794000000,17,0.132000000,0.148000000,0.282000000
18:56:16,180719,50.735458735,-123.470547367,1199.799000000,17,0.132000000,0.148000000,0.282000000
18:56:17,180719,50.735458630,-123.470547317,1199.796000000,17,0.132000000,0.148000000,0.282000000
18:56:18,180719,50.735458512,-123.470547275,1199.797000000,17,0.132000000,0.148000000,0.282000000
18:56:19,180719,50.735458375,-123.470547267,1199.796000000,17,0.132000000,0.148000000,0.282000000
18:56:20,180719,50.735458270,-123.470547238,1199.803000000,17,0.132000000,0.148000000,0.282000000
18:56:21,180719,50.735458150,-123.470547230,1199.802000000,17,0.132000000,0.148000000,0.282000000
18:56:22,180719,50.735458073,-123.470547233,1199.802000000,17,0.132000000,0.148000000,0.282000000
18:56:23,180719,50.735458032,-123.470547265,1199.810000000,17,0.132000000,0.148000000,0.282000000
18:56:24,180719,50.735458020,-123.470547270,1199.820000000,17,0.132000000,0.148000000,0.282000000
18:56:25,180719,50.735457998,-123.470547272,1199.831000000,17,0.132000000,0.148000000,0.282000000
18:56:26,180719,50.735457998,-123.470547280,1199.846000000,17,0.132000000,0.148000000,0.282000000
18:56:27,180719,50.735458007,-123.470547287,1199.857000000,17,0.132000000,0.148000000,0.282000000
18:56:28,180719,50.735458010,-123.470547312,1199.867000000,17,0.132000000,0.148000000,0.282000000
18:56:29,180719,50.735458015,-123.470547335,1199.882000000,17,0.132000000,0.148000000,0.282000000
18:56:30,180719,50.735458018,-123.470547333,1199.895000000,17,0.132000000,0.148000000,0.282000000
18:56:31,180719,50.735458022,-123.470547255,1199.904000000,17,0.132000000,0.148000000,0.282000000
18:56:32,180719,50.735458000,-123.470547213,1199.915000000,17,0.132000000,0.148000000,0.282000000
18:56:33,180719,50.735458003,-123.470547190,1199.923000000,17,0.132000000,0.148000000,0.282000000
18:56:34,180719,50.735457995,-123.470547160,1199.933000000,17,0.132000000,0.148000000,0.282000000
18:56:35,180719,50.735457985,-123.470547105,1199.943000000,17,0.132000000,0.148000000,0.282000000
18:56:36,180719,50.735457973,-123.470547075,1199.952000000,17,0.132000000,0.148000000,0.282000000
18:56:37,180719,50.735457950,-123.470547043,1199.959000000,17,0.132000000,0.148000000,0.282000000
18:56:38,180719,50.735457910,-123.470546998,1199.975000000,17,0.132000000,0.148000000,0.282000000
18:56:39,180719,50.735457865,-123.470546950,1199.990000000,17,0.132000000,0.148000000,0.282000000
18:56:40,180719,50.735457835,-123.470546925,1200.005000000,17,0.132000000,0.148000000,0.282000000
18:56:41,180719,50.735457815,-123.470546898,1200.019000000,17,0.132000000,0.148000000,0.282000000
18:56:42,180719,50.735457790,-123.470546847,1200.034000000,17,0.132000000,0.148000000,0.282000000
18:56:43,180719,50.735457750,-123.470546812,1200.044000000,17,0.132000000,0.148000000,0.282000000
18:56:44,180719,50.735457757,-123.470546860,1200.041000000,17,0.132000000,0.148000000,0.282000000
18:56:45,180719,50.735457718,-123.470546880,1200.035000000,17,0.132000000,0.148000000,0.282000000
18:56:46,180719,50.735457668,-123.470546970,1200.029000000,17,0.132000000,0.148000000,0.282000000
18:56:47,180719,50.735457648,-123.470547002,1200.026000000,17,0.132000000,0.148000000,0.282000000
18:56:48,180719,50.735457638,-123.470547087,1200.022000000,17,0.132000000,0.148000000,0.282000000
18:56:49,180719,50.735457627,-123.470547122,1200.020000000,17,0.132000000,0.148000000,0.282000000
18:56:50,180719,50.735457605,-123.470547152,1200.029000000,17,0.132000000,0.148000000,0.282000000
18:56:51,180719,50.735457612,-123.470547112,1200.044000000,17,0.132000000,0.148000000,0.282000000
18:56:52,180719,50.735457592,-123.470547078,1200.058000000,17,0.132000000,0.148000000,0.282000000
18:56:53,180719,50.735457582,-123.470546987,1200.078000000,17,0.132000000,0.148000000,0.282000000
18:56:54,180719,50.735457570,-123.470546898,1200.095000000,17,0.132000000,0.148000000,0.282000000
18:56:55,180719,50.735457553,-123.470546842,1200.107000000,17,0.132000000,0.148000000,0.282000000
18:56:56,180719,50.735457517,-123.470546778,1200.122000000,17,0.132000000,0.148000000,0.282000000
18:56:57,180719,50.735457477,-123.470546727,1200.137000000,17,0.132000000,0.148000000,0.282000000
18:56:58,180719,50.735457428,-123.470546718,1200.148000000,17,0.132000000,0.148000000,0.282000000
18:56:59,180719,50.735457373,-123.470546712,1200.158000000,17,0.132000000,0.148000000,0.282000000
18:57:00,180719,50.735457362,-123.470546720,1200.162000000,17,0.132000000,0.148000000,0.282000000
18:57:01,180719,50.735457335,-123.470546750,1200.164000000,17,0.132000000,0.148000000,0.282000000
18:57:02,180719,50.735457320,-123.470546750,1200.166000000,17,0.132000000,0.148000000,0.282000000
18:57:03,180719,50.735457288,-123.470546760,1200.170000000,17,0.132000000,0.148000000,0.282000000
18:57:04,180719,50.735457260,-123.470546745,1200.176000000,17,0.132000000,0.148000000,0.282000000
18:57:05,180719,50.735457240,-123.470546710,1200.188000000,17,0.132000000,0.148000000,0.282000000
18:57:06,180719,50.735457222,-123.470546710,1200.195000000,17,0.132000000,0.148000000,0.282000000
18:57:07,180719,50.735457198,-123.470546725,1200.195000000,17,0.132000000,0.148000000,0.282000000
18:57:08,180719,50.735457198,-123.470546698,1200.194000000,17,0.132000000,0.148000000,0.282000000
18:57:09,180719,50.735457237,-123.470546623,1200.199000000,17,0.132000000,0.148000000,0.282000000
18:57:10,180719,50.735457263,-123.470546570,1200.200000000,17,0.132000000,0.148000000,0.282000000
18:57:11,180719,50.735457298,-123.470546527,1200.205000000,17,0.132000000,0.148000000,0.282000000
18:57:12,180719,50.735457305,-123.470546472,1200.209000000,17,0.132000000,0.148000000,0.282000000
18:57:13,180719,50.735457315,-123.470546457,1200.212000000,17,0.132000000,0.148000000,0.282000000
18:57:14,180719,50.735457308,-123.470546422,1200.219000000,17,0.132000000,0.148000000,0.282000000
18:57:15,180719,50.735457292,-123.470546437,1200.221000000,17,0.132000000,0.148000000,0.282000000
18:57:16,180719,50.735457298,-123.470546413,1200.219000000,17,0.132000000,0.148000000,0.282000000
18:57:17,180719,50.735457287,-123.470546375,1200.217000000,17,0.132000000,0.148000000,0.282000000
18:57:18,180719,50.735457293,-123.470546370,1200.213000000,17,0.132000000,0.148000000,0.282000000
18:57:19,180719,50.735457288,-123.470546380,1200.212000000,17,0.132000000,0.148000000,0.282000000
18:57:20,180719,50.735457280,-123.470546410,1200.209000000,17,0.132000000,0.148000000,0.282000000
18:57:21,180719,50.735457288,-123.470546465,1200.210000000,17,0.132000000,0.148000000,0.282000000
18:57:22,180719,50.735457295,-123.470546488,1200.208000000,17,0.132000000,0.148000000,0.282000000
18:57:23,180719,50.735457287,-123.470546523,1200.207000000,17,0.132000000,0.148000000,0.282000000
18:57:24,180719,50.735457278,-123.470546513,1200.207000000,17,0.132000000,0.148000000,0.282000000
18:57:25,180719,50.735457287,-123.470546525,1200.204000000,17,0.132000000,0.148000000,0.282000000
18:57:26,180719,50.735457275,-123.470546563,1200.200000000,17,0.132000000,0.148000000,0.282000000
18:57:27,180719,50.735457270,-123.470546573,1200.197000000,17,0.132000000,0.148000000,0.282000000
18:57:28,180719,50.735457255,-123.470546605,1200.201000000,17,0.132000000,0.148000000,0.282000000
18:57:29,180719,50.735457270,-123.470546637,1200.202000000,17,0.132000000,0.148000000,0.282000000
18:57:30,180719,50.735457268,-123.470546702,1200.205000000,17,0.132000000,0.148000000,0.282000000
18:57:31,180719,50.735457263,-123.470546767,1200.202000000,17,0.132000000,0.148000000,0.282000000
18:57:32,180719,50.735457280,-123.470546808,1200.196000000,17,0.132000000,0.148000000,0.282000000
18:57:33,180719,50.735457315,-123.470546832,1200.189000000,17,0.132000000,0.148000000,0.282000000
18:57:34,180719,50.735457348,-123.470546843,1200.180000000,17,0.132000000,0.148000000,0.282000000
18:57:35,180719,50.735457385,-123.470546840,1200.176000000,17,0.132000000,0.148000000,0.282000000
18:57:36,180719,50.735457425,-123.470546837,1200.172000000,17,0.132000000,0.148000000,0.282000000
18:57:37,180719,50.735457477,-123.470546807,1200.173000000,17,0.132000000,0.148000000,0.282000000
18:57:38,180719,50.735457497,-123.470546835,1200.172000000,17,0.132000000,0.149000000,0.282000000
18:57:39,180719,50.735457522,-123.470546823,1200.174000000,17,0.132000000,0.149000000,0.282000000
18:57:40,180719,50.735457535,-123.470546848,1200.177000000,17,0.132000000,0.149000000,0.282000000
18:57:41,180719,50.735457538,-123.470546872,1200.181000000,17,0.132000000,0.149000000,0.282000000
18:57:42,180719,50.735457532,-123.470546920,1200.186000000,17,0.132000000,0.149000000,0.282000000
18:57:43,180719,50.735457550,-123.470546985,1200.184000000,17,0.132000000,0.149000000,0.282000000
18:57:44,180719,50.735457542,-123.470547065,1200.181000000,17,0.132000000,0.149000000,0.282000000
18:57:45,180719,50.735457527,-123.470547132,1200.181000000,17,0.132000000,0.149000000,0.282000000
18:57:46,180719,50.735457518,-123.470547150,1200.183000000,17,0.132000000,0.149000000,0.282000000
18:57:47,180719,50.735457538,-123.470547150,1200.180000000,17,0.132000000,0.149000000,0.282000000
18:57:48,180719,50.735457555,-123.470547173,1200.175000000,17,0.132000000,0.149000000,0.282000000
18:57:49,180719,50.735457533,-123.470547210,1200.174000000,17,0.132000000,0.149000000,0.282000000
18:57:50,180719,50.735457518,-123.470547227,1200.173000000,17,0.132000000,0.149000000,0.282000000
18:57:51,180719,50.735457508,-123.470547290,1200.177000000,17,0.132000000,0.149000000,0.282000000
18:57:52,180719,50.735457490,-123.470547345,1200.175000000,17,0.132000000,0.149000000,0.282000000
18:57:53,180719,50.735457462,-123.470547377,1200.178000000,17,0.132000000,0.149000000,0.282000000
18:57:54,180719,50.735457455,-123.470547408,1200.176000000,17,0.132000000,0.149000000,0.282000000
18:57:55,180719,50.735457470,-123.470547432,1200.170000000,17,0.132000000,0.149000000,0.282000000
18:57:56,180719,50.735457487,-123.470547433,1200.167000000,17,0.132000000,0.149000000,0.282000000
18:57:57,180719,50.735457540,-123.470547458,1200.160000000,17,0.132000000,0.149000000,0.282000000
18:57:58,180719,50.735457590,-123.470547467,1200.152000000,17,0.132000000,0.149000000,0.282000000
18:57:59,180719,50.735457632,-123.470547477,1200.143000000,17,0.132000000,0.149000000,0.282000000
18:58:00,180719,50.735457647,-123.470547497,1200.140000000,17,0.132000000,0.149000000,0.282000000
18:58:01,180719,50.735457672,-123.470547457,1200.141000000,17,0.132000000,0.149000000,0.282000000
18:58:02,180719,50.735457677,-123.470547460,1200.142000000,17,0.132000000,0.149000000,0.282000000
18:58:03,180719,50.735457678,-123.470547437,1200.143000000,17,0.132000000,0.149000000,0.282000000
18:58:04,180719,50.735457703,-123.470547378,1200.145000000,17,0.132000000,0.149000000,0.282000000
18:58:05,180719,50.735457740,-123.470547327,1200.143000000,17,0.132000000,0.149000000,0.282000000
18:58:06,180719,50.735457750,-123.470547298,1200.144000000,17,0.132000000,0.149000000,0.282000000
18:58:07,180719,50.735457733,-123.470547278,1200.147000000,17,0.132000000,0.149000000,0.282000000
18:58:08,180719,50.735457722,-123.470547265,1200.150000000,17,0.132000000,0.149000000,0.282000000
18:58:09,180719,50.735457707,-123.470547217,1200.151000000,17,0.132000000,0.149000000,0.282000000
18:58:10,180719,50.735457683,-123.470547223,1200.150000000,17,0.132000000,0.149000000,0.282000000
18:58:11,180719,50.735457682,-123.470547188,1200.154000000,17,0.132000000,0.149000000,0.282000000
18:58:12,180719,50.735457693,-123.470547173,1200.152000000,17,0.132000000,0.149000000,0.282000000
18:58:13,180719,50.735457695,-123.470547112,1200.152000000,17,0.132000000,0.149000000,0.282000000
18:58:14,180719,50.735457695,-123.470547057,1200.154000000,17,0.132000000,0.149000000,0.282000000
18:58:15,180719,50.735457683,-123.470547000,1200.159000000,17,0.132000000,0.149000000,0.282000000
18:58:16,180719,50.735457687,-123.470546965,1200.164000000,17,0.132000000,0.149000000,0.282000000
18:58:17,180719,50.735457672,-123.470546953,1200.169000000,17,0.132000000,0.149000000,0.282000000
18:58:18,180719,50.735457677,-123.470546950,1200.171000000,17,0.132000000,0.149000000,0.282000000
18:58:19,180719,50.735457660,-123.470546938,1200.177000000,17,0.132000000,0.149000000,0.282000000
18:58:20,180719,50.735457648,-123.470546940,1200.185000000,17,0.132000000,0.149000000,0.282000000
18:58:21,180719,50.735457645,-123.470546930,1200.194000000,17,0.132000000,0.149000000,0.282000000
18:58:22,180719,50.735457672,-123.470546912,1200.208000000,17,0.132000000,0.149000000,0.282000000
18:58:23,180719,50.735457713,-123.470546890,1200.216000000,17,0.132000000,0.149000000,0.282000000
18:58:24,180719,50.735457757,-123.470546822,1200.222000000,17,0.132000000,0.149000000,0.282000000
18:58:25,180719,50.735457813,-123.470546763,1200.227000000,17,0.132000000,0.149000000,0.282000000
18:58:26,180719,50.735457838,-123.470546700,1200.235000000,17,0.132000000,0.149000000,0.282000000
18:58:27,180719,50.735457867,-123.470546665,1200.236000000,17,0.132000000,0.149000000,0.282000000
18:58:28,180719,50.735457888,-123.470546672,1200.241000000,17,0.132000000,0.149000000,0.282000000
18:58:29,180719,50.735457910,-123.470546680,1200.242000000,17,0.132000000,0.149000000,0.282000000
18:58:30,180719,50.735457907,-123.470546662,1200.247000000,17,0.132000000,0.149000000,0.282000000
18:58:31,180719,50.735457905,-123.470546637,1200.250000000,17,0.132000000,0.149000000,0.282000000
18:58:32,180719,50.735457900,-123.470546623,1200.250000000,17,0.132000000,0.149000000,0.282000000
18:58:33,180719,50.735457865,-123.470546590,1200.247000000,17,0.132000000,0.149000000,0.282000000
18:58:34,180719,50.735457825,-123.470546570,1200.246000000,17,0.132000000,0.149000000,0.282000000
18:58:35,180719,50.735457783,-123.470546552,1200.242000000,17,0.132000000,0.149000000,0.282000000
18:58:36,180719,50.735457735,-123.470546515,1200.243000000,17,0.132000000,0.149000000,0.282000000
18:58:37,180719,50.735457690,-123.470546487,1200.243000000,17,0.132000000,0.149000000,0.282000000
18:58:38,180719,50.735457673,-123.470546442,1200.243000000,17,0.132000000,0.149000000,0.282000000
18:58:39,180719,50.735457652,-123.470546402,1200.243000000,17,0.132000000,0.149000000,0.282000000
18:58:40,180719,50.735457662,-123.470546368,1200.237000000,17,0.132000000,0.149000000,0.282000000
18:58:41,180719,50.735457655,-123.470546327,1200.235000000,17,0.132000000,0.149000000,0.282000000
18:58:42,180719,50.735457655,-123.470546303,1200.232000000,17,0.132000000,0.149000000,0.282000000
18:58:43,180719,50.735457668,-123.470546267,1200.229000000,17,0.132000000,0.149000000,0.282000000
18:58:44,180719,50.735457678,-123.470546252,1200.227000000,17,0.132000000,0.149000000,0.282000000
18:58:45,180719,50.735457692,-123.470546240,1200.224000000,17,0.132000000,0.149000000,0.282000000
18:58:46,180719,50.735457693,-123.470546232,1200.228000000,17,0.132000000,0.149000000,0.282000000
18:58:47,180719,50.735457675,-123.470546215,1200.232000000,17,0.132000000,0.149000000,0.282000000
18:58:48,180719,50.735457670,-123.470546215,1200.229000000,17,0.132000000,0.149000000,0.282000000
18:58:49,180719,50.735457665,-123.470546193,1200.227000000,17,0.132000000,0.149000000,0.282000000
18:58:50,180719,50.735457680,-123.470546183,1200.223000000,17,0.132000000,0.149000000,0.282000000
18:58:51,180719,50.735457680,-123.470546163,1200.219000000,17,0.132000000,0.149000000,0.282000000
18:58:52,180719,50.735457703,-123.470546167,1200.216000000,17,0.132000000,0.149000000,0.282000000
18:58:53,180719,50.735457728,-123.470546158,1200.214000000,17,0.132000000,0.149000000,0.282000000
18:58:54,180719,50.735457742,-123.470546150,1200.212000000,17,0.132000000,0.149000000,0.282000000
18:58:55,180719,50.735457783,-123.470546155,1200.204000000,17,0.132000000,0.149000000,0.282000000
18:58:56,180719,50.735457822,-123.470546137,1200.198000000,17,0.132000000,0.149000000,0.282000000
18:58:57,180719,50.735457858,-123.470546120,1200.195000000,17,0.132000000,0.149000000,0.282000000
18:58:58,180719,50.735457872,-123.470546128,1200.194000000,17,0.132000000,0.149000000,0.282000000
18:58:59,180719,50.735457882,-123.470546140,1200.190000000,17,0.132000000,0.149000000,0.282000000
18:59:00,180719,50.735457908,-123.470546153,1200.190000000,17,0.132000000,0.149000000,0.282000000
18:59:01,180719,50.735457940,-123.470546172,1200.182000000,17,0.132000000,0.149000000,0.282000000
18:59:02,180719,50.735457933,-123.470546165,1200.181000000,18,0.123000000,0.138000000,0.264000000
18:59:03,180719,50.735457973,-123.470546155,1200.177000000,18,0.123000000,0.138000000,0.264000000
18:59:04,180719,50.735458015,-123.470546158,1200.177000000,18,0.123000000,0.138000000,0.264000000
18:59:05,180719,50.735458023,-123.470546148,1200.176000000,18,0.123000000,0.138000000,0.264000000
18:59:06,180719,50.735458005,-123.470546142,1200.179000000,18,0.123000000,0.138000000,0.264000000
18:59:07,180719,50.735457992,-123.470546123,1200.186000000,18,0.123000000,0.138000000,0.264000000
18:59:08,180719,50.735457973,-123.470546103,1200.195000000,18,0.123000000,0.138000000,0.264000000
18:59:09,180719,50.735457973,-123.470546075,1200.196000000,17,0.132000000,0.149000000,0.282000000
18:59:10,180719,50.735458022,-123.470546052,1200.193000000,17,0.132000000,0.149000000,0.282000000
18:59:11,180719,50.735458055,-123.470546023,1200.185000000,17,0.132000000,0.149000000,0.282000000
18:59:12,180719,50.735458092,-123.470545978,1200.183000000,17,0.132000000,0.149000000,0.282000000
18:59:13,180719,50.735458140,-123.470545950,1200.183000000,17,0.132000000,0.149000000,0.282000000
18:59:14,180719,50.735458157,-123.470545972,1200.181000000,17,0.132000000,0.149000000,0.282000000
18:59:15,180719,50.735458162,-123.470545977,1200.182000000,17,0.132000000,0.149000000,0.282000000
18:59:16,180719,50.735458140,-123.470545995,1200.183000000,17,0.132000000,0.149000000,0.282000000
18:59:17,180719,50.735458122,-123.470546000,1200.185000000,17,0.132000000,0.149000000,0.282000000
18:59:18,180719,50.735458127,-123.470546013,1200.188000000,17,0.132000000,0.149000000,0.282000000
18:59:19,180719,50.735458137,-123.470546015,1200.186000000,17,0.132000000,0.149000000,0.282000000
18:59:20,180719,50.735458142,-123.470546000,1200.186000000,17,0.132000000,0.149000000,0.282000000
18:59:21,180719,50.735458172,-123.470545972,1200.186000000,17,0.132000000,0.149000000,0.282000000
18:59:22,180719,50.735458192,-123.470545937,1200.187000000,17,0.132000000,0.149000000,0.282000000
18:59:23,180719,50.735458223,-123.470545928,1200.187000000,17,0.132000000,0.149000000,0.282000000
18:59:24,180719,50.735458247,-123.470545923,1200.188000000,17,0.132000000,0.149000000,0.282000000
18:59:25,180719,50.735458252,-123.470545923,1200.191000000,17,0.132000000,0.149000000,0.282000000
18:59:26,180719,50.735458250,-123.470545947,1200.192000000,17,0.132000000,0.149000000,0.282000000
18:59:27,180719,50.735458230,-123.470545953,1200.196000000,17,0.132000000,0.149000000,0.282000000
18:59:28,180719,50.735458228,-123.470545937,1200.198000000,17,0.132000000,0.149000000,0.282000000
18:59:29,180719,50.735458217,-123.470545932,1200.201000000,17,0.132000000,0.149000000,0.282000000
18:59:30,180719,50.735458207,-123.470545928,1200.204000000,17,0.132000000,0.149000000,0.283000000
18:59:31,180719,50.735458208,-123.470545937,1200.209000000,17,0.132000000,0.149000000,0.283000000
18:59:32,180719,50.735458223,-123.470545908,1200.206000000,17,0.132000000,0.149000000,0.283000000
18:59:33,180719,50.735458228,-123.470545885,1200.206000000,17,0.132000000,0.149000000,0.283000000
18:59:34,180719,50.735458252,-123.470545877,1200.204000000,17,0.132000000,0.149000000,0.283000000
18:59:35,180719,50.735458260,-123.470545880,1200.203000000,17,0.132000000,0.149000000,0.283000000
18:59:36,180719,50.735458268,-123.470545867,1200.204000000,17,0.132000000,0.149000000,0.283000000
18:59:37,180719,50.735458285,-123.470545870,1200.201000000,17,0.132000000,0.149000000,0.283000000
18:59:38,180719,50.735458292,-123.470545860,1200.200000000,17,0.132000000,0.149000000,0.283000000
18:59:39,180719,50.735458307,-123.470545817,1200.196000000,17,0.132000000,0.149000000,0.283000000
18:59:40,180719,50.735458328,-123.470545807,1200.193000000,17,0.132000000,0.149000000,0.283000000
18:59:41,180719,50.735458350,-123.470545800,1200.188000000,17,0.132000000,0.149000000,0.283000000
18:59:42,180719,50.735458350,-123.470545790,1200.185000000,17,0.132000000,0.150000000,0.283000000
18:59:43,180719,50.735458342,-123.470545787,1200.185000000,17,0.132000000,0.150000000,0.283000000
18:59:44,180719,50.735458313,-123.470545822,1200.185000000,17,0.132000000,0.150000000,0.283000000
18:59:45,180719,50.735458282,-123.470545848,1200.185000000,17,0.132000000,0.150000000,0.283000000
18:59:46,180719,50.735458257,-123.470545872,1200.190000000,17,0.132000000,0.150000000,0.283000000
18:59:47,180719,50.735458237,-123.470545893,1200.189000000,17,0.132000000,0.150000000,0.283000000
18:59:48,180719,50.735458227,-123.470545923,1200.186000000,17,0.132000000,0.150000000,0.283000000
18:59:49,180719,50.735458237,-123.470545942,1200.185000000,17,0.132000000,0.150000000,0.283000000
18:59:50,180719,50.735458263,-123.470545942,1200.178000000,17,0.132000000,0.150000000,0.283000000
18:59:51,180719,50.735458288,-123.470545930,1200.168000000,17,0.132000000,0.150000000,0.283000000
18:59:52,180719,50.735458327,-123.470545982,1200.164000000,17,0.132000000,0.150000000,0.283000000
18:59:53,180719,50.735458358,-123.470546005,1200.165000000,17,0.132000000,0.150000000,0.283000000
18:59:54,180719,50.735458362,-123.470545988,1200.166000000,17,0.132000000,0.150000000,0.283000000
18:59:55,180719,50.735458367,-123.470545980,1200.168000000,17,0.132000000,0.150000000,0.283000000
18:59:56,180719,50.735458393,-123.470545958,1200.170000000,17,0.132000000,0.150000000,0.283000000
18:59:57,180719,50.735458398,-123.470545950,1200.172000000,17,0.132000000,0.150000000,0.283000000
18:59:58,180719,50.735458427,-123.470545927,1200.175000000,17,0.132000000,0.150000000,0.283000000
18:59:59,180719,50.735458445,-123.470545913,1200.177000000,17,0.132000000,0.150000000,0.283000000
19:00:00,180719,50.735458460,-123.470545847,1200.180000000,17,0.132000000,0.150000000,0.283000000
19:00:01,180719,50.735458457,-123.470545828,1200.181000000,17,0.132000000,0.150000000,0.283000000
19:00:02,180719,50.735458473,-123.470545825,1200.179000000,17,0.132000000,0.150000000,0.283000000
19:00:03,180719,50.735458463,-123.470545828,1200.181000000,17,0.132000000,0.150000000,0.283000000
19:00:04,180719,50.735458472,-123.470545850,1200.178000000,17,0.132000000,0.150000000,0.283000000
19:00:05,180719,50.735458462,-123.470545867,1200.178000000,17,0.132000000,0.150000000,0.283000000
19:00:06,180719,50.735458407,-123.470545895,1200.181000000,17,0.132000000,0.150000000,0.283000000
19:00:07,180719,50.735458390,-123.470545910,1200.182000000,17,0.132000000,0.150000000,0.283000000
19:00:08,180719,50.735458395,-123.470545943,1200.178000000,17,0.132000000,0.150000000,0.283000000
19:00:09,180719,50.735458372,-123.470545980,1200.179000000,17,0.132000000,0.150000000,0.283000000
19:00:10,180719,50.735458387,-123.470546010,1200.177000000,17,0.132000000,0.150000000,0.283000000
19:00:11,180719,50.735458400,-123.470545992,1200.178000000,17,0.132000000,0.150000000,0.283000000
19:00:12,180719,50.735458385,-123.470545995,1200.178000000,17,0.132000000,0.150000000,0.283000000
19:00:13,180719,50.735458398,-123.470546022,1200.177000000,17,0.132000000,0.150000000,0.283000000
19:00:14,180719,50.735458405,-123.470546013,1200.178000000,17,0.132000000,0.150000000,0.283000000
19:00:15,180719,50.735458390,-123.470546047,1200.177000000,17,0.132000000,0.150000000,0.283000000
19:00:16,180719,50.735458393,-123.470546060,1200.175000000,17,0.132000000,0.150000000,0.283000000
19:00:17,180719,50.735458415,-123.470546075,1200.172000000,17,0.132000000,0.150000000,0.283000000
19:00:18,180719,50.735458447,-123.470546088,1200.172000000,17,0.132000000,0.150000000,0.283000000
19:00:19,180719,50.735458478,-123.470546095,1200.173000000,17,0.132000000,0.150000000,0.283000000
19:00:20,180719,50.735458520,-123.470546110,1200.169000000,17,0.132000000,0.150000000,0.283000000
19:00:21,180719,50.735458558,-123.470546107,1200.171000000,17,0.132000000,0.150000000,0.283000000
19:00:22,180719,50.735458593,-123.470546105,1200.170000000,17,0.132000000,0.150000000,0.283000000
19:00:23,180719,50.735458623,-123.470546110,1200.166000000,17,0.132000000,0.150000000,0.283000000
19:00:24,180719,50.735458630,-123.470546095,1200.166000000,17,0.132000000,0.150000000,0.283000000
19:00:25,180719,50.735458655,-123.470546058,1200.165000000,17,0.132000000,0.150000000,0.283000000
19:00:26,180719,50.735458653,-123.470546035,1200.167000000,17,0.132000000,0.150000000,0.283000000
19:00:27,180719,50.735458653,-123.470546048,1200.171000000,17,0.132000000,0.150000000,0.283000000
19:00:28,180719,50.735458635,-123.470546055,1200.176000000,17,0.132000000,0.150000000,0.283000000
19:00:29,180719,50.735458618,-123.470546055,1200.179000000,17,0.132000000,0.150000000,0.283000000
19:00:30,180719,50.735458605,-123.470546053,1200.185000000,17,0.132000000,0.150000000,0.283000000
19:00:31,180719,50.735458607,-123.470546052,1200.187000000,17,0.132000000,0.150000000,0.283000000
19:00:32,180719,50.735458617,-123.470546072,1200.190000000,17,0.132000000,0.150000000,0.283000000
19:00:33,180719,50.735458630,-123.470546072,1200.189000000,17,0.132000000,0.150000000,0.283000000
19:00:34,180719,50.735458643,-123.470546055,1200.191000000,17,0.132000000,0.150000000,0.283000000
19:00:35,180719,50.735458673,-123.470546085,1200.187000000,17,0.132000000,0.150000000,0.283000000
19:00:36,180719,50.735458675,-123.470546062,1200.187000000,17,0.132000000,0.150000000,0.283000000
19:00:37,180719,50.735458677,-123.470546043,1200.189000000,17,0.132000000,0.150000000,0.283000000
19:00:38,180719,50.735458682,-123.470546068,1200.193000000,17,0.132000000,0.150000000,0.283000000
19:00:39,180719,50.735458715,-123.470546073,1200.190000000,17,0.132000000,0.150000000,0.283000000
19:00:40,180719,50.735458738,-123.470546042,1200.187000000,17,0.132000000,0.150000000,0.283000000
19:00:41,180719,50.735458767,-123.470546003,1200.187000000,17,0.132000000,0.150000000,0.283000000
19:00:42,180719,50.735458798,-123.470546005,1200.185000000,18,0.123000000,0.138000000,0.264000000
19:00:43,180719,50.735458815,-123.470545980,1200.185000000,18,0.123000000,0.138000000,0.264000000
19:00:44,180719,50.735458828,-123.470545970,1200.186000000,18,0.123000000,0.138000000,0.264000000
19:00:45,180719,50.735458818,-123.470545963,1200.185000000,18,0.123000000,0.138000000,0.265000000
19:00:46,180719,50.735458825,-123.470545993,1200.181000000,18,0.123000000,0.138000000,0.265000000
19:00:47,180719,50.735458813,-123.470546010,1200.179000000,18,0.123000000,0.138000000,0.265000000
19:00:48,180719,50.735458838,-123.470546012,1200.180000000,18,0.123000000,0.138000000,0.265000000
19:00:49,180719,50.735458863,-123.470546057,1200.175000000,18,0.123000000,0.138000000,0.265000000
19:00:50,180719,50.735458880,-123.470546070,1200.169000000,18,0.123000000,0.138000000,0.265000000
19:00:51,180719,50.735458893,-123.470546038,1200.169000000,18,0.123000000,0.138000000,0.265000000
19:00:52,180719,50.735458942,-123.470546088,1200.162000000,18,0.123000000,0.138000000,0.265000000
19:00:53,180719,50.735458957,-123.470546070,1200.160000000,18,0.123000000,0.138000000,0.265000000
19:00:54,180719,50.735458980,-123.470546038,1200.154000000,18,0.123000000,0.138000000,0.265000000
19:00:55,180719,50.735459018,-123.470546033,1200.148000000,18,0.123000000,0.138000000,0.265000000
19:00:56,180719,50.735459048,-123.470546033,1200.144000000,18,0.123000000,0.138000000,0.265000000
19:00:57,180719,50.735459080,-123.470546045,1200.138000000,18,0.123000000,0.139000000,0.265000000
19:00:58,180719,50.735459103,-123.470546040,1200.138000000,18,0.123000000,0.139000000,0.265000000
19:00:59,180719,50.735459123,-123.470546035,1200.138000000,18,0.123000000,0.139000000,0.265000000
19:01:00,180719,50.735459138,-123.470546030,1200.136000000,18,0.123000000,0.139000000,0.265000000
19:01:01,180719,50.735459163,-123.470546010,1200.132000000,18,0.123000000,0.139000000,0.265000000
19:01:02,180719,50.735459180,-123.470546003,1200.132000000,18,0.123000000,0.139000000,0.265000000
19:01:03,180719,50.735459197,-123.470545977,1200.132000000,18,0.123000000,0.139000000,0.265000000
19:01:04,180719,50.735459213,-123.470545935,1200.135000000,18,0.123000000,0.139000000,0.265000000
19:01:05,180719,50.735459217,-123.470545950,1200.130000000,18,0.123000000,0.139000000,0.265000000
19:01:06,180719,50.735459217,-123.470545963,1200.130000000,18,0.123000000,0.139000000,0.265000000
19:01:07,180719,50.735459218,-123.470545962,1200.129000000,18,0.123000000,0.139000000,0.265000000
19:01:08,180719,50.735459218,-123.470546010,1200.124000000,18,0.123000000,0.139000000,0.265000000
19:01:09,180719,50.735459218,-123.470545968,1200.124000000,18,0.123000000,0.139000000,0.265000000
19:01:10,180719,50.735459213,-123.470545958,1200.119000000,18,0.123000000,0.139000000,0.265000000
19:01:11,180719,50.735459188,-123.470545940,1200.118000000,18,0.123000000,0.139000000,0.265000000
19:01:12,180719,50.735459188,-123.470545975,1200.115000000,18,0.123000000,0.139000000,0.265000000
19:01:13,180719,50.735459205,-123.470545993,1200.114000000,18,0.123000000,0.139000000,0.265000000
19:01:14,180719,50.735459203,-123.470545977,1200.113000000,18,0.123000000,0.139000000,0.265000000
19:01:15,180719,50.735459222,-123.470545963,1200.110000000,18,0.123000000,0.139000000,0.265000000
19:01:16,180719,50.735459248,-123.470545960,1200.111000000,18,0.123000000,0.139000000,0.265000000
19:01:17,180719,50.735459293,-123.470545955,1200.107000000,18,0.123000000,0.139000000,0.265000000
19:01:18,180719,50.735459332,-123.470545915,1200.108000000,18,0.123000000,0.139000000,0.265000000
19:01:19,180719,50.735459350,-123.470545925,1200.109000000,18,0.123000000,0.139000000,0.265000000
19:01:20,180719,50.735459397,-123.470545868,1200.106000000,18,0.123000000,0.139000000,0.265000000
19:01:21,180719,50.735459428,-123.470545867,1200.102000000,18,0.123000000,0.139000000,0.265000000
19:01:22,180719,50.735459437,-123.470545847,1200.101000000,18,0.123000000,0.139000000,0.265000000
19:01:23,180719,50.735459435,-123.470545812,1200.099000000,18,0.123000000,0.139000000,0.265000000
19:01:24,180719,50.735459427,-123.470545852,1200.105000000,18,0.123000000,0.139000000,0.265000000
19:01:25,180719,50.735459425,-123.470545883,1200.102000000,18,0.123000000,0.139000000,0.265000000
19:01:26,180719,50.735459425,-123.470545903,1200.099000000,18,0.123000000,0.139000000,0.265000000
19:01:27,180719,50.735459428,-123.470545915,1200.099000000,18,0.123000000,0.139000000,0.265000000
19:01:28,180719,50.735459417,-123.470545933,1200.098000000,18,0.123000000,0.139000000,0.265000000
19:01:29,180719,50.735459442,-123.470545920,1200.091000000,18,0.123000000,0.139000000,0.265000000
19:01:30,180719,50.735459443,-123.470545930,1200.090000000,18,0.123000000,0.139000000,0.265000000
19:01:31,180719,50.735459463,-123.470545922,1200.089000000,18,0.123000000,0.139000000,0.265000000
19:01:32,180719,50.735459482,-123.470545923,1200.084000000,18,0.123000000,0.139000000,0.265000000
19:01:33,180719,50.735459488,-123.470545875,1200.083000000,18,0.123000000,0.139000000,0.265000000
19:01:34,180719,50.735459485,-123.470545887,1200.078000000,18,0.123000000,0.139000000,0.265000000
19:01:35,180719,50.735459493,-123.470545852,1200.072000000,18,0.123000000,0.139000000,0.265000000
19:01:36,180719,50.735459497,-123.470545818,1200.066000000,18,0.123000000,0.139000000,0.265000000
19:01:37,180719,50.735459497,-123.470545837,1200.062000000,18,0.123000000,0.139000000,0.265000000
19:01:38,180719,50.735459485,-123.470545812,1200.066000000,18,0.123000000,0.139000000,0.265000000
19:01:39,180719,50.735459483,-123.470545827,1200.064000000,18,0.123000000,0.139000000,0.265000000
19:01:40,180719,50.735459483,-123.470545843,1200.062000000,18,0.123000000,0.139000000,0.265000000
19:01:41,180719,50.735459490,-123.470545857,1200.058000000,18,0.123000000,0.139000000,0.265000000
19:01:42,180719,50.735459500,-123.470545857,1200.060000000,18,0.123000000,0.139000000,0.265000000
19:01:43,180719,50.735459527,-123.470545820,1200.058000000,18,0.123000000,0.139000000,0.265000000
19:01:44,180719,50.735459533,-123.470545795,1200.055000000,18,0.123000000,0.139000000,0.265000000
19:01:45,180719,50.735459535,-123.470545812,1200.051000000,18,0.123000000,0.139000000,0.265000000
19:01:46,180719,50.735459522,-123.470545813,1200.050000000,18,0.123000000,0.139000000,0.265000000
19:01:47,180719,50.735459510,-123.470545763,1200.050000000,18,0.123000000,0.139000000,0.265000000
19:01:48,180719,50.735459490,-123.470545763,1200.051000000,18,0.123000000,0.139000000,0.265000000
19:01:49,180719,50.735459522,-123.470545765,1200.046000000,18,0.123000000,0.139000000,0.265000000
19:01:50,180719,50.735459503,-123.470545748,1200.048000000,18,0.123000000,0.139000000,0.265000000
19:01:51,180719,50.735459468,-123.470545705,1200.050000000,18,0.123000000,0.139000000,0.265000000
19:01:52,180719,50.735459453,-123.470545715,1200.052000000,18,0.123000000,0.139000000,0.265000000
19:01:53,180719,50.735459452,-123.470545722,1200.048000000,18,0.123000000,0.139000000,0.265000000
19:01:54,180719,50.735459442,-123.470545708,1200.050000000,18,0.123000000,0.139000000,0.265000000
19:01:55,180719,50.735459428,-123.470545750,1200.050000000,18,0.123000000,0.139000000,0.265000000
19:01:56,180719,50.735459403,-123.470545775,1200.046000000,18,0.123000000,0.139000000,0.265000000
19:01:57,180719,50.735459397,-123.470545787,1200.041000000,18,0.123000000,0.139000000,0.265000000
19:01:58,180719,50.735459370,-123.470545800,1200.042000000,18,0.123000000,0.139000000,0.265000000
19:01:59,180719,50.735459362,-123.470545788,1200.039000000,18,0.123000000,0.139000000,0.265000000
19:02:00,180719,50.735459362,-123.470545748,1200.036000000,18,0.123000000,0.139000000,0.265000000
19:02:01,180719,50.735459393,-123.470545703,1200.033000000,18,0.123000000,0.139000000,0.265000000
19:02:02,180719,50.735459417,-123.470545720,1200.029000000,18,0.123000000,0.139000000,0.265000000
19:02:03,180719,50.735459397,-123.470545708,1200.033000000,18,0.123000000,0.139000000,0.265000000
19:02:04,180719,50.735459403,-123.470545672,1200.034000000,18,0.123000000,0.139000000,0.265000000
19:02:05,180719,50.735459407,-123.470545645,1200.037000000,18,0.123000000,0.139000000,0.265000000
19:02:06,180719,50.735459403,-123.470545658,1200.041000000,18,0.123000000,0.139000000,0.265000000
19:02:07,180719,50.735459373,-123.470545640,1200.040000000,18,0.123000000,0.139000000,0.265000000
19:02:08,180719,50.735459342,-123.470545648,1200.034000000,18,0.123000000,0.139000000,0.265000000
19:02:09,180719,50.735459333,-123.470545655,1200.036000000,18,0.123000000,0.139000000,0.265000000
19:02:10,180719,50.735459335,-123.470545662,1200.034000000,18,0.123000000,0.139000000,0.265000000
19:02:11,180719,50.735459317,-123.470545642,1200.029000000,18,0.123000000,0.139000000,0.265000000
19:02:12,180719,50.735459298,-123.470545668,1200.030000000,18,0.123000000,0.139000000,0.265000000
19:02:13,180719,50.735459315,-123.470545658,1200.025000000,18,0.123000000,0.139000000,0.265000000
19:02:14,180719,50.735459327,-123.470545670,1200.021000000,18,0.123000000,0.139000000,0.265000000
19:02:15,180719,50.735459298,-123.470545687,1200.021000000,18,0.123000000,0.139000000,0.265000000
19:02:16,180719,50.735459308,-123.470545710,1200.019000000,18,0.123000000,0.139000000,0.265000000
19:02:17,180719,50.735459275,-123.470545763,1200.014000000,18,0.123000000,0.139000000,0.265000000
19:02:18,180719,50.735459262,-123.470545783,1200.012000000,18,0.123000000,0.139000000,0.265000000
19:02:19,180719,50.735459287,-123.470545785,1200.011000000,18,0.123000000,0.139000000,0.265000000
19:02:20,180719,50.735459323,-123.470545775,1200.012000000,18,0.123000000,0.139000000,0.265000000
19:02:21,180719,50.735459365,-123.470545775,1200.001000000,18,0.123000000,0.139000000,0.265000000
19:02:22,180719,50.735459388,-123.470545787,1200.000000000,18,0.123000000,0.139000000,0.265000000
19:02:23,180719,50.735459408,-123.470545780,1199.995000000,18,0.123000000,0.139000000,0.265000000
19:02:24,180719,50.735459408,-123.470545802,1199.991000000,18,0.123000000,0.139000000,0.265000000
19:02:25,180719,50.735459392,-123.470545817,1199.984000000,18,0.123000000,0.139000000,0.265000000
19:02:26,180719,50.735459408,-123.470545858,1199.977000000,18,0.123000000,0.139000000,0.265000000
19:02:27,180719,50.735459423,-123.470545867,1199.970000000,18,0.123000000,0.139000000,0.265000000
19:02:28,180719,50.735459442,-123.470545857,1199.967000000,18,0.123000000,0.139000000,0.265000000
19:02:29,180719,50.735459472,-123.470545863,1199.959000000,18,0.123000000,0.139000000,0.265000000
19:02:30,180719,50.735459478,-123.470545945,1199.955000000,18,0.122000000,0.139000000,0.265000000
19:02:31,180719,50.735459493,-123.470546002,1199.953000000,17,0.134000000,0.145000000,0.292000000
19:02:32,180719,50.735459490,-123.470546080,1199.949000000,17,0.134000000,0.145000000,0.292000000
19:02:33,180719,50.735459507,-123.470546098,1199.945000000,17,0.134000000,0.145000000,0.292000000
19:02:34,180719,50.735459512,-123.470546147,1199.945000000,17,0.134000000,0.145000000,0.292000000
19:02:35,180719,50.735459513,-123.470546172,1199.942000000,17,0.134000000,0.145000000,0.292000000
19:02:36,180719,50.735459548,-123.470546168,1199.938000000,17,0.134000000,0.145000000,0.292000000
19:02:37,180719,50.735459588,-123.470546175,1199.927000000,16,0.137000000,0.152000000,0.301000000
19:02:38,180719,50.735459585,-123.470546193,1199.927000000,16,0.137000000,0.152000000,0.301000000
19:02:39,180719,50.735459572,-123.470546213,1199.924000000,16,0.137000000,0.152000000,0.301000000
19:02:40,180719,50.735459568,-123.470546218,1199.927000000,16,0.137000000,0.152000000,0.301000000
19:02:41,180719,50.735459595,-123.470546257,1199.925000000,16,0.137000000,0.152000000,0.301000000
19:02:42,180719,50.735459602,-123.470546255,1199.922000000,16,0.137000000,0.152000000,0.301000000
19:02:43,180719,50.735459622,-123.470546265,1199.920000000,16,0.137000000,0.152000000,0.301000000
19:02:44,180719,50.735459652,-123.470546260,1199.914000000,16,0.137000000,0.152000000,0.301000000
19:02:45,180719,50.735459652,-123.470546272,1199.918000000,16,0.137000000,0.152000000,0.301000000
19:02:46,180719,50.735459642,-123.470546278,1199.918000000,16,0.137000000,0.152000000,0.302000000
19:02:47,180719,50.735459622,-123.470546278,1199.922000000,16,0.137000000,0.152000000,0.302000000
19:02:48,180719,50.735459608,-123.470546325,1199.919000000,16,0.137000000,0.152000000,0.302000000
19:02:49,180719,50.735459617,-123.470546332,1199.919000000,16,0.137000000,0.152000000,0.302000000
19:02:50,180719,50.735459618,-123.470546345,1199.922000000,16,0.137000000,0.152000000,0.302000000
19:02:51,180719,50.735459648,-123.470546322,1199.922000000,16,0.137000000,0.152000000,0.302000000
19:02:52,180719,50.735459663,-123.470546313,1199.919000000,16,0.137000000,0.152000000,0.302000000
19:02:53,180719,50.735459657,-123.470546330,1199.928000000,16,0.137000000,0.152000000,0.302000000
19:02:54,180719,50.735459668,-123.470546283,1199.930000000,16,0.137000000,0.152000000,0.302000000
19:02:55,180719,50.735459687,-123.470546248,1199.933000000,16,0.137000000,0.152000000,0.302000000
19:02:56,180719,50.735459717,-123.470546220,1199.930000000,16,0.137000000,0.152000000,0.302000000
19:02:57,180719,50.735459723,-123.470546232,1199.932000000,16,0.137000000,0.152000000,0.302000000
19:02:58,180719,50.735459747,-123.470546180,1199.933000000,16,0.137000000,0.152000000,0.302000000
19:02:59,180719,50.735459760,-123.470546132,1199.935000000,16,0.137000000,0.152000000,0.302000000
19:03:00,180719,50.735459760,-123.470546115,1199.935000000,16,0.137000000,0.152000000,0.302000000
19:03:01,180719,50.735459760,-123.470546100,1199.926000000,16,0.137000000,0.152000000,0.302000000
19:03:02,180719,50.735459775,-123.470546088,1199.922000000,16,0.137000000,0.152000000,0.302000000
19:03:03,180719,50.735459777,-123.470546057,1199.916000000,16,0.137000000,0.152000000,0.302000000
19:03:04,180719,50.735459792,-123.470546065,1199.914000000,16,0.137000000,0.153000000,0.302000000
19:03:05,180719,50.735459798,-123.470546093,1199.913000000,16,0.137000000,0.153000000,0.302000000
19:03:06,180719,50.735459815,-123.470546042,1199.910000000,15,0.137000000,0.153000000,0.302000000
19:03:07,180719,50.735459860,-123.470546007,1199.900000000,15,0.144000000,0.165000000,0.330000000
19:03:08,180719,50.735459880,-123.470546052,1199.895000000,15,0.144000000,0.165000000,0.330000000
19:03:09,180719,50.735459907,-123.470546073,1199.883000000,15,0.144000000,0.165000000,0.330000000
19:03:10,180719,50.735459923,-123.470546105,1199.877000000,15,0.144000000,0.165000000,0.330000000
19:03:11,180719,50.735459902,-123.470546132,1199.877000000,15,0.144000000,0.165000000,0.330000000
19:03:12,180719,50.735459928,-123.470546142,1199.874000000,15,0.144000000,0.165000000,0.330000000
19:03:13,180719,50.735459973,-123.470546132,1199.869000000,15,0.144000000,0.165000000,0.330000000
19:03:14,180719,50.735460002,-123.470546050,1199.867000000,15,0.144000000,0.165000000,0.330000000
19:03:15,180719,50.735460038,-123.470545972,1199.862000000,15,0.144000000,0.165000000,0.330000000
19:03:16,180719,50.735460097,-123.470545903,1199.854000000,15,0.144000000,0.165000000,0.330000000
19:03:17,180719,50.735460107,-123.470545877,1199.860000000,15,0.144000000,0.165000000,0.330000000
19:03:18,180719,50.735460130,-123.470545818,1199.860000000,15,0.144000000,0.165000000,0.330000000
19:03:19,180719,50.735460153,-123.470545768,1199.860000000,15,0.144000000,0.165000000,0.330000000
19:03:20,180719,50.735460125,-123.470545780,1199.865000000,15,0.144000000,0.165000000,0.330000000
19:03:21,180719,50.735460120,-123.470545737,1199.866000000,15,0.144000000,0.165000000,0.330000000
19:03:22,180719,50.735460107,-123.470545757,1199.867000000,15,0.144000000,0.165000000,0.330000000
19:03:23,180719,50.735460090,-123.470545783,1199.867000000,15,0.144000000,0.165000000,0.330000000
19:03:24,180719,50.735460053,-123.470545802,1199.866000000,15,0.144000000,0.165000000,0.330000000
19:03:25,180719,50.735460010,-123.470545812,1199.868000000,15,0.144000000,0.165000000,0.330000000
19:03:26,180719,50.735459987,-123.470545868,1199.872000000,15,0.144000000,0.165000000,0.330000000
19:03:27,180719,50.735459948,-123.470545842,1199.875000000,15,0.144000000,0.165000000,0.330000000
19:03:28,180719,50.735459907,-123.470545832,1199.877000000,15,0.144000000,0.165000000,0.330000000
19:03:29,180719,50.735459902,-123.470545790,1199.874000000,15,0.144000000,0.165000000,0.330000000
19:03:30,180719,50.735459888,-123.470545768,1199.873000000,15,0.144000000,0.165000000,0.330000000
19:03:31,180719,50.735459860,-123.470545777,1199.870000000,15,0.144000000,0.165000000,0.331000000
19:03:32,180719,50.735459842,-123.470545780,1199.865000000,15,0.144000000,0.165000000,0.331000000
19:03:33,180719,50.735459820,-123.470545792,1199.864000000,15,0.144000000,0.165000000,0.331000000
19:03:34,180719,50.735459805,-123.470545793,1199.865000000,15,0.144000000,0.165000000,0.331000000
19:03:35,180719,50.735459798,-123.470545753,1199.866000000,15,0.144000000,0.165000000,0.331000000
19:03:36,180719,50.735459780,-123.470545737,1199.867000000,15,0.144000000,0.165000000,0.331000000
19:03:37,180719,50.735459800,-123.470545690,1199.868000000,15,0.144000000,0.165000000,0.331000000
19:03:38,180719,50.735459792,-123.470545672,1199.874000000,15,0.144000000,0.165000000,0.331000000
19:03:39,180719,50.735459783,-123.470545652,1199.879000000,15,0.144000000,0.165000000,0.331000000
19:03:40,180719,50.735459793,-123.470545625,1199.884000000,15,0.144000000,0.165000000,0.331000000
19:03:41,180719,50.735459752,-123.470545647,1199.893000000,15,0.144000000,0.165000000,0.331000000
19:03:42,180719,50.735459740,-123.470545667,1199.896000000,15,0.144000000,0.165000000,0.331000000
19:03:43,180719,50.735459735,-123.470545645,1199.899000000,15,0.144000000,0.165000000,0.331000000
19:03:44,180719,50.735459718,-123.470545672,1199.906000000,15,0.144000000,0.165000000,0.331000000
19:03:45,180719,50.735459713,-123.470545705,1199.907000000,15,0.144000000,0.165000000,0.331000000
19:03:46,180719,50.735459722,-123.470545697,1199.911000000,15,0.144000000,0.165000000,0.331000000
19:03:47,180719,50.735459732,-123.470545620,1199.905000000,15,0.144000000,0.165000000,0.331000000
19:03:48,180719,50.735459717,-123.470545612,1199.893000000,15,0.144000000,0.165000000,0.331000000
19:03:49,180719,50.735459667,-123.470545603,1199.881000000,15,0.144000000,0.165000000,0.331000000
19:03:50,180719,50.735459620,-123.470545498,1199.880000000,15,0.144000000,0.165000000,0.331000000
19:03:51,180719,50.735459588,-123.470545393,1199.870000000,15,0.144000000,0.165000000,0.331000000
19:03:52,180719,50.735459595,-123.470545382,1199.875000000,15,0.144000000,0.165000000,0.331000000
19:03:53,180719,50.735459597,-123.470545355,1199.886000000,15,0.144000000,0.165000000,0.331000000
19:03:54,180719,50.735459562,-123.470545417,1199.873000000,15,0.144000000,0.165000000,0.331000000
19:03:55,180719,50.735459518,-123.470545382,1199.871000000,15,0.144000000,0.165000000,0.331000000
19:03:56,180719,50.735459438,-123.470545445,1199.872000000,15,0.144000000,0.165000000,0.331000000
19:03:57,180719,50.735459472,-123.470545412,1199.878000000,15,0.144000000,0.165000000,0.331000000
19:03:58,180719,50.735459500,-123.470545383,1199.889000000,15,0.144000000,0.165000000,0.331000000
19:03:59,180719,50.735459532,-123.470545368,1199.896000000,15,0.144000000,0.165000000,0.331000000
19:04:00,180719,50.735459573,-123.470545358,1199.896000000,15,0.144000000,0.165000000,0.331000000
19:04:01,180719,50.735459602,-123.470545320,1199.900000000,15,0.144000000,0.165000000,0.331000000
19:04:02,180719,50.735459637,-123.470545330,1199.903000000,15,0.144000000,0.165000000,0.331000000
19:04:03,180719,50.735459655,-123.470545337,1199.909000000,15,0.144000000,0.165000000,0.331000000
19:04:04,180719,50.735459665,-123.470545340,1199.915000000,15,0.144000000,0.165000000,0.331000000
19:04:05,180719,50.735459670,-123.470545333,1199.918000000,15,0.143000000,0.165000000,0.331000000
19:04:06,180719,50.735459675,-123.470545357,1199.919000000,15,0.143000000,0.165000000,0.331000000
19:04:07,180719,50.735459687,-123.470545372,1199.917000000,15,0.143000000,0.165000000,0.331000000
19:04:08,180719,50.735459707,-123.470545362,1199.916000000,15,0.143000000,0.165000000,0.331000000
19:04:09,180719,50.735459725,-123.470545345,1199.918000000,15,0.143000000,0.165000000,0.331000000
19:04:10,180719,50.735459728,-123.470545362,1199.915000000,15,0.143000000,0.165000000,0.331000000
19:04:11,180719,50.735459768,-123.470545382,1199.919000000,15,0.143000000,0.165000000,0.331000000
19:04:12,180719,50.735459802,-123.470545402,1199.919000000,15,0.143000000,0.165000000,0.331000000
19:04:13,180719,50.735459815,-123.470545400,1199.915000000,15,0.143000000,0.165000000,0.331000000
19:04:14,180719,50.735459822,-123.470545428,1199.912000000,15,0.143000000,0.165000000,0.332000000
19:04:15,180719,50.735459843,-123.470545420,1199.912000000,15,0.143000000,0.165000000,0.332000000
19:04:16,180719,50.735459862,-123.470545433,1199.907000000,15,0.143000000,0.165000000,0.332000000
19:04:17,180719,50.735459873,-123.470545435,1199.904000000,15,0.143000000,0.165000000,0.332000000
19:04:18,180719,50.735459873,-123.470545467,1199.897000000,15,0.143000000,0.165000000,0.332000000
19:04:19,180719,50.735459885,-123.470545477,1199.890000000,15,0.143000000,0.165000000,0.332000000
19:04:20,180719,50.735459883,-123.470545483,1199.885000000,15,0.143000000,0.165000000,0.332000000
19:04:21,180719,50.735459903,-123.470545500,1199.879000000,15,0.143000000,0.165000000,0.332000000
19:04:22,180719,50.735459918,-123.470545485,1199.874000000,15,0.143000000,0.165000000,0.332000000
19:04:23,180719,50.735459935,-123.470545498,1199.867000000,15,0.143000000,0.165000000,0.332000000
19:04:24,180719,50.735459963,-123.470545515,1199.861000000,15,0.143000000,0.165000000,0.332000000
19:04:25,180719,50.735459988,-123.470545503,1199.855000000,15,0.143000000,0.165000000,0.332000000
19:04:26,180719,50.735459997,-123.470545528,1199.851000000,15,0.143000000,0.166000000,0.332000000
19:04:27,180719,50.735459983,-123.470545538,1199.851000000,15,0.143000000,0.166000000,0.332000000
19:04:28,180719,50.735459972,-123.470545570,1199.850000000,15,0.143000000,0.166000000,0.332000000
19:04:29,180719,50.735459985,-123.470545587,1199.853000000,15,0.143000000,0.166000000,0.332000000
19:04:30,180719,50.735460012,-123.470545592,1199.847000000,15,0.143000000,0.166000000,0.332000000
19:04:31,180719,50.735460017,-123.470545530,1199.844000000,15,0.143000000,0.166000000,0.332000000
19:04:32,180719,50.735459978,-123.470545538,1199.840000000,15,0.143000000,0.166000000,0.332000000
19:04:33,180719,50.735459967,-123.470545547,1199.827000000,15,0.143000000,0.166000000,0.332000000
19:04:34,180719,50.735459953,-123.470545513,1199.811000000,15,0.143000000,0.166000000,0.332000000
