TIME,DATE(ddMMyy),LATITUDEGGA,LONGITUDEGGA,ALTITUDEGGA,NUMBERSAT,LATERR,LONGERR,ALTERR
19:44:33,180719,50.681409997,-123.513101453,790.084000000,17,0.181000000,0.133000000,0.405000000
19:44:34,180719,50.681410003,-123.513101478,790.077000000,17,0.181000000,0.133000000,0.405000000
19:44:35,180719,50.681410018,-123.513101512,790.071000000,17,0.181000000,0.133000000,0.405000000
19:44:36,180719,50.681410032,-123.513101543,790.073000000,17,0.181000000,0.133000000,0.405000000
19:44:37,180719,50.681410013,-123.513101565,790.072000000,17,0.181000000,0.133000000,0.405000000
19:44:38,180719,50.681409998,-123.513101593,790.077000000,17,0.181000000,0.133000000,0.405000000
19:44:39,180719,50.681409953,-123.513101618,790.077000000,17,0.181000000,0.133000000,0.405000000
19:44:40,180719,50.681409902,-123.513101643,790.081000000,17,0.181000000,0.133000000,0.405000000
19:44:41,180719,50.681409843,-123.513101657,790.081000000,17,0.181000000,0.133000000,0.405000000
19:44:42,180719,50.681409792,-123.513101650,790.093000000,17,0.181000000,0.133000000,0.405000000
19:44:43,180719,50.681409742,-123.513101645,790.103000000,17,0.181000000,0.133000000,0.405000000
19:44:44,180719,50.681409675,-123.513101657,790.106000000,17,0.181000000,0.133000000,0.405000000
19:44:45,180719,50.681409617,-123.513101702,790.115000000,17,0.181000000,0.133000000,0.405000000
19:44:46,180719,50.681409562,-123.513101710,790.124000000,17,0.181000000,0.133000000,0.405000000
19:44:47,180719,50.681409505,-123.513101753,790.135000000,17,0.181000000,0.133000000,0.405000000
19:44:48,180719,50.681409442,-123.513101810,790.141000000,17,0.181000000,0.133000000,0.405000000
19:44:49,180719,50.681409370,-123.513101868,790.148000000,17,0.181000000,0.133000000,0.405000000
19:44:50,180719,50.681409305,-123.513101915,790.154000000,17,0.181000000,0.133000000,0.405000000
19:44:51,180719,50.681409250,-123.513101978,790.165000000,17,0.181000000,0.133000000,0.405000000
19:44:52,180719,50.681409188,-123.513101988,790.174000000,17,0.181000000,0.133000000,0.405000000
19:44:53,180719,50.681409138,-123.513102005,790.185000000,17,0.181000000,0.133000000,0.405000000
19:44:54,180719,50.681409097,-123.513102007,790.194000000,17,0.181000000,0.133000000,0.405000000
19:44:55,180719,50.681409047,-123.513102025,790.206000000,17,0.181000000,0.133000000,0.405000000
19:44:56,180719,50.681408983,-123.513102087,790.211000000,17,0.181000000,0.133000000,0.405000000
19:44:57,180719,50.681408922,-123.513102122,790.211000000,17,0.181000000,0.133000000,0.405000000
19:44:58,180719,50.681408880,-123.513102153,790.219000000,17,0.181000000,0.133000000,0.405000000
19:44:59,180719,50.681408832,-123.513102175,790.222000000,17,0.181000000,0.133000000,0.405000000
19:45:00,180719,50.681408790,-123.513102208,790.228000000,17,0.181000000,0.133000000,0.405000000
19:45:01,180719,50.681408752,-123.513102213,790.229000000,17,0.181000000,0.133000000,0.405000000
19:45:02,180719,50.681408710,-123.513102235,790.230000000,17,0.181000000,0.133000000,0.405000000
19:45:03,180719,50.681408673,-123.513102248,790.234000000,17,0.181000000,0.133000000,0.405000000
19:45:04,180719,50.681408632,-123.513102258,790.235000000,17,0.181000000,0.133000000,0.405000000
19:45:05,180719,50.681408583,-123.513102273,790.232000000,17,0.181000000,0.133000000,0.405000000
19:45:06,180719,50.681408560,-123.513102292,790.232000000,17,0.181000000,0.133000000,0.405000000
19:45:07,180719,50.681408512,-123.513102302,790.233000000,17,0.181000000,0.133000000,0.405000000
19:45:08,180719,50.681408475,-123.513102303,790.230000000,17,0.181000000,0.133000000,0.405000000
19:45:09,180719,50.681408478,-123.513102313,790.234000000,17,0.181000000,0.133000000,0.405000000
19:45:10,180719,50.681408478,-123.513102293,790.237000000,17,0.181000000,0.133000000,0.405000000
19:45:11,180719,50.681408495,-123.513102312,790.245000000,17,0.181000000,0.133000000,0.405000000
19:45:12,180719,50.681408520,-123.513102295,790.250000000,17,0.181000000,0.133000000,0.406000000
19:45:13,180719,50.681408540,-123.513102282,790.252000000,17,0.181000000,0.133000000,0.406000000
19:45:14,180719,50.681408552,-123.513102312,790.252000000,17,0.181000000,0.133000000,0.406000000
19:45:15,180719,50.681408533,-123.513102305,790.247000000,17,0.181000000,0.133000000,0.406000000
19:45:16,180719,50.681408533,-123.513102320,790.245000000,17,0.181000000,0.133000000,0.406000000
19:45:17,180719,50.681408543,-123.513102312,790.241000000,17,0.181000000,0.133000000,0.406000000
19:45:18,180719,50.681408550,-123.513102322,790.238000000,17,0.181000000,0.133000000,0.406000000
19:45:19,180719,50.681408563,-123.513102325,790.232000000,17,0.181000000,0.133000000,0.406000000
19:45:20,180719,50.681408563,-123.513102323,790.219000000,17,0.181000000,0.133000000,0.406000000
19:45:21,180719,50.681408578,-123.513102332,790.212000000,17,0.180000000,0.133000000,0.406000000
19:45:22,180719,50.681408578,-123.513102333,790.205000000,17,0.180000000,0.133000000,0.406000000
19:45:23,180719,50.681408567,-123.513102337,790.189000000,17,0.180000000,0.133000000,0.406000000
19:45:24,180719,50.681408563,-123.513102325,790.178000000,17,0.180000000,0.133000000,0.406000000
19:45:25,180719,50.681408558,-123.513102322,790.171000000,17,0.180000000,0.133000000,0.406000000
19:45:26,180719,50.681408565,-123.513102305,790.168000000,17,0.180000000,0.133000000,0.406000000
19:45:27,180719,50.681408575,-123.513102318,790.164000000,17,0.180000000,0.133000000,0.406000000
19:45:28,180719,50.681408567,-123.513102320,790.149000000,17,0.180000000,0.133000000,0.406000000
19:45:29,180719,50.681408608,-123.513102262,790.135000000,17,0.180000000,0.133000000,0.406000000
19:45:30,180719,50.681408660,-123.513102208,790.123000000,17,0.180000000,0.133000000,0.406000000
19:45:31,180719,50.681408712,-123.513102152,790.114000000,17,0.180000000,0.133000000,0.406000000
19:45:32,180719,50.681408690,-123.513102152,790.114000000,17,0.180000000,0.133000000,0.406000000
19:45:33,180719,50.681408730,-123.513102093,790.100000000,17,0.180000000,0.133000000,0.406000000
19:45:34,180719,50.681408768,-123.513102052,790.096000000,17,0.180000000,0.133000000,0.406000000
19:45:35,180719,50.681408787,-123.513102032,790.097000000,17,0.180000000,0.133000000,0.406000000
19:45:36,180719,50.681408792,-123.513102057,790.100000000,17,0.180000000,0.133000000,0.406000000
19:45:37,180719,50.681408777,-123.513102065,790.097000000,17,0.180000000,0.133000000,0.406000000
19:45:38,180719,50.681408775,-123.513102085,790.097000000,17,0.180000000,0.133000000,0.406000000
19:45:39,180719,50.681408762,-123.513102092,790.100000000,17,0.180000000,0.133000000,0.406000000
19:45:40,180719,50.681408743,-123.513102118,790.099000000,17,0.180000000,0.133000000,0.406000000
19:45:41,180719,50.681408702,-123.513102093,790.094000000,17,0.180000000,0.133000000,0.406000000
19:45:42,180719,50.681408655,-123.513102072,790.089000000,17,0.180000000,0.133000000,0.406000000
19:45:43,180719,50.681408602,-123.513102048,790.088000000,17,0.180000000,0.133000000,0.406000000
19:45:44,180719,50.681408555,-123.513102035,790.082000000,17,0.180000000,0.133000000,0.406000000
19:45:45,180719,50.681408542,-123.513102017,790.084000000,17,0.180000000,0.133000000,0.406000000
19:45:46,180719,50.681408512,-123.513102015,790.083000000,17,0.180000000,0.133000000,0.406000000
19:45:47,180719,50.681408507,-123.513101990,790.083000000,17,0.180000000,0.133000000,0.406000000
19:45:48,180719,50.681408495,-123.513101983,790.084000000,17,0.180000000,0.133000000,0.406000000
19:45:49,180719,50.681408522,-123.513101967,790.088000000,17,0.180000000,0.133000000,0.406000000
19:45:50,180719,50.681408483,-123.513101985,790.089000000,17,0.180000000,0.133000000,0.406000000
19:45:51,180719,50.681408502,-123.513101952,790.082000000,17,0.180000000,0.133000000,0.406000000
19:45:52,180719,50.681408473,-123.513101947,790.076000000,17,0.180000000,0.133000000,0.406000000
19:45:53,180719,50.681408450,-123.513101892,790.062000000,17,0.180000000,0.133000000,0.406000000
19:45:54,180719,50.681408458,-123.513101802,790.052000000,17,0.180000000,0.133000000,0.406000000
19:45:55,180719,50.681408452,-123.513101730,790.050000000,17,0.180000000,0.133000000,0.406000000
19:45:56,180719,50.681408472,-123.513101703,790.056000000,17,0.180000000,0.133000000,0.406000000
19:45:57,180719,50.681408458,-123.513101725,790.052000000,17,0.180000000,0.133000000,0.406000000
19:45:58,180719,50.681408435,-123.513101693,790.050000000,17,0.180000000,0.133000000,0.406000000
19:45:59,180719,50.681408443,-123.513101653,790.052000000,17,0.180000000,0.133000000,0.406000000
19:46:00,180719,50.681408428,-123.513101590,790.053000000,17,0.180000000,0.133000000,0.406000000
19:46:01,180719,50.681408425,-123.513101528,790.049000000,16,0.186000000,0.134000000,0.418000000
19:46:02,180719,50.681408402,-123.513101540,790.049000000,16,0.186000000,0.134000000,0.418000000
19:46:03,180719,50.681408400,-123.513101495,790.050000000,16,0.186000000,0.134000000,0.418000000
19:46:04,180719,50.681408403,-123.513101452,790.045000000,16,0.186000000,0.134000000,0.418000000
19:46:05,180719,50.681408422,-123.513101392,790.051000000,16,0.186000000,0.134000000,0.418000000
19:46:06,180719,50.681408413,-123.513101337,790.051000000,16,0.186000000,0.134000000,0.418000000
19:46:07,180719,50.681408403,-123.513101270,790.053000000,16,0.186000000,0.134000000,0.418000000
19:46:08,180719,50.681408408,-123.513101213,790.054000000,16,0.186000000,0.134000000,0.418000000
19:46:09,180719,50.681408417,-123.513101182,790.058000000,16,0.186000000,0.134000000,0.418000000
19:46:10,180719,50.681408447,-123.513101170,790.055000000,16,0.186000000,0.134000000,0.418000000
19:46:11,180719,50.681408470,-123.513101180,790.045000000,16,0.186000000,0.134000000,0.418000000
19:46:12,180719,50.681408472,-123.513101208,790.040000000,16,0.186000000,0.134000000,0.418000000
19:46:13,180719,50.681408470,-123.513101250,790.036000000,16,0.186000000,0.134000000,0.418000000
19:46:14,180719,50.681408463,-123.513101258,790.024000000,16,0.186000000,0.134000000,0.418000000
19:46:15,180719,50.681408485,-123.513101303,790.019000000,16,0.186000000,0.134000000,0.418000000
19:46:16,180719,50.681408510,-123.513101308,790.019000000,16,0.186000000,0.134000000,0.418000000
19:46:17,180719,50.681408525,-123.513101288,790.016000000,16,0.186000000,0.134000000,0.418000000
19:46:18,180719,50.681408523,-123.513101298,790.011000000,16,0.186000000,0.134000000,0.418000000
19:46:19,180719,50.681408542,-123.513101290,790.007000000,16,0.186000000,0.134000000,0.418000000
19:46:20,180719,50.681408550,-123.513101300,790.001000000,16,0.186000000,0.134000000,0.418000000
19:46:21,180719,50.681408567,-123.513101277,790.001000000,16,0.186000000,0.134000000,0.418000000
19:46:22,180719,50.681408572,-123.513101270,790.002000000,16,0.186000000,0.134000000,0.419000000
19:46:23,180719,50.681408583,-123.513101263,790.001000000,16,0.186000000,0.134000000,0.419000000
19:46:24,180719,50.681408597,-123.513101283,790.000000000,16,0.186000000,0.134000000,0.419000000
19:46:25,180719,50.681408597,-123.513101307,789.990000000,16,0.186000000,0.134000000,0.419000000
19:46:26,180719,50.681408613,-123.513101303,789.992000000,16,0.186000000,0.134000000,0.419000000
19:46:27,180719,50.681408623,-123.513101313,789.994000000,16,0.186000000,0.134000000,0.419000000
19:46:28,180719,50.681408645,-123.513101302,789.989000000,16,0.186000000,0.134000000,0.419000000
19:46:29,180719,50.681408658,-123.513101303,789.987000000,16,0.186000000,0.134000000,0.419000000
19:46:30,180719,50.681408672,-123.513101315,789.985000000,16,0.186000000,0.134000000,0.419000000
19:46:31,180719,50.681408693,-123.513101278,789.986000000,16,0.186000000,0.134000000,0.419000000
19:46:32,180719,50.681408680,-123.513101273,789.982000000,16,0.186000000,0.134000000,0.419000000
19:46:33,180719,50.681408682,-123.513101247,789.979000000,16,0.186000000,0.134000000,0.419000000
19:46:34,180719,50.681408683,-123.513101208,789.987000000,16,0.186000000,0.134000000,0.419000000
19:46:35,180719,50.681408687,-123.513101168,789.988000000,16,0.186000000,0.134000000,0.419000000
19:46:36,180719,50.681408678,-123.513101157,789.985000000,16,0.186000000,0.134000000,0.419000000
19:46:37,180719,50.681408677,-123.513101125,789.987000000,16,0.186000000,0.134000000,0.419000000
19:46:38,180719,50.681408662,-123.513101122,789.987000000,16,0.186000000,0.134000000,0.419000000
19:46:39,180719,50.681408677,-123.513101082,789.990000000,16,0.186000000,0.134000000,0.419000000
19:46:40,180719,50.681408692,-123.513101098,789.988000000,16,0.186000000,0.134000000,0.419000000
19:46:41,180719,50.681408675,-123.513101108,789.985000000,16,0.186000000,0.134000000,0.419000000
19:46:42,180719,50.681408662,-123.513101172,789.992000000,16,0.186000000,0.134000000,0.419000000
19:46:43,180719,50.681408653,-123.513101200,789.995000000,16,0.186000000,0.134000000,0.419000000
19:46:44,180719,50.681408640,-123.513101252,789.997000000,16,0.186000000,0.134000000,0.419000000
19:46:45,180719,50.681408645,-123.513101225,789.999000000,16,0.186000000,0.134000000,0.419000000
19:46:46,180719,50.681408662,-123.513101200,789.990000000,16,0.186000000,0.134000000,0.419000000
19:46:47,180719,50.681408687,-123.513101170,789.988000000,16,0.186000000,0.134000000,0.419000000
19:46:48,180719,50.681408713,-123.513101132,789.984000000,16,0.186000000,0.134000000,0.419000000
19:46:49,180719,50.681408718,-123.513101090,789.976000000,16,0.186000000,0.134000000,0.419000000
19:46:50,180719,50.681408712,-123.513101098,789.976000000,16,0.186000000,0.134000000,0.419000000
19:46:51,180719,50.681408683,-123.513101125,789.981000000,16,0.186000000,0.134000000,0.419000000
19:46:52,180719,50.681408663,-123.513101120,789.979000000,16,0.186000000,0.134000000,0.419000000
19:46:53,180719,50.681408660,-123.513101138,789.982000000,16,0.186000000,0.134000000,0.419000000
19:46:54,180719,50.681408637,-123.513101175,789.984000000,16,0.186000000,0.134000000,0.419000000
19:46:55,180719,50.681408643,-123.513101187,789.991000000,16,0.186000000,0.134000000,0.419000000
19:46:56,180719,50.681408643,-123.513101210,789.994000000,16,0.186000000,0.134000000,0.419000000
19:46:57,180719,50.681408652,-123.513101247,790.000000000,16,0.186000000,0.134000000,0.419000000
19:46:58,180719,50.681408652,-123.513101292,790.007000000,16,0.186000000,0.134000000,0.419000000
19:46:59,180719,50.681408675,-123.513101308,790.007000000,16,0.186000000,0.134000000,0.419000000
19:47:00,180719,50.681408688,-123.513101282,790.015000000,16,0.186000000,0.134000000,0.419000000
19:47:01,180719,50.681408713,-123.513101308,790.017000000,16,0.186000000,0.134000000,0.419000000
19:47:02,180719,50.681408685,-123.513101335,790.018000000,16,0.186000000,0.134000000,0.419000000
19:47:03,180719,50.681408687,-123.513101385,790.021000000,16,0.186000000,0.134000000,0.419000000
19:47:04,180719,50.681408695,-123.513101448,790.021000000,16,0.186000000,0.134000000,0.420000000
19:47:05,180719,50.681408692,-123.513101490,790.025000000,16,0.186000000,0.134000000,0.420000000
19:47:06,180719,50.681408673,-123.513101532,790.025000000,16,0.186000000,0.134000000,0.420000000
19:47:07,180719,50.681408677,-123.513101553,790.027000000,16,0.186000000,0.134000000,0.420000000
19:47:08,180719,50.681408677,-123.513101590,790.027000000,16,0.186000000,0.134000000,0.420000000
19:47:09,180719,50.681408665,-123.513101615,790.025000000,16,0.186000000,0.134000000,0.420000000
19:47:10,180719,50.681408677,-123.513101627,790.028000000,16,0.186000000,0.134000000,0.420000000
19:47:11,180719,50.681408677,-123.513101647,790.030000000,16,0.186000000,0.134000000,0.420000000
19:47:12,180719,50.681408662,-123.513101690,790.035000000,16,0.186000000,0.134000000,0.420000000
19:47:13,180719,50.681408638,-123.513101718,790.038000000,16,0.186000000,0.134000000,0.420000000
19:47:14,180719,50.681408625,-123.513101732,790.038000000,16,0.186000000,0.134000000,0.420000000
19:47:15,180719,50.681408623,-123.513101738,790.042000000,16,0.186000000,0.134000000,0.420000000
19:47:16,180719,50.681408627,-123.513101722,790.046000000,16,0.186000000,0.134000000,0.420000000
19:47:17,180719,50.681408603,-123.513101718,790.044000000,16,0.186000000,0.134000000,0.420000000
19:47:18,180719,50.681408602,-123.513101712,790.050000000,16,0.186000000,0.134000000,0.420000000
19:47:19,180719,50.681408600,-123.513101730,790.056000000,16,0.186000000,0.134000000,0.420000000
19:47:20,180719,50.681408597,-123.513101730,790.057000000,16,0.186000000,0.134000000,0.420000000
19:47:21,180719,50.681408588,-123.513101720,790.059000000,16,0.186000000,0.134000000,0.420000000
19:47:22,180719,50.681408573,-123.513101717,790.062000000,16,0.186000000,0.134000000,0.420000000
19:47:23,180719,50.681408567,-123.513101700,790.060000000,16,0.186000000,0.134000000,0.420000000
19:47:24,180719,50.681408567,-123.513101705,790.063000000,16,0.186000000,0.134000000,0.420000000
19:47:25,180719,50.681408567,-123.513101727,790.071000000,16,0.186000000,0.134000000,0.420000000
19:47:26,180719,50.681408568,-123.513101750,790.071000000,16,0.186000000,0.134000000,0.420000000
19:47:27,180719,50.681408560,-123.513101727,790.071000000,16,0.186000000,0.134000000,0.420000000
19:47:28,180719,50.681408567,-123.513101693,790.075000000,16,0.186000000,0.134000000,0.420000000
19:47:29,180719,50.681408567,-123.513101690,790.081000000,16,0.186000000,0.134000000,0.420000000
19:47:30,180719,50.681408548,-123.513101700,790.084000000,16,0.186000000,0.134000000,0.420000000
19:47:31,180719,50.681408540,-123.513101713,790.078000000,16,0.186000000,0.134000000,0.420000000
19:47:32,180719,50.681408548,-123.513101708,790.078000000,16,0.186000000,0.134000000,0.420000000
19:47:33,180719,50.681408553,-123.513101692,790.076000000,16,0.186000000,0.134000000,0.420000000
19:47:34,180719,50.681408552,-123.513101720,790.072000000,16,0.186000000,0.134000000,0.420000000
19:47:35,180719,50.681408558,-123.513101737,790.063000000,16,0.186000000,0.134000000,0.420000000
19:47:36,180719,50.681408570,-123.513101763,790.055000000,16,0.186000000,0.134000000,0.420000000
19:47:37,180719,50.681408557,-123.513101797,790.046000000,16,0.186000000,0.134000000,0.420000000
19:47:38,180719,50.681408553,-123.513101845,790.040000000,16,0.186000000,0.134000000,0.420000000
19:47:39,180719,50.681408538,-123.513101882,790.029000000,16,0.186000000,0.134000000,0.420000000
19:47:40,180719,50.681408523,-123.513101868,790.021000000,16,0.186000000,0.134000000,0.420000000
19:47:41,180719,50.681408520,-123.513101865,790.029000000,16,0.186000000,0.134000000,0.420000000
19:47:42,180719,50.681408490,-123.513101877,790.025000000,16,0.186000000,0.134000000,0.420000000
19:47:43,180719,50.681408488,-123.513101843,790.022000000,16,0.185000000,0.134000000,0.420000000
19:47:44,180719,50.681408490,-123.513101817,790.019000000,16,0.185000000,0.134000000,0.420000000
19:47:45,180719,50.681408488,-123.513101780,790.022000000,16,0.185000000,0.134000000,0.420000000
19:47:46,180719,50.681408455,-123.513101783,790.023000000,16,0.185000000,0.134000000,0.420000000
19:47:47,180719,50.681408445,-123.513101758,790.021000000,16,0.185000000,0.134000000,0.420000000
19:47:48,180719,50.681408435,-123.513101755,790.021000000,16,0.185000000,0.134000000,0.420000000
19:47:49,180719,50.681408408,-123.513101757,790.025000000,16,0.185000000,0.134000000,0.420000000
19:47:50,180719,50.681408368,-123.513101743,790.028000000,16,0.185000000,0.134000000,0.420000000
19:47:51,180719,50.681408360,-123.513101698,790.029000000,16,0.185000000,0.134000000,0.420000000
19:47:52,180719,50.681408348,-123.513101703,790.022000000,16,0.185000000,0.134000000,0.420000000
19:47:53,180719,50.681408343,-123.513101695,790.015000000,16,0.185000000,0.134000000,0.420000000
19:47:54,180719,50.681408318,-123.513101717,790.007000000,16,0.185000000,0.134000000,0.420000000
19:47:55,180719,50.681408297,-123.513101728,790.007000000,16,0.185000000,0.134000000,0.421000000
19:47:56,180719,50.681408273,-123.513101723,790.000000000,16,0.185000000,0.134000000,0.421000000
19:47:57,180719,50.681408253,-123.513101702,790.002000000,16,0.185000000,0.134000000,0.421000000
19:47:58,180719,50.681408240,-123.513101672,790.006000000,16,0.185000000,0.134000000,0.421000000
19:47:59,180719,50.681408223,-123.513101643,790.002000000,16,0.185000000,0.134000000,0.421000000
19:48:00,180719,50.681408205,-123.513101610,789.998000000,16,0.185000000,0.134000000,0.421000000
19:48:01,180719,50.681408205,-123.513101603,790.001000000,16,0.185000000,0.134000000,0.421000000
19:48:02,180719,50.681408212,-123.513101565,790.003000000,16,0.185000000,0.134000000,0.421000000
19:48:03,180719,50.681408192,-123.513101545,789.996000000,16,0.185000000,0.134000000,0.421000000
19:48:04,180719,50.681408190,-123.513101513,789.997000000,16,0.185000000,0.134000000,0.421000000
19:48:05,180719,50.681408178,-123.513101498,789.993000000,16,0.185000000,0.134000000,0.421000000
19:48:06,180719,50.681408158,-123.513101473,789.987000000,16,0.185000000,0.134000000,0.421000000
19:48:07,180719,50.681408150,-123.513101433,789.985000000,16,0.185000000,0.134000000,0.421000000
19:48:08,180719,50.681408185,-123.513101333,789.973000000,16,0.185000000,0.134000000,0.421000000
19:48:09,180719,50.681408165,-123.513101343,789.974000000,16,0.185000000,0.134000000,0.421000000
19:48:10,180719,50.681408188,-123.513101273,789.963000000,16,0.185000000,0.134000000,0.421000000
19:48:11,180719,50.681408198,-123.513101215,789.954000000,16,0.185000000,0.134000000,0.421000000
19:48:12,180719,50.681408232,-123.513101145,789.956000000,16,0.185000000,0.134000000,0.421000000
19:48:13,180719,50.681408283,-123.513101080,789.955000000,16,0.185000000,0.134000000,0.421000000
19:48:14,180719,50.681408325,-123.513101035,789.962000000,16,0.185000000,0.134000000,0.421000000
19:48:15,180719,50.681408362,-123.513100982,789.961000000,16,0.185000000,0.134000000,0.421000000
19:48:16,180719,50.681408405,-123.513100947,789.960000000,16,0.185000000,0.134000000,0.421000000
19:48:17,180719,50.681408440,-123.513100935,789.961000000,16,0.185000000,0.134000000,0.421000000
19:48:18,180719,50.681408482,-123.513100887,789.963000000,16,0.185000000,0.134000000,0.421000000
19:48:19,180719,50.681408502,-123.513100855,789.967000000,16,0.185000000,0.134000000,0.421000000
19:48:20,180719,50.681408512,-123.513100827,789.963000000,16,0.185000000,0.134000000,0.421000000
19:48:21,180719,50.681408540,-123.513100828,789.962000000,16,0.185000000,0.134000000,0.421000000
19:48:22,180719,50.681408543,-123.513100830,789.959000000,16,0.185000000,0.134000000,0.421000000
19:48:23,180719,50.681408570,-123.513100825,789.959000000,16,0.185000000,0.134000000,0.421000000
19:48:24,180719,50.681408583,-123.513100843,789.956000000,16,0.185000000,0.134000000,0.421000000
19:48:25,180719,50.681408572,-123.513100870,789.951000000,16,0.185000000,0.134000000,0.421000000
19:48:26,180719,50.681408565,-123.513100887,789.944000000,16,0.185000000,0.134000000,0.421000000
19:48:27,180719,50.681408592,-123.513100885,789.945000000,16,0.185000000,0.134000000,0.421000000
19:48:28,180719,50.681408623,-123.513100877,789.946000000,16,0.185000000,0.134000000,0.421000000
19:48:29,180719,50.681408642,-123.513100880,789.944000000,16,0.185000000,0.134000000,0.421000000
19:48:30,180719,50.681408645,-123.513100880,789.943000000,16,0.185000000,0.134000000,0.421000000
19:48:31,180719,50.681408663,-123.513100873,789.946000000,16,0.185000000,0.134000000,0.421000000
19:48:32,180719,50.681408665,-123.513100872,789.947000000,16,0.185000000,0.134000000,0.421000000
19:48:33,180719,50.681408658,-123.513100867,789.949000000,16,0.185000000,0.134000000,0.421000000
19:48:34,180719,50.681408653,-123.513100873,789.950000000,16,0.185000000,0.134000000,0.421000000
19:48:35,180719,50.681408632,-123.513100887,789.950000000,16,0.185000000,0.134000000,0.421000000
19:48:36,180719,50.681408608,-123.513100897,789.952000000,16,0.185000000,0.134000000,0.421000000
19:48:37,180719,50.681408592,-123.513100882,789.954000000,16,0.185000000,0.134000000,0.421000000
19:48:38,180719,50.681408587,-123.513100867,789.958000000,16,0.185000000,0.134000000,0.421000000
19:48:39,180719,50.681408588,-123.513100857,789.957000000,16,0.185000000,0.134000000,0.421000000
19:48:40,180719,50.681408590,-123.513100865,789.963000000,16,0.185000000,0.134000000,0.421000000
19:48:41,180719,50.681408613,-123.513100858,789.969000000,16,0.185000000,0.134000000,0.421000000
19:48:42,180719,50.681408617,-123.513100833,789.977000000,16,0.185000000,0.134000000,0.421000000
19:48:43,180719,50.681408637,-123.513100798,789.981000000,16,0.185000000,0.134000000,0.421000000
19:48:44,180719,50.681408658,-123.513100785,789.987000000,16,0.185000000,0.134000000,0.421000000
19:48:45,180719,50.681408678,-123.513100763,789.999000000,16,0.185000000,0.134000000,0.421000000
19:48:46,180719,50.681408682,-123.513100748,790.004000000,16,0.185000000,0.134000000,0.421000000
19:48:47,180719,50.681408697,-123.513100778,790.006000000,16,0.185000000,0.134000000,0.421000000
19:48:48,180719,50.681408695,-123.513100817,790.008000000,16,0.185000000,0.134000000,0.421000000
19:48:49,180719,50.681408707,-123.513100797,790.014000000,16,0.185000000,0.134000000,0.421000000
19:48:50,180719,50.681408687,-123.513100818,790.017000000,16,0.185000000,0.134000000,0.421000000
19:48:51,180719,50.681408683,-123.513100835,790.018000000,16,0.185000000,0.134000000,0.421000000
19:48:52,180719,50.681408657,-123.513100850,790.017000000,16,0.185000000,0.134000000,0.422000000
19:48:53,180719,50.681408663,-123.513100885,790.013000000,16,0.185000000,0.134000000,0.422000000
19:48:54,180719,50.681408655,-123.513100907,790.015000000,16,0.185000000,0.134000000,0.422000000
19:48:55,180719,50.681408652,-123.513100960,790.011000000,16,0.185000000,0.134000000,0.422000000
19:48:56,180719,50.681408653,-123.513101002,790.007000000,16,0.185000000,0.134000000,0.422000000
19:48:57,180719,50.681408632,-123.513101062,789.996000000,16,0.185000000,0.134000000,0.422000000
19:48:58,180719,50.681408610,-123.513101143,789.984000000,16,0.185000000,0.134000000,0.422000000
19:48:59,180719,50.681408602,-123.513101235,789.972000000,16,0.185000000,0.134000000,0.422000000
19:49:00,180719,50.681408608,-123.513101345,789.961000000,16,0.185000000,0.134000000,0.422000000
19:49:01,180719,50.681408598,-123.513101432,789.951000000,16,0.185000000,0.134000000,0.422000000
19:49:02,180719,50.681408548,-123.513101505,789.935000000,16,0.185000000,0.134000000,0.422000000
19:49:03,180719,50.681408520,-123.513101570,789.919000000,16,0.185000000,0.134000000,0.422000000
19:49:04,180719,50.681408490,-123.513101652,789.910000000,16,0.185000000,0.134000000,0.422000000
19:49:05,180719,50.681408462,-123.513101702,789.901000000,16,0.185000000,0.134000000,0.422000000
19:49:06,180719,50.681408433,-123.513101765,789.892000000,16,0.185000000,0.134000000,0.422000000
19:49:07,180719,50.681408370,-123.513101815,789.880000000,16,0.185000000,0.134000000,0.422000000
19:49:08,180719,50.681408315,-123.513101842,789.866000000,16,0.185000000,0.134000000,0.422000000
19:49:09,180719,50.681408230,-123.513101887,789.852000000,16,0.185000000,0.134000000,0.422000000
19:49:10,180719,50.681408163,-123.513101908,789.832000000,16,0.185000000,0.134000000,0.422000000
19:49:11,180719,50.681408125,-123.513101922,789.822000000,16,0.185000000,0.134000000,0.422000000
19:49:12,180719,50.681408090,-123.513101928,789.811000000,16,0.185000000,0.134000000,0.422000000
19:49:13,180719,50.681408077,-123.513101947,789.807000000,16,0.185000000,0.134000000,0.422000000
19:49:14,180719,50.681408042,-123.513101970,789.800000000,16,0.185000000,0.134000000,0.422000000
19:49:15,180719,50.681408012,-123.513101982,789.792000000,16,0.185000000,0.134000000,0.422000000
19:49:16,180719,50.681407980,-123.513102030,789.784000000,16,0.185000000,0.134000000,0.422000000
19:49:17,180719,50.681407968,-123.513102083,789.781000000,16,0.185000000,0.134000000,0.422000000
19:49:18,180719,50.681407960,-123.513102082,789.781000000,16,0.185000000,0.134000000,0.422000000
19:49:19,180719,50.681407953,-123.513102087,789.776000000,16,0.185000000,0.134000000,0.422000000
19:49:20,180719,50.681407947,-123.513102112,789.775000000,16,0.185000000,0.134000000,0.422000000
19:49:21,180719,50.681407953,-123.513102122,789.776000000,16,0.185000000,0.134000000,0.422000000
19:49:22,180719,50.681407938,-123.513102138,789.768000000,16,0.185000000,0.134000000,0.422000000
19:49:23,180719,50.681407965,-123.513102147,789.767000000,16,0.185000000,0.134000000,0.422000000
19:49:24,180719,50.681407987,-123.513102142,789.769000000,16,0.185000000,0.134000000,0.422000000
19:49:25,180719,50.681408025,-123.513102137,789.773000000,16,0.184000000,0.134000000,0.422000000
19:49:26,180719,50.681408050,-123.513102125,789.774000000,16,0.184000000,0.134000000,0.422000000
19:49:27,180719,50.681408068,-123.513102128,789.772000000,16,0.184000000,0.134000000,0.422000000
19:49:28,180719,50.681408078,-123.513102133,789.773000000,16,0.184000000,0.134000000,0.422000000
19:49:29,180719,50.681408088,-123.513102147,789.769000000,16,0.184000000,0.134000000,0.422000000
19:49:30,180719,50.681408055,-123.513102162,789.763000000,16,0.184000000,0.134000000,0.422000000
19:49:31,180719,50.681408030,-123.513102162,789.759000000,16,0.184000000,0.134000000,0.422000000
19:49:32,180719,50.681408012,-123.513102162,789.752000000,16,0.184000000,0.134000000,0.422000000
19:49:33,180719,50.681407975,-123.513102203,789.742000000,16,0.184000000,0.134000000,0.422000000
19:49:34,180719,50.681407955,-123.513102212,789.739000000,16,0.184000000,0.134000000,0.422000000
19:49:35,180719,50.681407940,-123.513102212,789.739000000,16,0.184000000,0.134000000,0.422000000
19:49:36,180719,50.681407915,-123.513102212,789.739000000,16,0.184000000,0.134000000,0.422000000
19:49:37,180719,50.681407883,-123.513102218,789.736000000,16,0.184000000,0.134000000,0.422000000
19:49:38,180719,50.681407895,-123.513102220,789.738000000,16,0.184000000,0.134000000,0.422000000
19:49:39,180719,50.681407903,-123.513102220,789.741000000,16,0.184000000,0.134000000,0.422000000
19:49:40,180719,50.681407878,-123.513102222,789.741000000,16,0.184000000,0.134000000,0.422000000
19:49:41,180719,50.681407883,-123.513102235,789.744000000,16,0.184000000,0.134000000,0.422000000
19:49:42,180719,50.681407868,-123.513102243,789.741000000,16,0.184000000,0.134000000,0.422000000
19:49:43,180719,50.681407883,-123.513102252,789.740000000,16,0.184000000,0.134000000,0.422000000
19:49:44,180719,50.681407865,-123.513102260,789.734000000,16,0.184000000,0.134000000,0.422000000
19:49:45,180719,50.681407863,-123.513102270,789.731000000,16,0.184000000,0.134000000,0.422000000
19:49:46,180719,50.681407887,-123.513102260,789.731000000,16,0.184000000,0.134000000,0.422000000
19:49:47,180719,50.681407888,-123.513102248,789.737000000,16,0.184000000,0.134000000,0.422000000
19:49:48,180719,50.681407885,-123.513102247,789.732000000,16,0.184000000,0.134000000,0.422000000
19:49:49,180719,50.681407873,-123.513102252,789.730000000,16,0.184000000,0.134000000,0.422000000
19:49:50,180719,50.681407887,-123.513102247,789.732000000,16,0.184000000,0.134000000,0.422000000
19:49:51,180719,50.681407887,-123.513102253,789.734000000,16,0.184000000,0.134000000,0.422000000
19:49:52,180719,50.681407922,-123.513102240,789.738000000,16,0.184000000,0.134000000,0.422000000
19:49:53,180719,50.681407935,-123.513102208,789.739000000,16,0.184000000,0.134000000,0.422000000
19:49:54,180719,50.681407943,-123.513102215,789.738000000,16,0.184000000,0.134000000,0.422000000
19:49:55,180719,50.681407937,-123.513102223,789.738000000,16,0.184000000,0.134000000,0.422000000
19:49:56,180719,50.681407942,-123.513102227,789.739000000,16,0.184000000,0.134000000,0.422000000
19:49:57,180719,50.681407948,-123.513102210,789.745000000,16,0.184000000,0.134000000,0.422000000
19:49:58,180719,50.681407940,-123.513102198,789.741000000,16,0.184000000,0.134000000,0.422000000
19:49:59,180719,50.681407943,-123.513102218,789.740000000,16,0.184000000,0.134000000,0.422000000
19:50:00,180719,50.681407940,-123.513102243,789.737000000,16,0.184000000,0.134000000,0.422000000
19:50:01,180719,50.681407947,-123.513102248,789.744000000,16,0.184000000,0.134000000,0.422000000
19:50:02,180719,50.681407953,-123.513102280,789.754000000,16,0.184000000,0.134000000,0.422000000
19:50:03,180719,50.681407935,-123.513102293,789.757000000,16,0.184000000,0.134000000,0.422000000
19:50:04,180719,50.681407938,-123.513102335,789.764000000,16,0.184000000,0.134000000,0.422000000
19:50:05,180719,50.681407942,-123.513102330,789.764000000,16,0.184000000,0.134000000,0.422000000
19:50:06,180719,50.681407943,-123.513102307,789.753000000,16,0.184000000,0.134000000,0.422000000
19:50:07,180719,50.681407952,-123.513102307,789.750000000,16,0.184000000,0.134000000,0.422000000
19:50:08,180719,50.681407943,-123.513102342,789.755000000,16,0.184000000,0.134000000,0.422000000
19:50:09,180719,50.681407938,-123.513102392,789.760000000,16,0.184000000,0.134000000,0.422000000
19:50:10,180719,50.681407927,-123.513102422,789.761000000,16,0.184000000,0.134000000,0.422000000
19:50:11,180719,50.681407935,-123.513102412,789.755000000,16,0.184000000,0.134000000,0.422000000
19:50:12,180719,50.681407950,-123.513102383,789.748000000,16,0.184000000,0.134000000,0.422000000
19:50:13,180719,50.681407968,-123.513102380,789.747000000,16,0.184000000,0.134000000,0.422000000
19:50:14,180719,50.681407990,-123.513102358,789.745000000,16,0.184000000,0.134000000,0.422000000
19:50:15,180719,50.681407993,-123.513102380,789.747000000,16,0.184000000,0.134000000,0.422000000
19:50:16,180719,50.681407997,-123.513102363,789.741000000,16,0.184000000,0.134000000,0.422000000
19:50:17,180719,50.681408023,-123.513102343,789.742000000,16,0.184000000,0.134000000,0.422000000
19:50:18,180719,50.681408042,-123.513102345,789.740000000,16,0.184000000,0.134000000,0.422000000
19:50:19,180719,50.681408042,-123.513102342,789.739000000,16,0.184000000,0.134000000,0.423000000
19:50:20,180719,50.681408043,-123.513102362,789.733000000,16,0.184000000,0.134000000,0.423000000
19:50:21,180719,50.681408063,-123.513102373,789.739000000,16,0.184000000,0.134000000,0.423000000
19:50:22,180719,50.681408082,-123.513102357,789.739000000,16,0.184000000,0.134000000,0.423000000
19:50:23,180719,50.681408068,-123.513102355,789.742000000,16,0.184000000,0.134000000,0.423000000
19:50:24,180719,50.681408057,-123.513102333,789.745000000,16,0.184000000,0.134000000,0.423000000
19:50:25,180719,50.681408042,-123.513102362,789.749000000,16,0.184000000,0.134000000,0.423000000
19:50:26,180719,50.681408043,-123.513102380,789.758000000,16,0.184000000,0.134000000,0.423000000
19:50:27,180719,50.681408032,-123.513102427,789.761000000,16,0.184000000,0.134000000,0.423000000
19:50:28,180719,50.681408062,-123.513102397,789.765000000,16,0.184000000,0.134000000,0.423000000
19:50:29,180719,50.681408090,-123.513102380,789.765000000,16,0.184000000,0.134000000,0.423000000
19:50:30,180719,50.681408105,-123.513102360,789.763000000,16,0.184000000,0.134000000,0.423000000
19:50:31,180719,50.681408085,-123.513102425,789.766000000,16,0.184000000,0.134000000,0.423000000
19:50:32,180719,50.681408058,-123.513102465,789.775000000,16,0.184000000,0.134000000,0.423000000
19:50:33,180719,50.681408052,-123.513102465,789.776000000,16,0.184000000,0.134000000,0.423000000
19:50:34,180719,50.681408070,-123.513102427,789.775000000,16,0.184000000,0.134000000,0.423000000
19:50:35,180719,50.681408073,-123.513102413,789.772000000,16,0.184000000,0.134000000,0.423000000
19:50:36,180719,50.681408045,-123.513102440,789.775000000,16,0.184000000,0.134000000,0.423000000
19:50:37,180719,50.681408027,-123.513102457,789.780000000,16,0.184000000,0.134000000,0.423000000
19:50:38,180719,50.681408042,-123.513102447,789.783000000,16,0.184000000,0.134000000,0.423000000
19:50:39,180719,50.681408035,-123.513102428,789.782000000,16,0.184000000,0.134000000,0.423000000
19:50:40,180719,50.681408065,-123.513102397,789.779000000,16,0.184000000,0.134000000,0.423000000
19:50:41,180719,50.681408085,-123.513102362,789.783000000,16,0.184000000,0.134000000,0.423000000
19:50:42,180719,50.681408103,-123.513102330,789.784000000,16,0.184000000,0.134000000,0.423000000
19:50:43,180719,50.681408100,-123.513102310,789.785000000,16,0.184000000,0.134000000,0.423000000
19:50:44,180719,50.681408113,-123.513102303,789.787000000,16,0.184000000,0.134000000,0.423000000
19:50:45,180719,50.681408107,-123.513102305,789.786000000,16,0.184000000,0.134000000,0.423000000
19:50:46,180719,50.681408123,-123.513102288,789.786000000,16,0.184000000,0.134000000,0.423000000
19:50:47,180719,50.681408128,-123.513102275,789.788000000,16,0.184000000,0.134000000,0.423000000
19:50:48,180719,50.681408135,-123.513102252,789.784000000,16,0.184000000,0.134000000,0.423000000
19:50:49,180719,50.681408142,-123.513102245,789.785000000,16,0.184000000,0.134000000,0.423000000
19:50:50,180719,50.681408135,-123.513102243,789.779000000,16,0.184000000,0.134000000,0.423000000
19:50:51,180719,50.681408137,-123.513102225,789.782000000,16,0.184000000,0.134000000,0.423000000
19:50:52,180719,50.681408148,-123.513102220,789.786000000,16,0.184000000,0.134000000,0.423000000
19:50:53,180719,50.681408157,-123.513102227,789.784000000,16,0.184000000,0.134000000,0.423000000
19:50:54,180719,50.681408158,-123.513102227,789.786000000,16,0.184000000,0.134000000,0.423000000
19:50:55,180719,50.681408168,-123.513102213,789.787000000,16,0.183000000,0.134000000,0.423000000
19:50:56,180719,50.681408173,-123.513102220,789.789000000,16,0.183000000,0.134000000,0.423000000
19:50:57,180719,50.681408188,-123.513102203,789.796000000,16,0.183000000,0.134000000,0.423000000
19:50:58,180719,50.681408202,-123.513102200,789.799000000,16,0.183000000,0.134000000,0.423000000
19:50:59,180719,50.681408213,-123.513102185,789.800000000,16,0.183000000,0.134000000,0.423000000
19:51:00,180719,50.681408202,-123.513102180,789.801000000,17,0.182000000,0.131000000,0.400000000
19:51:01,180719,50.681408193,-123.513102180,789.799000000,17,0.182000000,0.131000000,0.400000000
19:51:02,180719,50.681408197,-123.513102183,789.797000000,17,0.182000000,0.131000000,0.400000000
19:51:03,180719,50.681408202,-123.513102185,789.798000000,17,0.182000000,0.131000000,0.400000000
19:51:04,180719,50.681408200,-123.513102195,789.796000000,17,0.182000000,0.131000000,0.400000000
19:51:05,180719,50.681408192,-123.513102202,789.791000000,17,0.182000000,0.131000000,0.400000000
19:51:06,180719,50.681408182,-123.513102178,789.792000000,17,0.182000000,0.131000000,0.400000000
19:51:07,180719,50.681408173,-123.513102180,789.797000000,17,0.182000000,0.131000000,0.400000000
19:51:08,180719,50.681408170,-123.513102197,789.796000000,17,0.182000000,0.131000000,0.400000000
19:51:09,180719,50.681408158,-123.513102198,789.793000000,17,0.182000000,0.131000000,0.400000000
19:51:10,180719,50.681408153,-123.513102225,789.792000000,17,0.182000000,0.131000000,0.400000000
19:51:11,180719,50.681408180,-123.513102245,789.791000000,17,0.182000000,0.131000000,0.400000000
19:51:12,180719,50.681408207,-123.513102252,789.795000000,17,0.182000000,0.131000000,0.400000000
19:51:13,180719,50.681408222,-123.513102277,789.794000000,17,0.182000000,0.131000000,0.400000000
19:51:14,180719,50.681408223,-123.513102303,789.792000000,17,0.182000000,0.131000000,0.400000000
19:51:15,180719,50.681408233,-123.513102327,789.788000000,17,0.182000000,0.131000000,0.400000000
19:51:16,180719,50.681408233,-123.513102338,789.790000000,17,0.182000000,0.131000000,0.400000000
19:51:17,180719,50.681408243,-123.513102333,789.791000000,17,0.182000000,0.131000000,0.400000000
19:51:18,180719,50.681408247,-123.513102327,789.791000000,17,0.182000000,0.131000000,0.400000000
19:51:19,180719,50.681408227,-123.513102360,789.792000000,17,0.182000000,0.131000000,0.400000000
19:51:20,180719,50.681408222,-123.513102378,789.790000000,17,0.182000000,0.131000000,0.400000000
19:51:21,180719,50.681408217,-123.513102400,789.790000000,17,0.182000000,0.131000000,0.400000000
19:51:22,180719,50.681408210,-123.513102420,789.794000000,17,0.182000000,0.131000000,0.400000000
19:51:23,180719,50.681408207,-123.513102437,789.796000000,17,0.182000000,0.131000000,0.400000000
19:51:24,180719,50.681408208,-123.513102428,789.788000000,17,0.182000000,0.131000000,0.400000000
19:51:25,180719,50.681408193,-123.513102445,789.790000000,17,0.182000000,0.131000000,0.400000000
19:51:26,180719,50.681408185,-123.513102470,789.788000000,17,0.182000000,0.131000000,0.400000000
19:51:27,180719,50.681408187,-123.513102460,789.786000000,17,0.182000000,0.131000000,0.400000000
19:51:28,180719,50.681408187,-123.513102488,789.791000000,17,0.182000000,0.131000000,0.400000000
19:51:29,180719,50.681408165,-123.513102538,789.789000000,17,0.182000000,0.131000000,0.400000000
19:51:30,180719,50.681408162,-123.513102550,789.792000000,17,0.182000000,0.131000000,0.400000000
19:51:31,180719,50.681408152,-123.513102568,789.789000000,17,0.182000000,0.131000000,0.400000000
19:51:32,180719,50.681408157,-123.513102572,789.791000000,17,0.182000000,0.131000000,0.400000000
19:51:33,180719,50.681408142,-123.513102600,789.791000000,17,0.182000000,0.131000000,0.400000000
19:51:34,180719,50.681408147,-123.513102608,789.796000000,17,0.182000000,0.131000000,0.400000000
19:51:35,180719,50.681408138,-123.513102615,789.794000000,17,0.182000000,0.131000000,0.400000000
19:51:36,180719,50.681408148,-123.513102608,789.791000000,17,0.181000000,0.131000000,0.400000000
19:51:37,180719,50.681408148,-123.513102612,789.790000000,17,0.181000000,0.131000000,0.400000000
19:51:38,180719,50.681408142,-123.513102617,789.789000000,17,0.181000000,0.131000000,0.400000000
19:51:39,180719,50.681408140,-123.513102588,789.790000000,17,0.181000000,0.131000000,0.400000000
19:51:40,180719,50.681408118,-123.513102580,789.791000000,17,0.181000000,0.131000000,0.400000000
19:51:41,180719,50.681408130,-123.513102572,789.802000000,17,0.181000000,0.131000000,0.400000000
19:51:42,180719,50.681408120,-123.513102532,789.812000000,17,0.181000000,0.131000000,0.400000000
19:51:43,180719,50.681408117,-123.513102558,789.813000000,17,0.181000000,0.131000000,0.400000000
19:51:44,180719,50.681408103,-123.513102577,789.808000000,17,0.181000000,0.131000000,0.400000000
19:51:45,180719,50.681408103,-123.513102580,789.805000000,17,0.181000000,0.131000000,0.400000000
19:51:46,180719,50.681408120,-123.513102598,789.804000000,17,0.181000000,0.131000000,0.400000000
19:51:47,180719,50.681408130,-123.513102613,789.807000000,17,0.181000000,0.131000000,0.400000000
19:51:48,180719,50.681408130,-123.513102627,789.805000000,17,0.181000000,0.131000000,0.400000000
19:51:49,180719,50.681408123,-123.513102645,789.799000000,17,0.181000000,0.131000000,0.400000000
19:51:50,180719,50.681408108,-123.513102667,789.795000000,17,0.181000000,0.131000000,0.400000000
19:51:51,180719,50.681408118,-123.513102653,789.798000000,17,0.181000000,0.131000000,0.400000000
19:51:52,180719,50.681408137,-123.513102652,789.798000000,17,0.181000000,0.131000000,0.400000000
19:51:53,180719,50.681408128,-123.513102680,789.798000000,17,0.181000000,0.131000000,0.400000000
19:51:54,180719,50.681408117,-123.513102692,789.796000000,17,0.181000000,0.131000000,0.400000000
19:51:55,180719,50.681408117,-123.513102698,789.790000000,17,0.181000000,0.131000000,0.400000000
19:51:56,180719,50.681408125,-123.513102710,789.789000000,17,0.181000000,0.131000000,0.400000000
19:51:57,180719,50.681408137,-123.513102690,789.792000000,17,0.181000000,0.131000000,0.400000000
19:51:58,180719,50.681408135,-123.513102665,789.792000000,17,0.181000000,0.131000000,0.400000000
19:51:59,180719,50.681408140,-123.513102690,789.794000000,17,0.181000000,0.131000000,0.400000000
19:52:00,180719,50.681408113,-123.513102733,789.792000000,17,0.181000000,0.131000000,0.400000000
19:52:01,180719,50.681408100,-123.513102768,789.799000000,17,0.181000000,0.131000000,0.400000000
19:52:02,180719,50.681408072,-123.513102818,789.801000000,17,0.181000000,0.131000000,0.400000000
19:52:03,180719,50.681408067,-123.513102815,789.801000000,17,0.181000000,0.131000000,0.400000000
19:52:04,180719,50.681408058,-123.513102820,789.802000000,17,0.181000000,0.131000000,0.400000000
19:52:05,180719,50.681408070,-123.513102813,789.801000000,17,0.181000000,0.131000000,0.400000000
19:52:06,180719,50.681408085,-123.513102780,789.798000000,17,0.181000000,0.131000000,0.400000000
19:52:07,180719,50.681408078,-123.513102753,789.794000000,17,0.181000000,0.131000000,0.400000000
19:52:08,180719,50.681408085,-123.513102727,789.792000000,17,0.181000000,0.131000000,0.400000000
19:52:09,180719,50.681408093,-123.513102717,789.791000000,17,0.181000000,0.131000000,0.400000000
19:52:10,180719,50.681408093,-123.513102703,789.785000000,17,0.181000000,0.131000000,0.400000000
19:52:11,180719,50.681408085,-123.513102692,789.782000000,17,0.181000000,0.131000000,0.400000000
19:52:12,180719,50.681408072,-123.513102672,789.779000000,17,0.181000000,0.131000000,0.400000000
19:52:13,180719,50.681408080,-123.513102660,789.781000000,17,0.181000000,0.131000000,0.400000000
19:52:14,180719,50.681408068,-123.513102647,789.777000000,17,0.181000000,0.131000000,0.400000000
19:52:15,180719,50.681408048,-123.513102630,789.775000000,17,0.181000000,0.131000000,0.400000000
19:52:16,180719,50.681408033,-123.513102633,789.772000000,17,0.181000000,0.131000000,0.400000000
19:52:17,180719,50.681408027,-123.513102627,789.771000000,17,0.181000000,0.131000000,0.400000000
19:52:18,180719,50.681408022,-123.513102603,789.777000000,17,0.181000000,0.131000000,0.400000000
19:52:19,180719,50.681408008,-123.513102597,789.773000000,17,0.181000000,0.131000000,0.400000000
19:52:20,180719,50.681408002,-123.513102632,789.771000000,17,0.181000000,0.131000000,0.400000000
19:52:21,180719,50.681408028,-123.513102627,789.772000000,17,0.181000000,0.131000000,0.401000000
19:52:22,180719,50.681408025,-123.513102608,789.770000000,17,0.181000000,0.131000000,0.401000000
19:52:23,180719,50.681408047,-123.513102630,789.771000000,17,0.181000000,0.131000000,0.401000000
19:52:24,180719,50.681408042,-123.513102640,789.770000000,17,0.181000000,0.131000000,0.401000000
19:52:25,180719,50.681408033,-123.513102677,789.768000000,17,0.181000000,0.131000000,0.401000000
19:52:26,180719,50.681408038,-123.513102673,789.765000000,17,0.181000000,0.131000000,0.401000000
19:52:27,180719,50.681408012,-123.513102693,789.772000000,17,0.181000000,0.131000000,0.401000000
19:52:28,180719,50.681408020,-123.513102758,789.778000000,17,0.181000000,0.131000000,0.401000000
19:52:29,180719,50.681408005,-123.513102803,789.784000000,17,0.181000000,0.131000000,0.401000000
19:52:30,180719,50.681407985,-123.513102787,789.786000000,17,0.181000000,0.131000000,0.401000000
19:52:31,180719,50.681407978,-123.513102773,789.784000000,17,0.181000000,0.131000000,0.401000000
19:52:32,180719,50.681407985,-123.513102772,789.782000000,17,0.181000000,0.131000000,0.401000000
19:52:33,180719,50.681408005,-123.513102755,789.787000000,17,0.181000000,0.131000000,0.401000000
19:52:34,180719,50.681408002,-123.513102753,789.787000000,17,0.181000000,0.131000000,0.401000000
19:52:35,180719,50.681407995,-123.513102775,789.787000000,17,0.181000000,0.131000000,0.401000000
19:52:36,180719,50.681407982,-123.513102817,789.779000000,17,0.181000000,0.131000000,0.401000000
19:52:37,180719,50.681407982,-123.513102835,789.773000000,17,0.181000000,0.131000000,0.401000000
19:52:38,180719,50.681407992,-123.513102838,789.772000000,17,0.181000000,0.131000000,0.401000000
19:52:39,180719,50.681408000,-123.513102832,789.768000000,17,0.181000000,0.131000000,0.401000000
19:52:40,180719,50.681408003,-123.513102845,789.763000000,17,0.181000000,0.131000000,0.401000000
19:52:41,180719,50.681408012,-123.513102842,789.755000000,17,0.181000000,0.131000000,0.401000000
19:52:42,180719,50.681408007,-123.513102817,789.755000000,17,0.181000000,0.131000000,0.401000000
19:52:43,180719,50.681408018,-123.513102803,789.756000000,17,0.181000000,0.131000000,0.401000000
19:52:44,180719,50.681408008,-123.513102827,789.755000000,17,0.181000000,0.131000000,0.401000000
19:52:45,180719,50.681408023,-123.513102848,789.751000000,17,0.181000000,0.131000000,0.401000000
19:52:46,180719,50.681408020,-123.513102882,789.747000000,17,0.181000000,0.131000000,0.401000000
19:52:47,180719,50.681408020,-123.513102923,789.744000000,17,0.181000000,0.131000000,0.401000000
19:52:48,180719,50.681408040,-123.513102927,789.738000000,17,0.181000000,0.131000000,0.401000000
19:52:49,180719,50.681408045,-123.513102923,789.730000000,17,0.181000000,0.131000000,0.401000000
19:52:50,180719,50.681408028,-123.513102922,789.725000000,17,0.181000000,0.131000000,0.401000000
19:52:51,180719,50.681408020,-123.513102913,789.718000000,17,0.180000000,0.131000000,0.401000000
19:52:52,180719,50.681408022,-123.513102938,789.720000000,17,0.180000000,0.131000000,0.401000000
19:52:53,180719,50.681408015,-123.513102955,789.722000000,17,0.180000000,0.131000000,0.401000000
19:52:54,180719,50.681408008,-123.513102967,789.719000000,17,0.180000000,0.131000000,0.401000000
19:52:55,180719,50.681408010,-123.513102948,789.728000000,17,0.180000000,0.131000000,0.401000000
19:52:56,180719,50.681408008,-123.513102873,789.730000000,17,0.180000000,0.131000000,0.401000000
19:52:57,180719,50.681408018,-123.513102820,789.734000000,17,0.180000000,0.131000000,0.401000000
19:52:58,180719,50.681408012,-123.513102772,789.742000000,17,0.180000000,0.131000000,0.401000000
19:52:59,180719,50.681407998,-123.513102765,789.747000000,17,0.180000000,0.131000000,0.401000000
19:53:00,180719,50.681408002,-123.513102760,789.748000000,17,0.180000000,0.131000000,0.401000000
19:53:01,180719,50.681407988,-123.513102750,789.746000000,17,0.180000000,0.131000000,0.401000000
19:53:02,180719,50.681407997,-123.513102758,789.746000000,17,0.180000000,0.131000000,0.401000000
19:53:03,180719,50.681407993,-123.513102745,789.748000000,17,0.180000000,0.131000000,0.401000000
19:53:04,180719,50.681407987,-123.513102775,789.756000000,17,0.180000000,0.131000000,0.401000000
19:53:05,180719,50.681407987,-123.513102747,789.756000000,17,0.180000000,0.131000000,0.401000000
19:53:06,180719,50.681407973,-123.513102723,789.755000000,17,0.180000000,0.131000000,0.401000000
19:53:07,180719,50.681407965,-123.513102768,789.745000000,17,0.180000000,0.131000000,0.401000000
19:53:08,180719,50.681407967,-123.513102778,789.740000000,17,0.180000000,0.131000000,0.401000000
19:53:09,180719,50.681407958,-123.513102805,789.732000000,17,0.180000000,0.131000000,0.401000000
19:53:10,180719,50.681407953,-123.513102812,789.726000000,17,0.180000000,0.131000000,0.401000000
19:53:11,180719,50.681407942,-123.513102803,789.721000000,17,0.180000000,0.131000000,0.401000000
19:53:12,180719,50.681407933,-123.513102830,789.718000000,17,0.180000000,0.131000000,0.401000000
19:53:13,180719,50.681407942,-123.513102852,789.715000000,17,0.180000000,0.131000000,0.401000000
19:53:14,180719,50.681407947,-123.513102865,789.715000000,17,0.180000000,0.131000000,0.401000000
19:53:15,180719,50.681407935,-123.513102883,789.713000000,17,0.180000000,0.131000000,0.401000000
19:53:16,180719,50.681407922,-123.513102917,789.712000000,17,0.180000000,0.131000000,0.401000000
19:53:17,180719,50.681407915,-123.513102947,789.709000000,17,0.180000000,0.131000000,0.401000000
19:53:18,180719,50.681407905,-123.513102958,789.706000000,17,0.180000000,0.131000000,0.401000000
19:53:19,180719,50.681407890,-123.513102948,789.706000000,17,0.180000000,0.131000000,0.401000000
19:53:20,180719,50.681407877,-123.513102975,789.705000000,17,0.180000000,0.131000000,0.401000000
19:53:21,180719,50.681407870,-123.513102968,789.704000000,17,0.180000000,0.131000000,0.401000000
19:53:22,180719,50.681407833,-123.513102993,789.706000000,17,0.180000000,0.131000000,0.401000000
19:53:23,180719,50.681407808,-123.513103040,789.706000000,17,0.180000000,0.131000000,0.401000000
19:53:24,180719,50.681407802,-123.513103090,789.711000000,17,0.180000000,0.131000000,0.401000000
19:53:25,180719,50.681407780,-123.513103117,789.715000000,17,0.180000000,0.131000000,0.401000000
19:53:26,180719,50.681407762,-123.513103153,789.715000000,17,0.180000000,0.131000000,0.401000000
19:53:27,180719,50.681407753,-123.513103163,789.710000000,17,0.180000000,0.131000000,0.401000000
19:53:28,180719,50.681407735,-123.513103205,789.708000000,17,0.180000000,0.131000000,0.401000000
19:53:29,180719,50.681407727,-123.513103195,789.706000000,17,0.180000000,0.131000000,0.401000000
19:53:30,180719,50.681407737,-123.513103192,789.707000000,17,0.180000000,0.131000000,0.401000000
19:53:31,180719,50.681407723,-123.513103190,789.709000000,17,0.180000000,0.131000000,0.401000000
19:53:32,180719,50.681407700,-123.513103227,789.710000000,17,0.180000000,0.131000000,0.401000000
19:53:33,180719,50.681407682,-123.513103242,789.715000000,17,0.180000000,0.131000000,0.401000000
19:53:34,180719,50.681407680,-123.513103270,789.718000000,17,0.180000000,0.131000000,0.401000000
19:53:35,180719,50.681407680,-123.513103273,789.724000000,17,0.180000000,0.131000000,0.401000000
19:53:36,180719,50.681407672,-123.513103295,789.723000000,17,0.180000000,0.131000000,0.401000000
19:53:37,180719,50.681407672,-123.513103307,789.722000000,17,0.180000000,0.131000000,0.401000000
19:53:38,180719,50.681407663,-123.513103290,789.718000000,17,0.180000000,0.131000000,0.401000000
19:53:39,180719,50.681407677,-123.513103290,789.710000000,17,0.180000000,0.131000000,0.401000000
19:53:40,180719,50.681407680,-123.513103288,789.707000000,17,0.180000000,0.131000000,0.401000000
19:53:41,180719,50.681407680,-123.513103308,789.698000000,17,0.180000000,0.131000000,0.401000000
19:53:42,180719,50.681407670,-123.513103300,789.694000000,17,0.180000000,0.131000000,0.401000000
19:53:43,180719,50.681407673,-123.513103292,789.696000000,17,0.180000000,0.131000000,0.401000000
19:53:44,180719,50.681407668,-123.513103305,789.695000000,17,0.180000000,0.131000000,0.401000000
19:53:45,180719,50.681407682,-123.513103297,789.695000000,17,0.180000000,0.131000000,0.401000000
19:53:46,180719,50.681407680,-123.513103327,789.694000000,17,0.180000000,0.131000000,0.401000000
19:53:47,180719,50.681407672,-123.513103352,789.693000000,17,0.180000000,0.131000000,0.401000000
19:53:48,180719,50.681407672,-123.513103380,789.693000000,17,0.180000000,0.131000000,0.401000000
19:53:49,180719,50.681407673,-123.513103407,789.689000000,17,0.180000000,0.131000000,0.401000000
19:53:50,180719,50.681407687,-123.513103388,789.689000000,17,0.180000000,0.131000000,0.401000000
19:53:51,180719,50.681407687,-123.513103388,789.688000000,17,0.180000000,0.131000000,0.401000000
19:53:52,180719,50.681407688,-123.513103380,789.686000000,17,0.180000000,0.131000000,0.401000000
19:53:53,180719,50.681407692,-123.513103382,789.687000000,17,0.180000000,0.131000000,0.401000000
19:53:54,180719,50.681407715,-123.513103385,789.687000000,17,0.180000000,0.131000000,0.400000000
19:53:55,180719,50.681407718,-123.513103412,789.684000000,17,0.180000000,0.131000000,0.400000000
19:53:56,180719,50.681407725,-123.513103425,789.684000000,17,0.180000000,0.131000000,0.400000000
19:53:57,180719,50.681407747,-123.513103457,789.678000000,17,0.179000000,0.131000000,0.400000000
19:53:58,180719,50.681407772,-123.513103453,789.681000000,17,0.179000000,0.131000000,0.400000000
19:53:59,180719,50.681407797,-123.513103463,789.678000000,17,0.179000000,0.131000000,0.400000000
19:54:00,180719,50.681407808,-123.513103445,789.680000000,17,0.179000000,0.131000000,0.400000000
19:54:01,180719,50.681407842,-123.513103430,789.684000000,17,0.179000000,0.131000000,0.400000000
19:54:02,180719,50.681407840,-123.513103453,789.681000000,17,0.179000000,0.131000000,0.400000000
19:54:03,180719,50.681407850,-123.513103472,789.682000000,17,0.179000000,0.131000000,0.400000000
19:54:04,180719,50.681407860,-123.513103477,789.679000000,17,0.179000000,0.131000000,0.400000000
19:54:05,180719,50.681407872,-123.513103502,789.681000000,17,0.179000000,0.131000000,0.400000000
19:54:06,180719,50.681407863,-123.513103503,789.681000000,17,0.179000000,0.131000000,0.400000000
19:54:07,180719,50.681407842,-123.513103532,789.676000000,17,0.179000000,0.131000000,0.400000000
19:54:08,180719,50.681407848,-123.513103533,789.677000000,17,0.179000000,0.131000000,0.400000000
19:54:09,180719,50.681407848,-123.513103548,789.674000000,17,0.179000000,0.131000000,0.400000000
19:54:10,180719,50.681407865,-123.513103542,789.675000000,17,0.179000000,0.131000000,0.400000000
19:54:11,180719,50.681407858,-123.513103545,789.673000000,17,0.179000000,0.131000000,0.400000000
19:54:12,180719,50.681407870,-123.513103538,789.673000000,17,0.179000000,0.131000000,0.400000000
19:54:13,180719,50.681407880,-123.513103560,789.675000000,17,0.179000000,0.131000000,0.400000000
19:54:14,180719,50.681407887,-123.513103547,789.680000000,17,0.179000000,0.131000000,0.400000000
19:54:15,180719,50.681407895,-123.513103553,789.679000000,17,0.179000000,0.131000000,0.400000000
19:54:16,180719,50.681407897,-123.513103553,789.679000000,17,0.179000000,0.131000000,0.400000000
19:54:17,180719,50.681407897,-123.513103558,789.684000000,17,0.179000000,0.131000000,0.400000000
19:54:18,180719,50.681407892,-123.513103548,789.681000000,17,0.179000000,0.131000000,0.400000000
19:54:19,180719,50.681407890,-123.513103550,789.678000000,17,0.179000000,0.131000000,0.400000000
19:54:20,180719,50.681407877,-123.513103548,789.677000000,17,0.179000000,0.131000000,0.400000000
19:54:21,180719,50.681407878,-123.513103537,789.673000000,17,0.179000000,0.131000000,0.400000000
19:54:22,180719,50.681407872,-123.513103547,789.669000000,17,0.179000000,0.131000000,0.400000000
19:54:23,180719,50.681407872,-123.513103525,789.668000000,17,0.179000000,0.131000000,0.400000000
19:54:24,180719,50.681407870,-123.513103538,789.674000000,17,0.179000000,0.131000000,0.400000000
19:54:25,180719,50.681407858,-123.513103567,789.669000000,17,0.179000000,0.131000000,0.400000000
19:54:26,180719,50.681407848,-123.513103602,789.666000000,17,0.179000000,0.131000000,0.400000000
19:54:27,180719,50.681407835,-123.513103615,789.666000000,17,0.179000000,0.131000000,0.400000000
19:54:28,180719,50.681407837,-123.513103583,789.667000000,17,0.179000000,0.131000000,0.400000000
19:54:29,180719,50.681407865,-123.513103578,789.675000000,17,0.179000000,0.131000000,0.400000000
19:54:30,180719,50.681407853,-123.513103577,789.672000000,17,0.179000000,0.131000000,0.400000000
19:54:31,180719,50.681407843,-123.513103580,789.671000000,17,0.179000000,0.131000000,0.400000000
19:54:32,180719,50.681407837,-123.513103583,789.671000000,17,0.179000000,0.131000000,0.400000000
19:54:33,180719,50.681407837,-123.513103568,789.673000000,17,0.179000000,0.131000000,0.400000000
19:54:34,180719,50.681407833,-123.513103562,789.677000000,17,0.179000000,0.131000000,0.400000000
19:54:35,180719,50.681407817,-123.513103558,789.675000000,17,0.179000000,0.131000000,0.400000000
19:54:36,180719,50.681407800,-123.513103577,789.672000000,17,0.179000000,0.131000000,0.400000000
19:54:37,180719,50.681407800,-123.513103582,789.670000000,17,0.179000000,0.131000000,0.400000000
19:54:38,180719,50.681407797,-123.513103627,789.669000000,17,0.179000000,0.131000000,0.400000000
19:54:39,180719,50.681407780,-123.513103637,789.668000000,17,0.179000000,0.131000000,0.400000000
19:54:40,180719,50.681407770,-123.513103655,789.665000000,17,0.179000000,0.131000000,0.400000000
