TIME,DATE(ddMMyy),LATITUDEGGA,LONGITUDEGGA,ALTITUDEGGA,NUMBERSAT,LATERR,LONGERR,ALTERR
21:04:38,180719,50.567258760,-123.517826752,813.061000000,17,0.208000000,0.106000000,0.382000000
21:04:39,180719,50.567258813,-123.517826828,813.027000000,17,0.208000000,0.106000000,0.382000000
21:04:40,180719,50.567258863,-123.517826880,813.008000000,17,0.208000000,0.106000000,0.382000000
21:04:41,180719,50.567258905,-123.517826933,812.986000000,17,0.208000000,0.106000000,0.382000000
21:04:42,180719,50.567258967,-123.517826987,812.972000000,17,0.208000000,0.106000000,0.382000000
21:04:43,180719,50.567259018,-123.517827003,812.963000000,17,0.208000000,0.106000000,0.382000000
21:04:44,180719,50.567259068,-123.517827003,812.961000000,17,0.208000000,0.106000000,0.383000000
21:04:45,180719,50.567259102,-123.517827025,812.966000000,17,0.208000000,0.106000000,0.383000000
21:04:46,180719,50.567259177,-123.517827032,812.960000000,17,0.208000000,0.106000000,0.383000000
21:04:47,180719,50.567259243,-123.517827083,812.952000000,17,0.208000000,0.106000000,0.383000000
21:04:48,180719,50.567259330,-123.517827147,812.940000000,17,0.208000000,0.106000000,0.383000000
21:04:49,180719,50.567259420,-123.517827175,812.935000000,17,0.208000000,0.106000000,0.383000000
21:04:50,180719,50.567259508,-123.517827198,812.923000000,17,0.208000000,0.106000000,0.383000000
21:04:51,180719,50.567259547,-123.517827168,812.932000000,17,0.208000000,0.106000000,0.383000000
21:04:52,180719,50.567259602,-123.517827153,812.932000000,17,0.208000000,0.106000000,0.383000000
21:04:53,180719,50.567259637,-123.517827110,812.946000000,17,0.208000000,0.106000000,0.383000000
21:04:54,180719,50.567259657,-123.517827055,812.957000000,17,0.208000000,0.106000000,0.383000000
21:04:55,180719,50.567259695,-123.517827017,812.971000000,17,0.208000000,0.106000000,0.383000000
21:04:56,180719,50.567259757,-123.517826980,812.987000000,18,0.184000000,0.104000000,0.363000000
21:04:57,180719,50.567259835,-123.517826952,813.003000000,18,0.184000000,0.104000000,0.363000000
21:04:58,180719,50.567259902,-123.517826937,813.016000000,18,0.184000000,0.104000000,0.363000000
21:04:59,180719,50.567260005,-123.517826935,813.021000000,18,0.184000000,0.104000000,0.363000000
21:05:00,180719,50.567260060,-123.517826960,813.028000000,18,0.184000000,0.104000000,0.363000000
21:05:01,180719,50.567260102,-123.517826992,813.033000000,18,0.184000000,0.104000000,0.363000000
21:05:02,180719,50.567260128,-123.517827015,813.033000000,18,0.184000000,0.104000000,0.363000000
21:05:03,180719,50.567260163,-123.517827038,813.039000000,18,0.184000000,0.104000000,0.363000000
21:05:04,180719,50.567260178,-123.517827042,813.046000000,18,0.184000000,0.104000000,0.363000000
21:05:05,180719,50.567260190,-123.517827045,813.058000000,18,0.184000000,0.104000000,0.363000000
21:05:06,180719,50.567260203,-123.517827008,813.073000000,18,0.184000000,0.104000000,0.363000000
21:05:07,180719,50.567260225,-123.517826982,813.094000000,18,0.184000000,0.104000000,0.363000000
21:05:08,180719,50.567260262,-123.517826963,813.111000000,18,0.184000000,0.104000000,0.363000000
21:05:09,180719,50.567260278,-123.517826953,813.119000000,18,0.184000000,0.104000000,0.363000000
21:05:10,180719,50.567260312,-123.517826967,813.124000000,18,0.184000000,0.104000000,0.363000000
21:05:11,180719,50.567260353,-123.517826965,813.130000000,18,0.184000000,0.104000000,0.363000000
21:05:12,180719,50.567260380,-123.517826968,813.135000000,18,0.184000000,0.104000000,0.363000000
21:05:13,180719,50.567260378,-123.517826977,813.141000000,18,0.184000000,0.104000000,0.363000000
21:05:14,180719,50.567260413,-123.517826982,813.149000000,18,0.184000000,0.104000000,0.363000000
21:05:15,180719,50.567260440,-123.517826970,813.157000000,18,0.184000000,0.104000000,0.363000000
21:05:16,180719,50.567260462,-123.517826928,813.176000000,18,0.184000000,0.104000000,0.363000000
21:05:17,180719,50.567260497,-123.517826912,813.195000000,18,0.184000000,0.104000000,0.363000000
21:05:18,180719,50.567260528,-123.517826897,813.206000000,18,0.184000000,0.104000000,0.363000000
21:05:19,180719,50.567260545,-123.517826877,813.215000000,18,0.184000000,0.104000000,0.363000000
21:05:20,180719,50.567260557,-123.517826895,813.201000000,18,0.184000000,0.104000000,0.364000000
21:05:21,180719,50.567260567,-123.517826893,813.201000000,18,0.184000000,0.104000000,0.364000000
21:05:22,180719,50.567260587,-123.517826912,813.196000000,18,0.184000000,0.104000000,0.364000000
21:05:23,180719,50.567260603,-123.517826915,813.197000000,18,0.184000000,0.104000000,0.364000000
21:05:24,180719,50.567260625,-123.517826938,813.196000000,18,0.184000000,0.104000000,0.364000000
21:05:25,180719,50.567260660,-123.517826942,813.192000000,18,0.184000000,0.104000000,0.364000000
21:05:26,180719,50.567260695,-123.517826968,813.190000000,18,0.184000000,0.104000000,0.364000000
21:05:27,180719,50.567260732,-123.517826987,813.188000000,18,0.184000000,0.104000000,0.364000000
21:05:28,180719,50.567260772,-123.517827028,813.186000000,18,0.184000000,0.104000000,0.364000000
21:05:29,180719,50.567260800,-123.517827058,813.181000000,18,0.184000000,0.104000000,0.364000000
21:05:30,180719,50.567260807,-123.517827090,813.176000000,18,0.184000000,0.104000000,0.364000000
21:05:31,180719,50.567260792,-123.517827112,813.174000000,18,0.184000000,0.104000000,0.364000000
21:05:32,180719,50.567260777,-123.517827138,813.166000000,18,0.184000000,0.104000000,0.364000000
21:05:33,180719,50.567260777,-123.517827155,813.165000000,18,0.184000000,0.104000000,0.364000000
21:05:34,180719,50.567260780,-123.517827172,813.162000000,17,0.185000000,0.109000000,0.403000000
21:05:35,180719,50.567260793,-123.517827190,813.160000000,17,0.185000000,0.109000000,0.403000000
21:05:36,180719,50.567260817,-123.517827172,813.160000000,17,0.185000000,0.109000000,0.403000000
21:05:37,180719,50.567260850,-123.517827157,813.155000000,17,0.185000000,0.109000000,0.403000000
21:05:38,180719,50.567260902,-123.517827163,813.156000000,17,0.185000000,0.109000000,0.403000000
21:05:39,180719,50.567260950,-123.517827168,813.160000000,17,0.185000000,0.109000000,0.403000000
21:05:40,180719,50.567261000,-123.517827182,813.163000000,17,0.185000000,0.109000000,0.403000000
21:05:41,180719,50.567261037,-123.517827202,813.156000000,17,0.185000000,0.109000000,0.403000000
21:05:42,180719,50.567261073,-123.517827223,813.157000000,17,0.185000000,0.109000000,0.403000000
21:05:43,180719,50.567261075,-123.517827255,813.154000000,17,0.185000000,0.109000000,0.403000000
21:05:44,180719,50.567261090,-123.517827270,813.157000000,17,0.185000000,0.109000000,0.403000000
21:05:45,180719,50.567261110,-123.517827300,813.158000000,17,0.185000000,0.109000000,0.403000000
21:05:46,180719,50.567261123,-123.517827330,813.154000000,18,0.184000000,0.104000000,0.365000000
21:05:47,180719,50.567261140,-123.517827337,813.162000000,18,0.184000000,0.104000000,0.365000000
21:05:48,180719,50.567261148,-123.517827348,813.163000000,18,0.184000000,0.104000000,0.365000000
21:05:49,180719,50.567261125,-123.517827340,813.158000000,18,0.184000000,0.104000000,0.365000000
21:05:50,180719,50.567261102,-123.517827330,813.153000000,18,0.184000000,0.104000000,0.365000000
21:05:51,180719,50.567261073,-123.517827318,813.148000000,18,0.184000000,0.104000000,0.365000000
21:05:52,180719,50.567261057,-123.517827317,813.141000000,18,0.184000000,0.104000000,0.365000000
21:05:53,180719,50.567261025,-123.517827315,813.138000000,18,0.184000000,0.104000000,0.365000000
21:05:54,180719,50.567261003,-123.517827307,813.135000000,18,0.184000000,0.104000000,0.365000000
21:05:55,180719,50.567260962,-123.517827308,813.130000000,18,0.184000000,0.104000000,0.365000000
21:05:56,180719,50.567260948,-123.517827282,813.128000000,18,0.184000000,0.104000000,0.365000000
21:05:57,180719,50.567260935,-123.517827270,813.122000000,18,0.184000000,0.104000000,0.365000000
21:05:58,180719,50.567260898,-123.517827265,813.117000000,18,0.184000000,0.104000000,0.365000000
21:05:59,180719,50.567260877,-123.517827252,813.113000000,18,0.184000000,0.104000000,0.365000000
21:06:00,180719,50.567260877,-123.517827248,813.115000000,18,0.184000000,0.104000000,0.365000000
21:06:01,180719,50.567260890,-123.517827258,813.104000000,18,0.184000000,0.104000000,0.365000000
21:06:02,180719,50.567260883,-123.517827260,813.097000000,18,0.184000000,0.104000000,0.365000000
21:06:03,180719,50.567260868,-123.517827238,813.094000000,18,0.184000000,0.104000000,0.365000000
21:06:04,180719,50.567260850,-123.517827233,813.094000000,18,0.184000000,0.104000000,0.365000000
21:06:05,180719,50.567260835,-123.517827212,813.089000000,18,0.184000000,0.104000000,0.365000000
21:06:06,180719,50.567260817,-123.517827202,813.079000000,18,0.184000000,0.104000000,0.365000000
21:06:07,180719,50.567260780,-123.517827210,813.069000000,18,0.184000000,0.104000000,0.365000000
21:06:08,180719,50.567260745,-123.517827202,813.061000000,18,0.184000000,0.104000000,0.365000000
21:06:09,180719,50.567260693,-123.517827207,813.053000000,18,0.184000000,0.104000000,0.365000000
21:06:10,180719,50.567260663,-123.517827208,813.044000000,18,0.184000000,0.104000000,0.365000000
21:06:11,180719,50.567260672,-123.517827212,813.039000000,18,0.184000000,0.104000000,0.365000000
21:06:12,180719,50.567260665,-123.517827203,813.034000000,18,0.184000000,0.104000000,0.365000000
21:06:13,180719,50.567260657,-123.517827210,813.035000000,18,0.184000000,0.104000000,0.366000000
21:06:14,180719,50.567260665,-123.517827202,813.036000000,18,0.184000000,0.104000000,0.366000000
21:06:15,180719,50.567260668,-123.517827208,813.039000000,18,0.184000000,0.104000000,0.366000000
21:06:16,180719,50.567260677,-123.517827187,813.040000000,18,0.184000000,0.104000000,0.366000000
21:06:17,180719,50.567260695,-123.517827173,813.039000000,18,0.184000000,0.104000000,0.366000000
21:06:18,180719,50.567260677,-123.517827155,813.037000000,17,0.185000000,0.109000000,0.406000000
21:06:19,180719,50.567260667,-123.517827157,813.027000000,17,0.185000000,0.109000000,0.406000000
21:06:20,180719,50.567260692,-123.517827130,813.019000000,17,0.185000000,0.109000000,0.406000000
21:06:21,180719,50.567260705,-123.517827110,813.021000000,17,0.185000000,0.109000000,0.406000000
21:06:22,180719,50.567260717,-123.517827085,813.021000000,17,0.185000000,0.109000000,0.406000000
21:06:23,180719,50.567260720,-123.517827072,813.014000000,17,0.185000000,0.109000000,0.406000000
21:06:24,180719,50.567260730,-123.517827055,813.007000000,17,0.185000000,0.109000000,0.406000000
21:06:25,180719,50.567260755,-123.517827043,813.005000000,17,0.185000000,0.109000000,0.406000000
21:06:26,180719,50.567260757,-123.517827010,813.007000000,17,0.185000000,0.109000000,0.406000000
21:06:27,180719,50.567260797,-123.517826993,813.002000000,17,0.185000000,0.109000000,0.407000000
21:06:28,180719,50.567260827,-123.517827005,813.006000000,17,0.185000000,0.109000000,0.407000000
21:06:29,180719,50.567260848,-123.517826992,813.003000000,17,0.185000000,0.109000000,0.407000000
21:06:30,180719,50.567260858,-123.517826960,813.002000000,17,0.185000000,0.109000000,0.407000000
21:06:31,180719,50.567260867,-123.517826930,812.997000000,17,0.185000000,0.109000000,0.407000000
21:06:32,180719,50.567260858,-123.517826887,812.998000000,17,0.185000000,0.109000000,0.407000000
21:06:33,180719,50.567260835,-123.517826863,813.000000000,17,0.185000000,0.109000000,0.407000000
21:06:34,180719,50.567260828,-123.517826823,813.001000000,18,0.184000000,0.104000000,0.366000000
21:06:35,180719,50.567260823,-123.517826798,812.996000000,18,0.184000000,0.104000000,0.366000000
21:06:36,180719,50.567260812,-123.517826785,812.997000000,18,0.184000000,0.104000000,0.366000000
21:06:37,180719,50.567260803,-123.517826777,812.991000000,18,0.184000000,0.104000000,0.367000000
21:06:38,180719,50.567260805,-123.517826755,812.992000000,18,0.184000000,0.104000000,0.367000000
21:06:39,180719,50.567260802,-123.517826750,812.990000000,18,0.184000000,0.104000000,0.367000000
21:06:40,180719,50.567260802,-123.517826742,812.982000000,18,0.184000000,0.104000000,0.367000000
21:06:41,180719,50.567260780,-123.517826728,812.981000000,18,0.184000000,0.104000000,0.367000000
21:06:42,180719,50.567260770,-123.517826732,812.974000000,18,0.184000000,0.104000000,0.367000000
21:06:43,180719,50.567260790,-123.517826740,812.969000000,18,0.184000000,0.104000000,0.367000000
21:06:44,180719,50.567260828,-123.517826747,812.962000000,18,0.184000000,0.104000000,0.367000000
21:06:45,180719,50.567260852,-123.517826773,812.963000000,18,0.184000000,0.104000000,0.367000000
21:06:46,180719,50.567260878,-123.517826768,812.954000000,18,0.184000000,0.104000000,0.367000000
21:06:47,180719,50.567260885,-123.517826773,812.948000000,18,0.184000000,0.104000000,0.367000000
21:06:48,180719,50.567260875,-123.517826802,812.945000000,18,0.184000000,0.104000000,0.367000000
21:06:49,180719,50.567260877,-123.517826792,812.948000000,18,0.184000000,0.104000000,0.367000000
21:06:50,180719,50.567260885,-123.517826810,812.946000000,18,0.184000000,0.104000000,0.367000000
21:06:51,180719,50.567260882,-123.517826803,812.942000000,18,0.184000000,0.104000000,0.367000000
21:06:52,180719,50.567260893,-123.517826813,812.942000000,18,0.184000000,0.104000000,0.367000000
21:06:53,180719,50.567260908,-123.517826815,812.939000000,18,0.184000000,0.104000000,0.367000000
21:06:54,180719,50.567260938,-123.517826833,812.942000000,18,0.184000000,0.104000000,0.367000000
21:06:55,180719,50.567260973,-123.517826848,812.939000000,18,0.184000000,0.104000000,0.367000000
21:06:56,180719,50.567261013,-123.517826867,812.938000000,18,0.184000000,0.104000000,0.367000000
21:06:57,180719,50.567261035,-123.517826868,812.934000000,18,0.184000000,0.104000000,0.367000000
21:06:58,180719,50.567261055,-123.517826860,812.928000000,18,0.184000000,0.104000000,0.367000000
21:06:59,180719,50.567261070,-123.517826855,812.925000000,18,0.184000000,0.104000000,0.367000000
21:07:00,180719,50.567261067,-123.517826862,812.916000000,18,0.184000000,0.104000000,0.367000000
21:07:01,180719,50.567261048,-123.517826855,812.919000000,18,0.184000000,0.104000000,0.367000000
21:07:02,180719,50.567261035,-123.517826853,812.914000000,18,0.184000000,0.104000000,0.367000000
21:07:03,180719,50.567261038,-123.517826883,812.911000000,18,0.184000000,0.104000000,0.367000000
21:07:04,180719,50.567261053,-123.517826905,812.910000000,18,0.184000000,0.104000000,0.367000000
21:07:05,180719,50.567261057,-123.517826930,812.907000000,18,0.184000000,0.104000000,0.367000000
21:07:06,180719,50.567261088,-123.517826943,812.904000000,18,0.184000000,0.104000000,0.367000000
21:07:07,180719,50.567261133,-123.517826955,812.902000000,18,0.184000000,0.104000000,0.368000000
21:07:08,180719,50.567261165,-123.517826940,812.905000000,18,0.184000000,0.104000000,0.368000000
21:07:09,180719,50.567261197,-123.517826938,812.910000000,18,0.184000000,0.104000000,0.368000000
21:07:10,180719,50.567261212,-123.517826925,812.915000000,18,0.184000000,0.104000000,0.368000000
21:07:11,180719,50.567261237,-123.517826918,812.915000000,18,0.184000000,0.104000000,0.368000000
21:07:12,180719,50.567261255,-123.517826897,812.920000000,19,0.182000000,0.101000000,0.355000000
21:07:13,180719,50.567261265,-123.517826907,812.924000000,19,0.182000000,0.101000000,0.355000000
21:07:14,180719,50.567261267,-123.517826927,812.931000000,19,0.182000000,0.101000000,0.355000000
21:07:15,180719,50.567261255,-123.517826902,812.938000000,19,0.182000000,0.101000000,0.355000000
21:07:16,180719,50.567261257,-123.517826902,812.936000000,19,0.182000000,0.101000000,0.355000000
21:07:17,180719,50.567261288,-123.517826915,812.940000000,19,0.182000000,0.101000000,0.355000000
21:07:18,180719,50.567261308,-123.517826908,812.936000000,19,0.182000000,0.101000000,0.355000000
21:07:19,180719,50.567261307,-123.517826912,812.934000000,19,0.182000000,0.101000000,0.355000000
21:07:20,180719,50.567261302,-123.517826902,812.936000000,19,0.182000000,0.101000000,0.355000000
21:07:21,180719,50.567261315,-123.517826902,812.938000000,19,0.182000000,0.101000000,0.355000000
21:07:22,180719,50.567261332,-123.517826893,812.940000000,19,0.182000000,0.101000000,0.355000000
21:07:23,180719,50.567261348,-123.517826897,812.939000000,19,0.182000000,0.101000000,0.355000000
21:07:24,180719,50.567261365,-123.517826910,812.940000000,19,0.182000000,0.101000000,0.355000000
21:07:25,180719,50.567261395,-123.517826927,812.942000000,19,0.182000000,0.101000000,0.355000000
21:07:26,180719,50.567261417,-123.517826947,812.940000000,19,0.182000000,0.101000000,0.355000000
21:07:27,180719,50.567261437,-123.517826947,812.942000000,19,0.182000000,0.101000000,0.355000000
21:07:28,180719,50.567261453,-123.517826952,812.939000000,19,0.182000000,0.101000000,0.355000000
21:07:29,180719,50.567261457,-123.517826912,812.945000000,19,0.182000000,0.101000000,0.355000000
21:07:30,180719,50.567261455,-123.517826872,812.946000000,19,0.182000000,0.101000000,0.355000000
21:07:31,180719,50.567261448,-123.517826857,812.945000000,19,0.182000000,0.101000000,0.355000000
21:07:32,180719,50.567261428,-123.517826832,812.941000000,19,0.182000000,0.101000000,0.355000000
21:07:33,180719,50.567261425,-123.517826832,812.942000000,19,0.182000000,0.101000000,0.355000000
21:07:34,180719,50.567261415,-123.517826832,812.938000000,19,0.182000000,0.101000000,0.355000000
21:07:35,180719,50.567261402,-123.517826828,812.937000000,19,0.182000000,0.101000000,0.355000000
21:07:36,180719,50.567261398,-123.517826798,812.940000000,19,0.182000000,0.101000000,0.356000000
21:07:37,180719,50.567261408,-123.517826782,812.944000000,19,0.182000000,0.101000000,0.356000000
21:07:38,180719,50.567261422,-123.517826763,812.947000000,19,0.182000000,0.101000000,0.356000000
21:07:39,180719,50.567261422,-123.517826737,812.950000000,19,0.182000000,0.101000000,0.356000000
21:07:40,180719,50.567261447,-123.517826743,812.952000000,19,0.182000000,0.101000000,0.356000000
21:07:41,180719,50.567261470,-123.517826742,812.948000000,19,0.182000000,0.101000000,0.356000000
21:07:42,180719,50.567261477,-123.517826748,812.946000000,19,0.182000000,0.101000000,0.356000000
21:07:43,180719,50.567261462,-123.517826780,812.939000000,19,0.182000000,0.101000000,0.356000000
21:07:44,180719,50.567261448,-123.517826800,812.932000000,19,0.182000000,0.101000000,0.356000000
21:07:45,180719,50.567261427,-123.517826813,812.918000000,19,0.182000000,0.101000000,0.356000000
21:07:46,180719,50.567261400,-123.517826802,812.910000000,19,0.182000000,0.101000000,0.356000000
21:07:47,180719,50.567261388,-123.517826803,812.908000000,19,0.182000000,0.101000000,0.356000000
21:07:48,180719,50.567261387,-123.517826808,812.901000000,19,0.182000000,0.101000000,0.356000000
21:07:49,180719,50.567261417,-123.517826805,812.901000000,19,0.182000000,0.101000000,0.356000000
21:07:50,180719,50.567261430,-123.517826807,812.901000000,19,0.182000000,0.101000000,0.356000000
21:07:51,180719,50.567261427,-123.517826820,812.895000000,19,0.182000000,0.101000000,0.356000000
21:07:52,180719,50.567261428,-123.517826838,812.885000000,19,0.182000000,0.101000000,0.356000000
21:07:53,180719,50.567261437,-123.517826862,812.874000000,19,0.182000000,0.101000000,0.356000000
21:07:54,180719,50.567261438,-123.517826898,812.872000000,19,0.182000000,0.101000000,0.356000000
21:07:55,180719,50.567261423,-123.517826905,812.877000000,19,0.182000000,0.101000000,0.356000000
21:07:56,180719,50.567261410,-123.517826912,812.879000000,19,0.182000000,0.101000000,0.356000000
21:07:57,180719,50.567261375,-123.517826917,812.885000000,19,0.182000000,0.101000000,0.356000000
21:07:58,180719,50.567261352,-123.517826910,812.886000000,19,0.182000000,0.101000000,0.356000000
21:07:59,180719,50.567261325,-123.517826925,812.883000000,19,0.182000000,0.101000000,0.356000000
21:08:00,180719,50.567261288,-123.517826928,812.883000000,19,0.182000000,0.101000000,0.357000000
21:08:01,180719,50.567261268,-123.517826932,812.882000000,19,0.182000000,0.101000000,0.357000000
21:08:02,180719,50.567261250,-123.517826935,812.881000000,19,0.182000000,0.101000000,0.357000000
21:08:03,180719,50.567261242,-123.517826950,812.883000000,19,0.182000000,0.101000000,0.357000000
21:08:04,180719,50.567261228,-123.517826943,812.889000000,19,0.182000000,0.101000000,0.357000000
21:08:05,180719,50.567261218,-123.517826937,812.894000000,19,0.182000000,0.101000000,0.357000000
21:08:06,180719,50.567261217,-123.517826963,812.901000000,19,0.182000000,0.101000000,0.357000000
21:08:07,180719,50.567261213,-123.517826962,812.907000000,19,0.182000000,0.101000000,0.357000000
21:08:08,180719,50.567261200,-123.517826982,812.914000000,19,0.182000000,0.101000000,0.357000000
21:08:09,180719,50.567261180,-123.517826977,812.919000000,19,0.182000000,0.101000000,0.357000000
21:08:10,180719,50.567261165,-123.517826962,812.929000000,19,0.182000000,0.101000000,0.357000000
21:08:11,180719,50.567261147,-123.517826947,812.939000000,19,0.182000000,0.101000000,0.357000000
21:08:12,180719,50.567261128,-123.517826952,812.947000000,19,0.182000000,0.101000000,0.357000000
21:08:13,180719,50.567261107,-123.517826948,812.955000000,19,0.182000000,0.101000000,0.357000000
21:08:14,180719,50.567261093,-123.517826943,812.962000000,19,0.182000000,0.101000000,0.357000000
21:08:15,180719,50.567261055,-123.517826970,812.962000000,19,0.182000000,0.101000000,0.357000000
21:08:16,180719,50.567261055,-123.517826993,812.960000000,19,0.182000000,0.101000000,0.357000000
21:08:17,180719,50.567261042,-123.517827033,812.964000000,19,0.182000000,0.101000000,0.357000000
21:08:18,180719,50.567261045,-123.517827055,812.964000000,19,0.182000000,0.101000000,0.357000000
21:08:19,180719,50.567261033,-123.517827092,812.970000000,19,0.182000000,0.101000000,0.357000000
21:08:20,180719,50.567261043,-123.517827088,812.971000000,19,0.182000000,0.101000000,0.357000000
21:08:21,180719,50.567261033,-123.517827097,812.971000000,19,0.182000000,0.101000000,0.357000000
21:08:22,180719,50.567261010,-123.517827123,812.977000000,19,0.182000000,0.101000000,0.357000000
21:08:23,180719,50.567260997,-123.517827140,812.980000000,19,0.182000000,0.101000000,0.357000000
21:08:24,180719,50.567260973,-123.517827162,812.979000000,19,0.182000000,0.101000000,0.358000000
21:08:25,180719,50.567260958,-123.517827193,812.985000000,19,0.182000000,0.101000000,0.358000000
21:08:26,180719,50.567260940,-123.517827207,812.987000000,19,0.182000000,0.101000000,0.358000000
21:08:27,180719,50.567260925,-123.517827195,812.995000000,19,0.182000000,0.101000000,0.358000000
21:08:28,180719,50.567260923,-123.517827205,812.993000000,19,0.182000000,0.101000000,0.358000000
21:08:29,180719,50.567260922,-123.517827208,812.995000000,19,0.182000000,0.101000000,0.358000000
21:08:30,180719,50.567260920,-123.517827205,812.998000000,19,0.182000000,0.101000000,0.358000000
21:08:31,180719,50.567260928,-123.517827203,813.011000000,19,0.182000000,0.101000000,0.358000000
21:08:32,180719,50.567260933,-123.517827212,813.019000000,19,0.182000000,0.101000000,0.358000000
21:08:33,180719,50.567260945,-123.517827183,813.044000000,19,0.182000000,0.101000000,0.358000000
21:08:34,180719,50.567260948,-123.517827178,813.062000000,19,0.182000000,0.101000000,0.358000000
21:08:35,180719,50.567260947,-123.517827175,813.070000000,19,0.182000000,0.101000000,0.358000000
21:08:36,180719,50.567260915,-123.517827178,813.071000000,19,0.182000000,0.101000000,0.358000000
21:08:37,180719,50.567260873,-123.517827160,813.078000000,19,0.182000000,0.101000000,0.358000000
21:08:38,180719,50.567260832,-123.517827173,813.080000000,19,0.182000000,0.101000000,0.358000000
21:08:39,180719,50.567260810,-123.517827175,813.086000000,19,0.182000000,0.101000000,0.358000000
21:08:40,180719,50.567260797,-123.517827142,813.099000000,19,0.182000000,0.101000000,0.358000000
21:08:41,180719,50.567260770,-123.517827132,813.101000000,19,0.182000000,0.101000000,0.358000000
21:08:42,180719,50.567260753,-123.517827157,813.098000000,19,0.182000000,0.101000000,0.358000000
21:08:43,180719,50.567260740,-123.517827192,813.090000000,19,0.182000000,0.101000000,0.358000000
21:08:44,180719,50.567260738,-123.517827222,813.084000000,19,0.182000000,0.101000000,0.358000000
21:08:45,180719,50.567260723,-123.517827238,813.075000000,19,0.182000000,0.101000000,0.358000000
21:08:46,180719,50.567260715,-123.517827237,813.073000000,19,0.182000000,0.101000000,0.358000000
21:08:47,180719,50.567260702,-123.517827243,813.065000000,19,0.182000000,0.101000000,0.358000000
21:08:48,180719,50.567260685,-123.517827230,813.064000000,19,0.182000000,0.101000000,0.358000000
21:08:49,180719,50.567260688,-123.517827202,813.068000000,19,0.182000000,0.101000000,0.358000000
21:08:50,180719,50.567260667,-123.517827183,813.081000000,19,0.182000000,0.101000000,0.358000000
21:08:51,180719,50.567260653,-123.517827155,813.091000000,19,0.182000000,0.101000000,0.359000000
21:08:52,180719,50.567260662,-123.517827105,813.105000000,19,0.182000000,0.101000000,0.359000000
21:08:53,180719,50.567260650,-123.517827055,813.124000000,19,0.182000000,0.101000000,0.359000000
21:08:54,180719,50.567260657,-123.517827050,813.121000000,19,0.182000000,0.101000000,0.359000000
21:08:55,180719,50.567260673,-123.517827055,813.121000000,19,0.182000000,0.101000000,0.359000000
21:08:56,180719,50.567260692,-123.517827050,813.123000000,19,0.182000000,0.101000000,0.359000000
21:08:57,180719,50.567260687,-123.517827040,813.120000000,19,0.182000000,0.101000000,0.359000000
21:08:58,180719,50.567260682,-123.517827030,813.118000000,19,0.182000000,0.101000000,0.359000000
21:08:59,180719,50.567260682,-123.517827020,813.112000000,19,0.182000000,0.101000000,0.359000000
21:09:00,180719,50.567260682,-123.517827017,813.109000000,19,0.182000000,0.101000000,0.359000000
21:09:01,180719,50.567260675,-123.517827028,813.103000000,19,0.182000000,0.101000000,0.359000000
21:09:02,180719,50.567260665,-123.517827030,813.106000000,19,0.182000000,0.101000000,0.359000000
21:09:03,180719,50.567260657,-123.517827040,813.101000000,19,0.182000000,0.101000000,0.359000000
21:09:04,180719,50.567260633,-123.517827032,813.102000000,19,0.182000000,0.101000000,0.359000000
21:09:05,180719,50.567260633,-123.517827038,813.102000000,19,0.182000000,0.101000000,0.359000000
21:09:06,180719,50.567260645,-123.517827040,813.099000000,19,0.182000000,0.101000000,0.359000000
21:09:07,180719,50.567260662,-123.517827053,813.098000000,19,0.182000000,0.101000000,0.359000000
21:09:08,180719,50.567260665,-123.517827050,813.097000000,19,0.182000000,0.101000000,0.359000000
21:09:09,180719,50.567260657,-123.517827058,813.091000000,19,0.182000000,0.101000000,0.359000000
21:09:10,180719,50.567260650,-123.517827060,813.088000000,19,0.182000000,0.101000000,0.359000000
21:09:11,180719,50.567260645,-123.517827058,813.089000000,19,0.182000000,0.101000000,0.359000000
21:09:12,180719,50.567260662,-123.517827062,813.087000000,19,0.182000000,0.101000000,0.359000000
21:09:13,180719,50.567260665,-123.517827057,813.084000000,19,0.182000000,0.101000000,0.359000000
21:09:14,180719,50.567260652,-123.517827057,813.084000000,19,0.182000000,0.101000000,0.359000000
21:09:15,180719,50.567260655,-123.517827050,813.082000000,19,0.182000000,0.101000000,0.359000000
21:09:16,180719,50.567260678,-123.517827057,813.080000000,19,0.182000000,0.101000000,0.359000000
21:09:17,180719,50.567260692,-123.517827072,813.078000000,19,0.182000000,0.101000000,0.359000000
21:09:18,180719,50.567260717,-123.517827095,813.070000000,19,0.182000000,0.101000000,0.360000000
21:09:19,180719,50.567260755,-123.517827105,813.076000000,19,0.182000000,0.101000000,0.360000000
21:09:20,180719,50.567260795,-123.517827115,813.076000000,19,0.182000000,0.101000000,0.360000000
21:09:21,180719,50.567260823,-123.517827108,813.082000000,19,0.182000000,0.101000000,0.360000000
21:09:22,180719,50.567260843,-123.517827103,813.082000000,19,0.182000000,0.101000000,0.360000000
21:09:23,180719,50.567260858,-123.517827093,813.083000000,19,0.182000000,0.101000000,0.360000000
21:09:24,180719,50.567260872,-123.517827070,813.088000000,19,0.182000000,0.101000000,0.360000000
21:09:25,180719,50.567260855,-123.517827083,813.088000000,19,0.182000000,0.101000000,0.360000000
21:09:26,180719,50.567260848,-123.517827103,813.090000000,19,0.182000000,0.101000000,0.360000000
21:09:27,180719,50.567260842,-123.517827083,813.094000000,19,0.182000000,0.101000000,0.360000000
21:09:28,180719,50.567260812,-123.517827077,813.101000000,19,0.182000000,0.101000000,0.360000000
21:09:29,180719,50.567260788,-123.517827062,813.105000000,19,0.182000000,0.101000000,0.360000000
21:09:30,180719,50.567260783,-123.517827073,813.109000000,19,0.182000000,0.101000000,0.360000000
21:09:31,180719,50.567260777,-123.517827067,813.108000000,19,0.182000000,0.101000000,0.360000000
21:09:32,180719,50.567260775,-123.517827067,813.101000000,19,0.182000000,0.101000000,0.360000000
21:09:33,180719,50.567260767,-123.517827082,813.092000000,19,0.182000000,0.101000000,0.360000000
21:09:34,180719,50.567260750,-123.517827087,813.083000000,19,0.182000000,0.101000000,0.360000000
21:09:35,180719,50.567260728,-123.517827082,813.079000000,19,0.182000000,0.101000000,0.360000000
21:09:36,180719,50.567260722,-123.517827085,813.071000000,19,0.182000000,0.101000000,0.360000000
21:09:37,180719,50.567260710,-123.517827098,813.063000000,19,0.182000000,0.101000000,0.360000000
21:09:38,180719,50.567260718,-123.517827117,813.055000000,19,0.182000000,0.101000000,0.360000000
21:09:39,180719,50.567260727,-123.517827120,813.044000000,19,0.182000000,0.101000000,0.360000000
21:09:40,180719,50.567260720,-123.517827142,813.041000000,19,0.182000000,0.101000000,0.360000000
21:09:41,180719,50.567260727,-123.517827108,813.033000000,19,0.182000000,0.101000000,0.360000000
21:09:42,180719,50.567260710,-123.517827080,813.023000000,19,0.182000000,0.101000000,0.360000000
21:09:43,180719,50.567260672,-123.517827082,813.017000000,19,0.182000000,0.101000000,0.360000000
21:09:44,180719,50.567260635,-123.517827057,813.012000000,19,0.182000000,0.101000000,0.360000000
21:09:45,180719,50.567260613,-123.517827045,813.001000000,19,0.182000000,0.101000000,0.361000000
21:09:46,180719,50.567260595,-123.517827060,812.997000000,19,0.182000000,0.101000000,0.361000000
21:09:47,180719,50.567260562,-123.517827078,812.993000000,19,0.182000000,0.101000000,0.361000000
21:09:48,180719,50.567260540,-123.517827083,812.981000000,19,0.182000000,0.101000000,0.361000000
21:09:49,180719,50.567260535,-123.517827075,812.973000000,19,0.182000000,0.101000000,0.361000000
21:09:50,180719,50.567260522,-123.517827065,812.978000000,19,0.182000000,0.101000000,0.361000000
21:09:51,180719,50.567260540,-123.517827022,812.975000000,19,0.182000000,0.101000000,0.361000000
21:09:52,180719,50.567260543,-123.517827017,812.976000000,19,0.182000000,0.101000000,0.361000000
21:09:53,180719,50.567260552,-123.517827015,812.971000000,19,0.182000000,0.101000000,0.361000000
21:09:54,180719,50.567260555,-123.517827000,812.969000000,19,0.182000000,0.101000000,0.361000000
21:09:55,180719,50.567260530,-123.517827015,812.969000000,19,0.182000000,0.101000000,0.361000000
21:09:56,180719,50.567260508,-123.517827035,812.964000000,19,0.182000000,0.101000000,0.361000000
21:09:57,180719,50.567260490,-123.517827038,812.959000000,19,0.182000000,0.101000000,0.361000000
21:09:58,180719,50.567260475,-123.517827012,812.954000000,19,0.182000000,0.101000000,0.361000000
21:09:59,180719,50.567260473,-123.517826980,812.951000000,19,0.182000000,0.101000000,0.361000000
21:10:00,180719,50.567260492,-123.517826963,812.956000000,19,0.182000000,0.101000000,0.361000000
21:10:01,180719,50.567260532,-123.517826955,812.966000000,19,0.182000000,0.101000000,0.361000000
21:10:02,180719,50.567260558,-123.517826958,812.967000000,19,0.182000000,0.101000000,0.361000000
21:10:03,180719,50.567260557,-123.517826960,812.970000000,19,0.182000000,0.101000000,0.361000000
21:10:04,180719,50.567260555,-123.517826953,812.969000000,19,0.182000000,0.101000000,0.361000000
21:10:05,180719,50.567260570,-123.517826952,812.969000000,19,0.182000000,0.101000000,0.361000000
21:10:06,180719,50.567260590,-123.517826933,812.972000000,19,0.182000000,0.101000000,0.361000000
21:10:07,180719,50.567260615,-123.517826938,812.971000000,19,0.182000000,0.101000000,0.361000000
21:10:08,180719,50.567260663,-123.517826918,812.973000000,19,0.182000000,0.101000000,0.361000000
21:10:09,180719,50.567260678,-123.517826877,812.977000000,19,0.182000000,0.101000000,0.361000000
21:10:10,180719,50.567260703,-123.517826835,812.980000000,19,0.182000000,0.101000000,0.361000000
21:10:11,180719,50.567260710,-123.517826818,812.981000000,19,0.182000000,0.101000000,0.361000000
21:10:12,180719,50.567260702,-123.517826817,812.986000000,19,0.182000000,0.101000000,0.362000000
21:10:13,180719,50.567260675,-123.517826823,812.995000000,19,0.182000000,0.101000000,0.362000000
21:10:14,180719,50.567260668,-123.517826823,813.001000000,19,0.182000000,0.101000000,0.362000000
21:10:15,180719,50.567260663,-123.517826810,813.011000000,19,0.182000000,0.101000000,0.362000000
21:10:16,180719,50.567260667,-123.517826793,813.018000000,19,0.182000000,0.101000000,0.362000000
21:10:17,180719,50.567260648,-123.517826773,813.023000000,19,0.182000000,0.101000000,0.362000000
21:10:18,180719,50.567260648,-123.517826762,813.026000000,19,0.182000000,0.101000000,0.362000000
21:10:19,180719,50.567260655,-123.517826737,813.025000000,19,0.182000000,0.101000000,0.362000000
21:10:20,180719,50.567260673,-123.517826728,813.023000000,19,0.182000000,0.101000000,0.362000000
21:10:21,180719,50.567260688,-123.517826730,813.022000000,19,0.182000000,0.101000000,0.362000000
21:10:22,180719,50.567260723,-123.517826738,813.025000000,19,0.182000000,0.101000000,0.362000000
21:10:23,180719,50.567260762,-123.517826758,813.023000000,19,0.182000000,0.101000000,0.362000000
21:10:24,180719,50.567260780,-123.517826757,813.028000000,19,0.182000000,0.101000000,0.362000000
21:10:25,180719,50.567260795,-123.517826765,813.034000000,19,0.182000000,0.101000000,0.362000000
21:10:26,180719,50.567260823,-123.517826767,813.035000000,19,0.182000000,0.101000000,0.362000000
21:10:27,180719,50.567260832,-123.517826772,813.036000000,19,0.182000000,0.101000000,0.362000000
21:10:28,180719,50.567260850,-123.517826775,813.044000000,19,0.182000000,0.101000000,0.362000000
21:10:29,180719,50.567260885,-123.517826790,813.054000000,19,0.182000000,0.101000000,0.362000000
21:10:30,180719,50.567260853,-123.517826778,813.069000000,19,0.182000000,0.101000000,0.362000000
21:10:31,180719,50.567260847,-123.517826767,813.070000000,19,0.182000000,0.101000000,0.362000000
21:10:32,180719,50.567260822,-123.517826788,813.067000000,19,0.182000000,0.101000000,0.362000000
21:10:33,180719,50.567260798,-123.517826793,813.063000000,19,0.182000000,0.101000000,0.362000000
21:10:34,180719,50.567260792,-123.517826802,813.061000000,19,0.182000000,0.101000000,0.362000000
21:10:35,180719,50.567260803,-123.517826800,813.059000000,19,0.182000000,0.101000000,0.362000000
21:10:36,180719,50.567260813,-123.517826810,813.064000000,19,0.182000000,0.101000000,0.362000000
21:10:37,180719,50.567260807,-123.517826805,813.064000000,19,0.182000000,0.101000000,0.362000000
21:10:38,180719,50.567260805,-123.517826825,813.060000000,19,0.182000000,0.101000000,0.362000000
21:10:39,180719,50.567260792,-123.517826845,813.058000000,18,0.182000000,0.104000000,0.398000000
21:10:40,180719,50.567260808,-123.517826877,813.057000000,18,0.182000000,0.104000000,0.398000000
21:10:41,180719,50.567260798,-123.517826880,813.056000000,18,0.182000000,0.104000000,0.398000000
21:10:42,180719,50.567260790,-123.517826870,813.058000000,18,0.182000000,0.104000000,0.399000000
21:10:43,180719,50.567260798,-123.517826863,813.057000000,18,0.182000000,0.104000000,0.399000000
21:10:44,180719,50.567260798,-123.517826878,813.060000000,18,0.182000000,0.104000000,0.399000000
21:10:45,180719,50.567260808,-123.517826895,813.057000000,18,0.182000000,0.104000000,0.399000000
21:10:46,180719,50.567260812,-123.517826908,813.054000000,18,0.182000000,0.104000000,0.399000000
21:10:47,180719,50.567260802,-123.517826940,813.053000000,18,0.182000000,0.104000000,0.399000000
21:10:48,180719,50.567260818,-123.517826947,813.050000000,18,0.182000000,0.104000000,0.399000000
21:10:49,180719,50.567260842,-123.517826963,813.049000000,18,0.182000000,0.104000000,0.399000000
21:10:50,180719,50.567260872,-123.517826990,813.049000000,18,0.182000000,0.104000000,0.399000000
21:10:51,180719,50.567260880,-123.517827015,813.041000000,18,0.182000000,0.104000000,0.399000000
21:10:52,180719,50.567260883,-123.517827038,813.039000000,18,0.182000000,0.104000000,0.399000000
21:10:53,180719,50.567260908,-123.517827073,813.039000000,18,0.182000000,0.104000000,0.399000000
21:10:54,180719,50.567260915,-123.517827072,813.039000000,18,0.182000000,0.104000000,0.399000000
21:10:55,180719,50.567260897,-123.517827075,813.043000000,18,0.182000000,0.104000000,0.399000000
21:10:56,180719,50.567260892,-123.517827062,813.049000000,18,0.182000000,0.104000000,0.399000000
21:10:57,180719,50.567260895,-123.517827065,813.046000000,18,0.182000000,0.104000000,0.400000000
21:10:58,180719,50.567260887,-123.517827053,813.046000000,18,0.182000000,0.104000000,0.400000000
21:10:59,180719,50.567260875,-123.517827070,813.046000000,18,0.182000000,0.104000000,0.400000000
21:11:00,180719,50.567260863,-123.517827073,813.041000000,18,0.182000000,0.104000000,0.400000000
