TIME,DATE(ddMMyy),LATITUDEGGA,LONGITUDEGGA,ALTITUDEGGA,NUMBERSAT,LATERR,LONGERR,ALTERR
23:26:32,100719,50.650924205,-123.438193823,467.076000000,12,1.720000000,1.490000000,4.513000000
23:26:33,100719,50.650924533,-123.438193648,467.033000000,12,1.720000000,1.490000000,4.513000000
23:26:34,100719,50.650924885,-123.438193467,467.013000000,12,1.720000000,1.490000000,4.513000000
23:26:35,100719,50.650925158,-123.438193250,466.998000000,12,1.720000000,1.489000000,4.513000000
23:26:36,100719,50.650925342,-123.438193125,467.007000000,12,1.720000000,1.489000000,4.513000000
23:26:37,100719,50.650925630,-123.438192930,466.992000000,12,1.721000000,1.489000000,4.513000000
23:26:38,100719,50.650925933,-123.438192655,466.977000000,12,1.721000000,1.489000000,4.513000000
23:26:39,100719,50.650926163,-123.438192395,466.987000000,12,1.721000000,1.489000000,4.513000000
23:26:40,100719,50.650926442,-123.438192157,466.967000000,12,1.721000000,1.488000000,4.512000000
23:26:41,100719,50.650926682,-123.438192023,466.943000000,12,1.721000000,1.488000000,4.512000000
23:26:42,100719,50.650926813,-123.438192060,466.964000000,12,1.721000000,1.488000000,4.512000000
23:26:43,100719,50.650926850,-123.438192110,466.999000000,12,1.721000000,1.487000000,4.511000000
23:26:44,100719,50.650927050,-123.438191940,467.042000000,12,1.721000000,1.487000000,4.511000000
23:26:45,100719,50.650927027,-123.438191863,467.147000000,10,1.779000000,1.687000000,4.941000000
23:26:46,100719,50.650927095,-123.438191715,467.230000000,10,1.779000000,1.687000000,4.941000000
23:26:47,100719,50.650928422,-123.438191273,467.000000000,10,1.779000000,1.687000000,4.941000000
23:26:48,100719,50.650929992,-123.438190877,466.728000000,10,1.779000000,1.686000000,4.941000000
23:26:49,100719,50.650931463,-123.438190515,466.479000000,10,1.779000000,1.686000000,4.941000000
23:26:50,100719,50.650932380,-123.438190225,466.353000000,10,1.779000000,1.686000000,4.941000000
23:26:51,100719,50.650933535,-123.438189920,466.171000000,10,2.003000000,1.896000000,5.559000000
23:26:52,100719,50.650933905,-123.438189747,466.151000000,10,2.025000000,1.917000000,5.622000000
23:26:53,100719,50.650934113,-123.438189515,466.121000000,11,1.802000000,1.855000000,5.107000000
23:26:54,100719,50.650934438,-123.438189297,466.077000000,10,2.084000000,1.972000000,5.783000000
23:26:55,100719,50.650934632,-123.438189057,466.038000000,10,2.084000000,1.972000000,5.783000000
23:26:56,100719,50.650934840,-123.438188912,466.020000000,10,2.084000000,1.972000000,5.783000000
23:26:57,100719,50.650935077,-123.438188763,465.987000000,11,2.000000000,1.778000000,5.624000000
23:26:58,100719,50.650935280,-123.438188643,465.963000000,11,2.000000000,1.778000000,5.624000000
23:26:59,100719,50.650935415,-123.438188543,465.947000000,11,2.000000000,1.778000000,5.624000000
23:27:00,100719,50.650935523,-123.438188427,465.926000000,11,1.735000000,1.541000000,4.878000000
23:27:01,100719,50.650935560,-123.438188408,465.921000000,11,1.735000000,1.541000000,4.878000000
23:27:02,100719,50.650935543,-123.438188400,465.919000000,11,1.735000000,1.541000000,4.878000000
23:27:03,100719,50.650935672,-123.438188407,465.906000000,11,1.735000000,1.540000000,4.877000000
23:27:04,100719,50.650919547,-123.438203440,470.880000000,11,1.735000000,1.540000000,4.877000000
23:27:05,100719,50.650904290,-123.438209863,474.514000000,11,1.735000000,1.540000000,4.877000000
23:27:06,100719,50.650896343,-123.438212385,476.431000000,11,0.736000000,0.653000000,2.070000000
23:27:07,100719,50.650893015,-123.438213355,477.244000000,11,0.736000000,0.653000000,2.070000000
23:27:08,100719,50.650890773,-123.438213773,477.778000000,11,0.736000000,0.653000000,2.070000000
23:27:09,100719,50.650889908,-123.438213975,477.971000000,12,0.572000000,0.550000000,1.647000000
23:27:10,100719,50.650890480,-123.438213865,477.863000000,11,0.685000000,0.702000000,1.936000000
23:27:11,100719,50.650891475,-123.438213710,477.684000000,11,0.685000000,0.702000000,1.936000000
23:27:12,100719,50.650892343,-123.438213587,477.496000000,11,0.685000000,0.702000000,1.936000000
23:27:13,100719,50.650893120,-123.438213467,477.320000000,12,1.935000000,1.882000000,4.919000000
23:27:14,100719,50.650890892,-123.438214143,477.844000000,12,1.935000000,1.882000000,4.919000000
23:27:15,100719,50.650887855,-123.438214972,478.559000000,12,1.935000000,1.882000000,4.919000000
23:27:16,100719,50.650887138,-123.438215228,478.712000000,12,1.329000000,1.292000000,3.377000000
23:27:17,100719,50.650886950,-123.438215033,478.762000000,12,1.329000000,1.292000000,3.377000000
23:27:18,100719,50.650886633,-123.438215342,478.849000000,12,1.329000000,1.292000000,3.377000000
23:27:19,100719,50.650886678,-123.438215322,478.810000000,12,0.914000000,0.888000000,2.321000000
23:27:20,100719,50.650886560,-123.438215093,478.778000000,10,0.914000000,0.888000000,2.321000000
23:27:21,100719,50.650886537,-123.438215067,478.776000000,9,1.745000000,1.813000000,4.378000000
23:27:22,100719,50.650886365,-123.438215067,478.750000000,8,4.837000000,5.016000000,12.079000000
23:27:23,100719,50.650886307,-123.438215037,478.728000000,7,7.796000000,7.203000000,17.733000000
23:27:24,100719,50.650887515,-123.438214585,478.398000000,8,7.299000000,6.249000000,16.942000000
23:27:25,100719,50.650888583,-123.438214317,478.078000000,8,7.299000000,6.249000000,16.942000000
23:27:26,100719,50.650890273,-123.438214020,477.658000000,8,7.299000000,6.249000000,16.942000000
23:27:27,100719,50.650891837,-123.438213797,477.254000000,8,6.068000000,5.192000000,14.079000000
23:27:28,100719,50.650891898,-123.438213570,477.230000000,8,6.068000000,5.192000000,14.079000000
23:27:29,100719,50.650891477,-123.438213405,477.269000000,8,6.068000000,5.192000000,14.079000000
23:27:30,100719,50.650891030,-123.438213257,477.328000000,7,5.538000000,5.111000000,12.583000000
23:27:31,100719,50.650890702,-123.438213052,477.380000000,7,5.538000000,5.111000000,12.583000000
23:27:32,100719,50.650890382,-123.438212913,477.403000000,7,5.538000000,5.111000000,12.583000000
23:27:33,100719,50.650890113,-123.438212820,477.424000000,7,4.016000000,3.704000000,9.120000000
23:27:34,100719,50.650889937,-123.438212657,477.423000000,7,4.016000000,3.704000000,9.120000000
23:27:35,100719,50.650889778,-123.438212577,477.423000000,7,4.016000000,3.704000000,9.120000000
23:27:36,100719,50.650889560,-123.438212497,477.453000000,7,2.986000000,2.753000000,6.778000000
23:27:37,100719,50.650889310,-123.438212475,477.494000000,7,2.986000000,2.753000000,6.778000000
23:27:38,100719,50.650889060,-123.438212260,477.509000000,7,2.986000000,2.753000000,6.778000000
23:27:39,100719,50.650888775,-123.438212105,477.551000000,7,2.248000000,2.071000000,5.101000000
23:27:40,100719,50.650888323,-123.438211978,477.652000000,7,2.248000000,2.071000000,5.101000000
23:27:41,100719,50.650887505,-123.438212117,477.845000000,7,2.248000000,2.071000000,5.101000000
23:27:42,100719,50.650887223,-123.438212133,477.914000000,7,1.705000000,1.570000000,3.867000000
23:27:43,100719,50.650887028,-123.438212203,477.992000000,7,1.705000000,1.570000000,3.867000000
23:27:44,100719,50.650886343,-123.438212317,478.198000000,9,1.988000000,1.893000000,4.988000000
23:27:45,100719,50.650882760,-123.438212927,479.006000000,9,4.927000000,4.826000000,12.787000000
23:27:46,100719,50.650882008,-123.438213050,479.183000000,9,4.927000000,4.826000000,12.787000000
23:27:47,100719,50.650882365,-123.438212965,479.104000000,9,4.927000000,4.826000000,12.787000000
23:27:48,100719,50.650883060,-123.438212950,478.926000000,9,5.256000000,5.145000000,13.636000000
23:27:49,100719,50.650885037,-123.438212470,478.361000000,9,5.256000000,5.145000000,13.636000000
23:27:50,100719,50.650886103,-123.438212208,478.049000000,9,5.256000000,5.145000000,13.636000000
23:27:51,100719,50.650886445,-123.438212015,477.906000000,9,4.717000000,4.616000000,12.236000000
23:27:52,100719,50.650886608,-123.438211870,477.816000000,9,4.717000000,4.616000000,12.236000000
23:27:53,100719,50.650886643,-123.438211807,477.758000000,9,4.717000000,4.616000000,12.236000000
23:27:54,100719,50.650888603,-123.438211165,477.214000000,9,4.824000000,4.718000000,12.510000000
23:27:55,100719,50.650891418,-123.438210598,476.528000000,9,4.824000000,4.718000000,12.510000000
23:27:56,100719,50.650894193,-123.438210163,475.860000000,9,4.824000000,4.718000000,12.510000000
23:27:57,100719,50.650896320,-123.438209747,475.345000000,9,4.898000000,4.787000000,12.697000000
23:27:58,100719,50.650898207,-123.438209287,474.869000000,9,4.898000000,4.787000000,12.697000000
23:27:59,100719,50.650900378,-123.438208802,474.340000000,9,4.898000000,4.787000000,12.697000000
23:28:00,100719,50.650902445,-123.438208393,473.893000000,10,3.877000000,4.110000000,10.315000000
23:28:01,100719,50.650903590,-123.438208232,473.620000000,10,3.877000000,4.110000000,10.315000000
23:28:02,100719,50.650904878,-123.438207985,473.320000000,10,3.877000000,4.110000000,10.315000000
23:28:03,100719,50.650906150,-123.438207673,473.016000000,10,3.237000000,3.429000000,8.608000000
23:28:04,100719,50.650907158,-123.438207533,472.770000000,10,3.237000000,3.429000000,8.608000000
23:28:05,100719,50.650908100,-123.438207298,472.534000000,10,3.237000000,3.429000000,8.608000000
23:28:06,100719,50.650908928,-123.438207240,472.298000000,10,2.817000000,2.983000000,7.488000000
23:28:07,100719,50.650909725,-123.438207165,472.081000000,10,2.817000000,2.983000000,7.488000000
23:28:08,100719,50.650910708,-123.438207015,471.823000000,10,2.817000000,2.983000000,7.488000000
23:28:09,100719,50.650911462,-123.438206858,471.615000000,9,3.007000000,2.933000000,7.787000000
23:28:10,100719,50.650912085,-123.438206908,471.415000000,9,3.007000000,2.933000000,7.787000000
23:28:11,100719,50.650912860,-123.438206602,471.240000000,9,3.007000000,2.933000000,7.787000000
23:28:12,100719,50.650913622,-123.438206328,471.069000000,9,3.048000000,2.971000000,7.891000000
23:28:13,100719,50.650913987,-123.438206135,470.976000000,9,3.048000000,2.971000000,7.891000000
23:28:14,100719,50.650914598,-123.438205792,470.798000000,9,3.048000000,2.971000000,7.891000000
23:28:15,100719,50.650915297,-123.438205637,470.637000000,9,3.023000000,2.945000000,7.824000000
23:28:16,100719,50.650916103,-123.438205582,470.439000000,9,3.023000000,2.945000000,7.824000000
23:28:17,100719,50.650916653,-123.438205445,470.309000000,9,3.023000000,2.945000000,7.824000000
23:28:18,100719,50.650916778,-123.438205490,470.295000000,9,2.977000000,2.899000000,7.703000000
23:28:19,100719,50.650917127,-123.438205387,470.259000000,11,2.838000000,2.605000000,7.519000000
23:28:20,100719,50.650917317,-123.438205497,470.227000000,11,2.743000000,2.488000000,6.784000000
23:28:21,100719,50.650917573,-123.438205442,470.183000000,11,2.743000000,2.488000000,6.784000000
23:28:22,100719,50.650918840,-123.438205200,469.893000000,12,2.215000000,1.880000000,5.759000000
23:28:23,100719,50.650919537,-123.438205048,469.740000000,12,2.215000000,1.880000000,5.759000000
23:28:24,100719,50.650919817,-123.438205053,469.666000000,12,2.215000000,1.880000000,5.759000000
23:28:25,100719,50.650920365,-123.438204990,469.522000000,12,1.724000000,1.463000000,4.480000000
23:28:26,100719,50.650920850,-123.438204978,469.418000000,12,1.724000000,1.463000000,4.480000000
23:28:27,100719,50.650921203,-123.438204942,469.349000000,12,1.724000000,1.463000000,4.480000000
23:28:28,100719,50.650922038,-123.438204818,469.149000000,12,1.239000000,1.051000000,3.219000000
23:28:29,100719,50.650922690,-123.438204765,468.987000000,12,1.239000000,1.051000000,3.219000000
23:28:30,100719,50.650923900,-123.438204603,468.665000000,12,1.239000000,1.051000000,3.219000000
23:28:31,100719,50.650925218,-123.438204487,468.329000000,12,1.156000000,0.980000000,3.002000000
23:28:32,100719,50.650926700,-123.438204312,467.948000000,12,1.156000000,0.980000000,3.002000000
23:28:33,100719,50.650927770,-123.438204132,467.668000000,12,1.156000000,0.980000000,3.002000000
23:28:34,100719,50.650928197,-123.438204050,467.544000000,12,1.025000000,0.868000000,2.662000000
23:28:35,100719,50.650928465,-123.438204018,467.474000000,12,1.025000000,0.868000000,2.662000000
23:28:36,100719,50.650929038,-123.438203882,467.337000000,12,1.025000000,0.868000000,2.662000000
23:28:37,100719,50.650929428,-123.438203825,467.258000000,12,0.877000000,0.743000000,2.277000000
23:28:38,100719,50.650929475,-123.438203772,467.248000000,12,0.877000000,0.743000000,2.277000000
23:28:39,100719,50.650929533,-123.438203673,467.219000000,11,0.877000000,0.743000000,2.277000000
23:28:40,100719,50.650929507,-123.438203685,467.209000000,11,0.788000000,0.713000000,1.946000000
23:28:41,100719,50.650929522,-123.438203620,467.196000000,11,0.788000000,0.713000000,1.946000000
23:28:42,100719,50.650929690,-123.438203558,467.155000000,11,0.788000000,0.713000000,1.946000000
23:28:43,100719,50.650930198,-123.438203488,467.025000000,11,0.681000000,0.616000000,1.682000000
23:28:44,100719,50.650930297,-123.438203425,466.994000000,11,0.681000000,0.616000000,1.682000000
23:28:45,100719,50.650930292,-123.438203372,466.957000000,11,0.681000000,0.616000000,1.682000000
23:28:46,100719,50.650930308,-123.438203370,466.943000000,11,0.599000000,0.542000000,1.480000000
23:28:47,100719,50.650930338,-123.438203365,466.929000000,12,0.506000000,0.495000000,1.260000000
23:28:48,100719,50.650930415,-123.438203345,466.902000000,12,0.506000000,0.495000000,1.260000000
23:28:49,100719,50.650930590,-123.438203398,466.857000000,12,0.506000000,0.495000000,1.260000000
23:28:50,100719,50.650930687,-123.438203375,466.827000000,12,0.456000000,0.446000000,1.134000000
23:28:51,100719,50.650930735,-123.438203375,466.797000000,12,0.456000000,0.446000000,1.134000000
23:28:52,100719,50.650930718,-123.438203375,466.790000000,12,0.456000000,0.446000000,1.134000000
23:28:53,100719,50.650930743,-123.438203427,466.766000000,12,0.377000000,0.384000000,0.895000000
23:28:54,100719,50.650930668,-123.438203428,466.794000000,12,0.353000000,0.336000000,0.883000000
23:28:55,100719,50.650930652,-123.438203458,466.793000000,12,0.353000000,0.336000000,0.883000000
23:28:56,100719,50.650930558,-123.438203517,466.827000000,12,0.353000000,0.336000000,0.883000000
23:28:57,100719,50.650930522,-123.438203493,466.849000000,12,0.318000000,0.303000000,0.795000000
23:28:58,100719,50.650930448,-123.438203565,466.863000000,12,0.318000000,0.303000000,0.795000000
23:28:59,100719,50.650930508,-123.438203550,466.871000000,12,0.318000000,0.303000000,0.795000000
23:29:00,100719,50.650930548,-123.438203487,466.861000000,12,0.328000000,0.312000000,0.819000000
23:29:01,100719,50.650930527,-123.438203462,466.875000000,12,0.328000000,0.312000000,0.819000000
23:29:02,100719,50.650930488,-123.438203392,466.892000000,12,0.328000000,0.312000000,0.819000000
23:29:03,100719,50.650930410,-123.438203325,466.929000000,12,0.336000000,0.319000000,0.839000000
23:29:04,100719,50.650930672,-123.438203250,466.876000000,11,0.378000000,0.332000000,0.950000000
23:29:05,100719,50.650931185,-123.438203145,466.732000000,11,0.378000000,0.332000000,0.950000000
23:29:06,100719,50.650931642,-123.438203058,466.589000000,11,0.378000000,0.332000000,0.950000000
23:29:07,100719,50.650931565,-123.438203167,466.576000000,10,0.453000000,0.389000000,1.117000000
23:29:08,100719,50.650931477,-123.438203200,466.583000000,10,0.453000000,0.389000000,1.117000000
23:29:09,100719,50.650931225,-123.438203278,466.634000000,10,0.453000000,0.389000000,1.117000000
23:29:10,100719,50.650931075,-123.438203270,466.664000000,10,0.750000000,0.643000000,1.849000000
23:29:11,100719,50.650930977,-123.438203242,466.696000000,10,0.750000000,0.643000000,1.849000000
23:29:12,100719,50.650930755,-123.438203288,466.742000000,11,0.890000000,0.722000000,2.238000000
23:29:13,100719,50.650930495,-123.438203348,466.824000000,11,0.890000000,0.722000000,2.238000000
23:29:14,100719,50.650930273,-123.438203357,466.869000000,10,0.890000000,0.722000000,2.238000000
23:29:15,100719,50.650930138,-123.438203302,466.888000000,10,1.104000000,0.958000000,2.643000000
23:29:16,100719,50.650929835,-123.438203630,466.947000000,10,1.104000000,0.958000000,2.643000000
23:29:17,100719,50.650929783,-123.438203622,466.949000000,9,1.104000000,0.958000000,2.643000000
23:29:18,100719,50.650929970,-123.438203465,466.948000000,9,1.858000000,1.365000000,4.619000000
23:29:19,100719,50.650930083,-123.438203115,466.912000000,9,1.858000000,1.365000000,4.619000000
23:29:20,100719,50.650930285,-123.438203023,466.872000000,9,2.190000000,1.930000000,5.210000000
23:29:21,100719,50.650931142,-123.438202858,466.644000000,9,3.494000000,3.068000000,8.457000000
23:29:22,100719,50.650932018,-123.438202627,466.448000000,9,3.494000000,3.068000000,8.457000000
23:29:23,100719,50.650932498,-123.438202490,466.336000000,9,3.494000000,3.068000000,8.457000000
23:29:24,100719,50.650932692,-123.438202475,466.283000000,9,8.584000000,7.536000000,20.773000000
23:29:25,100719,50.650932663,-123.438202485,466.280000000,9,8.584000000,7.536000000,20.773000000
23:29:26,100719,50.650932553,-123.438202518,466.300000000,9,8.584000000,7.536000000,20.773000000
23:29:27,100719,50.650932442,-123.438202610,466.321000000,9,7.029000000,6.168000000,17.005000000
23:29:28,100719,50.650932445,-123.438202633,466.319000000,9,7.029000000,6.168000000,17.005000000
23:29:29,100719,50.650932437,-123.438202688,466.297000000,9,7.029000000,6.168000000,17.005000000
23:29:30,100719,50.650932432,-123.438202832,466.292000000,10,4.512000000,3.591000000,11.754000000
23:29:31,100719,50.650932395,-123.438202930,466.293000000,10,4.512000000,3.591000000,11.754000000
23:29:32,100719,50.650932440,-123.438203015,466.282000000,12,2.742000000,2.535000000,6.717000000
23:29:33,100719,50.650932368,-123.438203097,466.271000000,13,2.742000000,2.535000000,6.717000000
23:29:34,100719,50.650932287,-123.438203102,466.283000000,13,2.188000000,1.977000000,5.462000000
23:29:35,100719,50.650932273,-123.438203140,466.283000000,13,2.188000000,1.977000000,5.462000000
23:29:36,100719,50.650932263,-123.438203215,466.286000000,13,2.188000000,1.977000000,5.462000000
23:29:37,100719,50.650932277,-123.438203235,466.286000000,13,1.501000000,1.355000000,3.746000000
23:29:38,100719,50.650932300,-123.438203217,466.280000000,13,1.501000000,1.355000000,3.746000000
23:29:39,100719,50.650932305,-123.438203170,466.281000000,12,1.325000000,1.016000000,3.435000000
23:29:40,100719,50.650932330,-123.438203180,466.290000000,11,1.241000000,0.997000000,3.178000000
23:29:41,100719,50.650932377,-123.438203073,466.274000000,11,1.241000000,0.997000000,3.178000000
23:29:42,100719,50.650932542,-123.438202980,466.230000000,11,1.241000000,0.997000000,3.178000000
23:29:43,100719,50.650932503,-123.438202893,466.233000000,11,1.063000000,0.853000000,2.721000000
23:29:44,100719,50.650932522,-123.438202872,466.232000000,11,1.063000000,0.853000000,2.721000000
23:29:45,100719,50.650932523,-123.438202783,466.239000000,13,0.723000000,0.651000000,1.801000000
23:29:46,100719,50.650932543,-123.438202827,466.250000000,11,0.720000000,0.698000000,1.730000000
23:29:47,100719,50.650932642,-123.438202883,466.241000000,11,0.854000000,0.895000000,1.867000000
23:29:48,100719,50.650932685,-123.438202733,466.266000000,11,0.854000000,0.895000000,1.867000000
23:29:49,100719,50.650932748,-123.438202608,466.271000000,11,0.854000000,0.895000000,1.867000000
23:29:50,100719,50.650932685,-123.438202595,466.309000000,11,0.586000000,0.614000000,1.281000000
23:29:51,100719,50.650932757,-123.438202603,466.310000000,11,0.586000000,0.614000000,1.281000000
23:29:52,100719,50.650932858,-123.438202547,466.305000000,11,0.586000000,0.614000000,1.281000000
23:29:53,100719,50.650932878,-123.438202588,466.296000000,11,0.403000000,0.422000000,0.880000000
23:29:54,100719,50.650932857,-123.438202668,466.300000000,11,0.403000000,0.422000000,0.880000000
23:29:55,100719,50.650932890,-123.438202760,466.307000000,10,0.373000000,0.349000000,0.811000000
23:29:56,100719,50.650932908,-123.438202808,466.316000000,10,0.373000000,0.349000000,0.811000000
23:29:57,100719,50.650932877,-123.438202905,466.346000000,10,0.373000000,0.349000000,0.811000000
23:29:58,100719,50.650932877,-123.438202945,466.360000000,10,0.294000000,0.275000000,0.637000000
23:29:59,100719,50.650932938,-123.438202940,466.364000000,10,0.271000000,0.228000000,0.632000000
23:30:00,100719,50.650932937,-123.438202938,466.351000000,10,0.294000000,0.275000000,0.637000000
23:30:01,100719,50.650933088,-123.438202867,466.304000000,10,0.294000000,0.275000000,0.637000000
23:30:02,100719,50.650933078,-123.438202852,466.303000000,10,0.294000000,0.275000000,0.637000000
23:30:03,100719,50.650930525,-123.438203257,466.931000000,11,0.285000000,0.275000000,0.627000000
23:30:04,100719,50.650928723,-123.438203563,467.366000000,11,0.285000000,0.275000000,0.627000000
23:30:05,100719,50.650928255,-123.438203592,467.491000000,11,0.285000000,0.275000000,0.627000000
23:30:06,100719,50.650928192,-123.438203547,467.532000000,11,0.285000000,0.275000000,0.626000000
23:30:07,100719,50.650928375,-123.438203525,467.499000000,11,0.285000000,0.275000000,0.626000000
23:30:08,100719,50.650928610,-123.438203483,467.475000000,11,0.285000000,0.275000000,0.626000000
23:30:09,100719,50.650928825,-123.438203443,467.443000000,11,0.285000000,0.275000000,0.626000000
23:30:10,100719,50.650929093,-123.438203402,467.401000000,11,0.285000000,0.275000000,0.626000000
23:30:11,100719,50.650929340,-123.438203432,467.362000000,11,0.285000000,0.275000000,0.626000000
23:30:12,100719,50.650929617,-123.438203452,467.311000000,11,0.285000000,0.274000000,0.626000000
23:30:13,100719,50.650929922,-123.438203465,467.259000000,11,0.285000000,0.274000000,0.626000000
23:30:14,100719,50.650930245,-123.438203458,467.197000000,11,0.285000000,0.274000000,0.626000000
23:30:15,100719,50.650930607,-123.438203475,467.130000000,11,0.285000000,0.274000000,0.626000000
23:30:16,100719,50.650930947,-123.438203482,467.056000000,11,0.285000000,0.274000000,0.626000000
23:30:17,100719,50.650931245,-123.438203533,466.997000000,12,0.250000000,0.262000000,0.547000000
23:30:18,100719,50.650931432,-123.438203577,466.954000000,12,0.250000000,0.262000000,0.547000000
23:30:19,100719,50.650931638,-123.438203595,466.907000000,11,0.358000000,0.344000000,0.784000000
23:30:20,100719,50.650931848,-123.438203615,466.854000000,12,0.328000000,0.343000000,0.717000000
23:30:21,100719,50.650932048,-123.438203637,466.795000000,12,0.328000000,0.343000000,0.717000000
23:30:22,100719,50.650932350,-123.438203623,466.704000000,12,0.328000000,0.343000000,0.717000000
23:30:23,100719,50.650932807,-123.438203625,466.583000000,11,0.419000000,0.454000000,0.852000000
23:30:24,100719,50.650933297,-123.438203577,466.500000000,11,0.419000000,0.454000000,0.852000000
23:30:25,100719,50.650933780,-123.438203555,466.393000000,11,0.419000000,0.454000000,0.852000000
23:30:26,100719,50.650934210,-123.438203537,466.300000000,11,0.301000000,0.327000000,0.612000000
23:30:27,100719,50.650934707,-123.438203475,466.199000000,11,0.301000000,0.327000000,0.612000000
23:30:28,100719,50.650935225,-123.438203412,466.090000000,11,0.301000000,0.327000000,0.612000000
23:30:29,100719,50.650935698,-123.438203383,465.974000000,11,0.265000000,0.287000000,0.538000000
23:30:30,100719,50.650936113,-123.438203342,465.883000000,11,0.265000000,0.287000000,0.538000000
23:30:31,100719,50.650936428,-123.438203377,465.812000000,11,0.265000000,0.287000000,0.538000000
23:30:32,100719,50.650936747,-123.438203340,465.736000000,11,0.311000000,0.337000000,0.631000000
23:30:33,100719,50.650936927,-123.438203345,465.682000000,11,0.311000000,0.337000000,0.631000000
23:30:34,100719,50.650937067,-123.438203392,465.651000000,11,0.311000000,0.337000000,0.631000000
23:30:35,100719,50.650937197,-123.438203408,465.604000000,11,0.287000000,0.310000000,0.581000000
23:30:36,100719,50.650937247,-123.438203377,465.579000000,11,0.287000000,0.310000000,0.581000000
23:30:37,100719,50.650937343,-123.438203385,465.569000000,10,0.288000000,0.292000000,0.609000000
23:30:38,100719,50.650937407,-123.438203378,465.561000000,10,0.288000000,0.292000000,0.609000000
23:30:39,100719,50.650937533,-123.438203353,465.574000000,10,0.288000000,0.292000000,0.609000000
23:30:40,100719,50.650937617,-123.438203323,465.559000000,10,0.288000000,0.292000000,0.609000000
23:30:41,100719,50.650937702,-123.438203315,465.579000000,10,0.288000000,0.292000000,0.609000000
23:30:42,100719,50.650937867,-123.438203442,465.531000000,10,0.288000000,0.292000000,0.609000000
23:30:43,100719,50.650938082,-123.438203510,465.501000000,11,0.266000000,0.287000000,0.538000000
23:30:44,100719,50.650938167,-123.438203550,465.474000000,11,0.266000000,0.287000000,0.538000000
23:30:45,100719,50.650938222,-123.438203512,465.455000000,11,0.244000000,0.252000000,0.534000000
23:30:46,100719,50.650938328,-123.438203567,465.448000000,10,0.304000000,0.303000000,0.626000000
23:30:47,100719,50.650938335,-123.438203593,465.426000000,10,0.304000000,0.303000000,0.626000000
23:30:48,100719,50.650938407,-123.438203515,465.383000000,10,0.304000000,0.303000000,0.626000000
23:30:49,100719,50.650938475,-123.438203483,465.358000000,10,0.304000000,0.303000000,0.625000000
23:30:50,100719,50.650938465,-123.438203483,465.318000000,9,0.305000000,0.306000000,0.658000000
23:30:51,100719,50.650938458,-123.438203558,465.306000000,9,0.305000000,0.306000000,0.658000000
23:30:52,100719,50.650938530,-123.438203497,465.300000000,9,0.305000000,0.306000000,0.658000000
23:30:53,100719,50.650938517,-123.438203580,465.321000000,9,0.582000000,0.584000000,1.255000000
23:30:54,100719,50.650938485,-123.438203777,465.329000000,9,0.582000000,0.584000000,1.255000000
23:30:55,100719,50.650938472,-123.438203877,465.324000000,9,0.582000000,0.584000000,1.255000000
23:30:56,100719,50.650938427,-123.438203935,465.326000000,9,0.771000000,0.774000000,1.662000000
23:30:57,100719,50.650938422,-123.438203928,465.309000000,9,0.771000000,0.774000000,1.662000000
23:30:58,100719,50.650938445,-123.438203945,465.304000000,9,0.771000000,0.774000000,1.662000000
23:30:59,100719,50.650938493,-123.438203987,465.301000000,11,1.084000000,1.150000000,2.532000000
23:31:00,100719,50.650938527,-123.438204058,465.292000000,11,1.084000000,1.150000000,2.532000000
23:31:01,100719,50.650938612,-123.438204083,465.275000000,13,1.032000000,1.030000000,2.386000000
23:31:02,100719,50.650938788,-123.438204135,465.215000000,13,1.032000000,1.030000000,2.386000000
23:31:03,100719,50.650938857,-123.438204232,465.198000000,13,1.032000000,1.030000000,2.386000000
23:31:04,100719,50.650938973,-123.438204230,465.161000000,13,0.714000000,0.712000000,1.650000000
23:31:05,100719,50.650939102,-123.438204180,465.124000000,12,0.697000000,0.670000000,1.705000000
23:31:06,100719,50.650939283,-123.438204140,465.083000000,13,0.564000000,0.503000000,1.434000000
23:31:07,100719,50.650939405,-123.438204108,465.039000000,13,0.564000000,0.503000000,1.434000000
23:31:08,100719,50.650939492,-123.438204103,465.003000000,13,0.564000000,0.503000000,1.434000000
23:31:09,100719,50.650939620,-123.438204117,464.967000000,13,0.392000000,0.349000000,0.996000000
23:31:10,100719,50.650939815,-123.438204065,464.906000000,12,0.374000000,0.346000000,0.912000000
23:31:11,100719,50.650940033,-123.438204052,464.857000000,12,0.374000000,0.346000000,0.912000000
23:31:12,100719,50.650940140,-123.438204083,464.808000000,12,0.374000000,0.346000000,0.912000000
23:31:13,100719,50.650940238,-123.438204000,464.762000000,11,0.284000000,0.283000000,0.658000000
23:31:14,100719,50.650940395,-123.438203940,464.705000000,11,0.284000000,0.283000000,0.658000000
23:31:15,100719,50.650940553,-123.438203938,464.656000000,11,0.284000000,0.283000000,0.658000000
23:31:16,100719,50.650940715,-123.438203928,464.613000000,11,0.254000000,0.255000000,0.585000000
23:31:17,100719,50.650940857,-123.438203850,464.595000000,11,0.241000000,0.231000000,0.584000000
23:31:18,100719,50.650940958,-123.438203973,464.577000000,12,0.241000000,0.231000000,0.584000000
23:31:19,100719,50.650940983,-123.438204132,464.568000000,12,0.232000000,0.231000000,0.532000000
23:31:20,100719,50.650941110,-123.438204308,464.510000000,11,0.274000000,0.243000000,0.632000000
23:31:21,100719,50.650941130,-123.438204418,464.486000000,11,0.274000000,0.243000000,0.632000000
23:31:22,100719,50.650941287,-123.438204418,464.465000000,10,0.517000000,0.385000000,1.278000000
23:31:23,100719,50.650941253,-123.438204472,464.492000000,10,0.517000000,0.385000000,1.278000000
23:31:24,100719,50.650941307,-123.438204497,464.491000000,10,0.517000000,0.385000000,1.278000000
23:31:25,100719,50.650941248,-123.438204552,464.495000000,10,1.644000000,1.226000000,4.068000000
23:31:26,100719,50.650941215,-123.438204568,464.499000000,10,1.644000000,1.226000000,4.068000000
23:31:27,100719,50.650941155,-123.438204550,464.495000000,10,1.644000000,1.226000000,4.068000000
23:31:28,100719,50.650941157,-123.438204702,464.478000000,10,1.316000000,0.981000000,3.256000000
23:31:29,100719,50.650941130,-123.438204703,464.507000000,10,1.316000000,0.981000000,3.256000000
23:31:30,100719,50.650941108,-123.438204540,464.523000000,10,1.316000000,0.981000000,3.256000000
23:31:31,100719,50.650941072,-123.438204437,464.546000000,10,2.314000000,1.725000000,5.724000000
23:31:32,100719,50.650941478,-123.438204292,464.472000000,11,2.279000000,1.871000000,5.696000000
23:31:33,100719,50.650941818,-123.438204258,464.417000000,11,2.453000000,2.013000000,6.129000000
23:31:34,100719,50.650942043,-123.438204212,464.385000000,12,1.934000000,1.870000000,4.633000000
23:31:35,100719,50.650942118,-123.438204197,464.369000000,11,2.451000000,2.011000000,6.124000000
23:31:36,100719,50.650942470,-123.438204243,464.302000000,11,2.451000000,2.011000000,6.124000000
23:31:37,100719,50.650942588,-123.438204228,464.270000000,11,2.451000000,2.011000000,6.124000000
23:31:38,100719,50.650942665,-123.438204208,464.256000000,11,1.996000000,1.637000000,4.987000000
23:31:39,100719,50.650942720,-123.438204202,464.241000000,10,1.808000000,1.781000000,4.824000000
23:31:40,100719,50.650942698,-123.438204142,464.261000000,10,1.808000000,1.781000000,4.824000000
23:31:41,100719,50.650942703,-123.438204072,464.272000000,10,1.808000000,1.781000000,4.824000000
23:31:42,100719,50.650942628,-123.438204072,464.276000000,10,1.981000000,1.952000000,5.287000000
23:31:43,100719,50.650942480,-123.438204148,464.323000000,10,1.981000000,1.952000000,5.287000000
23:31:44,100719,50.650942392,-123.438204077,464.345000000,10,1.981000000,1.952000000,5.287000000
23:31:45,100719,50.650942300,-123.438204035,464.372000000,10,2.247000000,2.213000000,5.995000000
23:31:46,100719,50.650942135,-123.438204032,464.411000000,10,2.247000000,2.213000000,5.995000000
23:31:47,100719,50.650941990,-123.438204070,464.437000000,10,2.247000000,2.213000000,5.995000000
23:31:48,100719,50.650941868,-123.438204090,464.467000000,10,1.992000000,1.961000000,5.315000000
23:31:49,100719,50.650941725,-123.438204178,464.498000000,10,1.992000000,1.961000000,5.315000000
23:31:50,100719,50.650941713,-123.438204127,464.501000000,10,1.992000000,1.961000000,5.315000000
23:31:51,100719,50.650941600,-123.438204077,464.538000000,9,1.587000000,1.593000000,4.364000000
23:31:52,100719,50.650941668,-123.438203940,464.595000000,8,1.598000000,1.690000000,4.302000000
23:31:53,100719,50.650941623,-123.438203957,464.629000000,8,1.598000000,1.690000000,4.302000000
23:31:54,100719,50.650941603,-123.438203928,464.626000000,8,1.598000000,1.690000000,4.302000000
23:31:55,100719,50.650941583,-123.438203927,464.624000000,9,1.160000000,1.018000000,2.913000000
23:31:56,100719,50.650941517,-123.438203942,464.612000000,9,1.160000000,1.018000000,2.913000000
23:31:57,100719,50.650941428,-123.438203837,464.607000000,9,1.160000000,1.018000000,2.913000000
23:31:58,100719,50.650941362,-123.438203825,464.606000000,9,1.200000000,1.053000000,3.012000000
23:31:59,100719,50.650941282,-123.438203838,464.601000000,9,1.200000000,1.053000000,3.012000000
23:32:00,100719,50.650941277,-123.438203712,464.601000000,9,1.200000000,1.053000000,3.012000000
23:32:01,100719,50.650941305,-123.438203622,464.561000000,9,1.214000000,1.065000000,3.047000000
23:32:02,100719,50.650941208,-123.438203582,464.566000000,9,1.214000000,1.065000000,3.047000000
23:32:03,100719,50.650941005,-123.438203558,464.603000000,9,1.214000000,1.065000000,3.047000000
23:32:04,100719,50.650940765,-123.438203642,464.649000000,9,1.131000000,0.991000000,2.838000000
23:32:05,100719,50.650940542,-123.438203602,464.708000000,10,1.165000000,1.000000000,2.855000000
23:32:06,100719,50.650940367,-123.438203658,464.748000000,10,1.165000000,1.000000000,2.855000000
23:32:07,100719,50.650940095,-123.438203775,464.821000000,11,1.484000000,1.396000000,3.306000000
23:32:08,100719,50.650939872,-123.438203852,464.881000000,11,1.484000000,1.396000000,3.306000000
23:32:09,100719,50.650939688,-123.438203838,464.917000000,11,1.484000000,1.396000000,3.306000000
23:32:10,100719,50.650939470,-123.438203892,464.954000000,11,1.018000000,0.958000000,2.267000000
23:32:11,100719,50.650939273,-123.438203832,464.999000000,11,1.018000000,0.958000000,2.267000000
23:32:12,100719,50.650939115,-123.438203858,465.033000000,11,0.744000000,0.700000000,1.657000000
23:32:13,100719,50.650939017,-123.438203830,465.067000000,12,0.613000000,0.527000000,1.414000000
23:32:14,100719,50.650938817,-123.438203735,465.138000000,12,0.594000000,0.511000000,1.370000000
23:32:15,100719,50.650938740,-123.438203658,465.162000000,12,0.594000000,0.511000000,1.370000000
23:32:16,100719,50.650938693,-123.438203603,465.196000000,12,0.594000000,0.511000000,1.370000000
23:32:17,100719,50.650938502,-123.438203665,465.253000000,12,0.408000000,0.351000000,0.940000000
23:32:18,100719,50.650938072,-123.438203698,465.373000000,12,0.408000000,0.351000000,0.940000000
23:32:19,100719,50.650937588,-123.438203727,465.496000000,11,0.353000000,0.276000000,0.894000000
23:32:20,100719,50.650937162,-123.438203600,465.613000000,10,0.353000000,0.276000000,0.894000000
23:32:21,100719,50.650936173,-123.438203573,465.861000000,9,0.517000000,0.530000000,1.348000000
23:32:22,100719,50.650935552,-123.438203822,465.982000000,9,0.517000000,0.530000000,1.348000000
23:32:23,100719,50.650935503,-123.438203853,465.991000000,9,0.517000000,0.530000000,1.348000000
23:32:24,100719,50.650935337,-123.438203880,466.001000000,9,0.609000000,0.623000000,1.587000000
23:32:25,100719,50.650935292,-123.438203918,465.974000000,9,0.609000000,0.623000000,1.587000000
23:32:26,100719,50.650935267,-123.438203880,465.960000000,9,0.609000000,0.623000000,1.587000000
23:32:27,100719,50.650935243,-123.438203920,465.937000000,9,0.647000000,0.663000000,1.688000000
23:32:28,100719,50.650935173,-123.438203973,465.922000000,10,0.589000000,0.660000000,1.400000000
23:32:29,100719,50.650935115,-123.438204017,465.934000000,10,0.589000000,0.660000000,1.400000000
23:32:30,100719,50.650934810,-123.438203967,466.005000000,9,0.722000000,0.739000000,1.882000000
23:32:31,100719,50.650934257,-123.438204073,466.148000000,9,0.722000000,0.739000000,1.882000000
23:32:32,100719,50.650933547,-123.438204000,466.327000000,9,0.722000000,0.739000000,1.882000000
23:32:33,100719,50.650933237,-123.438204037,466.413000000,9,0.605000000,0.619000000,1.579000000
23:32:34,100719,50.650933125,-123.438204038,466.450000000,9,0.605000000,0.619000000,1.579000000
23:32:35,100719,50.650932865,-123.438204020,466.514000000,9,0.605000000,0.619000000,1.579000000
23:32:36,100719,50.650932657,-123.438204085,466.550000000,10,0.499000000,0.437000000,1.331000000
23:32:37,100719,50.650932285,-123.438204070,466.632000000,10,0.499000000,0.437000000,1.331000000
23:32:38,100719,50.650932082,-123.438203952,466.679000000,10,0.499000000,0.437000000,1.331000000
23:32:39,100719,50.650931980,-123.438204015,466.702000000,10,0.903000000,0.790000000,2.407000000
23:32:40,100719,50.650932038,-123.438203907,466.694000000,10,0.903000000,0.790000000,2.407000000
23:32:41,100719,50.650932055,-123.438203988,466.685000000,10,0.903000000,0.790000000,2.407000000
23:32:42,100719,50.650931988,-123.438204018,466.692000000,10,0.694000000,0.607000000,1.850000000
23:32:43,100719,50.650931718,-123.438204070,466.792000000,10,0.694000000,0.607000000,1.850000000
23:32:44,100719,50.650931497,-123.438204073,466.873000000,9,0.702000000,0.717000000,1.830000000
23:32:45,100719,50.650931342,-123.438204098,466.916000000,9,0.702000000,0.717000000,1.830000000
23:32:46,100719,50.650931232,-123.438204103,466.946000000,9,0.702000000,0.717000000,1.830000000
23:32:47,100719,50.650931075,-123.438204028,466.993000000,9,0.489000000,0.499000000,1.275000000
23:32:48,100719,50.650930897,-123.438204088,467.025000000,9,0.489000000,0.499000000,1.275000000
23:32:49,100719,50.650930725,-123.438204168,467.044000000,9,0.489000000,0.499000000,1.275000000
23:32:50,100719,50.650930573,-123.438204210,467.050000000,9,0.345000000,0.352000000,0.899000000
23:32:51,100719,50.650930632,-123.438204127,467.023000000,9,0.345000000,0.352000000,0.899000000
23:32:52,100719,50.650930568,-123.438204252,467.024000000,9,0.345000000,0.352000000,0.899000000
23:32:53,100719,50.650930522,-123.438204243,467.029000000,10,0.320000000,0.327000000,0.836000000
23:32:54,100719,50.650930488,-123.438204123,467.022000000,10,0.842000000,0.942000000,1.999000000
23:32:55,100719,50.650930417,-123.438204150,467.011000000,11,1.411000000,1.702000000,3.228000000
23:32:56,100719,50.650930315,-123.438204207,467.018000000,11,1.411000000,1.702000000,3.228000000
23:32:57,100719,50.650930248,-123.438204350,467.016000000,11,1.411000000,1.702000000,3.228000000
23:32:58,100719,50.650930252,-123.438204347,467.007000000,11,1.158000000,1.107000000,2.801000000
23:32:59,100719,50.650930252,-123.438204397,467.006000000,11,0.952000000,1.147000000,2.177000000
23:33:00,100719,50.650930380,-123.438204428,467.023000000,10,0.952000000,1.147000000,2.177000000
23:33:01,100719,50.650930527,-123.438204403,467.019000000,11,0.924000000,1.032000000,2.192000000
23:33:02,100719,50.650930630,-123.438204343,467.017000000,11,0.708000000,0.853000000,1.617000000
23:33:03,100719,50.650930668,-123.438204427,467.020000000,10,0.687000000,0.767000000,1.629000000
23:33:04,100719,50.650930735,-123.438204433,467.026000000,11,0.529000000,0.637000000,1.208000000
23:33:05,100719,50.650930790,-123.438204457,467.019000000,11,0.529000000,0.637000000,1.208000000
23:33:06,100719,50.650930933,-123.438204365,467.019000000,10,0.518000000,0.578000000,1.229000000
23:33:07,100719,50.650931030,-123.438204470,467.020000000,11,0.403000000,0.486000000,0.922000000
23:33:08,100719,50.650931105,-123.438204547,466.997000000,10,0.404000000,0.451000000,0.957000000
23:33:09,100719,50.650931198,-123.438204495,467.007000000,11,0.318000000,0.383000000,0.726000000
23:33:10,100719,50.650931178,-123.438204465,466.986000000,11,0.318000000,0.383000000,0.726000000
23:33:11,100719,50.650931162,-123.438204537,466.970000000,10,0.326000000,0.364000000,0.773000000
23:33:12,100719,50.650931068,-123.438204652,466.944000000,11,0.262000000,0.315000000,0.598000000
23:33:13,100719,50.650931145,-123.438204558,466.900000000,11,0.262000000,0.315000000,0.598000000
23:33:14,100719,50.650931238,-123.438204502,466.851000000,12,0.247000000,0.254000000,0.573000000
23:33:15,100719,50.650931353,-123.438204402,466.800000000,12,0.247000000,0.254000000,0.573000000
23:33:16,100719,50.650931428,-123.438204358,466.766000000,12,0.247000000,0.254000000,0.573000000
23:33:17,100719,50.650931543,-123.438204248,466.730000000,11,0.623000000,0.749000000,1.421000000
23:33:18,100719,50.650931643,-123.438204190,466.715000000,12,0.550000000,0.556000000,1.175000000
23:33:19,100719,50.650931778,-123.438204122,466.704000000,12,0.550000000,0.556000000,1.175000000
23:33:20,100719,50.650931857,-123.438204075,466.696000000,12,0.550000000,0.556000000,1.175000000
23:33:21,100719,50.650931947,-123.438204068,466.684000000,13,0.378000000,0.382000000,0.808000000
23:33:22,100719,50.650932028,-123.438204030,466.675000000,13,0.335000000,0.291000000,0.663000000
23:33:23,100719,50.650932070,-123.438204112,466.673000000,13,0.335000000,0.291000000,0.663000000
23:33:24,100719,50.650932130,-123.438204137,466.669000000,13,0.335000000,0.291000000,0.663000000
23:33:25,100719,50.650932195,-123.438204143,466.669000000,14,0.362000000,0.303000000,0.757000000
23:33:26,100719,50.650932242,-123.438204107,466.669000000,14,0.362000000,0.303000000,0.757000000
23:33:27,100719,50.650932228,-123.438204078,466.674000000,14,0.362000000,0.303000000,0.757000000
23:33:28,100719,50.650932265,-123.438204073,466.671000000,13,0.844000000,0.826000000,1.911000000
23:33:29,100719,50.650932258,-123.438204133,466.667000000,13,0.844000000,0.826000000,1.911000000
23:33:30,100719,50.650932265,-123.438204122,466.665000000,13,0.844000000,0.826000000,1.911000000
23:33:31,100719,50.650932288,-123.438204048,466.656000000,13,0.579000000,0.567000000,1.310000000
23:33:32,100719,50.650932260,-123.438204058,466.659000000,13,0.579000000,0.567000000,1.310000000
23:33:33,100719,50.650932252,-123.438204053,466.663000000,12,0.476000000,0.480000000,1.015000000
23:33:34,100719,50.650932212,-123.438204057,466.660000000,11,0.476000000,0.480000000,1.015000000
23:33:35,100719,50.650932225,-123.438204080,466.668000000,11,0.382000000,0.458000000,0.869000000
23:33:36,100719,50.650932248,-123.438204160,466.705000000,11,0.382000000,0.458000000,0.869000000
23:33:37,100719,50.650932262,-123.438204243,466.727000000,11,0.382000000,0.458000000,0.869000000
23:33:38,100719,50.650932267,-123.438204310,466.750000000,11,0.310000000,0.372000000,0.707000000
23:33:39,100719,50.650932293,-123.438204383,466.767000000,11,0.310000000,0.372000000,0.707000000
23:33:40,100719,50.650932290,-123.438204443,466.790000000,11,0.310000000,0.372000000,0.707000000
23:33:41,100719,50.650932355,-123.438204375,466.783000000,11,0.275000000,0.329000000,0.625000000
23:33:42,100719,50.650932340,-123.438204265,466.771000000,12,0.253000000,0.259000000,0.586000000
23:33:43,100719,50.650932325,-123.438203960,466.758000000,12,0.253000000,0.259000000,0.586000000
23:33:44,100719,50.650932277,-123.438204167,466.774000000,11,0.265000000,0.318000000,0.604000000
23:33:45,100719,50.650932335,-123.438204120,466.754000000,12,0.389000000,0.398000000,0.900000000
23:33:46,100719,50.650932267,-123.438204068,466.758000000,12,0.389000000,0.398000000,0.900000000
23:33:47,100719,50.650932285,-123.438204152,466.780000000,12,0.389000000,0.398000000,0.900000000
23:33:48,100719,50.650932315,-123.438204188,466.790000000,12,0.931000000,0.811000000,1.858000000
23:33:49,100719,50.650932267,-123.438204242,466.794000000,12,0.904000000,0.673000000,1.588000000
23:33:50,100719,50.650932285,-123.438204265,466.802000000,11,0.761000000,0.663000000,1.517000000
23:33:51,100719,50.650932293,-123.438204293,466.801000000,11,0.725000000,0.632000000,1.446000000
23:33:52,100719,50.650932342,-123.438204293,466.798000000,11,0.662000000,0.576000000,1.320000000
23:33:53,100719,50.650932427,-123.438204258,466.786000000,12,0.583000000,0.507000000,1.252000000
23:33:54,100719,50.650932435,-123.438204310,466.796000000,11,0.709000000,0.616000000,1.522000000
23:33:55,100719,50.650932462,-123.438204265,466.781000000,13,0.839000000,0.670000000,1.583000000
23:33:56,100719,50.650932462,-123.438204213,466.777000000,12,0.786000000,0.683000000,1.687000000
23:33:57,100719,50.650932505,-123.438204157,466.744000000,14,0.673000000,0.473000000,1.261000000
23:33:58,100719,50.650932497,-123.438204193,466.733000000,14,0.673000000,0.473000000,1.261000000
23:33:59,100719,50.650932473,-123.438204285,466.748000000,13,1.073000000,0.774000000,1.859000000
23:34:00,100719,50.650932463,-123.438204412,466.764000000,13,1.073000000,0.774000000,1.859000000
23:34:01,100719,50.650932377,-123.438204572,466.765000000,13,1.073000000,0.774000000,1.859000000
23:34:02,100719,50.650932363,-123.438204710,466.759000000,12,0.722000000,0.536000000,1.265000000
23:34:03,100719,50.650932395,-123.438204750,466.762000000,12,0.645000000,0.479000000,1.130000000
23:34:04,100719,50.650932318,-123.438204890,466.763000000,12,0.645000000,0.479000000,1.130000000
23:34:05,100719,50.650932345,-123.438204797,466.747000000,12,0.505000000,0.375000000,0.885000000
23:34:06,100719,50.650932333,-123.438204817,466.741000000,12,0.432000000,0.321000000,0.756000000
23:34:07,100719,50.650932355,-123.438204847,466.745000000,13,0.322000000,0.276000000,0.662000000
23:34:08,100719,50.650932405,-123.438204988,466.758000000,13,0.322000000,0.276000000,0.662000000
23:34:09,100719,50.650932495,-123.438204918,466.756000000,13,0.322000000,0.276000000,0.662000000
23:34:10,100719,50.650932512,-123.438204912,466.753000000,13,0.237000000,0.203000000,0.487000000
23:34:11,100719,50.650932577,-123.438204953,466.740000000,13,0.237000000,0.203000000,0.487000000
23:34:12,100719,50.650932668,-123.438205002,466.732000000,13,0.237000000,0.203000000,0.487000000
23:34:13,100719,50.650932693,-123.438205048,466.735000000,12,0.238000000,0.242000000,0.547000000
23:34:14,100719,50.650932710,-123.438205083,466.734000000,12,0.238000000,0.242000000,0.547000000
23:34:15,100719,50.650932760,-123.438205055,466.727000000,12,0.238000000,0.242000000,0.547000000
23:34:16,100719,50.650932798,-123.438205045,466.719000000,12,0.544000000,0.553000000,1.250000000
23:34:17,100719,50.650932832,-123.438205060,466.722000000,12,0.544000000,0.553000000,1.250000000
23:34:18,100719,50.650932815,-123.438205092,466.718000000,12,0.544000000,0.553000000,1.250000000
23:34:19,100719,50.650932787,-123.438205207,466.715000000,12,0.663000000,0.673000000,1.523000000
23:34:20,100719,50.650932773,-123.438205187,466.705000000,13,0.707000000,0.604000000,1.453000000
23:34:21,100719,50.650932823,-123.438205170,466.693000000,13,0.707000000,0.604000000,1.453000000
23:34:22,100719,50.650932907,-123.438204977,466.655000000,13,0.707000000,0.604000000,1.453000000
23:34:23,100719,50.650932928,-123.438205045,466.651000000,13,0.485000000,0.415000000,0.998000000
23:34:24,100719,50.650932985,-123.438205033,466.633000000,13,0.485000000,0.415000000,0.998000000
23:34:25,100719,50.650933037,-123.438205052,466.614000000,12,0.419000000,0.425000000,0.961000000
23:34:26,100719,50.650933042,-123.438204958,466.606000000,12,0.419000000,0.425000000,0.961000000
23:34:27,100719,50.650933122,-123.438204855,466.585000000,12,0.419000000,0.425000000,0.961000000
23:34:28,100719,50.650933212,-123.438204718,466.557000000,12,0.872000000,0.884000000,2.000000000
23:34:29,100719,50.650933277,-123.438204657,466.548000000,13,0.872000000,0.884000000,2.000000000
23:34:30,100719,50.650933343,-123.438204760,466.541000000,13,0.958000000,0.818000000,1.967000000
23:34:31,100719,50.650933412,-123.438204772,466.540000000,12,0.807000000,0.748000000,1.612000000
23:34:32,100719,50.650933452,-123.438204805,466.538000000,12,0.807000000,0.748000000,1.612000000
23:34:33,100719,50.650933492,-123.438204733,466.517000000,12,0.807000000,0.748000000,1.612000000
23:34:34,100719,50.650933615,-123.438204807,466.522000000,12,0.554000000,0.513000000,1.106000000
23:34:35,100719,50.650933678,-123.438204892,466.549000000,12,0.554000000,0.513000000,1.106000000
23:34:36,100719,50.650933675,-123.438204717,466.510000000,11,0.443000000,0.528000000,1.003000000
23:34:37,100719,50.650933623,-123.438204660,466.485000000,11,0.443000000,0.528000000,1.003000000
23:34:38,100719,50.650933587,-123.438204763,466.485000000,11,0.443000000,0.528000000,1.003000000
23:34:39,100719,50.650933545,-123.438204707,466.476000000,11,0.541000000,0.644000000,1.224000000
23:34:40,100719,50.650933557,-123.438204802,466.494000000,11,0.541000000,0.644000000,1.224000000
23:34:41,100719,50.650933598,-123.438204773,466.500000000,11,0.541000000,0.644000000,1.224000000
23:34:42,100719,50.650933603,-123.438204702,466.495000000,11,0.609000000,0.724000000,1.375000000
23:34:43,100719,50.650933628,-123.438204597,466.488000000,11,0.622000000,0.739000000,1.405000000
23:34:44,100719,50.650933655,-123.438204568,466.475000000,10,0.633000000,0.880000000,1.558000000
23:34:45,100719,50.650933667,-123.438204353,466.450000000,10,0.633000000,0.880000000,1.558000000
23:34:46,100719,50.650933673,-123.438204212,466.435000000,10,0.633000000,0.880000000,1.558000000
23:34:47,100719,50.650933647,-123.438203912,466.433000000,10,0.668000000,0.927000000,1.642000000
23:34:48,100719,50.650933633,-123.438203797,466.443000000,10,0.668000000,0.927000000,1.642000000
23:34:49,100719,50.650933703,-123.438203160,466.411000000,11,0.685000000,0.813000000,1.546000000
23:34:50,100719,50.650933715,-123.438202482,466.356000000,11,0.685000000,0.813000000,1.546000000
23:34:51,100719,50.650933628,-123.438202448,466.358000000,12,0.698000000,0.705000000,1.595000000
23:34:52,100719,50.650933513,-123.438202253,466.358000000,12,1.097000000,1.108000000,2.506000000
23:34:53,100719,50.650933422,-123.438202140,466.355000000,12,1.407000000,1.420000000,3.213000000
23:34:54,100719,50.650933482,-123.438201895,466.341000000,12,1.407000000,1.420000000,3.213000000
23:34:55,100719,50.650933553,-123.438201597,466.320000000,12,1.407000000,1.420000000,3.213000000
23:34:56,100719,50.650933488,-123.438201042,466.276000000,12,1.259000000,1.270000000,2.873000000
23:34:57,100719,50.650933418,-123.438200752,466.263000000,12,1.259000000,1.270000000,2.873000000
23:34:58,100719,50.650933457,-123.438200485,466.259000000,12,1.259000000,1.270000000,2.873000000
23:34:59,100719,50.650933510,-123.438200142,466.250000000,12,0.983000000,0.991000000,2.241000000
23:35:00,100719,50.650933470,-123.438200133,466.258000000,12,0.903000000,0.910000000,2.059000000
23:35:01,100719,50.650933483,-123.438200138,466.267000000,12,0.857000000,0.864000000,1.954000000
23:35:02,100719,50.650933480,-123.438200243,466.271000000,12,0.835000000,0.653000000,1.762000000
23:35:03,100719,50.650933493,-123.438200398,466.282000000,12,0.835000000,0.653000000,1.762000000
23:35:04,100719,50.650933458,-123.438200650,466.294000000,12,0.684000000,0.535000000,1.445000000
23:35:05,100719,50.650933428,-123.438200827,466.315000000,11,0.615000000,0.468000000,1.366000000
23:35:06,100719,50.650933502,-123.438200978,466.320000000,11,0.523000000,0.398000000,1.162000000
23:35:07,100719,50.650933467,-123.438201300,466.322000000,11,0.467000000,0.355000000,1.038000000
23:35:08,100719,50.650933488,-123.438201553,466.332000000,11,0.467000000,0.355000000,1.038000000
23:35:09,100719,50.650933468,-123.438201770,466.344000000,11,0.381000000,0.290000000,0.847000000
23:35:10,100719,50.650933590,-123.438202015,466.349000000,11,0.381000000,0.290000000,0.847000000
23:35:11,100719,50.650933683,-123.438202292,466.367000000,11,0.381000000,0.290000000,0.847000000
23:35:12,100719,50.650933677,-123.438202513,466.378000000,10,0.317000000,0.290000000,0.795000000
23:35:13,100719,50.650933727,-123.438202683,466.382000000,10,0.317000000,0.290000000,0.795000000
23:35:14,100719,50.650933763,-123.438202925,466.379000000,10,0.317000000,0.290000000,0.795000000
23:35:15,100719,50.650933757,-123.438203200,466.381000000,11,0.407000000,0.398000000,0.990000000
23:35:16,100719,50.650933753,-123.438203487,466.386000000,11,0.407000000,0.398000000,0.990000000
23:35:17,100719,50.650933762,-123.438203753,466.388000000,11,0.642000000,0.671000000,1.575000000
23:35:18,100719,50.650933733,-123.438204070,466.404000000,11,0.642000000,0.671000000,1.575000000
23:35:19,100719,50.650933745,-123.438204402,466.408000000,11,0.642000000,0.671000000,1.575000000
23:35:20,100719,50.650933687,-123.438204763,466.420000000,11,0.851000000,0.888000000,2.087000000
23:35:21,100719,50.650933755,-123.438205135,466.409000000,12,0.846000000,0.789000000,1.950000000
23:35:22,100719,50.650933798,-123.438205552,466.403000000,12,0.846000000,0.789000000,1.950000000
23:35:23,100719,50.650933850,-123.438205892,466.404000000,12,0.846000000,0.789000000,1.950000000
23:35:24,100719,50.650933858,-123.438206022,466.435000000,13,0.595000000,0.534000000,1.440000000
23:35:25,100719,50.650933830,-123.438206040,466.435000000,13,0.595000000,0.534000000,1.440000000
23:35:26,100719,50.650933772,-123.438206270,466.476000000,12,0.630000000,0.456000000,1.344000000
23:35:27,100719,50.650933680,-123.438206612,466.504000000,11,0.851000000,0.541000000,1.649000000
23:35:28,100719,50.650933587,-123.438206840,466.543000000,11,1.999000000,1.346000000,3.810000000
23:35:29,100719,50.650933450,-123.438207020,466.594000000,11,2.553000000,1.718000000,4.865000000
23:35:30,100719,50.650933418,-123.438207273,466.611000000,12,2.746000000,1.839000000,5.045000000
23:35:31,100719,50.650933477,-123.438207435,466.615000000,12,2.746000000,1.839000000,5.045000000
23:35:32,100719,50.650933488,-123.438207527,466.629000000,12,2.746000000,1.839000000,5.045000000
23:35:33,100719,50.650933367,-123.438207607,466.663000000,12,2.560000000,1.714000000,4.703000000
23:35:34,100719,50.650933282,-123.438207593,466.691000000,11,2.425000000,1.736000000,4.537000000
23:35:35,100719,50.650933098,-123.438207635,466.769000000,11,2.425000000,1.736000000,4.537000000
23:35:36,100719,50.650933158,-123.438207673,466.787000000,11,2.425000000,1.736000000,4.537000000
23:35:37,100719,50.650932998,-123.438207947,466.818000000,11,2.044000000,1.463000000,3.824000000
23:35:38,100719,50.650932887,-123.438208172,466.841000000,11,2.044000000,1.463000000,3.824000000
23:35:39,100719,50.650932745,-123.438208335,466.859000000,10,2.168000000,2.089000000,4.839000000
23:35:40,100719,50.650932587,-123.438208565,466.891000000,10,2.168000000,2.089000000,4.839000000
23:35:41,100719,50.650932483,-123.438208800,466.923000000,11,1.641000000,1.295000000,3.531000000
23:35:42,100719,50.650932367,-123.438209102,466.957000000,11,1.641000000,1.295000000,3.531000000
23:35:43,100719,50.650932275,-123.438209337,466.974000000,11,1.641000000,1.295000000,3.531000000
23:35:44,100719,50.650932222,-123.438209483,466.988000000,11,1.136000000,0.896000000,2.442000000
23:35:45,100719,50.650932165,-123.438209642,467.011000000,11,1.136000000,0.896000000,2.442000000
23:35:46,100719,50.650932133,-123.438209782,467.027000000,11,1.136000000,0.896000000,2.442000000
23:35:47,100719,50.650932192,-123.438209823,467.029000000,11,0.784000000,0.618000000,1.685000000
23:35:48,100719,50.650932243,-123.438209832,467.035000000,11,0.784000000,0.618000000,1.685000000
23:35:49,100719,50.650932348,-123.438209788,467.028000000,11,0.784000000,0.618000000,1.685000000
23:35:50,100719,50.650932433,-123.438209743,467.012000000,11,0.541000000,0.426000000,1.162000000
23:35:51,100719,50.650932477,-123.438209698,467.012000000,11,0.541000000,0.426000000,1.162000000
23:35:52,100719,50.650932510,-123.438209660,467.009000000,11,0.541000000,0.426000000,1.162000000
23:35:53,100719,50.650932612,-123.438209595,466.993000000,11,0.373000000,0.294000000,0.801000000
23:35:54,100719,50.650932625,-123.438209577,466.988000000,11,0.373000000,0.294000000,0.801000000
23:35:55,100719,50.650932652,-123.438209552,466.973000000,10,0.373000000,0.294000000,0.801000000
23:35:56,100719,50.650932633,-123.438209597,466.985000000,9,0.504000000,0.400000000,1.018000000
23:35:57,100719,50.650932625,-123.438209728,466.968000000,9,0.823000000,0.566000000,1.516000000
23:35:58,100719,50.650932660,-123.438209732,466.961000000,9,0.823000000,0.566000000,1.516000000
23:35:59,100719,50.650932717,-123.438209728,466.948000000,9,0.823000000,0.566000000,1.516000000
23:36:00,100719,50.650932730,-123.438209850,466.959000000,9,3.301000000,2.268000000,6.080000000
23:36:01,100719,50.650932783,-123.438209967,466.950000000,9,3.301000000,2.268000000,6.080000000
23:36:02,100719,50.650932787,-123.438210128,466.940000000,9,3.301000000,2.268000000,6.080000000
23:36:03,100719,50.650932845,-123.438210158,466.920000000,8,3.301000000,2.715000000,6.997000000
23:36:04,100719,50.650932775,-123.438210190,466.928000000,8,3.301000000,2.715000000,6.997000000
23:36:05,100719,50.650932830,-123.438210230,466.903000000,8,3.301000000,2.715000000,6.997000000
23:36:06,100719,50.650932917,-123.438210203,466.865000000,8,2.331000000,1.916000000,4.937000000
23:36:07,100719,50.650932968,-123.438210262,466.823000000,8,2.331000000,1.916000000,4.937000000
23:36:08,100719,50.650933013,-123.438210270,466.788000000,9,1.772000000,1.318000000,3.519000000
23:36:09,100719,50.650933120,-123.438210260,466.736000000,10,1.366000000,1.162000000,3.162000000
23:36:10,100719,50.650933057,-123.438210152,466.754000000,10,1.366000000,1.162000000,3.162000000
23:36:11,100719,50.650933287,-123.438210172,466.708000000,11,1.140000000,0.970000000,2.662000000
23:36:12,100719,50.650933625,-123.438210245,466.640000000,11,1.140000000,0.970000000,2.662000000
23:36:13,100719,50.650933958,-123.438210192,466.562000000,11,1.049000000,0.892000000,2.449000000
23:36:14,100719,50.650934152,-123.438210070,466.523000000,11,1.049000000,0.892000000,2.449000000
23:36:15,100719,50.650934275,-123.438210095,466.479000000,12,0.812000000,0.759000000,2.024000000
23:36:16,100719,50.650934498,-123.438209972,466.438000000,13,0.812000000,0.759000000,2.024000000
23:36:17,100719,50.650934725,-123.438209903,466.375000000,13,0.673000000,0.608000000,1.599000000
23:36:18,100719,50.650935018,-123.438209822,466.300000000,14,0.673000000,0.608000000,1.599000000
23:36:19,100719,50.650935210,-123.438209688,466.251000000,14,0.553000000,0.478000000,1.336000000
23:36:20,100719,50.650935380,-123.438209573,466.220000000,13,0.458000000,0.413000000,1.087000000
23:36:21,100719,50.650935625,-123.438209410,466.162000000,13,0.458000000,0.413000000,1.087000000
23:36:22,100719,50.650935687,-123.438209327,466.147000000,12,0.415000000,0.388000000,1.034000000
23:36:23,100719,50.650935658,-123.438209110,466.180000000,12,0.415000000,0.388000000,1.034000000
23:36:24,100719,50.650935562,-123.438209063,466.212000000,12,0.419000000,0.391000000,1.044000000
23:36:25,100719,50.650935532,-123.438208943,466.212000000,12,0.419000000,0.391000000,1.044000000
23:36:26,100719,50.650935525,-123.438208963,466.205000000,11,0.533000000,0.431000000,1.349000000
23:36:27,100719,50.650935390,-123.438208865,466.214000000,11,0.533000000,0.431000000,1.349000000
23:36:28,100719,50.650935205,-123.438208777,466.254000000,12,0.838000000,0.851000000,2.136000000
23:36:29,100719,50.650934945,-123.438208692,466.313000000,11,1.699000000,1.373000000,4.301000000
23:36:30,100719,50.650934577,-123.438208740,466.381000000,12,1.331000000,1.350000000,3.391000000
23:36:31,100719,50.650934123,-123.438208628,466.478000000,12,1.331000000,1.350000000,3.391000000
23:36:32,100719,50.650933727,-123.438208500,466.563000000,11,1.441000000,1.358000000,3.409000000
23:36:33,100719,50.650933362,-123.438208373,466.642000000,12,1.338000000,1.113000000,2.992000000
23:36:34,100719,50.650933097,-123.438208337,466.695000000,12,1.250000000,1.075000000,2.750000000
23:36:35,100719,50.650932948,-123.438208168,466.721000000,12,1.183000000,1.156000000,2.761000000
23:36:36,100719,50.650932958,-123.438208073,466.720000000,12,1.183000000,1.156000000,2.761000000
23:36:37,100719,50.650932948,-123.438207995,466.724000000,11,0.883000000,0.881000000,2.059000000
23:36:38,100719,50.650932937,-123.438207872,466.734000000,10,0.938000000,0.796000000,2.154000000
23:36:39,100719,50.650932945,-123.438207732,466.729000000,10,0.938000000,0.796000000,2.154000000
23:36:40,100719,50.650932898,-123.438207632,466.734000000,11,0.819000000,0.669000000,1.813000000
23:36:41,100719,50.650932820,-123.438207475,466.745000000,11,0.819000000,0.669000000,1.813000000
23:36:42,100719,50.650932595,-123.438207365,466.789000000,11,0.819000000,0.669000000,1.813000000
23:36:43,100719,50.650932532,-123.438207112,466.793000000,11,0.687000000,0.561000000,1.521000000
23:36:44,100719,50.650932218,-123.438206912,466.862000000,11,0.687000000,0.561000000,1.521000000
23:36:45,100719,50.650931780,-123.438206742,466.957000000,12,0.592000000,0.523000000,1.413000000
23:36:46,100719,50.650931118,-123.438206578,467.116000000,11,0.626000000,0.511000000,1.386000000
23:36:47,100719,50.650930538,-123.438206473,467.261000000,12,0.526000000,0.465000000,1.257000000
23:36:48,100719,50.650930428,-123.438206568,467.280000000,12,0.479000000,0.431000000,1.135000000
23:36:49,100719,50.650930285,-123.438206408,467.305000000,12,0.447000000,0.395000000,1.066000000
23:36:50,100719,50.650930000,-123.438206488,467.345000000,13,0.391000000,0.351000000,0.926000000
23:36:51,100719,50.650929917,-123.438206380,467.355000000,13,0.391000000,0.351000000,0.926000000
23:36:52,100719,50.650930060,-123.438206190,467.344000000,13,0.391000000,0.351000000,0.926000000
23:36:53,100719,50.650930140,-123.438206160,467.317000000,13,0.299000000,0.269000000,0.709000000
23:36:54,100719,50.650930125,-123.438206015,467.315000000,13,0.299000000,0.269000000,0.709000000
23:36:55,100719,50.650930173,-123.438205825,467.308000000,13,0.299000000,0.269000000,0.709000000
23:36:56,100719,50.650930152,-123.438205748,467.312000000,13,0.240000000,0.215000000,0.567000000
23:36:57,100719,50.650930227,-123.438205695,467.308000000,13,0.240000000,0.215000000,0.567000000
23:36:58,100719,50.650930343,-123.438205563,467.295000000,12,0.245000000,0.217000000,0.574000000
23:36:59,100719,50.650930542,-123.438205425,467.266000000,11,0.304000000,0.280000000,0.742000000
23:37:00,100719,50.650930578,-123.438205303,467.260000000,11,0.304000000,0.280000000,0.742000000
23:37:01,100719,50.650930657,-123.438205137,467.253000000,10,1.489000000,1.266000000,3.365000000
23:37:02,100719,50.650930772,-123.438204937,467.246000000,10,1.529000000,1.300000000,3.455000000
23:37:03,100719,50.650930965,-123.438204747,467.220000000,10,1.529000000,1.300000000,3.455000000
23:37:04,100719,50.650930968,-123.438204633,467.222000000,10,1.529000000,1.300000000,3.455000000
23:37:05,100719,50.650931048,-123.438204545,467.211000000,10,1.833000000,1.558000000,4.141000000
23:37:06,100719,50.650931255,-123.438204468,467.172000000,10,1.833000000,1.558000000,4.141000000
23:37:07,100719,50.650931403,-123.438204335,467.140000000,10,1.833000000,1.558000000,4.141000000
23:37:08,100719,50.650931450,-123.438204215,467.142000000,11,1.918000000,1.525000000,4.382000000
23:37:09,100719,50.650931463,-123.438204080,467.146000000,11,1.918000000,1.525000000,4.382000000
23:37:10,100719,50.650931447,-123.438203962,467.161000000,11,1.918000000,1.525000000,4.382000000
23:37:11,100719,50.650931375,-123.438203882,467.181000000,11,1.337000000,1.063000000,3.055000000
23:37:12,100719,50.650931255,-123.438203838,467.218000000,11,1.337000000,1.063000000,3.055000000
23:37:13,100719,50.650931100,-123.438203752,467.247000000,12,0.968000000,0.749000000,2.132000000
23:37:14,100719,50.650930975,-123.438203797,467.292000000,12,0.968000000,0.749000000,2.132000000
23:37:15,100719,50.650930885,-123.438203758,467.316000000,12,0.968000000,0.749000000,2.132000000
23:37:16,100719,50.650930678,-123.438203660,467.385000000,12,0.697000000,0.539000000,1.534000000
23:37:17,100719,50.650929805,-123.438203668,467.601000000,13,0.589000000,0.492000000,1.391000000
23:37:18,100719,50.650929238,-123.438203577,467.757000000,13,0.589000000,0.492000000,1.391000000
23:37:19,100719,50.650928688,-123.438203605,467.892000000,14,0.589000000,0.492000000,1.391000000
23:37:20,100719,50.650927853,-123.438203605,468.109000000,14,0.493000000,0.423000000,1.186000000
23:37:21,100719,50.650926977,-123.438203632,468.340000000,14,0.758000000,0.650000000,1.822000000
23:37:22,100719,50.650926198,-123.438203553,468.535000000,14,0.758000000,0.650000000,1.822000000
23:37:23,100719,50.650925162,-123.438203485,468.811000000,14,0.758000000,0.650000000,1.822000000
23:37:24,100719,50.650924555,-123.438203425,468.976000000,14,0.587000000,0.503000000,1.410000000
23:37:25,100719,50.650924587,-123.438203615,468.960000000,14,0.587000000,0.503000000,1.410000000
23:37:26,100719,50.650924978,-123.438203727,468.857000000,14,0.587000000,0.503000000,1.410000000
23:37:27,100719,50.650925183,-123.438203928,468.809000000,14,0.622000000,0.533000000,1.495000000
23:37:28,100719,50.650925137,-123.438204120,468.816000000,14,0.622000000,0.533000000,1.495000000
23:37:29,100719,50.650924902,-123.438204218,468.858000000,14,0.622000000,0.533000000,1.495000000
23:37:30,100719,50.650924745,-123.438204250,468.884000000,14,0.876000000,0.750000000,2.103000000
23:37:31,100719,50.650924632,-123.438204343,468.903000000,13,0.900000000,0.805000000,2.127000000
23:37:32,100719,50.650925133,-123.438204505,468.765000000,13,0.900000000,0.805000000,2.127000000
23:37:33,100719,50.650925852,-123.438204657,468.572000000,14,0.725000000,0.729000000,1.698000000
23:37:34,100719,50.650926457,-123.438204798,468.414000000,14,0.725000000,0.729000000,1.698000000
23:37:35,100719,50.650926977,-123.438204972,468.264000000,13,0.801000000,0.716000000,1.892000000
23:37:36,100719,50.650927467,-123.438205162,468.108000000,14,0.695000000,0.698000000,1.627000000
23:37:37,100719,50.650928012,-123.438205320,467.952000000,14,0.695000000,0.698000000,1.627000000
23:37:38,100719,50.650928468,-123.438205395,467.828000000,14,0.695000000,0.698000000,1.627000000
23:37:39,100719,50.650928745,-123.438205477,467.736000000,14,0.671000000,0.674000000,1.571000000
23:37:40,100719,50.650929032,-123.438205480,467.647000000,13,0.753000000,0.673000000,1.778000000
23:37:41,100719,50.650929348,-123.438205485,467.556000000,13,0.753000000,0.673000000,1.778000000
23:37:42,100719,50.650929598,-123.438205620,467.477000000,13,0.753000000,0.673000000,1.778000000
23:37:43,100719,50.650930040,-123.438205543,467.361000000,13,0.640000000,0.572000000,1.510000000
23:37:44,100719,50.650930567,-123.438205513,467.211000000,13,0.640000000,0.572000000,1.510000000
23:37:45,100719,50.650930910,-123.438205710,467.153000000,13,0.640000000,0.572000000,1.510000000
23:37:46,100719,50.650931192,-123.438205757,467.084000000,13,0.445000000,0.397000000,1.049000000
23:37:47,100719,50.650931417,-123.438205870,467.027000000,13,0.445000000,0.397000000,1.049000000
23:37:48,100719,50.650931595,-123.438205982,466.980000000,13,0.445000000,0.397000000,1.049000000
23:37:49,100719,50.650931823,-123.438206057,466.899000000,13,0.416000000,0.371000000,0.980000000
23:37:50,100719,50.650932117,-123.438206142,466.829000000,13,0.416000000,0.371000000,0.980000000
23:37:51,100719,50.650932420,-123.438206217,466.752000000,13,0.416000000,0.371000000,0.980000000
23:37:52,100719,50.650932673,-123.438206350,466.672000000,13,0.457000000,0.407000000,1.077000000
23:37:53,100719,50.650932947,-123.438206450,466.588000000,13,0.457000000,0.407000000,1.077000000
23:37:54,100719,50.650933152,-123.438206560,466.527000000,13,0.457000000,0.407000000,1.077000000
23:37:55,100719,50.650933328,-123.438206625,466.470000000,13,0.419000000,0.374000000,0.988000000
23:37:56,100719,50.650933455,-123.438206667,466.423000000,13,0.419000000,0.374000000,0.988000000
23:37:57,100719,50.650933643,-123.438206710,466.362000000,13,0.419000000,0.374000000,0.988000000
23:37:58,100719,50.650933832,-123.438206772,466.314000000,13,0.409000000,0.365000000,0.965000000
23:37:59,100719,50.650934008,-123.438206760,466.266000000,13,0.409000000,0.365000000,0.965000000
23:38:00,100719,50.650934170,-123.438206780,466.229000000,13,0.409000000,0.365000000,0.965000000
23:38:01,100719,50.650934313,-123.438206847,466.193000000,12,0.636000000,0.567000000,1.499000000
23:38:02,100719,50.650934425,-123.438206888,466.173000000,12,0.694000000,0.680000000,1.596000000
23:38:03,100719,50.650934537,-123.438206933,466.143000000,13,0.700000000,0.657000000,1.646000000
23:38:04,100719,50.650934625,-123.438206962,466.113000000,13,0.700000000,0.657000000,1.646000000
23:38:05,100719,50.650934782,-123.438206923,466.081000000,14,0.632000000,0.508000000,1.419000000
23:38:06,100719,50.650934952,-123.438206900,466.040000000,14,0.632000000,0.508000000,1.419000000
23:38:07,100719,50.650935095,-123.438206867,466.013000000,13,0.714000000,0.602000000,1.575000000
23:38:08,100719,50.650935208,-123.438206835,466.004000000,13,0.714000000,0.602000000,1.575000000
23:38:09,100719,50.650935260,-123.438206817,465.999000000,13,0.714000000,0.602000000,1.575000000
23:38:10,100719,50.650935297,-123.438206807,466.007000000,13,0.565000000,0.476000000,1.247000000
23:38:11,100719,50.650935277,-123.438206757,466.011000000,13,0.565000000,0.476000000,1.247000000
23:38:12,100719,50.650935242,-123.438206752,466.017000000,12,0.463000000,0.453000000,1.063000000
23:38:13,100719,50.650935255,-123.438206727,466.018000000,12,0.463000000,0.453000000,1.063000000
23:38:14,100719,50.650935275,-123.438206660,466.017000000,12,0.463000000,0.453000000,1.063000000
23:38:15,100719,50.650935305,-123.438206620,466.021000000,12,0.328000000,0.321000000,0.753000000
23:38:16,100719,50.650935365,-123.438206587,466.016000000,12,0.328000000,0.321000000,0.753000000
23:38:17,100719,50.650935398,-123.438206557,466.003000000,12,0.328000000,0.321000000,0.753000000
23:38:18,100719,50.650935373,-123.438206583,466.000000000,12,0.250000000,0.245000000,0.574000000
23:38:19,100719,50.650935387,-123.438206637,465.997000000,12,0.250000000,0.245000000,0.574000000
23:38:20,100719,50.650935365,-123.438206673,465.997000000,12,0.250000000,0.245000000,0.574000000
23:38:21,100719,50.650935347,-123.438206753,465.990000000,12,0.250000000,0.245000000,0.574000000
23:38:22,100719,50.650935290,-123.438206827,465.999000000,12,0.250000000,0.245000000,0.574000000
23:38:23,100719,50.650935290,-123.438206780,466.005000000,12,0.250000000,0.245000000,0.574000000
23:38:24,100719,50.650935290,-123.438206727,466.015000000,12,0.250000000,0.245000000,0.574000000
23:38:25,100719,50.650935297,-123.438206713,466.015000000,12,0.250000000,0.245000000,0.574000000
23:38:26,100719,50.650935340,-123.438206662,466.000000000,12,0.250000000,0.245000000,0.574000000
23:38:27,100719,50.650935412,-123.438206498,466.004000000,12,0.250000000,0.244000000,0.574000000
23:38:28,100719,50.650935453,-123.438206495,466.007000000,12,0.250000000,0.244000000,0.574000000
23:38:29,100719,50.650935410,-123.438206558,466.016000000,12,0.250000000,0.244000000,0.574000000
23:38:30,100719,50.650935440,-123.438206603,466.022000000,13,0.216000000,0.237000000,0.491000000
23:38:31,100719,50.650935593,-123.438206510,466.014000000,13,0.216000000,0.237000000,0.491000000
23:38:32,100719,50.650935652,-123.438206537,466.007000000,12,0.250000000,0.244000000,0.574000000
23:38:33,100719,50.650935745,-123.438206522,465.998000000,13,0.216000000,0.237000000,0.491000000
23:38:34,100719,50.650935728,-123.438206562,466.007000000,13,0.216000000,0.237000000,0.491000000
23:38:35,100719,50.650935810,-123.438206497,465.996000000,13,0.216000000,0.237000000,0.491000000
23:38:36,100719,50.650935757,-123.438206545,466.004000000,13,0.216000000,0.237000000,0.491000000
23:38:37,100719,50.650935692,-123.438206570,466.015000000,13,0.216000000,0.237000000,0.491000000
23:38:38,100719,50.650935588,-123.438206650,466.019000000,13,0.216000000,0.237000000,0.491000000
23:38:39,100719,50.650935560,-123.438206727,466.021000000,14,0.208000000,0.207000000,0.483000000
23:38:40,100719,50.650935458,-123.438206788,466.024000000,14,0.208000000,0.207000000,0.483000000
23:38:41,100719,50.650935377,-123.438206875,466.025000000,14,0.208000000,0.207000000,0.483000000
23:38:42,100719,50.650935353,-123.438206860,466.022000000,14,0.208000000,0.207000000,0.483000000
23:38:43,100719,50.650935275,-123.438206863,466.030000000,14,0.208000000,0.207000000,0.483000000
23:38:44,100719,50.650935150,-123.438206975,466.035000000,14,0.208000000,0.207000000,0.483000000
