TIME,DATE(ddMMyy),LATITUDEGGA,LONGITUDEGGA,ALTITUDEGGA,NUMBERSAT,LATERR,LONGERR,ALTERR
16:10:56,100719,50.685092280,-123.478500000,724.902000000,17,0.214000000,0.182000000,0.336000000
16:10:57,100719,50.685092262,-123.478500003,724.907000000,17,0.214000000,0.182000000,0.336000000
16:10:58,100719,50.685092315,-123.478500038,724.918000000,17,0.214000000,0.182000000,0.336000000
16:10:59,100719,50.685092298,-123.478500047,724.918000000,17,0.214000000,0.182000000,0.336000000
16:11:00,100719,50.685092343,-123.478500065,724.925000000,17,0.214000000,0.182000000,0.336000000
16:11:01,100719,50.685092408,-123.478500032,724.926000000,17,0.214000000,0.182000000,0.336000000
16:11:02,100719,50.685092420,-123.478500005,724.923000000,17,0.214000000,0.182000000,0.336000000
16:11:03,100719,50.685092465,-123.478499985,724.924000000,17,0.214000000,0.182000000,0.336000000
16:11:04,100719,50.685092485,-123.478499963,724.924000000,17,0.214000000,0.182000000,0.336000000
16:11:05,100719,50.685092540,-123.478499935,724.919000000,17,0.214000000,0.182000000,0.336000000
16:11:06,100719,50.685092543,-123.478499922,724.915000000,17,0.214000000,0.182000000,0.336000000
16:11:07,100719,50.685092507,-123.478499928,724.912000000,17,0.214000000,0.182000000,0.336000000
16:11:08,100719,50.685092490,-123.478499923,724.910000000,16,0.254000000,0.186000000,0.394000000
16:11:09,100719,50.685092517,-123.478499895,724.909000000,16,0.254000000,0.186000000,0.394000000
16:11:10,100719,50.685092492,-123.478499903,724.909000000,17,0.222000000,0.180000000,0.388000000
16:11:11,100719,50.685092463,-123.478499883,724.906000000,17,0.222000000,0.180000000,0.388000000
16:11:12,100719,50.685092487,-123.478499870,724.914000000,17,0.222000000,0.180000000,0.388000000
16:11:13,100719,50.685092507,-123.478499860,724.915000000,17,0.222000000,0.180000000,0.387000000
16:11:14,100719,50.685092515,-123.478499865,724.919000000,17,0.222000000,0.180000000,0.387000000
16:11:15,100719,50.685092568,-123.478499847,724.923000000,17,0.222000000,0.180000000,0.387000000
16:11:16,100719,50.685092577,-123.478499852,724.929000000,17,0.222000000,0.180000000,0.387000000
16:11:17,100719,50.685092588,-123.478499860,724.934000000,17,0.222000000,0.180000000,0.387000000
16:11:18,100719,50.685092593,-123.478499880,724.943000000,17,0.222000000,0.180000000,0.387000000
16:11:19,100719,50.685092590,-123.478499870,724.947000000,17,0.222000000,0.179000000,0.387000000
16:11:20,100719,50.685092555,-123.478499887,724.950000000,17,0.222000000,0.179000000,0.387000000
16:11:21,100719,50.685092498,-123.478499888,724.946000000,17,0.222000000,0.179000000,0.387000000
16:11:22,100719,50.685092458,-123.478499893,724.945000000,17,0.222000000,0.179000000,0.387000000
16:11:23,100719,50.685092447,-123.478499908,724.948000000,17,0.222000000,0.179000000,0.387000000
16:11:24,100719,50.685092387,-123.478499913,724.947000000,17,0.222000000,0.179000000,0.387000000
16:11:25,100719,50.685092333,-123.478499903,724.948000000,17,0.222000000,0.179000000,0.387000000
16:11:26,100719,50.685092270,-123.478499912,724.951000000,17,0.222000000,0.179000000,0.387000000
16:11:27,100719,50.685092208,-123.478499910,724.951000000,17,0.222000000,0.179000000,0.387000000
16:11:28,100719,50.685092137,-123.478499913,724.952000000,17,0.222000000,0.179000000,0.387000000
16:11:29,100719,50.685092087,-123.478499877,724.948000000,17,0.222000000,0.179000000,0.387000000
16:11:30,100719,50.685092035,-123.478499830,724.940000000,17,0.222000000,0.179000000,0.386000000
16:11:31,100719,50.685091983,-123.478499787,724.930000000,17,0.222000000,0.179000000,0.386000000
16:11:32,100719,50.685091933,-123.478499755,724.917000000,17,0.222000000,0.179000000,0.386000000
16:11:33,100719,50.685091847,-123.478499753,724.899000000,18,0.196000000,0.170000000,0.336000000
16:11:34,100719,50.685091740,-123.478499780,724.883000000,18,0.196000000,0.170000000,0.336000000
16:11:35,100719,50.685091687,-123.478499845,724.868000000,18,0.196000000,0.170000000,0.336000000
16:11:36,100719,50.685091590,-123.478499855,724.847000000,18,0.196000000,0.170000000,0.336000000
16:11:37,100719,50.685091543,-123.478499835,724.830000000,18,0.196000000,0.170000000,0.336000000
16:11:38,100719,50.685091450,-123.478499860,724.834000000,18,0.196000000,0.170000000,0.336000000
16:11:39,100719,50.685091415,-123.478499855,724.834000000,18,0.196000000,0.170000000,0.336000000
16:11:40,100719,50.685091338,-123.478499850,724.829000000,18,0.196000000,0.170000000,0.336000000
16:11:41,100719,50.685091322,-123.478499827,724.826000000,18,0.196000000,0.170000000,0.336000000
16:11:42,100719,50.685091327,-123.478499840,724.826000000,18,0.196000000,0.170000000,0.336000000
16:11:43,100719,50.685091317,-123.478499823,724.823000000,18,0.196000000,0.170000000,0.336000000
16:11:44,100719,50.685091323,-123.478499797,724.822000000,18,0.196000000,0.170000000,0.336000000
16:11:45,100719,50.685091312,-123.478499798,724.822000000,18,0.196000000,0.170000000,0.336000000
16:11:46,100719,50.685091290,-123.478499820,724.829000000,18,0.196000000,0.170000000,0.336000000
16:11:47,100719,50.685091227,-123.478499825,724.834000000,18,0.196000000,0.170000000,0.336000000
16:11:48,100719,50.685091133,-123.478499868,724.835000000,18,0.196000000,0.169000000,0.336000000
16:11:49,100719,50.685091083,-123.478499893,724.838000000,18,0.196000000,0.169000000,0.336000000
16:11:50,100719,50.685091000,-123.478499943,724.826000000,18,0.196000000,0.169000000,0.336000000
16:11:51,100719,50.685090927,-123.478500112,724.819000000,18,0.196000000,0.169000000,0.336000000
16:11:52,100719,50.685090883,-123.478500117,724.824000000,18,0.196000000,0.169000000,0.336000000
16:11:53,100719,50.685090858,-123.478500147,724.824000000,18,0.196000000,0.169000000,0.336000000
16:11:54,100719,50.685090933,-123.478500105,724.823000000,18,0.196000000,0.169000000,0.336000000
16:11:55,100719,50.685090903,-123.478500155,724.811000000,18,0.196000000,0.169000000,0.336000000
16:11:56,100719,50.685090855,-123.478500188,724.801000000,18,0.196000000,0.169000000,0.336000000
16:11:57,100719,50.685090918,-123.478500123,724.812000000,18,0.196000000,0.169000000,0.336000000
16:11:58,100719,50.685090897,-123.478500130,724.811000000,18,0.196000000,0.169000000,0.336000000
16:11:59,100719,50.685090832,-123.478500147,724.797000000,18,0.196000000,0.169000000,0.336000000
16:12:00,100719,50.685090733,-123.478500180,724.775000000,18,0.196000000,0.169000000,0.336000000
16:12:01,100719,50.685090642,-123.478500205,724.755000000,18,0.196000000,0.169000000,0.336000000
16:12:02,100719,50.685090563,-123.478500235,724.737000000,18,0.196000000,0.169000000,0.335000000
16:12:03,100719,50.685090513,-123.478500230,724.721000000,18,0.196000000,0.169000000,0.335000000
16:12:04,100719,50.685090498,-123.478500250,724.711000000,18,0.196000000,0.169000000,0.335000000
16:12:05,100719,50.685090560,-123.478500183,724.694000000,18,0.196000000,0.169000000,0.335000000
16:12:06,100719,50.685090515,-123.478500193,724.688000000,18,0.196000000,0.169000000,0.335000000
16:12:07,100719,50.685090518,-123.478500157,724.683000000,18,0.196000000,0.169000000,0.335000000
16:12:08,100719,50.685090527,-123.478500167,724.680000000,18,0.196000000,0.169000000,0.335000000
16:12:09,100719,50.685090513,-123.478500145,724.676000000,18,0.196000000,0.169000000,0.335000000
16:12:10,100719,50.685090510,-123.478500155,724.677000000,18,0.196000000,0.169000000,0.335000000
16:12:11,100719,50.685090515,-123.478500168,724.682000000,18,0.196000000,0.169000000,0.335000000
16:12:12,100719,50.685090503,-123.478500125,724.678000000,18,0.196000000,0.169000000,0.335000000
16:12:13,100719,50.685090487,-123.478500128,724.679000000,18,0.196000000,0.169000000,0.335000000
16:12:14,100719,50.685090492,-123.478500118,724.679000000,18,0.196000000,0.169000000,0.335000000
16:12:15,100719,50.685090487,-123.478500112,724.680000000,18,0.196000000,0.169000000,0.335000000
16:12:16,100719,50.685090460,-123.478500095,724.680000000,18,0.196000000,0.169000000,0.335000000
16:12:17,100719,50.685090460,-123.478500037,724.674000000,18,0.196000000,0.169000000,0.335000000
16:12:18,100719,50.685090460,-123.478500032,724.675000000,18,0.196000000,0.169000000,0.335000000
16:12:19,100719,50.685090470,-123.478500025,724.672000000,18,0.196000000,0.169000000,0.335000000
16:12:20,100719,50.685090480,-123.478500023,724.674000000,18,0.196000000,0.169000000,0.335000000
16:12:21,100719,50.685090495,-123.478500002,724.669000000,18,0.196000000,0.169000000,0.335000000
16:12:22,100719,50.685090498,-123.478499990,724.671000000,18,0.196000000,0.169000000,0.335000000
16:12:23,100719,50.685090483,-123.478499978,724.672000000,18,0.196000000,0.169000000,0.335000000
16:12:24,100719,50.685090482,-123.478499938,724.671000000,18,0.196000000,0.169000000,0.335000000
16:12:25,100719,50.685090480,-123.478499908,724.671000000,18,0.196000000,0.169000000,0.335000000
16:12:26,100719,50.685090485,-123.478499907,724.673000000,18,0.196000000,0.169000000,0.335000000
16:12:27,100719,50.685090495,-123.478499885,724.673000000,18,0.196000000,0.169000000,0.335000000
16:12:28,100719,50.685090475,-123.478499878,724.678000000,18,0.196000000,0.169000000,0.335000000
16:12:29,100719,50.685090475,-123.478499838,724.678000000,18,0.196000000,0.169000000,0.335000000
16:12:30,100719,50.685090500,-123.478499792,724.681000000,18,0.196000000,0.169000000,0.335000000
16:12:31,100719,50.685090548,-123.478499743,724.682000000,18,0.196000000,0.169000000,0.335000000
16:12:32,100719,50.685090595,-123.478499657,724.677000000,18,0.196000000,0.169000000,0.335000000
16:12:33,100719,50.685090658,-123.478499608,724.682000000,18,0.196000000,0.169000000,0.335000000
16:12:34,100719,50.685090707,-123.478499585,724.691000000,18,0.196000000,0.169000000,0.335000000
16:12:35,100719,50.685090750,-123.478499517,724.701000000,18,0.196000000,0.169000000,0.335000000
16:12:36,100719,50.685090770,-123.478499500,724.711000000,18,0.196000000,0.169000000,0.335000000
16:12:37,100719,50.685090818,-123.478499460,724.719000000,18,0.196000000,0.169000000,0.335000000
16:12:38,100719,50.685090863,-123.478499415,724.728000000,18,0.196000000,0.169000000,0.335000000
16:12:39,100719,50.685090928,-123.478499380,724.737000000,18,0.196000000,0.169000000,0.335000000
16:12:40,100719,50.685090942,-123.478499368,724.744000000,18,0.196000000,0.169000000,0.335000000
16:12:41,100719,50.685090978,-123.478499330,724.752000000,18,0.196000000,0.169000000,0.335000000
16:12:42,100719,50.685090978,-123.478499328,724.760000000,18,0.196000000,0.169000000,0.335000000
16:12:43,100719,50.685090980,-123.478499310,724.770000000,18,0.196000000,0.169000000,0.335000000
16:12:44,100719,50.685090983,-123.478499300,724.775000000,18,0.196000000,0.169000000,0.335000000
16:12:45,100719,50.685090960,-123.478499275,724.775000000,18,0.196000000,0.169000000,0.335000000
16:12:46,100719,50.685090933,-123.478499253,724.780000000,18,0.196000000,0.169000000,0.335000000
16:12:47,100719,50.685090925,-123.478499228,724.785000000,18,0.196000000,0.169000000,0.335000000
16:12:48,100719,50.685090957,-123.478499227,724.791000000,18,0.196000000,0.169000000,0.335000000
16:12:49,100719,50.685090995,-123.478499187,724.797000000,18,0.196000000,0.169000000,0.335000000
16:12:50,100719,50.685091017,-123.478499167,724.801000000,18,0.196000000,0.169000000,0.335000000
16:12:51,100719,50.685091022,-123.478499158,724.805000000,18,0.196000000,0.169000000,0.335000000
16:12:52,100719,50.685091025,-123.478499163,724.809000000,18,0.196000000,0.169000000,0.335000000
16:12:53,100719,50.685090983,-123.478499188,724.816000000,18,0.196000000,0.169000000,0.335000000
16:12:54,100719,50.685090972,-123.478499197,724.817000000,18,0.196000000,0.169000000,0.335000000
16:12:55,100719,50.685090893,-123.478499208,724.816000000,18,0.196000000,0.169000000,0.335000000
16:12:56,100719,50.685090855,-123.478499188,724.814000000,18,0.196000000,0.169000000,0.335000000
16:12:57,100719,50.685090805,-123.478499212,724.812000000,18,0.196000000,0.169000000,0.335000000
16:12:58,100719,50.685090778,-123.478499218,724.812000000,18,0.196000000,0.169000000,0.335000000
16:12:59,100719,50.685090773,-123.478499195,724.812000000,18,0.196000000,0.169000000,0.335000000
16:13:00,100719,50.685090737,-123.478499180,724.809000000,18,0.196000000,0.169000000,0.335000000
16:13:01,100719,50.685090743,-123.478499143,724.807000000,18,0.196000000,0.169000000,0.335000000
16:13:02,100719,50.685090712,-123.478499122,724.800000000,18,0.196000000,0.169000000,0.335000000
16:13:03,100719,50.685090697,-123.478499105,724.797000000,18,0.196000000,0.169000000,0.335000000
16:13:04,100719,50.685090650,-123.478499107,724.795000000,18,0.196000000,0.168000000,0.335000000
16:13:05,100719,50.685090607,-123.478499127,724.796000000,18,0.196000000,0.168000000,0.335000000
16:13:06,100719,50.685090577,-123.478499115,724.795000000,18,0.196000000,0.168000000,0.335000000
16:13:07,100719,50.685090558,-123.478499145,724.798000000,18,0.196000000,0.168000000,0.335000000
16:13:08,100719,50.685090543,-123.478499148,724.799000000,18,0.196000000,0.168000000,0.335000000
16:13:09,100719,50.685090528,-123.478499182,724.798000000,18,0.196000000,0.168000000,0.335000000
16:13:10,100719,50.685090505,-123.478499178,724.802000000,18,0.196000000,0.168000000,0.335000000
16:13:11,100719,50.685090500,-123.478499145,724.796000000,18,0.196000000,0.168000000,0.335000000
16:13:12,100719,50.685090500,-123.478499127,724.795000000,18,0.196000000,0.168000000,0.335000000
16:13:13,100719,50.685090475,-123.478499120,724.795000000,18,0.197000000,0.168000000,0.334000000
16:13:14,100719,50.685090438,-123.478499098,724.790000000,18,0.197000000,0.168000000,0.334000000
16:13:15,100719,50.685090427,-123.478499095,724.795000000,18,0.197000000,0.168000000,0.334000000
16:13:16,100719,50.685090412,-123.478499123,724.805000000,18,0.197000000,0.168000000,0.334000000
16:13:17,100719,50.685090468,-123.478499058,724.802000000,18,0.197000000,0.168000000,0.334000000
16:13:18,100719,50.685090452,-123.478499147,724.835000000,17,0.223000000,0.177000000,0.380000000
16:13:19,100719,50.685090400,-123.478499158,724.844000000,17,0.223000000,0.177000000,0.380000000
16:13:20,100719,50.685090450,-123.478499168,724.853000000,17,0.223000000,0.177000000,0.380000000
16:13:21,100719,50.685090468,-123.478499138,724.860000000,17,0.223000000,0.177000000,0.380000000
16:13:22,100719,50.685090463,-123.478499133,724.855000000,18,0.197000000,0.168000000,0.334000000
16:13:23,100719,50.685090503,-123.478499108,724.861000000,18,0.197000000,0.168000000,0.334000000
16:13:24,100719,50.685090590,-123.478499102,724.869000000,18,0.197000000,0.168000000,0.334000000
16:13:25,100719,50.685090645,-123.478499077,724.872000000,18,0.197000000,0.168000000,0.334000000
16:13:26,100719,50.685090698,-123.478499033,724.873000000,18,0.197000000,0.168000000,0.334000000
16:13:27,100719,50.685090670,-123.478499050,724.878000000,18,0.197000000,0.168000000,0.334000000
16:13:28,100719,50.685090708,-123.478499013,724.877000000,18,0.197000000,0.168000000,0.334000000
16:13:29,100719,50.685090672,-123.478499005,724.874000000,18,0.197000000,0.168000000,0.334000000
16:13:30,100719,50.685090683,-123.478498992,724.873000000,18,0.197000000,0.168000000,0.334000000
16:13:31,100719,50.685090698,-123.478498965,724.870000000,18,0.197000000,0.168000000,0.334000000
16:13:32,100719,50.685090720,-123.478498963,724.871000000,18,0.197000000,0.168000000,0.334000000
16:13:33,100719,50.685090735,-123.478498930,724.868000000,18,0.197000000,0.168000000,0.334000000
16:13:34,100719,50.685090728,-123.478498885,724.867000000,18,0.197000000,0.168000000,0.334000000
16:13:35,100719,50.685090738,-123.478498848,724.868000000,18,0.197000000,0.168000000,0.334000000
16:13:36,100719,50.685090777,-123.478498813,724.868000000,18,0.197000000,0.168000000,0.334000000
16:13:37,100719,50.685090793,-123.478498772,724.867000000,18,0.197000000,0.168000000,0.334000000
16:13:38,100719,50.685090810,-123.478498728,724.865000000,18,0.197000000,0.168000000,0.334000000
16:13:39,100719,50.685090853,-123.478498680,724.862000000,18,0.197000000,0.168000000,0.334000000
16:13:40,100719,50.685090860,-123.478498670,724.867000000,18,0.197000000,0.168000000,0.334000000
16:13:41,100719,50.685090850,-123.478498642,724.869000000,18,0.197000000,0.168000000,0.334000000
16:13:42,100719,50.685090862,-123.478498640,724.875000000,18,0.197000000,0.168000000,0.334000000
16:13:43,100719,50.685090877,-123.478498625,724.875000000,18,0.197000000,0.168000000,0.334000000
16:13:44,100719,50.685090865,-123.478498610,724.876000000,18,0.197000000,0.168000000,0.334000000
16:13:45,100719,50.685090877,-123.478498615,724.880000000,18,0.197000000,0.168000000,0.334000000
16:13:46,100719,50.685090907,-123.478498655,724.884000000,18,0.197000000,0.168000000,0.334000000
16:13:47,100719,50.685090965,-123.478498672,724.885000000,18,0.197000000,0.168000000,0.334000000
16:13:48,100719,50.685090927,-123.478498710,724.889000000,18,0.197000000,0.168000000,0.334000000
16:13:49,100719,50.685090912,-123.478498773,724.894000000,18,0.197000000,0.168000000,0.334000000
16:13:50,100719,50.685090915,-123.478498798,724.893000000,18,0.197000000,0.168000000,0.334000000
16:13:51,100719,50.685090900,-123.478498843,724.893000000,18,0.197000000,0.168000000,0.334000000
16:13:52,100719,50.685090917,-123.478498882,724.890000000,18,0.197000000,0.168000000,0.334000000
16:13:53,100719,50.685090895,-123.478498932,724.893000000,18,0.197000000,0.168000000,0.334000000
16:13:54,100719,50.685090887,-123.478498992,724.898000000,18,0.197000000,0.168000000,0.334000000
16:13:55,100719,50.685090858,-123.478499030,724.899000000,18,0.197000000,0.168000000,0.334000000
16:13:56,100719,50.685090843,-123.478499092,724.900000000,18,0.197000000,0.168000000,0.334000000
16:13:57,100719,50.685090875,-123.478499120,724.899000000,18,0.197000000,0.168000000,0.334000000
16:13:58,100719,50.685090885,-123.478499177,724.893000000,18,0.197000000,0.168000000,0.334000000
16:13:59,100719,50.685090942,-123.478499170,724.892000000,18,0.197000000,0.168000000,0.334000000
16:14:00,100719,50.685090945,-123.478499182,724.890000000,18,0.197000000,0.168000000,0.334000000
16:14:01,100719,50.685090927,-123.478499162,724.881000000,18,0.197000000,0.168000000,0.334000000
16:14:02,100719,50.685090922,-123.478499153,724.872000000,18,0.197000000,0.168000000,0.334000000
16:14:03,100719,50.685090895,-123.478499143,724.864000000,18,0.197000000,0.168000000,0.334000000
16:14:04,100719,50.685090870,-123.478499147,724.852000000,18,0.197000000,0.168000000,0.334000000
16:14:05,100719,50.685090847,-123.478499123,724.851000000,18,0.197000000,0.168000000,0.334000000
16:14:06,100719,50.685090845,-123.478499133,724.853000000,18,0.197000000,0.168000000,0.334000000
16:14:07,100719,50.685090847,-123.478499110,724.850000000,18,0.197000000,0.168000000,0.334000000
16:14:08,100719,50.685090863,-123.478499098,724.849000000,18,0.197000000,0.168000000,0.334000000
16:14:09,100719,50.685090928,-123.478499083,724.846000000,18,0.197000000,0.168000000,0.334000000
16:14:10,100719,50.685090962,-123.478499067,724.845000000,18,0.197000000,0.168000000,0.334000000
16:14:11,100719,50.685091035,-123.478499038,724.847000000,18,0.197000000,0.168000000,0.334000000
16:14:12,100719,50.685091097,-123.478499037,724.853000000,18,0.197000000,0.168000000,0.334000000
16:14:13,100719,50.685091147,-123.478499033,724.856000000,18,0.197000000,0.168000000,0.334000000
16:14:14,100719,50.685091193,-123.478499035,724.859000000,18,0.197000000,0.168000000,0.333000000
16:14:15,100719,50.685091255,-123.478499057,724.861000000,18,0.197000000,0.168000000,0.333000000
16:14:16,100719,50.685091315,-123.478499053,724.869000000,18,0.197000000,0.168000000,0.333000000
16:14:17,100719,50.685091345,-123.478499047,724.881000000,18,0.197000000,0.167000000,0.333000000
16:14:18,100719,50.685091413,-123.478499027,724.898000000,18,0.197000000,0.167000000,0.333000000
16:14:19,100719,50.685091470,-123.478499033,724.906000000,18,0.197000000,0.167000000,0.333000000
16:14:20,100719,50.685091490,-123.478498980,724.909000000,18,0.197000000,0.167000000,0.333000000
16:14:21,100719,50.685091480,-123.478498927,724.918000000,18,0.197000000,0.167000000,0.333000000
16:14:22,100719,50.685091518,-123.478498923,724.919000000,18,0.197000000,0.167000000,0.333000000
16:14:23,100719,50.685091572,-123.478498863,724.922000000,18,0.197000000,0.167000000,0.333000000
16:14:24,100719,50.685091548,-123.478498887,724.928000000,18,0.197000000,0.167000000,0.333000000
16:14:25,100719,50.685091595,-123.478498867,724.940000000,18,0.197000000,0.167000000,0.333000000
16:14:26,100719,50.685091655,-123.478498873,724.950000000,18,0.197000000,0.167000000,0.333000000
16:14:27,100719,50.685091675,-123.478498818,724.950000000,18,0.197000000,0.167000000,0.333000000
16:14:28,100719,50.685091720,-123.478498835,724.954000000,18,0.197000000,0.167000000,0.333000000
16:14:29,100719,50.685091742,-123.478498855,724.956000000,18,0.197000000,0.167000000,0.333000000
16:14:30,100719,50.685091733,-123.478498880,724.959000000,18,0.197000000,0.167000000,0.333000000
16:14:31,100719,50.685091752,-123.478498923,724.972000000,18,0.197000000,0.167000000,0.333000000
16:14:32,100719,50.685091807,-123.478498877,724.974000000,18,0.197000000,0.167000000,0.333000000
16:14:33,100719,50.685091845,-123.478498862,724.977000000,18,0.197000000,0.167000000,0.333000000
16:14:34,100719,50.685091887,-123.478498868,724.981000000,18,0.197000000,0.167000000,0.333000000
16:14:35,100719,50.685091907,-123.478498892,724.986000000,18,0.197000000,0.167000000,0.333000000
16:14:36,100719,50.685091915,-123.478498903,724.986000000,18,0.197000000,0.167000000,0.333000000
16:14:37,100719,50.685091898,-123.478498888,724.986000000,18,0.197000000,0.167000000,0.333000000
16:14:38,100719,50.685091853,-123.478498900,724.992000000,18,0.197000000,0.167000000,0.333000000
16:14:39,100719,50.685091852,-123.478498882,724.991000000,18,0.197000000,0.167000000,0.333000000
16:14:40,100719,50.685091847,-123.478498898,724.996000000,18,0.197000000,0.167000000,0.333000000
16:14:41,100719,50.685091840,-123.478498928,724.999000000,18,0.197000000,0.167000000,0.333000000
16:14:42,100719,50.685091813,-123.478498942,725.001000000,18,0.197000000,0.167000000,0.333000000
16:14:43,100719,50.685091833,-123.478498942,725.001000000,18,0.197000000,0.167000000,0.333000000
16:14:44,100719,50.685091820,-123.478498933,725.005000000,18,0.197000000,0.167000000,0.333000000
16:14:45,100719,50.685091813,-123.478498942,725.008000000,18,0.197000000,0.167000000,0.333000000
16:14:46,100719,50.685091823,-123.478498935,725.007000000,18,0.197000000,0.167000000,0.333000000
16:14:47,100719,50.685091857,-123.478498942,725.004000000,18,0.197000000,0.167000000,0.333000000
16:14:48,100719,50.685091887,-123.478498957,725.006000000,18,0.197000000,0.167000000,0.333000000
16:14:49,100719,50.685091917,-123.478498963,725.005000000,18,0.197000000,0.167000000,0.333000000
16:14:50,100719,50.685091970,-123.478498977,725.003000000,18,0.197000000,0.167000000,0.333000000
16:14:51,100719,50.685091985,-123.478498988,725.000000000,18,0.197000000,0.167000000,0.333000000
16:14:52,100719,50.685091995,-123.478499010,724.999000000,18,0.197000000,0.167000000,0.333000000
16:14:53,100719,50.685092013,-123.478499000,724.999000000,18,0.197000000,0.167000000,0.333000000
16:14:54,100719,50.685092012,-123.478498948,724.994000000,18,0.197000000,0.167000000,0.333000000
16:14:55,100719,50.685092018,-123.478498920,724.994000000,18,0.197000000,0.167000000,0.333000000
16:14:56,100719,50.685091985,-123.478498932,724.996000000,18,0.197000000,0.167000000,0.333000000
16:14:57,100719,50.685091932,-123.478498953,724.998000000,18,0.197000000,0.167000000,0.333000000
16:14:58,100719,50.685091913,-123.478498952,724.996000000,18,0.197000000,0.167000000,0.333000000
16:14:59,100719,50.685091933,-123.478498927,724.995000000,18,0.197000000,0.167000000,0.333000000
16:15:00,100719,50.685091968,-123.478498883,724.995000000,18,0.197000000,0.167000000,0.333000000
16:15:01,100719,50.685091980,-123.478498858,724.990000000,18,0.197000000,0.167000000,0.333000000
16:15:02,100719,50.685091987,-123.478498848,724.985000000,18,0.197000000,0.167000000,0.333000000
16:15:03,100719,50.685092002,-123.478498838,724.985000000,18,0.197000000,0.167000000,0.333000000
16:15:04,100719,50.685092015,-123.478498857,724.986000000,18,0.197000000,0.167000000,0.333000000
16:15:05,100719,50.685092052,-123.478498887,724.995000000,18,0.197000000,0.167000000,0.333000000
16:15:06,100719,50.685092023,-123.478498925,725.002000000,18,0.197000000,0.167000000,0.333000000
16:15:07,100719,50.685092002,-123.478498960,724.999000000,18,0.197000000,0.167000000,0.333000000
16:15:08,100719,50.685091968,-123.478499008,725.003000000,18,0.197000000,0.167000000,0.333000000
16:15:09,100719,50.685091913,-123.478499058,725.000000000,18,0.197000000,0.167000000,0.333000000
16:15:10,100719,50.685091898,-123.478499122,724.999000000,18,0.197000000,0.167000000,0.333000000
16:15:11,100719,50.685091905,-123.478499148,724.995000000,18,0.197000000,0.167000000,0.333000000
16:15:12,100719,50.685091907,-123.478499135,724.989000000,18,0.197000000,0.167000000,0.333000000
16:15:13,100719,50.685091912,-123.478499180,724.987000000,18,0.197000000,0.167000000,0.333000000
16:15:14,100719,50.685091895,-123.478499243,724.993000000,18,0.197000000,0.167000000,0.332000000
16:15:15,100719,50.685091847,-123.478499293,724.993000000,18,0.197000000,0.167000000,0.332000000
16:15:16,100719,50.685091830,-123.478499300,724.989000000,18,0.197000000,0.167000000,0.332000000
16:15:17,100719,50.685091837,-123.478499325,724.985000000,18,0.197000000,0.167000000,0.332000000
16:15:18,100719,50.685091828,-123.478499355,724.990000000,18,0.197000000,0.167000000,0.332000000
16:15:19,100719,50.685091850,-123.478499340,724.988000000,18,0.197000000,0.167000000,0.332000000
16:15:20,100719,50.685091908,-123.478499317,724.981000000,18,0.197000000,0.167000000,0.332000000
16:15:21,100719,50.685091833,-123.478499393,724.990000000,18,0.197000000,0.167000000,0.332000000
16:15:22,100719,50.685091817,-123.478499390,724.994000000,18,0.197000000,0.167000000,0.332000000
16:15:23,100719,50.685091857,-123.478499408,725.000000000,18,0.197000000,0.167000000,0.332000000
16:15:24,100719,50.685091922,-123.478499405,725.003000000,18,0.197000000,0.167000000,0.332000000
16:15:25,100719,50.685091962,-123.478499402,725.010000000,18,0.197000000,0.167000000,0.332000000
16:15:26,100719,50.685091983,-123.478499413,725.016000000,18,0.197000000,0.167000000,0.332000000
16:15:27,100719,50.685092013,-123.478499413,725.020000000,18,0.197000000,0.167000000,0.332000000
16:15:28,100719,50.685092035,-123.478499413,725.021000000,18,0.197000000,0.167000000,0.332000000
16:15:29,100719,50.685092050,-123.478499400,725.024000000,18,0.197000000,0.167000000,0.332000000
16:15:30,100719,50.685092063,-123.478499380,725.026000000,18,0.197000000,0.167000000,0.332000000
16:15:31,100719,50.685092088,-123.478499365,725.031000000,18,0.197000000,0.166000000,0.332000000
16:15:32,100719,50.685092130,-123.478499348,725.035000000,18,0.197000000,0.166000000,0.332000000
16:15:33,100719,50.685092150,-123.478499340,725.041000000,17,0.224000000,0.174000000,0.372000000
16:15:34,100719,50.685092210,-123.478499353,725.048000000,17,0.224000000,0.174000000,0.372000000
16:15:35,100719,50.685092335,-123.478499315,725.054000000,17,0.224000000,0.174000000,0.372000000
16:15:36,100719,50.685092373,-123.478499275,725.054000000,17,0.224000000,0.174000000,0.372000000
16:15:37,100719,50.685092403,-123.478499280,725.063000000,17,0.224000000,0.174000000,0.372000000
16:15:38,100719,50.685092493,-123.478499287,725.069000000,17,0.224000000,0.174000000,0.372000000
16:15:39,100719,50.685092577,-123.478499295,725.079000000,17,0.224000000,0.174000000,0.372000000
16:15:40,100719,50.685092658,-123.478499308,725.091000000,17,0.224000000,0.174000000,0.372000000
16:15:41,100719,50.685092698,-123.478499302,725.097000000,17,0.224000000,0.174000000,0.372000000
16:15:42,100719,50.685092712,-123.478499297,725.097000000,17,0.224000000,0.174000000,0.372000000
16:15:43,100719,50.685092738,-123.478499290,725.098000000,17,0.224000000,0.174000000,0.372000000
16:15:44,100719,50.685092765,-123.478499297,725.099000000,17,0.224000000,0.174000000,0.372000000
16:15:45,100719,50.685092800,-123.478499292,725.102000000,17,0.224000000,0.174000000,0.371000000
16:15:46,100719,50.685092822,-123.478499288,725.100000000,17,0.224000000,0.174000000,0.371000000
16:15:47,100719,50.685092847,-123.478499267,725.099000000,17,0.224000000,0.174000000,0.371000000
16:15:48,100719,50.685092887,-123.478499252,725.095000000,17,0.224000000,0.174000000,0.371000000
16:15:49,100719,50.685092932,-123.478499220,725.093000000,17,0.224000000,0.173000000,0.371000000
16:15:50,100719,50.685093037,-123.478499260,725.098000000,17,0.224000000,0.173000000,0.371000000
16:15:51,100719,50.685093122,-123.478499267,725.099000000,17,0.224000000,0.173000000,0.371000000
16:15:52,100719,50.685093158,-123.478499238,725.096000000,17,0.224000000,0.173000000,0.371000000
16:15:53,100719,50.685093182,-123.478499193,725.095000000,17,0.224000000,0.173000000,0.371000000
16:15:54,100719,50.685093167,-123.478499160,725.092000000,18,0.197000000,0.166000000,0.332000000
16:15:55,100719,50.685093153,-123.478499150,725.091000000,19,0.177000000,0.166000000,0.329000000
16:15:56,100719,50.685093143,-123.478499128,725.086000000,19,0.177000000,0.166000000,0.329000000
16:15:57,100719,50.685093147,-123.478499103,725.082000000,19,0.177000000,0.166000000,0.329000000
16:15:58,100719,50.685093108,-123.478499088,725.077000000,19,0.177000000,0.166000000,0.329000000
16:15:59,100719,50.685093047,-123.478499092,725.072000000,19,0.177000000,0.166000000,0.329000000
16:16:00,100719,50.685092998,-123.478499092,725.067000000,19,0.177000000,0.166000000,0.329000000
16:16:01,100719,50.685092948,-123.478499080,725.055000000,19,0.177000000,0.166000000,0.329000000
16:16:02,100719,50.685092892,-123.478499053,725.045000000,19,0.177000000,0.166000000,0.329000000
16:16:03,100719,50.685092817,-123.478499042,725.033000000,19,0.177000000,0.166000000,0.329000000
16:16:04,100719,50.685092740,-123.478499078,725.028000000,18,0.197000000,0.166000000,0.332000000
16:16:05,100719,50.685092643,-123.478499128,725.021000000,18,0.197000000,0.166000000,0.332000000
16:16:06,100719,50.685092575,-123.478499200,725.022000000,18,0.197000000,0.166000000,0.332000000
16:16:07,100719,50.685092462,-123.478499248,725.016000000,18,0.197000000,0.166000000,0.331000000
16:16:08,100719,50.685092312,-123.478499323,725.012000000,18,0.197000000,0.166000000,0.331000000
16:16:09,100719,50.685092188,-123.478499392,725.005000000,18,0.197000000,0.166000000,0.331000000
16:16:10,100719,50.685092050,-123.478499462,724.996000000,18,0.197000000,0.166000000,0.331000000
16:16:11,100719,50.685091913,-123.478499508,724.984000000,18,0.197000000,0.166000000,0.331000000
16:16:12,100719,50.685091902,-123.478499482,724.980000000,18,0.197000000,0.166000000,0.331000000
16:16:13,100719,50.685091842,-123.478499457,724.965000000,18,0.197000000,0.166000000,0.331000000
16:16:14,100719,50.685091752,-123.478499458,724.959000000,18,0.197000000,0.166000000,0.331000000
16:16:15,100719,50.685091727,-123.478499457,724.946000000,18,0.197000000,0.166000000,0.331000000
16:16:16,100719,50.685091668,-123.478499443,724.932000000,18,0.198000000,0.166000000,0.331000000
16:16:17,100719,50.685091567,-123.478499462,724.933000000,18,0.198000000,0.166000000,0.331000000
16:16:18,100719,50.685091452,-123.478499490,724.928000000,17,0.198000000,0.166000000,0.331000000
16:16:19,100719,50.685091407,-123.478499467,724.926000000,17,0.218000000,0.177000000,0.332000000
16:16:20,100719,50.685091385,-123.478499458,724.926000000,17,0.218000000,0.177000000,0.332000000
16:16:21,100719,50.685091285,-123.478499465,724.920000000,17,0.218000000,0.177000000,0.332000000
16:16:22,100719,50.685091147,-123.478499528,724.912000000,17,0.218000000,0.177000000,0.332000000
16:16:23,100719,50.685091102,-123.478499550,724.908000000,17,0.218000000,0.177000000,0.332000000
16:16:24,100719,50.685091087,-123.478499577,724.906000000,17,0.218000000,0.177000000,0.332000000
16:16:25,100719,50.685091070,-123.478499567,724.898000000,17,0.218000000,0.177000000,0.332000000
16:16:26,100719,50.685091077,-123.478499557,724.897000000,17,0.218000000,0.177000000,0.332000000
16:16:27,100719,50.685091097,-123.478499533,724.894000000,17,0.218000000,0.177000000,0.332000000
16:16:28,100719,50.685091108,-123.478499502,724.892000000,17,0.218000000,0.177000000,0.332000000
16:16:29,100719,50.685091035,-123.478499517,724.888000000,17,0.218000000,0.177000000,0.332000000
16:16:30,100719,50.685090938,-123.478499535,724.879000000,17,0.218000000,0.177000000,0.332000000
16:16:31,100719,50.685090902,-123.478499483,724.866000000,17,0.218000000,0.177000000,0.332000000
16:16:32,100719,50.685090915,-123.478499485,724.863000000,17,0.218000000,0.177000000,0.332000000
16:16:33,100719,50.685090782,-123.478499532,724.866000000,17,0.218000000,0.177000000,0.332000000
16:16:34,100719,50.685090762,-123.478499565,724.866000000,18,0.198000000,0.166000000,0.331000000
16:16:35,100719,50.685090790,-123.478499467,724.853000000,17,0.218000000,0.177000000,0.332000000
16:16:36,100719,50.685090788,-123.478499495,724.846000000,18,0.198000000,0.166000000,0.331000000
16:16:37,100719,50.685090793,-123.478499483,724.837000000,18,0.198000000,0.166000000,0.331000000
16:16:38,100719,50.685090825,-123.478499458,724.837000000,17,0.218000000,0.176000000,0.331000000
16:16:39,100719,50.685090892,-123.478499417,724.844000000,18,0.198000000,0.166000000,0.331000000
16:16:40,100719,50.685090895,-123.478499403,724.839000000,18,0.198000000,0.166000000,0.331000000
16:16:41,100719,50.685090805,-123.478499477,724.841000000,17,0.224000000,0.172000000,0.368000000
16:16:42,100719,50.685090662,-123.478499448,724.825000000,17,0.224000000,0.172000000,0.368000000
16:16:43,100719,50.685090605,-123.478499443,724.822000000,17,0.224000000,0.172000000,0.368000000
16:16:44,100719,50.685090578,-123.478499460,724.818000000,17,0.224000000,0.172000000,0.368000000
16:16:45,100719,50.685090565,-123.478499462,724.810000000,17,0.224000000,0.172000000,0.368000000
16:16:46,100719,50.685090518,-123.478499460,724.801000000,17,0.224000000,0.172000000,0.368000000
16:16:47,100719,50.685090493,-123.478499457,724.796000000,17,0.224000000,0.172000000,0.368000000
16:16:48,100719,50.685090487,-123.478499522,724.800000000,16,0.226000000,0.172000000,0.381000000
16:16:49,100719,50.685090420,-123.478499553,724.791000000,16,0.226000000,0.172000000,0.381000000
16:16:50,100719,50.685090412,-123.478499563,724.777000000,16,0.226000000,0.172000000,0.381000000
16:16:51,100719,50.685090437,-123.478499515,724.759000000,16,0.226000000,0.172000000,0.381000000
16:16:52,100719,50.685090428,-123.478499503,724.748000000,16,0.226000000,0.172000000,0.380000000
16:16:53,100719,50.685090430,-123.478499500,724.745000000,16,0.226000000,0.172000000,0.380000000
16:16:54,100719,50.685090435,-123.478499503,724.742000000,16,0.226000000,0.172000000,0.380000000
16:16:55,100719,50.685090468,-123.478499510,724.735000000,16,0.226000000,0.172000000,0.380000000
16:16:56,100719,50.685090522,-123.478499515,724.737000000,17,0.201000000,0.165000000,0.343000000
16:16:57,100719,50.685090563,-123.478499500,724.733000000,17,0.201000000,0.165000000,0.343000000
16:16:58,100719,50.685090602,-123.478499502,724.732000000,17,0.201000000,0.165000000,0.343000000
16:16:59,100719,50.685090617,-123.478499493,724.726000000,17,0.201000000,0.165000000,0.343000000
16:17:00,100719,50.685090572,-123.478499510,724.717000000,17,0.201000000,0.165000000,0.343000000
16:17:01,100719,50.685090547,-123.478499500,724.710000000,17,0.201000000,0.165000000,0.343000000
16:17:02,100719,50.685090518,-123.478499493,724.701000000,18,0.198000000,0.165000000,0.330000000
16:17:03,100719,50.685090480,-123.478499483,724.690000000,18,0.198000000,0.165000000,0.330000000
16:17:04,100719,50.685090457,-123.478499473,724.683000000,18,0.198000000,0.165000000,0.330000000
16:17:05,100719,50.685090437,-123.478499488,724.684000000,18,0.198000000,0.165000000,0.330000000
16:17:06,100719,50.685090448,-123.478499487,724.685000000,18,0.198000000,0.165000000,0.330000000
16:17:07,100719,50.685090438,-123.478499485,724.684000000,19,0.177000000,0.165000000,0.328000000
16:17:08,100719,50.685090432,-123.478499485,724.684000000,19,0.177000000,0.165000000,0.328000000
16:17:09,100719,50.685090418,-123.478499483,724.685000000,19,0.177000000,0.165000000,0.328000000
16:17:10,100719,50.685090377,-123.478499517,724.686000000,19,0.177000000,0.165000000,0.328000000
16:17:11,100719,50.685090397,-123.478499520,724.687000000,19,0.177000000,0.165000000,0.328000000
16:17:12,100719,50.685090382,-123.478499557,724.698000000,18,0.198000000,0.165000000,0.330000000
16:17:13,100719,50.685090343,-123.478499648,724.702000000,19,0.177000000,0.165000000,0.328000000
16:17:14,100719,50.685090385,-123.478499662,724.703000000,19,0.177000000,0.165000000,0.328000000
16:17:15,100719,50.685090532,-123.478499648,724.702000000,19,0.177000000,0.165000000,0.328000000
16:17:16,100719,50.685090628,-123.478499653,724.723000000,19,0.177000000,0.165000000,0.328000000
16:17:17,100719,50.685090648,-123.478499747,724.731000000,18,0.198000000,0.165000000,0.330000000
16:17:18,100719,50.685090760,-123.478499670,724.737000000,18,0.198000000,0.165000000,0.330000000
16:17:19,100719,50.685090850,-123.478499698,724.740000000,18,0.198000000,0.165000000,0.330000000
16:17:20,100719,50.685090813,-123.478499707,724.740000000,18,0.198000000,0.165000000,0.330000000
16:17:21,100719,50.685090777,-123.478499703,724.739000000,18,0.198000000,0.165000000,0.330000000
16:17:22,100719,50.685090763,-123.478499700,724.739000000,18,0.198000000,0.165000000,0.330000000
16:17:23,100719,50.685090807,-123.478499723,724.748000000,18,0.198000000,0.165000000,0.330000000
16:17:24,100719,50.685090792,-123.478499740,724.759000000,18,0.198000000,0.165000000,0.330000000
16:17:25,100719,50.685090785,-123.478499772,724.764000000,18,0.198000000,0.165000000,0.330000000
16:17:26,100719,50.685090798,-123.478499710,724.761000000,18,0.198000000,0.165000000,0.330000000
16:17:27,100719,50.685090805,-123.478499767,724.769000000,18,0.198000000,0.165000000,0.330000000
16:17:28,100719,50.685090807,-123.478499770,724.777000000,18,0.198000000,0.165000000,0.330000000
16:17:29,100719,50.685090872,-123.478499700,724.782000000,18,0.198000000,0.165000000,0.330000000
16:17:30,100719,50.685090880,-123.478499657,724.782000000,18,0.198000000,0.165000000,0.330000000
16:17:31,100719,50.685090908,-123.478499608,724.791000000,18,0.198000000,0.165000000,0.330000000
16:17:32,100719,50.685090915,-123.478499597,724.793000000,18,0.198000000,0.165000000,0.330000000
16:17:33,100719,50.685090970,-123.478499588,724.800000000,18,0.198000000,0.165000000,0.330000000
16:17:34,100719,50.685091030,-123.478499578,724.799000000,18,0.198000000,0.165000000,0.330000000
16:17:35,100719,50.685091095,-123.478499585,724.810000000,18,0.198000000,0.165000000,0.330000000
16:17:36,100719,50.685091073,-123.478499587,724.810000000,18,0.198000000,0.165000000,0.330000000
16:17:37,100719,50.685091070,-123.478499582,724.814000000,18,0.198000000,0.165000000,0.330000000
16:17:38,100719,50.685091042,-123.478499578,724.813000000,18,0.198000000,0.165000000,0.330000000
16:17:39,100719,50.685091000,-123.478499535,724.809000000,18,0.198000000,0.165000000,0.330000000
16:17:40,100719,50.685091002,-123.478499485,724.799000000,18,0.198000000,0.165000000,0.330000000
16:17:41,100719,50.685091017,-123.478499475,724.805000000,18,0.198000000,0.165000000,0.330000000
16:17:42,100719,50.685091027,-123.478499478,724.807000000,18,0.198000000,0.165000000,0.330000000
16:17:43,100719,50.685091028,-123.478499513,724.796000000,18,0.198000000,0.165000000,0.330000000
16:17:44,100719,50.685091030,-123.478499473,724.795000000,18,0.198000000,0.165000000,0.329000000
16:17:45,100719,50.685090973,-123.478499412,724.790000000,18,0.198000000,0.165000000,0.329000000
16:17:46,100719,50.685090982,-123.478499420,724.787000000,18,0.198000000,0.165000000,0.329000000
16:17:47,100719,50.685090940,-123.478499550,724.781000000,18,0.198000000,0.165000000,0.329000000
16:17:48,100719,50.685091027,-123.478499528,724.778000000,18,0.198000000,0.165000000,0.329000000
16:17:49,100719,50.685091083,-123.478499540,724.770000000,18,0.198000000,0.165000000,0.329000000
16:17:50,100719,50.685091113,-123.478499532,724.773000000,18,0.198000000,0.165000000,0.329000000
16:17:51,100719,50.685091232,-123.478499528,724.781000000,18,0.198000000,0.165000000,0.329000000
16:17:52,100719,50.685091360,-123.478499535,724.788000000,18,0.198000000,0.165000000,0.329000000
16:17:53,100719,50.685091490,-123.478499473,724.794000000,18,0.198000000,0.165000000,0.329000000
16:17:54,100719,50.685091537,-123.478499437,724.792000000,18,0.198000000,0.165000000,0.329000000
16:17:55,100719,50.685091445,-123.478499428,724.795000000,18,0.198000000,0.165000000,0.329000000
16:17:56,100719,50.685091393,-123.478499435,724.788000000,18,0.198000000,0.165000000,0.329000000
16:17:57,100719,50.685091362,-123.478499450,724.787000000,18,0.198000000,0.165000000,0.329000000
16:17:58,100719,50.685091327,-123.478499508,724.789000000,18,0.198000000,0.165000000,0.329000000
16:17:59,100719,50.685091285,-123.478499547,724.785000000,18,0.198000000,0.164000000,0.329000000
16:18:00,100719,50.685091270,-123.478499568,724.787000000,18,0.198000000,0.164000000,0.329000000
16:18:01,100719,50.685091268,-123.478499572,724.786000000,18,0.198000000,0.164000000,0.329000000
16:18:02,100719,50.685091200,-123.478499605,724.779000000,18,0.198000000,0.164000000,0.329000000
16:18:03,100719,50.685091172,-123.478499587,724.766000000,18,0.198000000,0.164000000,0.329000000
16:18:04,100719,50.685091142,-123.478499577,724.762000000,18,0.198000000,0.164000000,0.329000000
16:18:05,100719,50.685091148,-123.478499593,724.762000000,19,0.177000000,0.164000000,0.327000000
16:18:06,100719,50.685091173,-123.478499585,724.762000000,19,0.177000000,0.164000000,0.327000000
16:18:07,100719,50.685091155,-123.478499605,724.756000000,19,0.177000000,0.164000000,0.327000000
16:18:08,100719,50.685091158,-123.478499582,724.749000000,19,0.177000000,0.164000000,0.327000000
16:18:09,100719,50.685091185,-123.478499580,724.752000000,19,0.177000000,0.164000000,0.327000000
16:18:10,100719,50.685091177,-123.478499622,724.754000000,18,0.187000000,0.170000000,0.351000000
16:18:11,100719,50.685091203,-123.478499630,724.759000000,18,0.187000000,0.170000000,0.351000000
16:18:12,100719,50.685091223,-123.478499627,724.765000000,18,0.187000000,0.170000000,0.351000000
16:18:13,100719,50.685091313,-123.478499600,724.770000000,18,0.187000000,0.170000000,0.351000000
16:18:14,100719,50.685091420,-123.478499605,724.781000000,18,0.187000000,0.170000000,0.351000000
16:18:15,100719,50.685091507,-123.478499603,724.790000000,18,0.187000000,0.170000000,0.351000000
16:18:16,100719,50.685091602,-123.478499562,724.798000000,18,0.187000000,0.170000000,0.351000000
16:18:17,100719,50.685091763,-123.478499490,724.809000000,18,0.187000000,0.170000000,0.351000000
16:18:18,100719,50.685091788,-123.478499405,724.808000000,18,0.187000000,0.170000000,0.351000000
16:18:19,100719,50.685091783,-123.478499377,724.816000000,18,0.187000000,0.170000000,0.351000000
16:18:20,100719,50.685091785,-123.478499345,724.820000000,18,0.187000000,0.170000000,0.351000000
16:18:21,100719,50.685091853,-123.478499288,724.824000000,18,0.187000000,0.170000000,0.351000000
16:18:22,100719,50.685091935,-123.478499270,724.836000000,18,0.187000000,0.170000000,0.350000000
16:18:23,100719,50.685091973,-123.478499282,724.847000000,18,0.187000000,0.170000000,0.350000000
16:18:24,100719,50.685091968,-123.478499265,724.842000000,18,0.187000000,0.170000000,0.350000000
16:18:25,100719,50.685091973,-123.478499227,724.841000000,18,0.188000000,0.170000000,0.350000000
16:18:26,100719,50.685091928,-123.478499203,724.845000000,18,0.188000000,0.170000000,0.350000000
16:18:27,100719,50.685091860,-123.478499230,724.849000000,18,0.188000000,0.170000000,0.350000000
16:18:28,100719,50.685091795,-123.478499248,724.856000000,18,0.188000000,0.170000000,0.350000000
16:18:29,100719,50.685091745,-123.478499273,724.863000000,18,0.188000000,0.170000000,0.350000000
16:18:30,100719,50.685091813,-123.478499225,724.867000000,18,0.188000000,0.170000000,0.350000000
16:18:31,100719,50.685091908,-123.478499142,724.864000000,18,0.188000000,0.170000000,0.350000000
16:18:32,100719,50.685092032,-123.478499137,724.868000000,18,0.188000000,0.170000000,0.350000000
16:18:33,100719,50.685092160,-123.478499075,724.871000000,18,0.188000000,0.170000000,0.350000000
16:18:34,100719,50.685092308,-123.478499052,724.878000000,18,0.188000000,0.170000000,0.350000000
16:18:35,100719,50.685092432,-123.478499048,724.886000000,18,0.188000000,0.170000000,0.350000000
16:18:36,100719,50.685092408,-123.478499073,724.892000000,18,0.188000000,0.170000000,0.350000000
16:18:37,100719,50.685092585,-123.478499058,724.924000000,18,0.188000000,0.170000000,0.350000000
16:18:38,100719,50.685092740,-123.478498945,724.933000000,18,0.188000000,0.170000000,0.350000000
16:18:39,100719,50.685092865,-123.478498938,724.959000000,18,0.188000000,0.170000000,0.350000000
16:18:40,100719,50.685092975,-123.478498945,724.973000000,18,0.188000000,0.170000000,0.350000000
16:18:41,100719,50.685092890,-123.478499002,724.975000000,18,0.188000000,0.170000000,0.350000000
16:18:42,100719,50.685092925,-123.478498912,724.973000000,18,0.188000000,0.170000000,0.350000000
16:18:43,100719,50.685092998,-123.478498912,724.966000000,18,0.188000000,0.170000000,0.350000000
16:18:44,100719,50.685093037,-123.478498902,724.962000000,18,0.188000000,0.170000000,0.350000000
16:18:45,100719,50.685092990,-123.478498902,724.959000000,18,0.188000000,0.170000000,0.350000000
16:18:46,100719,50.685092903,-123.478498875,724.951000000,18,0.188000000,0.170000000,0.350000000
