TIME,DATE(ddMMyy),LATITUDEGGA,LONGITUDEGGA,ALTITUDEGGA,NUMBERSAT,LATERR,LONGERR,ALTERR
22:57:07,100719,50.643603082,-123.429878532,449.954000000,22,0.282000000,0.181000000,0.546000000
22:57:08,100719,50.643603048,-123.429878583,449.945000000,22,0.282000000,0.181000000,0.546000000
22:57:09,100719,50.643603042,-123.429878602,449.937000000,22,0.293000000,0.188000000,0.567000000
22:57:10,100719,50.643603037,-123.429878590,449.926000000,22,0.293000000,0.188000000,0.567000000
22:57:11,100719,50.643603077,-123.429878530,449.918000000,22,0.293000000,0.188000000,0.567000000
22:57:12,100719,50.643603143,-123.429878452,449.911000000,22,0.294000000,0.189000000,0.569000000
22:57:13,100719,50.643603238,-123.429878390,449.911000000,22,0.294000000,0.189000000,0.569000000
22:57:14,100719,50.643603357,-123.429878285,449.914000000,22,0.294000000,0.189000000,0.569000000
22:57:15,100719,50.643603493,-123.429878198,449.935000000,22,0.288000000,0.185000000,0.559000000
22:57:16,100719,50.643603483,-123.429878167,449.935000000,22,0.288000000,0.185000000,0.559000000
22:57:17,100719,50.643603592,-123.429878087,449.959000000,22,0.288000000,0.185000000,0.559000000
22:57:18,100719,50.643603718,-123.429878018,449.972000000,21,0.275000000,0.177000000,0.534000000
22:57:19,100719,50.643603845,-123.429877940,449.974000000,21,0.330000000,0.177000000,0.554000000
22:57:20,100719,50.643604052,-123.429877832,449.992000000,21,0.330000000,0.177000000,0.554000000
22:57:21,100719,50.643604227,-123.429877778,450.019000000,21,0.330000000,0.177000000,0.554000000
22:57:22,100719,50.643604450,-123.429877700,450.039000000,21,0.319000000,0.171000000,0.535000000
22:57:23,100719,50.643604427,-123.429877693,450.005000000,21,0.319000000,0.171000000,0.535000000
22:57:24,100719,50.643604468,-123.429877665,449.988000000,21,0.319000000,0.171000000,0.535000000
22:57:25,100719,50.643604493,-123.429877642,449.977000000,21,0.318000000,0.171000000,0.534000000
22:57:26,100719,50.643604445,-123.429877708,449.969000000,21,0.318000000,0.171000000,0.534000000
22:57:27,100719,50.643604347,-123.429877828,449.965000000,21,0.318000000,0.171000000,0.534000000
22:57:28,100719,50.643604230,-123.429877953,449.957000000,21,0.317000000,0.170000000,0.532000000
22:57:29,100719,50.643604203,-123.429877995,449.958000000,22,0.256000000,0.157000000,0.501000000
22:57:30,100719,50.643604173,-123.429878087,449.955000000,20,0.298000000,0.160000000,0.501000000
22:57:31,100719,50.643604063,-123.429878265,449.954000000,22,0.224000000,0.155000000,0.461000000
22:57:32,100719,50.643603848,-123.429878507,449.946000000,22,0.224000000,0.155000000,0.461000000
22:57:33,100719,50.643603615,-123.429878763,449.922000000,22,0.224000000,0.155000000,0.461000000
22:57:34,100719,50.643603352,-123.429879063,449.897000000,22,0.195000000,0.135000000,0.402000000
22:57:35,100719,50.643603163,-123.429879252,449.877000000,21,0.193000000,0.138000000,0.387000000
22:57:36,100719,50.643603020,-123.429879352,449.864000000,21,0.193000000,0.138000000,0.387000000
22:57:37,100719,50.643602833,-123.429879558,449.857000000,21,0.193000000,0.138000000,0.387000000
22:57:38,100719,50.643602635,-123.429879815,449.832000000,21,0.156000000,0.111000000,0.313000000
22:57:39,100719,50.643602413,-123.429880087,449.801000000,21,0.156000000,0.111000000,0.313000000
22:57:40,100719,50.643602217,-123.429880340,449.788000000,21,0.156000000,0.111000000,0.313000000
22:57:41,100719,50.643602080,-123.429880443,449.780000000,21,0.156000000,0.111000000,0.313000000
22:57:42,100719,50.643601958,-123.429880552,449.767000000,21,0.156000000,0.111000000,0.313000000
22:57:43,100719,50.643601875,-123.429880640,449.763000000,21,0.156000000,0.111000000,0.313000000
22:57:44,100719,50.643601800,-123.429880708,449.762000000,21,0.156000000,0.111000000,0.313000000
22:57:45,100719,50.643601697,-123.429880805,449.766000000,21,0.156000000,0.111000000,0.313000000
22:57:46,100719,50.643601638,-123.429880852,449.762000000,21,0.156000000,0.111000000,0.313000000
22:57:47,100719,50.643601582,-123.429880873,449.761000000,21,0.156000000,0.111000000,0.313000000
22:57:48,100719,50.643601430,-123.429880918,449.759000000,22,0.156000000,0.111000000,0.313000000
22:57:49,100719,50.643601288,-123.429880957,449.755000000,22,0.148000000,0.105000000,0.310000000
22:57:50,100719,50.643601145,-123.429881010,449.756000000,22,0.148000000,0.105000000,0.310000000
22:57:51,100719,50.643601043,-123.429881025,449.761000000,22,0.148000000,0.105000000,0.310000000
22:57:52,100719,50.643600953,-123.429880995,449.768000000,22,0.148000000,0.105000000,0.310000000
22:57:53,100719,50.643600878,-123.429880955,449.770000000,22,0.148000000,0.105000000,0.310000000
22:57:54,100719,50.643600817,-123.429880888,449.772000000,22,0.148000000,0.105000000,0.310000000
22:57:55,100719,50.643600767,-123.429880842,449.775000000,22,0.148000000,0.105000000,0.310000000
22:57:56,100719,50.643600727,-123.429880818,449.774000000,22,0.148000000,0.105000000,0.310000000
22:57:57,100719,50.643600667,-123.429880813,449.779000000,22,0.148000000,0.105000000,0.310000000
22:57:58,100719,50.643600617,-123.429880820,449.783000000,22,0.148000000,0.105000000,0.310000000
22:57:59,100719,50.643600577,-123.429880795,449.783000000,22,0.148000000,0.105000000,0.310000000
22:58:00,100719,50.643600548,-123.429880782,449.786000000,22,0.148000000,0.105000000,0.310000000
22:58:01,100719,50.643600527,-123.429880783,449.792000000,22,0.148000000,0.105000000,0.310000000
22:58:02,100719,50.643600510,-123.429880830,449.801000000,22,0.148000000,0.105000000,0.310000000
22:58:03,100719,50.643600523,-123.429880827,449.811000000,22,0.148000000,0.105000000,0.310000000
22:58:04,100719,50.643600540,-123.429880783,449.813000000,22,0.148000000,0.105000000,0.310000000
22:58:05,100719,50.643600555,-123.429880798,449.818000000,22,0.148000000,0.105000000,0.310000000
22:58:06,100719,50.643600587,-123.429880788,449.821000000,22,0.148000000,0.105000000,0.310000000
22:58:07,100719,50.643600603,-123.429880763,449.816000000,22,0.148000000,0.105000000,0.311000000
22:58:08,100719,50.643600628,-123.429880692,449.816000000,22,0.148000000,0.105000000,0.311000000
22:58:09,100719,50.643600635,-123.429880653,449.819000000,22,0.148000000,0.105000000,0.311000000
22:58:10,100719,50.643600698,-123.429880653,449.807000000,22,0.148000000,0.105000000,0.311000000
22:58:11,100719,50.643600673,-123.429880603,449.803000000,22,0.148000000,0.105000000,0.311000000
22:58:12,100719,50.643600605,-123.429880557,449.793000000,22,0.148000000,0.105000000,0.311000000
22:58:13,100719,50.643600520,-123.429880540,449.782000000,22,0.148000000,0.105000000,0.311000000
22:58:14,100719,50.643600427,-123.429880538,449.770000000,22,0.148000000,0.105000000,0.311000000
22:58:15,100719,50.643600355,-123.429880545,449.760000000,22,0.148000000,0.105000000,0.311000000
22:58:16,100719,50.643600310,-123.429880518,449.748000000,22,0.161000000,0.114000000,0.338000000
22:58:17,100719,50.643600292,-123.429880475,449.743000000,22,0.161000000,0.114000000,0.338000000
22:58:18,100719,50.643600338,-123.429880447,449.745000000,22,0.161000000,0.114000000,0.338000000
22:58:19,100719,50.643600397,-123.429880350,449.745000000,22,0.148000000,0.105000000,0.311000000
22:58:20,100719,50.643600417,-123.429880328,449.754000000,22,0.148000000,0.105000000,0.311000000
22:58:21,100719,50.643600467,-123.429880273,449.762000000,22,0.148000000,0.105000000,0.311000000
22:58:22,100719,50.643600537,-123.429880187,449.765000000,22,0.148000000,0.105000000,0.311000000
22:58:23,100719,50.643600653,-123.429880087,449.770000000,22,0.148000000,0.105000000,0.311000000
22:58:24,100719,50.643600765,-123.429879953,449.773000000,21,0.148000000,0.105000000,0.311000000
22:58:25,100719,50.643600855,-123.429879840,449.771000000,21,0.157000000,0.111000000,0.314000000
22:58:26,100719,50.643600938,-123.429879738,449.777000000,20,0.180000000,0.112000000,0.324000000
22:58:27,100719,50.643601012,-123.429879658,449.786000000,20,0.180000000,0.112000000,0.324000000
22:58:28,100719,50.643601072,-123.429879570,449.795000000,20,0.180000000,0.112000000,0.324000000
22:58:29,100719,50.643601095,-123.429879548,449.795000000,20,0.180000000,0.112000000,0.324000000
22:58:30,100719,50.643601140,-123.429879537,449.793000000,20,0.180000000,0.112000000,0.324000000
22:58:31,100719,50.643601203,-123.429879492,449.796000000,20,0.180000000,0.112000000,0.324000000
22:58:32,100719,50.643601262,-123.429879463,449.802000000,20,0.180000000,0.112000000,0.324000000
22:58:33,100719,50.643601320,-123.429879405,449.799000000,20,0.180000000,0.112000000,0.324000000
22:58:34,100719,50.643601375,-123.429879327,449.806000000,20,0.180000000,0.112000000,0.324000000
22:58:35,100719,50.643601448,-123.429879243,449.810000000,20,0.180000000,0.112000000,0.324000000
22:58:36,100719,50.643601505,-123.429879193,449.813000000,20,0.180000000,0.112000000,0.324000000
22:58:37,100719,50.643601538,-123.429879173,449.813000000,20,0.180000000,0.112000000,0.324000000
22:58:38,100719,50.643601560,-123.429879162,449.811000000,21,0.170000000,0.105000000,0.322000000
22:58:39,100719,50.643601613,-123.429879130,449.811000000,21,0.170000000,0.105000000,0.322000000
22:58:40,100719,50.643601643,-123.429879090,449.803000000,21,0.170000000,0.105000000,0.322000000
22:58:41,100719,50.643601647,-123.429879083,449.793000000,21,0.170000000,0.105000000,0.322000000
22:58:42,100719,50.643601655,-123.429879088,449.781000000,21,0.170000000,0.105000000,0.322000000
22:58:43,100719,50.643601715,-123.429879063,449.776000000,21,0.170000000,0.105000000,0.322000000
22:58:44,100719,50.643601787,-123.429879020,449.776000000,21,0.170000000,0.105000000,0.322000000
22:58:45,100719,50.643601847,-123.429878998,449.769000000,22,0.148000000,0.105000000,0.311000000
22:58:46,100719,50.643601935,-123.429878963,449.764000000,22,0.148000000,0.105000000,0.311000000
22:58:47,100719,50.643601990,-123.429879005,449.771000000,22,0.148000000,0.105000000,0.311000000
22:58:48,100719,50.643602063,-123.429879172,449.759000000,22,0.148000000,0.105000000,0.311000000
22:58:49,100719,50.643602108,-123.429879343,449.740000000,22,0.148000000,0.105000000,0.311000000
22:58:50,100719,50.643602170,-123.429879457,449.720000000,22,0.148000000,0.105000000,0.311000000
22:58:51,100719,50.643602203,-123.429879563,449.703000000,22,0.148000000,0.104000000,0.311000000
22:58:52,100719,50.643602230,-123.429879655,449.687000000,22,0.148000000,0.104000000,0.311000000
22:58:53,100719,50.643602238,-123.429879738,449.677000000,22,0.148000000,0.104000000,0.311000000
22:58:54,100719,50.643602242,-123.429879830,449.666000000,22,0.148000000,0.104000000,0.312000000
22:58:55,100719,50.643602242,-123.429879940,449.654000000,22,0.148000000,0.104000000,0.312000000
22:58:56,100719,50.643602243,-123.429880033,449.645000000,22,0.148000000,0.104000000,0.312000000
22:58:57,100719,50.643602285,-123.429880120,449.639000000,22,0.148000000,0.104000000,0.312000000
22:58:58,100719,50.643602313,-123.429880190,449.635000000,22,0.148000000,0.104000000,0.312000000
22:58:59,100719,50.643602320,-123.429880230,449.620000000,22,0.148000000,0.104000000,0.312000000
22:59:00,100719,50.643602413,-123.429880217,449.630000000,23,0.144000000,0.099000000,0.311000000
22:59:01,100719,50.643602377,-123.429880227,449.626000000,22,0.148000000,0.104000000,0.312000000
22:59:02,100719,50.643602362,-123.429880240,449.620000000,23,0.144000000,0.099000000,0.311000000
22:59:03,100719,50.643602195,-123.429880417,449.623000000,23,0.144000000,0.099000000,0.311000000
22:59:04,100719,50.643601905,-123.429880707,449.629000000,22,0.148000000,0.104000000,0.312000000
22:59:05,100719,50.643601610,-123.429880982,449.634000000,22,0.148000000,0.104000000,0.312000000
22:59:06,100719,50.643601352,-123.429881250,449.637000000,22,0.148000000,0.104000000,0.312000000
22:59:07,100719,50.643601112,-123.429881442,449.646000000,22,0.148000000,0.104000000,0.312000000
22:59:08,100719,50.643600888,-123.429881577,449.660000000,22,0.148000000,0.104000000,0.312000000
22:59:09,100719,50.643600687,-123.429881737,449.670000000,22,0.148000000,0.104000000,0.312000000
22:59:10,100719,50.643600478,-123.429881880,449.684000000,22,0.148000000,0.104000000,0.312000000
22:59:11,100719,50.643600303,-123.429882002,449.693000000,22,0.148000000,0.104000000,0.312000000
22:59:12,100719,50.643600125,-123.429882122,449.699000000,22,0.148000000,0.104000000,0.312000000
22:59:13,100719,50.643599973,-123.429882252,449.712000000,23,0.142000000,0.104000000,0.302000000
22:59:14,100719,50.643599838,-123.429882355,449.725000000,23,0.142000000,0.104000000,0.302000000
22:59:15,100719,50.643599717,-123.429882435,449.738000000,23,0.142000000,0.104000000,0.302000000
22:59:16,100719,50.643599630,-123.429882502,449.744000000,23,0.142000000,0.104000000,0.302000000
22:59:17,100719,50.643599548,-123.429882525,449.745000000,23,0.142000000,0.104000000,0.302000000
22:59:18,100719,50.643599470,-123.429882560,449.751000000,23,0.142000000,0.104000000,0.302000000
22:59:19,100719,50.643599362,-123.429882633,449.757000000,23,0.142000000,0.104000000,0.302000000
22:59:20,100719,50.643599230,-123.429882718,449.760000000,22,0.165000000,0.105000000,0.314000000
22:59:21,100719,50.643599075,-123.429882843,449.776000000,22,0.165000000,0.105000000,0.314000000
22:59:22,100719,50.643598898,-123.429882982,449.792000000,22,0.165000000,0.105000000,0.314000000
22:59:23,100719,50.643598720,-123.429883153,449.809000000,22,0.165000000,0.105000000,0.314000000
22:59:24,100719,50.643598503,-123.429883332,449.825000000,22,0.165000000,0.105000000,0.314000000
22:59:25,100719,50.643598290,-123.429883535,449.844000000,22,0.165000000,0.105000000,0.314000000
22:59:26,100719,50.643598047,-123.429883765,449.861000000,22,0.165000000,0.105000000,0.314000000
22:59:27,100719,50.643597810,-123.429883973,449.873000000,22,0.165000000,0.105000000,0.314000000
22:59:28,100719,50.643597587,-123.429884178,449.886000000,22,0.165000000,0.105000000,0.314000000
22:59:29,100719,50.643597360,-123.429884392,449.899000000,22,0.165000000,0.105000000,0.314000000
22:59:30,100719,50.643597108,-123.429884648,449.912000000,22,0.165000000,0.105000000,0.314000000
22:59:31,100719,50.643596857,-123.429884917,449.927000000,22,0.165000000,0.105000000,0.314000000
22:59:32,100719,50.643596630,-123.429885197,449.943000000,22,0.165000000,0.105000000,0.314000000
22:59:33,100719,50.643596402,-123.429885435,449.956000000,22,0.165000000,0.105000000,0.314000000
22:59:34,100719,50.643596178,-123.429885648,449.967000000,22,0.165000000,0.105000000,0.314000000
22:59:35,100719,50.643596012,-123.429885805,449.981000000,23,0.165000000,0.105000000,0.314000000
22:59:36,100719,50.643595868,-123.429885943,449.991000000,23,0.157000000,0.099000000,0.312000000
22:59:37,100719,50.643595742,-123.429886065,450.002000000,22,0.165000000,0.105000000,0.314000000
22:59:38,100719,50.643595667,-123.429886098,450.003000000,23,0.157000000,0.099000000,0.313000000
22:59:39,100719,50.643595633,-123.429886100,450.009000000,22,0.157000000,0.099000000,0.313000000
22:59:40,100719,50.643595610,-123.429886097,450.014000000,22,0.165000000,0.105000000,0.314000000
22:59:41,100719,50.643595627,-123.429886055,450.019000000,23,0.157000000,0.099000000,0.313000000
22:59:42,100719,50.643595615,-123.429886023,450.022000000,22,0.165000000,0.105000000,0.314000000
22:59:43,100719,50.643595607,-123.429886022,450.035000000,23,0.157000000,0.099000000,0.313000000
22:59:44,100719,50.643595582,-123.429886010,450.039000000,23,0.157000000,0.099000000,0.313000000
22:59:45,100719,50.643595613,-123.429885948,450.033000000,24,0.142000000,0.101000000,0.309000000
22:59:46,100719,50.643595637,-123.429885873,450.037000000,24,0.142000000,0.101000000,0.309000000
22:59:47,100719,50.643595693,-123.429885760,450.040000000,24,0.142000000,0.101000000,0.309000000
22:59:48,100719,50.643595745,-123.429885662,450.050000000,24,0.145000000,0.104000000,0.317000000
22:59:49,100719,50.643595877,-123.429885477,450.054000000,24,0.145000000,0.104000000,0.317000000
22:59:50,100719,50.643596105,-123.429885237,450.064000000,24,0.145000000,0.104000000,0.317000000
22:59:51,100719,50.643596320,-123.429884982,450.070000000,24,0.143000000,0.102000000,0.312000000
22:59:52,100719,50.643596590,-123.429884687,450.063000000,24,0.143000000,0.102000000,0.312000000
22:59:53,100719,50.643596832,-123.429884433,450.062000000,24,0.143000000,0.102000000,0.312000000
22:59:54,100719,50.643597102,-123.429884180,450.068000000,24,0.138000000,0.099000000,0.302000000
22:59:55,100719,50.643597397,-123.429883893,450.068000000,24,0.138000000,0.099000000,0.302000000
22:59:56,100719,50.643597662,-123.429883625,450.067000000,24,0.138000000,0.099000000,0.302000000
22:59:57,100719,50.643597900,-123.429883395,450.064000000,23,0.143000000,0.104000000,0.302000000
22:59:58,100719,50.643598115,-123.429883157,450.066000000,23,0.143000000,0.104000000,0.302000000
22:59:59,100719,50.643598322,-123.429882983,450.064000000,23,0.143000000,0.104000000,0.302000000
23:00:00,100719,50.643598515,-123.429882835,450.066000000,23,0.143000000,0.104000000,0.303000000
23:00:01,100719,50.643598705,-123.429882627,450.062000000,23,0.143000000,0.104000000,0.303000000
23:00:02,100719,50.643598835,-123.429882457,450.062000000,23,0.143000000,0.104000000,0.303000000
23:00:03,100719,50.643598888,-123.429882382,450.072000000,23,0.143000000,0.104000000,0.303000000
23:00:04,100719,50.643598878,-123.429882363,450.083000000,23,0.143000000,0.104000000,0.303000000
23:00:05,100719,50.643598697,-123.429882518,450.095000000,23,0.143000000,0.104000000,0.303000000
23:00:06,100719,50.643598440,-123.429882747,450.119000000,23,0.143000000,0.104000000,0.303000000
23:00:07,100719,50.643598178,-123.429883062,450.150000000,23,0.143000000,0.104000000,0.303000000
23:00:08,100719,50.643598137,-123.429883117,450.161000000,23,0.143000000,0.104000000,0.303000000
23:00:09,100719,50.643598030,-123.429883238,450.168000000,23,0.143000000,0.104000000,0.303000000
23:00:10,100719,50.643597828,-123.429883475,450.185000000,23,0.143000000,0.104000000,0.303000000
23:00:11,100719,50.643597633,-123.429883712,450.193000000,23,0.143000000,0.104000000,0.303000000
23:00:12,100719,50.643597370,-123.429883975,450.212000000,23,0.143000000,0.104000000,0.303000000
23:00:13,100719,50.643597137,-123.429884233,450.227000000,23,0.143000000,0.104000000,0.303000000
23:00:14,100719,50.643596898,-123.429884478,450.241000000,23,0.143000000,0.104000000,0.303000000
23:00:15,100719,50.643596622,-123.429884785,450.256000000,23,0.143000000,0.104000000,0.303000000
23:00:16,100719,50.643596280,-123.429885153,450.278000000,23,0.143000000,0.104000000,0.303000000
23:00:17,100719,50.643595962,-123.429885493,450.294000000,23,0.143000000,0.104000000,0.303000000
23:00:18,100719,50.643595690,-123.429885782,450.309000000,23,0.143000000,0.104000000,0.303000000
23:00:19,100719,50.643595420,-123.429886040,450.323000000,23,0.143000000,0.104000000,0.303000000
23:00:20,100719,50.643595183,-123.429886292,450.333000000,23,0.143000000,0.104000000,0.303000000
23:00:21,100719,50.643594960,-123.429886522,450.348000000,23,0.143000000,0.104000000,0.303000000
23:00:22,100719,50.643594768,-123.429886743,450.368000000,23,0.143000000,0.104000000,0.303000000
23:00:23,100719,50.643594613,-123.429886920,450.386000000,23,0.143000000,0.104000000,0.303000000
23:00:24,100719,50.643594463,-123.429887105,450.404000000,23,0.152000000,0.110000000,0.322000000
23:00:25,100719,50.643594325,-123.429887265,450.428000000,23,0.152000000,0.110000000,0.322000000
23:00:26,100719,50.643594213,-123.429887405,450.432000000,23,0.152000000,0.110000000,0.322000000
23:00:27,100719,50.643594070,-123.429887572,450.433000000,23,0.167000000,0.122000000,0.356000000
23:00:28,100719,50.643593907,-123.429887742,450.434000000,23,0.167000000,0.122000000,0.356000000
23:00:29,100719,50.643593783,-123.429887895,450.437000000,23,0.167000000,0.122000000,0.356000000
23:00:30,100719,50.643593708,-123.429888023,450.435000000,23,0.181000000,0.132000000,0.384000000
23:00:31,100719,50.643593630,-123.429888167,450.450000000,23,0.181000000,0.132000000,0.384000000
23:00:32,100719,50.643593517,-123.429888370,450.475000000,23,0.181000000,0.132000000,0.384000000
23:00:33,100719,50.643593397,-123.429888567,450.497000000,23,0.193000000,0.140000000,0.409000000
23:00:34,100719,50.643593333,-123.429888727,450.521000000,23,0.193000000,0.140000000,0.409000000
23:00:35,100719,50.643593265,-123.429888887,450.555000000,23,0.193000000,0.140000000,0.409000000
23:00:36,100719,50.643593165,-123.429889032,450.584000000,23,0.205000000,0.149000000,0.436000000
23:00:37,100719,50.643593033,-123.429889185,450.616000000,22,0.217000000,0.152000000,0.459000000
23:00:38,100719,50.643592825,-123.429889328,450.657000000,22,0.217000000,0.152000000,0.459000000
23:00:39,100719,50.643592638,-123.429889572,450.687000000,22,0.217000000,0.152000000,0.459000000
23:00:40,100719,50.643592528,-123.429889858,450.695000000,22,0.232000000,0.163000000,0.491000000
23:00:41,100719,50.643592368,-123.429890163,450.708000000,22,0.232000000,0.163000000,0.491000000
23:00:42,100719,50.643592210,-123.429890373,450.717000000,22,0.232000000,0.163000000,0.491000000
23:00:43,100719,50.643592132,-123.429890505,450.726000000,22,0.247000000,0.174000000,0.524000000
23:00:44,100719,50.643592097,-123.429890560,450.738000000,22,0.247000000,0.174000000,0.524000000
23:00:45,100719,50.643592063,-123.429890555,450.756000000,22,0.247000000,0.174000000,0.524000000
23:00:46,100719,50.643592048,-123.429890523,450.771000000,22,0.259000000,0.182000000,0.548000000
23:00:47,100719,50.643592092,-123.429890453,450.779000000,23,0.259000000,0.182000000,0.548000000
23:00:48,100719,50.643592103,-123.429890355,450.781000000,23,0.255000000,0.174000000,0.553000000
23:00:49,100719,50.643592133,-123.429890313,450.791000000,23,0.255000000,0.174000000,0.553000000
23:00:50,100719,50.643592247,-123.429890142,450.784000000,23,0.255000000,0.174000000,0.553000000
23:00:51,100719,50.643592380,-123.429889988,450.777000000,23,0.255000000,0.175000000,0.553000000
23:00:52,100719,50.643592502,-123.429889827,450.772000000,23,0.255000000,0.175000000,0.553000000
23:00:53,100719,50.643592648,-123.429889617,450.765000000,23,0.255000000,0.175000000,0.553000000
23:00:54,100719,50.643592833,-123.429889387,450.756000000,22,0.254000000,0.178000000,0.537000000
23:00:55,100719,50.643593008,-123.429889158,450.742000000,22,0.254000000,0.178000000,0.537000000
23:00:56,100719,50.643593198,-123.429888918,450.727000000,22,0.254000000,0.178000000,0.537000000
23:00:57,100719,50.643593415,-123.429888667,450.706000000,22,0.252000000,0.177000000,0.533000000
23:00:58,100719,50.643593635,-123.429888360,450.679000000,22,0.252000000,0.177000000,0.533000000
23:00:59,100719,50.643593897,-123.429888018,450.644000000,22,0.252000000,0.177000000,0.533000000
23:01:00,100719,50.643594183,-123.429887632,450.607000000,22,0.240000000,0.168000000,0.507000000
23:01:01,100719,50.643594437,-123.429887310,450.572000000,22,0.240000000,0.168000000,0.507000000
23:01:02,100719,50.643594710,-123.429886963,450.545000000,22,0.240000000,0.168000000,0.507000000
23:01:03,100719,50.643594993,-123.429886627,450.510000000,22,0.218000000,0.153000000,0.462000000
23:01:04,100719,50.643595277,-123.429886317,450.483000000,22,0.218000000,0.153000000,0.462000000
23:01:05,100719,50.643595535,-123.429886003,450.450000000,22,0.218000000,0.153000000,0.462000000
23:01:06,100719,50.643595818,-123.429885673,450.418000000,22,0.194000000,0.136000000,0.411000000
23:01:07,100719,50.643596110,-123.429885308,450.392000000,22,0.194000000,0.136000000,0.411000000
23:01:08,100719,50.643596393,-123.429884970,450.369000000,22,0.194000000,0.136000000,0.411000000
23:01:09,100719,50.643596708,-123.429884653,450.347000000,23,0.170000000,0.119000000,0.359000000
23:01:10,100719,50.643596993,-123.429884322,450.322000000,23,0.159000000,0.108000000,0.344000000
23:01:11,100719,50.643597208,-123.429884090,450.301000000,23,0.159000000,0.108000000,0.344000000
23:01:12,100719,50.643597433,-123.429883722,450.284000000,23,0.159000000,0.108000000,0.344000000
23:01:13,100719,50.643597675,-123.429883417,450.255000000,23,0.146000000,0.100000000,0.317000000
23:01:14,100719,50.643597923,-123.429883132,450.242000000,23,0.146000000,0.100000000,0.317000000
23:01:15,100719,50.643598162,-123.429882915,450.234000000,23,0.146000000,0.100000000,0.317000000
23:01:16,100719,50.643598383,-123.429882720,450.228000000,22,0.145000000,0.105000000,0.326000000
23:01:17,100719,50.643598620,-123.429882458,450.208000000,21,0.145000000,0.105000000,0.326000000
23:01:18,100719,50.643598890,-123.429882225,450.188000000,21,0.154000000,0.113000000,0.334000000
23:01:19,100719,50.643599162,-123.429882013,450.165000000,21,0.154000000,0.113000000,0.334000000
23:01:20,100719,50.643599432,-123.429881780,450.144000000,21,0.154000000,0.113000000,0.334000000
23:01:21,100719,50.643599698,-123.429881558,450.119000000,21,0.154000000,0.113000000,0.334000000
23:01:22,100719,50.643599955,-123.429881355,450.103000000,21,0.154000000,0.113000000,0.334000000
23:01:23,100719,50.643600155,-123.429881203,450.085000000,21,0.154000000,0.113000000,0.334000000
23:01:24,100719,50.643600357,-123.429881065,450.074000000,21,0.154000000,0.113000000,0.334000000
23:01:25,100719,50.643600508,-123.429880897,450.059000000,21,0.154000000,0.113000000,0.334000000
23:01:26,100719,50.643600613,-123.429880758,450.045000000,21,0.154000000,0.113000000,0.334000000
23:01:27,100719,50.643600723,-123.429880653,450.035000000,21,0.154000000,0.113000000,0.334000000
23:01:28,100719,50.643600822,-123.429880518,450.027000000,21,0.154000000,0.113000000,0.334000000
23:01:29,100719,50.643600928,-123.429880387,450.016000000,21,0.154000000,0.113000000,0.334000000
23:01:30,100719,50.643601042,-123.429880247,450.005000000,21,0.154000000,0.113000000,0.334000000
23:01:31,100719,50.643601128,-123.429880130,449.998000000,20,0.159000000,0.120000000,0.334000000
23:01:32,100719,50.643601222,-123.429880052,449.996000000,20,0.159000000,0.120000000,0.334000000
23:01:33,100719,50.643601278,-123.429879983,449.991000000,20,0.159000000,0.120000000,0.334000000
23:01:34,100719,50.643601310,-123.429879925,449.986000000,20,0.159000000,0.119000000,0.334000000
23:01:35,100719,50.643601368,-123.429879882,449.978000000,20,0.159000000,0.119000000,0.334000000
23:01:36,100719,50.643601398,-123.429879823,449.972000000,20,0.159000000,0.119000000,0.334000000
23:01:37,100719,50.643601443,-123.429879767,449.972000000,20,0.159000000,0.119000000,0.334000000
23:01:38,100719,50.643601502,-123.429879693,449.971000000,20,0.159000000,0.119000000,0.334000000
23:01:39,100719,50.643601542,-123.429879643,449.970000000,20,0.159000000,0.119000000,0.334000000
23:01:40,100719,50.643601568,-123.429879577,449.967000000,20,0.159000000,0.119000000,0.334000000
23:01:41,100719,50.643601618,-123.429879495,449.960000000,20,0.159000000,0.119000000,0.334000000
23:01:42,100719,50.643601657,-123.429879428,449.960000000,20,0.159000000,0.119000000,0.334000000
23:01:43,100719,50.643601688,-123.429879388,449.960000000,20,0.159000000,0.119000000,0.334000000
23:01:44,100719,50.643601705,-123.429879337,449.963000000,20,0.159000000,0.119000000,0.334000000
23:01:45,100719,50.643601718,-123.429879288,449.960000000,20,0.159000000,0.119000000,0.334000000
23:01:46,100719,50.643601725,-123.429879247,449.967000000,20,0.159000000,0.119000000,0.334000000
23:01:47,100719,50.643601727,-123.429879227,449.970000000,20,0.159000000,0.119000000,0.334000000
23:01:48,100719,50.643601722,-123.429879198,449.973000000,20,0.159000000,0.119000000,0.334000000
23:01:49,100719,50.643601715,-123.429879210,449.975000000,20,0.159000000,0.119000000,0.334000000
23:01:50,100719,50.643601700,-123.429879218,449.976000000,20,0.159000000,0.119000000,0.334000000
23:01:51,100719,50.643601673,-123.429879227,449.974000000,20,0.159000000,0.119000000,0.334000000
23:01:52,100719,50.643601655,-123.429879235,449.972000000,20,0.159000000,0.119000000,0.334000000
23:01:53,100719,50.643601638,-123.429879247,449.975000000,20,0.159000000,0.119000000,0.334000000
23:01:54,100719,50.643601613,-123.429879277,449.973000000,19,0.182000000,0.120000000,0.345000000
23:01:55,100719,50.643601595,-123.429879325,449.970000000,19,0.182000000,0.120000000,0.345000000
23:01:56,100719,50.643601590,-123.429879355,449.967000000,19,0.182000000,0.120000000,0.345000000
23:01:57,100719,50.643601585,-123.429879427,449.966000000,19,0.182000000,0.120000000,0.345000000
23:01:58,100719,50.643601603,-123.429879502,449.959000000,19,0.182000000,0.120000000,0.345000000
23:01:59,100719,50.643601663,-123.429879547,449.970000000,19,0.182000000,0.120000000,0.345000000
23:02:00,100719,50.643601708,-123.429879622,449.969000000,19,0.182000000,0.120000000,0.345000000
23:02:01,100719,50.643601753,-123.429879677,449.961000000,19,0.182000000,0.120000000,0.345000000
23:02:02,100719,50.643601808,-123.429879707,449.963000000,19,0.182000000,0.120000000,0.345000000
23:02:03,100719,50.643601842,-123.429879697,449.970000000,19,0.182000000,0.120000000,0.345000000
23:02:04,100719,50.643601863,-123.429879727,449.968000000,20,0.174000000,0.113000000,0.344000000
23:02:05,100719,50.643601887,-123.429879742,449.967000000,19,0.182000000,0.120000000,0.345000000
23:02:06,100719,50.643601923,-123.429879762,449.967000000,20,0.174000000,0.113000000,0.344000000
23:02:07,100719,50.643601957,-123.429879740,449.967000000,23,0.145000000,0.099000000,0.314000000
23:02:08,100719,50.643602048,-123.429879672,449.969000000,23,0.145000000,0.099000000,0.314000000
23:02:09,100719,50.643602108,-123.429879625,449.973000000,23,0.145000000,0.099000000,0.314000000
23:02:10,100719,50.643602180,-123.429879563,449.983000000,22,0.884000000,0.640000000,1.990000000
23:02:11,100719,50.643602260,-123.429879527,449.987000000,22,0.884000000,0.640000000,1.990000000
23:02:12,100719,50.643602258,-123.429879552,449.985000000,22,0.884000000,0.640000000,1.990000000
23:02:13,100719,50.643602262,-123.429879545,449.986000000,21,0.656000000,0.420000000,1.347000000
23:02:14,100719,50.643602272,-123.429879533,449.988000000,21,0.656000000,0.420000000,1.347000000
23:02:15,100719,50.643602312,-123.429879492,449.993000000,21,0.656000000,0.420000000,1.347000000
23:02:16,100719,50.643602357,-123.429879435,449.986000000,21,0.454000000,0.291000000,0.933000000
23:02:17,100719,50.643602442,-123.429879402,449.984000000,21,0.454000000,0.291000000,0.933000000
23:02:18,100719,50.643602538,-123.429879370,449.982000000,22,0.365000000,0.220000000,0.719000000
23:02:19,100719,50.643602572,-123.429879362,449.975000000,22,0.365000000,0.220000000,0.719000000
23:02:20,100719,50.643602588,-123.429879372,449.971000000,22,0.365000000,0.220000000,0.719000000
23:02:21,100719,50.643602605,-123.429879347,449.965000000,22,0.686000000,0.413000000,1.351000000
23:02:22,100719,50.643602605,-123.429879380,449.964000000,21,0.723000000,0.440000000,1.373000000
23:02:23,100719,50.643602600,-123.429879438,449.960000000,21,0.723000000,0.440000000,1.373000000
23:02:24,100719,50.643602622,-123.429879478,449.956000000,21,0.723000000,0.440000000,1.373000000
23:02:25,100719,50.643602630,-123.429879517,449.951000000,21,0.503000000,0.306000000,0.954000000
23:02:26,100719,50.643602607,-123.429879580,449.944000000,21,0.503000000,0.306000000,0.954000000
23:02:27,100719,50.643602600,-123.429879620,449.932000000,21,0.503000000,0.306000000,0.954000000
23:02:28,100719,50.643602578,-123.429879667,449.925000000,21,0.349000000,0.212000000,0.662000000
23:02:29,100719,50.643602530,-123.429879745,449.913000000,21,0.349000000,0.212000000,0.662000000
23:02:30,100719,50.643602513,-123.429879810,449.910000000,21,0.349000000,0.212000000,0.662000000
23:02:31,100719,50.643602460,-123.429879875,449.902000000,21,0.245000000,0.149000000,0.465000000
23:02:32,100719,50.643602402,-123.429879938,449.899000000,21,0.245000000,0.149000000,0.465000000
23:02:33,100719,50.643602450,-123.429879883,449.906000000,21,0.245000000,0.149000000,0.465000000
23:02:34,100719,50.643602558,-123.429879748,449.920000000,21,0.176000000,0.107000000,0.333000000
23:02:35,100719,50.643602557,-123.429879667,449.925000000,21,0.176000000,0.107000000,0.333000000
23:02:36,100719,50.643602560,-123.429879693,449.921000000,22,0.149000000,0.104000000,0.316000000
23:02:37,100719,50.643602568,-123.429879687,449.913000000,21,0.149000000,0.110000000,0.327000000
23:02:38,100719,50.643602515,-123.429879712,449.919000000,21,0.149000000,0.110000000,0.327000000
23:02:39,100719,50.643602488,-123.429879728,449.921000000,21,0.149000000,0.110000000,0.327000000
23:02:40,100719,50.643602478,-123.429879713,449.921000000,21,0.149000000,0.110000000,0.327000000
23:02:41,100719,50.643602428,-123.429879707,449.917000000,21,0.149000000,0.110000000,0.327000000
23:02:42,100719,50.643602397,-123.429879707,449.924000000,22,0.145000000,0.105000000,0.327000000
23:02:43,100719,50.643602363,-123.429879678,449.928000000,21,0.149000000,0.110000000,0.327000000
23:02:44,100719,50.643602310,-123.429879657,449.929000000,21,0.162000000,0.108000000,0.329000000
23:02:45,100719,50.643602253,-123.429879642,449.928000000,21,0.162000000,0.108000000,0.329000000
23:02:46,100719,50.643602223,-123.429879622,449.923000000,21,0.162000000,0.108000000,0.329000000
23:02:47,100719,50.643602202,-123.429879615,449.930000000,21,0.162000000,0.108000000,0.329000000
23:02:48,100719,50.643602200,-123.429879565,449.936000000,21,0.162000000,0.108000000,0.329000000
23:02:49,100719,50.643602212,-123.429879577,449.922000000,21,0.162000000,0.108000000,0.329000000
23:02:50,100719,50.643602258,-123.429879438,449.924000000,21,0.162000000,0.108000000,0.329000000
23:02:51,100719,50.643602333,-123.429879340,449.929000000,22,0.161000000,0.102000000,0.317000000
23:02:52,100719,50.643602392,-123.429879293,449.941000000,22,0.145000000,0.105000000,0.327000000
23:02:53,100719,50.643602447,-123.429879237,449.935000000,23,0.145000000,0.098000000,0.315000000
23:02:54,100719,50.643602468,-123.429879193,449.927000000,23,0.145000000,0.098000000,0.315000000
23:02:55,100719,50.643602455,-123.429879200,449.921000000,22,0.145000000,0.105000000,0.327000000
23:02:56,100719,50.643602438,-123.429879225,449.916000000,23,0.145000000,0.098000000,0.315000000
23:02:57,100719,50.643602430,-123.429879232,449.912000000,23,0.145000000,0.098000000,0.315000000
23:02:58,100719,50.643602430,-123.429879223,449.920000000,22,0.145000000,0.105000000,0.327000000
23:02:59,100719,50.643602420,-123.429879242,449.922000000,23,0.156000000,0.106000000,0.338000000
23:03:00,100719,50.643602403,-123.429879258,449.920000000,22,0.579000000,0.393000000,1.207000000
23:03:01,100719,50.643602377,-123.429879275,449.927000000,22,0.579000000,0.393000000,1.207000000
23:03:02,100719,50.643602358,-123.429879280,449.924000000,22,0.579000000,0.393000000,1.207000000
23:03:03,100719,50.643602337,-123.429879260,449.923000000,22,0.401000000,0.273000000,0.837000000
23:03:04,100719,50.643602345,-123.429879230,449.925000000,22,0.401000000,0.273000000,0.837000000
23:03:05,100719,50.643602370,-123.429879163,449.930000000,22,0.305000000,0.207000000,0.637000000
23:03:06,100719,50.643602375,-123.429879108,449.931000000,22,0.305000000,0.207000000,0.637000000
23:03:07,100719,50.643602362,-123.429879062,449.923000000,22,0.305000000,0.207000000,0.637000000
23:03:08,100719,50.643602348,-123.429879012,449.918000000,22,0.217000000,0.147000000,0.453000000
23:03:09,100719,50.643602352,-123.429878967,449.921000000,21,0.196000000,0.136000000,0.397000000
23:03:10,100719,50.643602397,-123.429878873,449.920000000,21,0.196000000,0.136000000,0.397000000
23:03:11,100719,50.643602402,-123.429878812,449.921000000,21,0.196000000,0.136000000,0.397000000
23:03:12,100719,50.643602413,-123.429878777,449.926000000,21,0.158000000,0.110000000,0.321000000
23:03:13,100719,50.643602407,-123.429878782,449.925000000,21,0.158000000,0.110000000,0.321000000
23:03:14,100719,50.643602403,-123.429878775,449.928000000,21,0.158000000,0.110000000,0.321000000
23:03:15,100719,50.643602402,-123.429878763,449.929000000,21,0.158000000,0.110000000,0.321000000
23:03:16,100719,50.643602458,-123.429878747,449.926000000,21,0.158000000,0.110000000,0.321000000
23:03:17,100719,50.643602418,-123.429878797,449.915000000,22,0.153000000,0.104000000,0.320000000
23:03:18,100719,50.643602395,-123.429878830,449.908000000,22,0.153000000,0.104000000,0.320000000
23:03:19,100719,50.643602367,-123.429878850,449.901000000,22,0.153000000,0.104000000,0.320000000
23:03:20,100719,50.643602400,-123.429878805,449.901000000,22,0.153000000,0.104000000,0.320000000
23:03:21,100719,50.643602385,-123.429878802,449.895000000,22,0.153000000,0.104000000,0.320000000
23:03:22,100719,50.643602398,-123.429878837,449.893000000,22,0.153000000,0.104000000,0.320000000
23:03:23,100719,50.643602403,-123.429878868,449.892000000,22,0.153000000,0.104000000,0.320000000
23:03:24,100719,50.643602413,-123.429878892,449.895000000,22,0.153000000,0.104000000,0.320000000
23:03:25,100719,50.643602297,-123.429878983,449.884000000,22,0.153000000,0.104000000,0.320000000
23:03:26,100719,50.643602310,-123.429879010,449.884000000,22,0.153000000,0.104000000,0.320000000
23:03:27,100719,50.643602290,-123.429879053,449.886000000,22,0.153000000,0.104000000,0.320000000
23:03:28,100719,50.643602277,-123.429879122,449.885000000,21,0.158000000,0.110000000,0.321000000
23:03:29,100719,50.643602223,-123.429879192,449.886000000,21,0.158000000,0.110000000,0.321000000
23:03:30,100719,50.643602205,-123.429879220,449.879000000,21,0.158000000,0.110000000,0.321000000
23:03:31,100719,50.643602182,-123.429879265,449.873000000,21,0.158000000,0.110000000,0.321000000
23:03:32,100719,50.643602170,-123.429879313,449.871000000,21,0.158000000,0.110000000,0.321000000
23:03:33,100719,50.643602117,-123.429879370,449.867000000,21,0.158000000,0.110000000,0.321000000
23:03:34,100719,50.643602085,-123.429879468,449.861000000,21,0.158000000,0.110000000,0.321000000
23:03:35,100719,50.643602072,-123.429879562,449.858000000,21,0.158000000,0.110000000,0.321000000
23:03:36,100719,50.643602037,-123.429879652,449.861000000,21,0.158000000,0.110000000,0.321000000
23:03:37,100719,50.643602045,-123.429879688,449.867000000,21,0.158000000,0.110000000,0.321000000
23:03:38,100719,50.643602053,-123.429879702,449.868000000,21,0.158000000,0.110000000,0.321000000
23:03:39,100719,50.643602043,-123.429879717,449.866000000,21,0.158000000,0.110000000,0.321000000
23:03:40,100719,50.643602072,-123.429879700,449.869000000,21,0.158000000,0.110000000,0.321000000
23:03:41,100719,50.643602072,-123.429879693,449.868000000,21,0.158000000,0.110000000,0.321000000
23:03:42,100719,50.643602048,-123.429879702,449.868000000,21,0.158000000,0.110000000,0.321000000
23:03:43,100719,50.643602017,-123.429879712,449.863000000,21,0.158000000,0.110000000,0.321000000
23:03:44,100719,50.643601963,-123.429879737,449.857000000,22,0.153000000,0.104000000,0.320000000
23:03:45,100719,50.643601947,-123.429879728,449.857000000,21,0.158000000,0.110000000,0.321000000
23:03:46,100719,50.643601932,-123.429879747,449.856000000,22,0.158000000,0.110000000,0.321000000
23:03:47,100719,50.643601922,-123.429879755,449.862000000,22,0.153000000,0.104000000,0.320000000
23:03:48,100719,50.643601923,-123.429879790,449.861000000,21,0.158000000,0.110000000,0.321000000
23:03:49,100719,50.643601922,-123.429879838,449.870000000,22,0.153000000,0.104000000,0.320000000
23:03:50,100719,50.643601883,-123.429879878,449.868000000,22,0.153000000,0.104000000,0.320000000
23:03:51,100719,50.643601840,-123.429879928,449.860000000,22,0.153000000,0.104000000,0.320000000
23:03:52,100719,50.643601828,-123.429879953,449.854000000,22,0.153000000,0.104000000,0.320000000
23:03:53,100719,50.643601812,-123.429879955,449.853000000,21,0.158000000,0.110000000,0.321000000
23:03:54,100719,50.643601808,-123.429879972,449.855000000,21,0.158000000,0.110000000,0.321000000
23:03:55,100719,50.643601832,-123.429879965,449.868000000,21,0.158000000,0.110000000,0.321000000
23:03:56,100719,50.643601857,-123.429879925,449.867000000,21,0.158000000,0.110000000,0.321000000
23:03:57,100719,50.643601887,-123.429879960,449.864000000,21,0.158000000,0.110000000,0.321000000
23:03:58,100719,50.643601877,-123.429879952,449.864000000,21,0.158000000,0.110000000,0.321000000
23:03:59,100719,50.643601870,-123.429879955,449.866000000,21,0.158000000,0.110000000,0.321000000
23:04:00,100719,50.643601877,-123.429879957,449.860000000,21,0.158000000,0.110000000,0.321000000
23:04:01,100719,50.643601858,-123.429879952,449.856000000,21,0.158000000,0.110000000,0.321000000
23:04:02,100719,50.643601833,-123.429879950,449.858000000,21,0.158000000,0.110000000,0.321000000
23:04:03,100719,50.643601875,-123.429879895,449.865000000,21,0.158000000,0.110000000,0.321000000
23:04:04,100719,50.643601908,-123.429879827,449.872000000,21,0.158000000,0.110000000,0.321000000
23:04:05,100719,50.643601923,-123.429879762,449.881000000,21,0.158000000,0.110000000,0.321000000
23:04:06,100719,50.643601922,-123.429879712,449.885000000,21,0.158000000,0.110000000,0.321000000
23:04:07,100719,50.643601917,-123.429879648,449.890000000,22,0.154000000,0.104000000,0.321000000
23:04:08,100719,50.643601937,-123.429879570,449.889000000,22,0.154000000,0.104000000,0.321000000
23:04:09,100719,50.643601962,-123.429879502,449.894000000,22,0.154000000,0.104000000,0.321000000
23:04:10,100719,50.643601985,-123.429879445,449.895000000,22,0.154000000,0.104000000,0.321000000
23:04:11,100719,50.643602007,-123.429879390,449.897000000,21,0.158000000,0.110000000,0.322000000
23:04:12,100719,50.643602017,-123.429879358,449.895000000,21,0.158000000,0.110000000,0.322000000
23:04:13,100719,50.643602018,-123.429879370,449.899000000,21,0.158000000,0.110000000,0.322000000
23:04:14,100719,50.643602022,-123.429879337,449.902000000,21,0.158000000,0.110000000,0.322000000
23:04:15,100719,50.643602035,-123.429879313,449.901000000,21,0.158000000,0.110000000,0.322000000
23:04:16,100719,50.643602027,-123.429879293,449.903000000,21,0.158000000,0.110000000,0.322000000
23:04:17,100719,50.643602065,-123.429879265,449.898000000,21,0.158000000,0.110000000,0.322000000
23:04:18,100719,50.643602097,-123.429879252,449.898000000,22,0.154000000,0.104000000,0.321000000
23:04:19,100719,50.643602133,-123.429879225,449.895000000,22,0.154000000,0.104000000,0.321000000
23:04:20,100719,50.643602147,-123.429879233,449.897000000,22,0.154000000,0.104000000,0.321000000
23:04:21,100719,50.643602170,-123.429879228,449.895000000,22,0.154000000,0.104000000,0.321000000
23:04:22,100719,50.643602193,-123.429879260,449.890000000,22,0.154000000,0.104000000,0.321000000
23:04:23,100719,50.643602223,-123.429879263,449.883000000,22,0.154000000,0.104000000,0.321000000
23:04:24,100719,50.643602210,-123.429879288,449.881000000,22,0.154000000,0.104000000,0.321000000
23:04:25,100719,50.643602220,-123.429879290,449.880000000,22,0.154000000,0.104000000,0.321000000
23:04:26,100719,50.643602222,-123.429879340,449.876000000,22,0.154000000,0.104000000,0.321000000
23:04:27,100719,50.643602247,-123.429879435,449.854000000,22,0.154000000,0.104000000,0.321000000
23:04:28,100719,50.643602288,-123.429879518,449.841000000,22,0.154000000,0.104000000,0.321000000
23:04:29,100719,50.643602338,-123.429879542,449.838000000,22,0.154000000,0.104000000,0.321000000
23:04:30,100719,50.643602393,-123.429879552,449.836000000,22,0.154000000,0.104000000,0.321000000
23:04:31,100719,50.643602402,-123.429879593,449.840000000,22,0.154000000,0.104000000,0.321000000
23:04:32,100719,50.643602407,-123.429879570,449.841000000,22,0.154000000,0.104000000,0.321000000
23:04:33,100719,50.643602417,-123.429879560,449.846000000,22,0.154000000,0.104000000,0.321000000
23:04:34,100719,50.643602417,-123.429879533,449.849000000,22,0.154000000,0.104000000,0.321000000
23:04:35,100719,50.643602312,-123.429879548,449.850000000,22,0.154000000,0.104000000,0.321000000
23:04:36,100719,50.643602258,-123.429879563,449.851000000,22,0.154000000,0.104000000,0.321000000
23:04:37,100719,50.643602223,-123.429879567,449.847000000,22,0.154000000,0.104000000,0.321000000
23:04:38,100719,50.643602212,-123.429879540,449.843000000,22,0.154000000,0.104000000,0.321000000
23:04:39,100719,50.643602225,-123.429879497,449.846000000,22,0.154000000,0.104000000,0.321000000
23:04:40,100719,50.643602227,-123.429879458,449.849000000,22,0.154000000,0.104000000,0.321000000
23:04:41,100719,50.643602232,-123.429879447,449.853000000,22,0.154000000,0.104000000,0.321000000
23:04:42,100719,50.643602262,-123.429879428,449.861000000,22,0.154000000,0.104000000,0.321000000
23:04:43,100719,50.643602273,-123.429879360,449.859000000,22,0.154000000,0.104000000,0.321000000
23:04:44,100719,50.643602265,-123.429879308,449.866000000,22,0.154000000,0.104000000,0.321000000
23:04:45,100719,50.643602313,-123.429879283,449.871000000,22,0.154000000,0.104000000,0.321000000
23:04:46,100719,50.643602292,-123.429879267,449.870000000,22,0.154000000,0.104000000,0.321000000
23:04:47,100719,50.643602350,-123.429879265,449.871000000,23,0.145000000,0.098000000,0.316000000
23:04:48,100719,50.643602417,-123.429879245,449.872000000,23,0.145000000,0.098000000,0.316000000
23:04:49,100719,50.643602510,-123.429879205,449.874000000,23,0.145000000,0.098000000,0.316000000
23:04:50,100719,50.643602597,-123.429879148,449.875000000,23,0.145000000,0.098000000,0.316000000
23:04:51,100719,50.643602670,-123.429879115,449.878000000,23,0.145000000,0.098000000,0.316000000
23:04:52,100719,50.643602633,-123.429879122,449.883000000,23,0.145000000,0.098000000,0.316000000
23:04:53,100719,50.643602622,-123.429879067,449.896000000,23,0.145000000,0.098000000,0.316000000
23:04:54,100719,50.643602558,-123.429879080,449.897000000,23,0.145000000,0.098000000,0.316000000
23:04:55,100719,50.643602522,-123.429879087,449.895000000,22,0.164000000,0.098000000,0.323000000
23:04:56,100719,50.643602517,-123.429879098,449.895000000,22,0.164000000,0.098000000,0.323000000
23:04:57,100719,50.643602518,-123.429879087,449.895000000,22,0.164000000,0.098000000,0.323000000
23:04:58,100719,50.643602527,-123.429879068,449.895000000,22,0.164000000,0.098000000,0.323000000
23:04:59,100719,50.643602483,-123.429879067,449.887000000,22,0.164000000,0.098000000,0.323000000
23:05:00,100719,50.643602452,-123.429879057,449.879000000,22,0.164000000,0.098000000,0.323000000
23:05:01,100719,50.643602392,-123.429879063,449.878000000,21,0.172000000,0.104000000,0.327000000
23:05:02,100719,50.643602342,-123.429879075,449.876000000,21,0.172000000,0.104000000,0.327000000
23:05:03,100719,50.643602325,-123.429879052,449.876000000,21,0.172000000,0.104000000,0.327000000
23:05:04,100719,50.643602297,-123.429879058,449.879000000,21,0.172000000,0.104000000,0.327000000
23:05:05,100719,50.643602290,-123.429879083,449.878000000,21,0.172000000,0.104000000,0.327000000
23:05:06,100719,50.643602298,-123.429879092,449.875000000,21,0.172000000,0.104000000,0.327000000
23:05:07,100719,50.643602298,-123.429879097,449.878000000,21,0.172000000,0.104000000,0.327000000
23:05:08,100719,50.643602287,-123.429879137,449.889000000,22,0.149000000,0.103000000,0.318000000
23:05:09,100719,50.643602268,-123.429879162,449.888000000,22,0.149000000,0.103000000,0.318000000
23:05:10,100719,50.643602252,-123.429879170,449.886000000,22,0.149000000,0.103000000,0.318000000
23:05:11,100719,50.643602230,-123.429879190,449.880000000,22,0.149000000,0.103000000,0.318000000
23:05:12,100719,50.643602240,-123.429879192,449.879000000,22,0.149000000,0.103000000,0.318000000
23:05:13,100719,50.643602245,-123.429879208,449.877000000,22,0.149000000,0.103000000,0.318000000
23:05:14,100719,50.643602208,-123.429879220,449.873000000,22,0.149000000,0.103000000,0.318000000
23:05:15,100719,50.643602190,-123.429879252,449.876000000,22,0.149000000,0.103000000,0.318000000
23:05:16,100719,50.643602193,-123.429879260,449.876000000,22,0.149000000,0.103000000,0.318000000
23:05:17,100719,50.643602202,-123.429879268,449.878000000,22,0.149000000,0.103000000,0.318000000
23:05:18,100719,50.643602202,-123.429879242,449.875000000,22,0.149000000,0.103000000,0.318000000
23:05:19,100719,50.643602220,-123.429879228,449.871000000,22,0.149000000,0.103000000,0.318000000
23:05:20,100719,50.643602230,-123.429879233,449.866000000,22,0.149000000,0.103000000,0.318000000
23:05:21,100719,50.643602263,-123.429879255,449.861000000,22,0.149000000,0.103000000,0.318000000
23:05:22,100719,50.643602265,-123.429879265,449.851000000,22,0.149000000,0.103000000,0.318000000
23:05:23,100719,50.643602312,-123.429879275,449.842000000,22,0.149000000,0.103000000,0.318000000
23:05:24,100719,50.643602362,-123.429879360,449.813000000,22,0.149000000,0.103000000,0.318000000
23:05:25,100719,50.643602370,-123.429879447,449.792000000,22,0.149000000,0.103000000,0.318000000
23:05:26,100719,50.643602425,-123.429879510,449.773000000,22,0.149000000,0.103000000,0.318000000
23:05:27,100719,50.643602427,-123.429879538,449.765000000,22,0.149000000,0.103000000,0.318000000
23:05:28,100719,50.643602418,-123.429879517,449.766000000,22,0.149000000,0.103000000,0.318000000
23:05:29,100719,50.643602432,-123.429879515,449.763000000,22,0.149000000,0.103000000,0.318000000
23:05:30,100719,50.643602443,-123.429879493,449.768000000,22,0.149000000,0.103000000,0.318000000
23:05:31,100719,50.643602448,-123.429879457,449.770000000,22,0.149000000,0.103000000,0.318000000
23:05:32,100719,50.643602460,-123.429879440,449.773000000,22,0.149000000,0.103000000,0.318000000
23:05:33,100719,50.643602467,-123.429879405,449.771000000,22,0.149000000,0.103000000,0.318000000
23:05:34,100719,50.643602497,-123.429879348,449.775000000,22,0.149000000,0.103000000,0.318000000
23:05:35,100719,50.643602488,-123.429879337,449.770000000,22,0.149000000,0.103000000,0.318000000
23:05:36,100719,50.643602477,-123.429879370,449.763000000,22,0.149000000,0.103000000,0.318000000
23:05:37,100719,50.643602435,-123.429879362,449.761000000,22,0.149000000,0.103000000,0.318000000
23:05:38,100719,50.643602430,-123.429879337,449.763000000,22,0.149000000,0.103000000,0.318000000
23:05:39,100719,50.643602405,-123.429879315,449.771000000,22,0.149000000,0.103000000,0.318000000
23:05:40,100719,50.643602352,-123.429879312,449.766000000,22,0.149000000,0.103000000,0.318000000
23:05:41,100719,50.643602380,-123.429879277,449.768000000,22,0.149000000,0.103000000,0.318000000
23:05:42,100719,50.643602392,-123.429879260,449.767000000,22,0.149000000,0.103000000,0.318000000
23:05:43,100719,50.643602393,-123.429879205,449.772000000,22,0.149000000,0.103000000,0.318000000
23:05:44,100719,50.643602405,-123.429879175,449.775000000,22,0.149000000,0.103000000,0.318000000
23:05:45,100719,50.643602405,-123.429879143,449.780000000,22,0.149000000,0.103000000,0.318000000
23:05:46,100719,50.643602393,-123.429879158,449.783000000,22,0.149000000,0.103000000,0.318000000
23:05:47,100719,50.643602438,-123.429879132,449.787000000,22,0.149000000,0.103000000,0.318000000
23:05:48,100719,50.643602473,-123.429879090,449.794000000,22,0.149000000,0.103000000,0.318000000
23:05:49,100719,50.643602495,-123.429879075,449.792000000,22,0.149000000,0.103000000,0.318000000
23:05:50,100719,50.643602498,-123.429879080,449.792000000,23,0.145000000,0.098000000,0.316000000
23:05:51,100719,50.643602513,-123.429879075,449.786000000,23,0.145000000,0.098000000,0.316000000
23:05:52,100719,50.643602500,-123.429879103,449.785000000,23,0.145000000,0.098000000,0.316000000
23:05:53,100719,50.643602525,-123.429879087,449.783000000,22,0.145000000,0.098000000,0.316000000
23:05:54,100719,50.643602508,-123.429879098,449.784000000,21,0.159000000,0.109000000,0.323000000
23:05:55,100719,50.643602503,-123.429879070,449.784000000,21,0.159000000,0.109000000,0.323000000
23:05:56,100719,50.643602447,-123.429879088,449.774000000,21,0.159000000,0.109000000,0.323000000
23:05:57,100719,50.643602420,-123.429879097,449.769000000,21,0.159000000,0.109000000,0.323000000
23:05:58,100719,50.643602390,-123.429879100,449.767000000,21,0.159000000,0.109000000,0.323000000
23:05:59,100719,50.643602443,-123.429879090,449.757000000,21,0.159000000,0.109000000,0.323000000
23:06:00,100719,50.643602425,-123.429879143,449.751000000,21,0.159000000,0.109000000,0.323000000
23:06:01,100719,50.643602470,-123.429879157,449.752000000,21,0.159000000,0.109000000,0.323000000
23:06:02,100719,50.643602507,-123.429879117,449.751000000,21,0.154000000,0.103000000,0.322000000
23:06:03,100719,50.643602493,-123.429879098,449.751000000,21,0.159000000,0.109000000,0.323000000
23:06:04,100719,50.643602495,-123.429879090,449.751000000,21,0.159000000,0.109000000,0.323000000
23:06:05,100719,50.643602467,-123.429879073,449.754000000,21,0.159000000,0.109000000,0.323000000
23:06:06,100719,50.643602427,-123.429879067,449.760000000,21,0.159000000,0.109000000,0.323000000
23:06:07,100719,50.643602407,-123.429879060,449.764000000,21,0.159000000,0.109000000,0.323000000
23:06:08,100719,50.643602425,-123.429879042,449.764000000,21,0.159000000,0.109000000,0.323000000
23:06:09,100719,50.643602408,-123.429879008,449.768000000,21,0.159000000,0.109000000,0.323000000
23:06:10,100719,50.643602393,-123.429879010,449.772000000,21,0.159000000,0.109000000,0.323000000
23:06:11,100719,50.643602405,-123.429878992,449.778000000,21,0.159000000,0.109000000,0.323000000
23:06:12,100719,50.643602400,-123.429879003,449.785000000,21,0.159000000,0.109000000,0.323000000
23:06:13,100719,50.643602417,-123.429878988,449.789000000,21,0.159000000,0.109000000,0.323000000
23:06:14,100719,50.643602392,-123.429878972,449.793000000,21,0.159000000,0.109000000,0.323000000
23:06:15,100719,50.643602413,-123.429878932,449.795000000,21,0.159000000,0.109000000,0.323000000
23:06:16,100719,50.643602460,-123.429878933,449.798000000,21,0.159000000,0.109000000,0.323000000
23:06:17,100719,50.643602540,-123.429878893,449.805000000,21,0.159000000,0.109000000,0.323000000
23:06:18,100719,50.643602593,-123.429878882,449.815000000,21,0.159000000,0.109000000,0.323000000
23:06:19,100719,50.643602637,-123.429878862,449.824000000,21,0.159000000,0.109000000,0.323000000
23:06:20,100719,50.643602647,-123.429878847,449.829000000,21,0.159000000,0.109000000,0.323000000
23:06:21,100719,50.643602648,-123.429878848,449.837000000,21,0.159000000,0.109000000,0.323000000
23:06:22,100719,50.643602662,-123.429878837,449.840000000,21,0.159000000,0.109000000,0.323000000
23:06:23,100719,50.643602663,-123.429878837,449.847000000,21,0.159000000,0.109000000,0.323000000
23:06:24,100719,50.643602670,-123.429878815,449.855000000,21,0.159000000,0.109000000,0.323000000
23:06:25,100719,50.643602678,-123.429878822,449.858000000,21,0.159000000,0.109000000,0.323000000
23:06:26,100719,50.643602725,-123.429878770,449.859000000,21,0.159000000,0.109000000,0.323000000
23:06:27,100719,50.643602722,-123.429878753,449.863000000,21,0.159000000,0.109000000,0.323000000
23:06:28,100719,50.643602720,-123.429878755,449.868000000,21,0.159000000,0.109000000,0.323000000
23:06:29,100719,50.643602740,-123.429878720,449.880000000,21,0.159000000,0.109000000,0.323000000
23:06:30,100719,50.643602765,-123.429878685,449.891000000,21,0.159000000,0.109000000,0.323000000
23:06:31,100719,50.643602782,-123.429878610,449.899000000,20,0.184000000,0.110000000,0.331000000
23:06:32,100719,50.643602765,-123.429878610,449.898000000,20,0.184000000,0.110000000,0.331000000
23:06:33,100719,50.643602807,-123.429878547,449.903000000,20,0.184000000,0.110000000,0.331000000
23:06:34,100719,50.643602798,-123.429878577,449.905000000,21,0.174000000,0.104000000,0.328000000
23:06:35,100719,50.643602845,-123.429878575,449.902000000,20,0.184000000,0.110000000,0.331000000
23:06:36,100719,50.643602843,-123.429878568,449.906000000,21,0.184000000,0.110000000,0.331000000
23:06:37,100719,50.643602815,-123.429878662,449.902000000,21,0.159000000,0.109000000,0.324000000
23:06:38,100719,50.643602800,-123.429878718,449.900000000,22,0.159000000,0.109000000,0.324000000
23:06:39,100719,50.643602815,-123.429878827,449.883000000,22,0.152000000,0.109000000,0.312000000
23:06:40,100719,50.643602833,-123.429878842,449.865000000,22,0.152000000,0.109000000,0.312000000
23:06:41,100719,50.643602877,-123.429878843,449.868000000,22,0.152000000,0.109000000,0.312000000
23:06:42,100719,50.643602877,-123.429878865,449.861000000,23,0.147000000,0.103000000,0.311000000
23:06:43,100719,50.643602888,-123.429878870,449.852000000,22,0.152000000,0.109000000,0.312000000
23:06:44,100719,50.643602882,-123.429878895,449.842000000,23,0.147000000,0.103000000,0.311000000
23:06:45,100719,50.643602862,-123.429878945,449.832000000,23,0.147000000,0.103000000,0.311000000
23:06:46,100719,50.643602858,-123.429878983,449.821000000,23,0.147000000,0.103000000,0.311000000
23:06:47,100719,50.643602785,-123.429879043,449.804000000,23,0.147000000,0.103000000,0.311000000
23:06:48,100719,50.643602730,-123.429879090,449.800000000,22,0.153000000,0.109000000,0.312000000
23:06:49,100719,50.643602673,-123.429879035,449.807000000,22,0.153000000,0.109000000,0.312000000
23:06:50,100719,50.643602623,-123.429878955,449.817000000,22,0.153000000,0.109000000,0.312000000
23:06:51,100719,50.643602602,-123.429878910,449.828000000,22,0.153000000,0.109000000,0.312000000
23:06:52,100719,50.643602600,-123.429878867,449.837000000,22,0.153000000,0.109000000,0.312000000
23:06:53,100719,50.643602608,-123.429878833,449.848000000,22,0.153000000,0.109000000,0.312000000
23:06:54,100719,50.643602633,-123.429878808,449.853000000,22,0.153000000,0.109000000,0.312000000
23:06:55,100719,50.643602653,-123.429878760,449.862000000,22,0.153000000,0.109000000,0.312000000
23:06:56,100719,50.643602685,-123.429878752,449.872000000,22,0.153000000,0.109000000,0.312000000
23:06:57,100719,50.643602705,-123.429878730,449.875000000,22,0.153000000,0.109000000,0.312000000
23:06:58,100719,50.643602717,-123.429878740,449.864000000,22,0.153000000,0.109000000,0.312000000
23:06:59,100719,50.643602725,-123.429878778,449.851000000,22,0.153000000,0.109000000,0.312000000
23:07:00,100719,50.643602755,-123.429878817,449.845000000,22,0.153000000,0.109000000,0.312000000
23:07:01,100719,50.643602765,-123.429878890,449.827000000,22,0.153000000,0.109000000,0.312000000
23:07:02,100719,50.643602755,-123.429878975,449.809000000,22,0.153000000,0.109000000,0.312000000
23:07:03,100719,50.643602747,-123.429879065,449.797000000,23,0.147000000,0.103000000,0.311000000
23:07:04,100719,50.643602747,-123.429879130,449.784000000,22,0.147000000,0.112000000,0.346000000
23:07:05,100719,50.643602763,-123.429879182,449.777000000,22,0.147000000,0.112000000,0.346000000
23:07:06,100719,50.643602752,-123.429879185,449.768000000,22,0.147000000,0.112000000,0.346000000
23:07:07,100719,50.643602725,-123.429879197,449.766000000,22,0.173000000,0.132000000,0.407000000
23:07:08,100719,50.643602707,-123.429879220,449.760000000,22,0.173000000,0.132000000,0.407000000
23:07:09,100719,50.643602687,-123.429879202,449.761000000,22,0.173000000,0.132000000,0.407000000
23:07:10,100719,50.643602690,-123.429879132,449.768000000,22,0.180000000,0.138000000,0.425000000
23:07:11,100719,50.643602672,-123.429879125,449.768000000,22,0.180000000,0.138000000,0.425000000
23:07:12,100719,50.643602673,-123.429879093,449.777000000,22,0.180000000,0.138000000,0.425000000
23:07:13,100719,50.643602672,-123.429879075,449.772000000,22,0.170000000,0.130000000,0.401000000
23:07:14,100719,50.643602652,-123.429879055,449.779000000,22,0.170000000,0.130000000,0.401000000
23:07:15,100719,50.643602660,-123.429879025,449.783000000,22,0.170000000,0.130000000,0.401000000
23:07:16,100719,50.643602637,-123.429878987,449.797000000,21,0.149000000,0.116000000,0.356000000
23:07:17,100719,50.643602635,-123.429878937,449.805000000,21,0.149000000,0.116000000,0.356000000
23:07:18,100719,50.643602612,-123.429878900,449.819000000,21,0.149000000,0.116000000,0.356000000
23:07:19,100719,50.643602617,-123.429878878,449.824000000,21,0.147000000,0.115000000,0.352000000
23:07:20,100719,50.643602598,-123.429878845,449.832000000,22,0.147000000,0.115000000,0.352000000
23:07:21,100719,50.643602593,-123.429878813,449.846000000,22,0.141000000,0.107000000,0.343000000
23:07:22,100719,50.643602617,-123.429878780,449.854000000,22,0.141000000,0.107000000,0.343000000
23:07:23,100719,50.643602597,-123.429878772,449.852000000,22,0.141000000,0.107000000,0.343000000
23:07:24,100719,50.643602585,-123.429878763,449.855000000,22,0.141000000,0.107000000,0.343000000
23:07:25,100719,50.643602567,-123.429878785,449.851000000,22,0.141000000,0.107000000,0.343000000
23:07:26,100719,50.643602562,-123.429878798,449.851000000,22,0.141000000,0.107000000,0.343000000
23:07:27,100719,50.643602518,-123.429878735,449.852000000,23,0.141000000,0.104000000,0.338000000
23:07:28,100719,50.643602523,-123.429878668,449.855000000,23,0.141000000,0.104000000,0.338000000
23:07:29,100719,50.643602507,-123.429878642,449.867000000,23,0.141000000,0.104000000,0.338000000
23:07:30,100719,50.643602518,-123.429878628,449.878000000,23,0.199000000,0.147000000,0.478000000
23:07:31,100719,50.643602485,-123.429878648,449.884000000,23,0.199000000,0.147000000,0.478000000
23:07:32,100719,50.643602470,-123.429878672,449.892000000,23,0.199000000,0.147000000,0.478000000
23:07:33,100719,50.643602493,-123.429878662,449.895000000,22,0.167000000,0.122000000,0.380000000
23:07:34,100719,50.643602475,-123.429878697,449.885000000,22,0.167000000,0.122000000,0.380000000
23:07:35,100719,50.643602475,-123.429878670,449.884000000,21,0.156000000,0.114000000,0.342000000
23:07:36,100719,50.643602483,-123.429878675,449.889000000,21,0.156000000,0.114000000,0.342000000
23:07:37,100719,50.643602445,-123.429878670,449.894000000,21,0.156000000,0.114000000,0.342000000
23:07:38,100719,50.643602470,-123.429878670,449.903000000,20,0.184000000,0.114000000,0.359000000
23:07:39,100719,50.643602525,-123.429878650,449.911000000,20,0.184000000,0.114000000,0.359000000
23:07:40,100719,50.643602530,-123.429878703,449.916000000,20,0.184000000,0.114000000,0.359000000
23:07:41,100719,50.643602563,-123.429878718,449.919000000,20,0.184000000,0.114000000,0.359000000
23:07:42,100719,50.643602487,-123.429878750,449.932000000,20,0.184000000,0.114000000,0.359000000
23:07:43,100719,50.643602400,-123.429878772,449.949000000,21,0.162000000,0.104000000,0.353000000
23:07:44,100719,50.643602338,-123.429878812,449.946000000,21,0.166000000,0.104000000,0.359000000
23:07:45,100719,50.643602302,-123.429878847,449.940000000,21,0.166000000,0.104000000,0.359000000
23:07:46,100719,50.643602260,-123.429878913,449.930000000,21,0.166000000,0.104000000,0.359000000
23:07:47,100719,50.643602212,-123.429878933,449.930000000,20,0.176000000,0.109000000,0.363000000
23:07:48,100719,50.643602225,-123.429879033,449.919000000,20,0.176000000,0.109000000,0.363000000
23:07:49,100719,50.643602218,-123.429879125,449.909000000,20,0.176000000,0.109000000,0.363000000
23:07:50,100719,50.643602207,-123.429879215,449.894000000,20,0.176000000,0.108000000,0.363000000
23:07:51,100719,50.643602178,-123.429879330,449.878000000,20,0.176000000,0.108000000,0.363000000
23:07:52,100719,50.643602170,-123.429879422,449.865000000,20,0.176000000,0.108000000,0.363000000
23:07:53,100719,50.643602148,-123.429879543,449.856000000,21,0.166000000,0.104000000,0.359000000
23:07:54,100719,50.643602102,-123.429879680,449.835000000,21,0.166000000,0.104000000,0.359000000
23:07:55,100719,50.643602042,-123.429879833,449.834000000,21,0.149000000,0.108000000,0.349000000
23:07:56,100719,50.643601968,-123.429879977,449.825000000,22,0.143000000,0.104000000,0.347000000
23:07:57,100719,50.643601920,-123.429880103,449.813000000,23,0.141000000,0.104000000,0.339000000
23:07:58,100719,50.643601885,-123.429880205,449.804000000,23,0.141000000,0.104000000,0.339000000
23:07:59,100719,50.643601847,-123.429880297,449.792000000,22,0.157000000,0.106000000,0.342000000
23:08:00,100719,50.643601818,-123.429880358,449.791000000,22,0.157000000,0.106000000,0.342000000
23:08:01,100719,50.643601800,-123.429880355,449.796000000,22,0.157000000,0.106000000,0.342000000
23:08:02,100719,50.643601743,-123.429880383,449.798000000,22,0.157000000,0.106000000,0.342000000
23:08:03,100719,50.643601710,-123.429880357,449.813000000,22,0.157000000,0.106000000,0.342000000
23:08:04,100719,50.643601700,-123.429880300,449.840000000,22,0.157000000,0.106000000,0.342000000
23:08:05,100719,50.643601663,-123.429880233,449.853000000,22,0.157000000,0.106000000,0.342000000
23:08:06,100719,50.643601637,-123.429880188,449.868000000,22,0.157000000,0.106000000,0.342000000
23:08:07,100719,50.643601610,-123.429880095,449.877000000,22,0.157000000,0.106000000,0.342000000
23:08:08,100719,50.643601605,-123.429880068,449.883000000,22,0.157000000,0.106000000,0.342000000
23:08:09,100719,50.643601603,-123.429879993,449.894000000,22,0.157000000,0.106000000,0.342000000
23:08:10,100719,50.643601630,-123.429879962,449.915000000,22,0.157000000,0.106000000,0.342000000
23:08:11,100719,50.643601628,-123.429879908,449.932000000,22,0.157000000,0.106000000,0.342000000
23:08:12,100719,50.643601632,-123.429879880,449.953000000,22,0.157000000,0.106000000,0.342000000
23:08:13,100719,50.643601640,-123.429879845,449.964000000,21,0.163000000,0.106000000,0.353000000
23:08:14,100719,50.643601607,-123.429879830,449.964000000,21,0.163000000,0.106000000,0.353000000
23:08:15,100719,50.643601595,-123.429879790,449.972000000,21,0.163000000,0.106000000,0.353000000
23:08:16,100719,50.643601578,-123.429879757,449.975000000,21,0.163000000,0.106000000,0.353000000
23:08:17,100719,50.643601528,-123.429879773,449.975000000,21,0.237000000,0.170000000,0.555000000
23:08:18,100719,50.643601452,-123.429879808,449.973000000,21,0.237000000,0.170000000,0.555000000
23:08:19,100719,50.643601400,-123.429879878,449.960000000,20,0.653000000,0.479000000,1.493000000
23:08:20,100719,50.643601378,-123.429879942,449.940000000,20,0.653000000,0.479000000,1.493000000
23:08:21,100719,50.643601325,-123.429880047,449.924000000,20,0.653000000,0.479000000,1.493000000
23:08:22,100719,50.643601290,-123.429880138,449.907000000,20,0.451000000,0.331000000,1.032000000
23:08:23,100719,50.643601267,-123.429880243,449.889000000,20,0.451000000,0.331000000,1.032000000
23:08:24,100719,50.643601230,-123.429880363,449.876000000,20,0.451000000,0.331000000,1.032000000
23:08:25,100719,50.643601202,-123.429880507,449.862000000,20,0.315000000,0.231000000,0.720000000
23:08:26,100719,50.643601170,-123.429880630,449.847000000,20,0.315000000,0.231000000,0.720000000
23:08:27,100719,50.643601152,-123.429880720,449.831000000,20,0.315000000,0.231000000,0.720000000
23:08:28,100719,50.643601133,-123.429880828,449.818000000,20,0.225000000,0.165000000,0.515000000
23:08:29,100719,50.643601110,-123.429880907,449.810000000,20,0.225000000,0.165000000,0.515000000
23:08:30,100719,50.643601102,-123.429880997,449.802000000,20,0.225000000,0.165000000,0.515000000
23:08:31,100719,50.643601072,-123.429881103,449.789000000,20,0.169000000,0.124000000,0.386000000
23:08:32,100719,50.643601067,-123.429881162,449.783000000,19,0.166000000,0.136000000,0.409000000
23:08:33,100719,50.643601070,-123.429881213,449.782000000,19,0.166000000,0.136000000,0.409000000
23:08:34,100719,50.643601062,-123.429881218,449.787000000,19,0.166000000,0.136000000,0.409000000
23:08:35,100719,50.643601050,-123.429881165,449.795000000,19,0.161000000,0.133000000,0.398000000
23:08:36,100719,50.643601058,-123.429881098,449.800000000,19,0.161000000,0.133000000,0.398000000
23:08:37,100719,50.643601040,-123.429881107,449.798000000,19,0.161000000,0.133000000,0.398000000
23:08:38,100719,50.643601028,-123.429881107,449.813000000,19,0.161000000,0.132000000,0.398000000
23:08:39,100719,50.643601032,-123.429881092,449.811000000,19,0.161000000,0.132000000,0.398000000
23:08:40,100719,50.643601033,-123.429880983,449.831000000,19,0.161000000,0.132000000,0.398000000
23:08:41,100719,50.643601050,-123.429880955,449.835000000,18,0.186000000,0.132000000,0.418000000
23:08:42,100719,50.643601075,-123.429880948,449.832000000,18,0.186000000,0.132000000,0.418000000
23:08:43,100719,50.643601113,-123.429880945,449.831000000,18,0.186000000,0.132000000,0.418000000
23:08:44,100719,50.643601100,-123.429880990,449.832000000,18,0.186000000,0.132000000,0.418000000
23:08:45,100719,50.643601105,-123.429881025,449.833000000,18,0.186000000,0.132000000,0.418000000
23:08:46,100719,50.643601097,-123.429881067,449.824000000,18,0.186000000,0.132000000,0.418000000
23:08:47,100719,50.643601123,-123.429881085,449.824000000,18,0.186000000,0.132000000,0.418000000
23:08:48,100719,50.643601213,-123.429881025,449.820000000,18,0.186000000,0.132000000,0.418000000
23:08:49,100719,50.643601227,-123.429881038,449.818000000,18,0.186000000,0.132000000,0.418000000
23:08:50,100719,50.643601263,-123.429881038,449.807000000,18,0.186000000,0.132000000,0.418000000
23:08:51,100719,50.643601297,-123.429881065,449.802000000,18,0.186000000,0.132000000,0.418000000
23:08:52,100719,50.643601307,-123.429881102,449.799000000,18,0.186000000,0.132000000,0.418000000
23:08:53,100719,50.643601287,-123.429881133,449.796000000,18,0.186000000,0.132000000,0.418000000
23:08:54,100719,50.643601223,-123.429881217,449.794000000,19,0.161000000,0.132000000,0.399000000
23:08:55,100719,50.643601138,-123.429881303,449.790000000,19,0.161000000,0.132000000,0.399000000
23:08:56,100719,50.643601090,-123.429881367,449.790000000,19,0.161000000,0.132000000,0.399000000
23:08:57,100719,50.643601040,-123.429881435,449.784000000,19,0.161000000,0.132000000,0.399000000
23:08:58,100719,50.643601002,-123.429881497,449.786000000,19,0.161000000,0.132000000,0.399000000
23:08:59,100719,50.643600962,-123.429881558,449.777000000,19,0.161000000,0.132000000,0.399000000
23:09:00,100719,50.643600940,-123.429881600,449.774000000,19,0.161000000,0.132000000,0.399000000
23:09:01,100719,50.643600955,-123.429881622,449.772000000,19,0.161000000,0.132000000,0.399000000
23:09:02,100719,50.643600918,-123.429881672,449.767000000,19,0.161000000,0.132000000,0.399000000
23:09:03,100719,50.643600925,-123.429881687,449.780000000,19,0.161000000,0.132000000,0.399000000
23:09:04,100719,50.643600922,-123.429881648,449.790000000,19,0.161000000,0.132000000,0.399000000
23:09:05,100719,50.643600928,-123.429881647,449.800000000,19,0.161000000,0.132000000,0.399000000
23:09:06,100719,50.643600877,-123.429881567,449.820000000,18,0.186000000,0.132000000,0.419000000
23:09:07,100719,50.643600893,-123.429881375,449.858000000,18,0.186000000,0.132000000,0.419000000
23:09:08,100719,50.643600922,-123.429881222,449.886000000,18,0.186000000,0.132000000,0.419000000
23:09:09,100719,50.643600952,-123.429881083,449.908000000,18,0.186000000,0.132000000,0.419000000
23:09:10,100719,50.643600952,-123.429881030,449.924000000,19,0.176000000,0.128000000,0.414000000
23:09:11,100719,50.643600915,-123.429881065,449.915000000,19,0.176000000,0.128000000,0.414000000
23:09:12,100719,50.643600903,-123.429881042,449.921000000,18,0.186000000,0.132000000,0.419000000
23:09:13,100719,50.643600877,-123.429881003,449.918000000,18,0.186000000,0.132000000,0.419000000
23:09:14,100719,50.643600878,-123.429880940,449.930000000,18,0.186000000,0.132000000,0.419000000
23:09:15,100719,50.643600915,-123.429880792,449.944000000,18,0.186000000,0.132000000,0.419000000
23:09:16,100719,50.643600977,-123.429880743,449.952000000,18,0.186000000,0.132000000,0.419000000
23:09:17,100719,50.643601067,-123.429880655,449.971000000,18,0.186000000,0.132000000,0.419000000
23:09:18,100719,50.643601132,-123.429880657,449.965000000,18,0.186000000,0.132000000,0.419000000
23:09:19,100719,50.643601185,-123.429880690,449.958000000,19,0.162000000,0.132000000,0.400000000
23:09:20,100719,50.643601210,-123.429880740,449.954000000,19,0.162000000,0.132000000,0.400000000
23:09:21,100719,50.643601233,-123.429880745,449.947000000,19,0.162000000,0.132000000,0.400000000
23:09:22,100719,50.643601268,-123.429880748,449.942000000,20,0.156000000,0.127000000,0.398000000
23:09:23,100719,50.643601258,-123.429880783,449.936000000,19,0.162000000,0.132000000,0.400000000
23:09:24,100719,50.643601295,-123.429880803,449.936000000,20,0.155000000,0.112000000,0.365000000
23:09:25,100719,50.643601292,-123.429880840,449.930000000,20,0.156000000,0.127000000,0.398000000
23:09:26,100719,50.643601310,-123.429880872,449.921000000,20,0.156000000,0.127000000,0.398000000
23:09:27,100719,50.643601317,-123.429880897,449.914000000,20,0.156000000,0.127000000,0.398000000
23:09:28,100719,50.643601330,-123.429880913,449.903000000,20,0.156000000,0.127000000,0.398000000
23:09:29,100719,50.643601343,-123.429880925,449.891000000,20,0.156000000,0.127000000,0.398000000
23:09:30,100719,50.643601323,-123.429880987,449.878000000,20,0.156000000,0.127000000,0.398000000
23:09:31,100719,50.643601320,-123.429880975,449.859000000,20,0.156000000,0.127000000,0.398000000
23:09:32,100719,50.643601317,-123.429880987,449.848000000,20,0.156000000,0.127000000,0.398000000
23:09:33,100719,50.643601285,-123.429881028,449.837000000,21,0.155000000,0.112000000,0.366000000
23:09:34,100719,50.643601252,-123.429881050,449.836000000,20,0.156000000,0.127000000,0.398000000
23:09:35,100719,50.643601233,-123.429881040,449.829000000,21,0.155000000,0.112000000,0.366000000
23:09:36,100719,50.643601217,-123.429881088,449.822000000,21,0.155000000,0.112000000,0.366000000
23:09:37,100719,50.643601170,-123.429881155,449.814000000,21,0.155000000,0.112000000,0.366000000
23:09:38,100719,50.643601143,-123.429881252,449.806000000,21,0.155000000,0.112000000,0.366000000
23:09:39,100719,50.643601098,-123.429881322,449.796000000,21,0.155000000,0.112000000,0.366000000
23:09:40,100719,50.643601028,-123.429881405,449.794000000,21,0.155000000,0.112000000,0.366000000
23:09:41,100719,50.643601062,-123.429881447,449.796000000,19,0.176000000,0.127000000,0.414000000
23:09:42,100719,50.643601177,-123.429881427,449.808000000,20,0.176000000,0.112000000,0.377000000
23:09:43,100719,50.643601293,-123.429881393,449.816000000,19,0.210000000,0.116000000,0.383000000
23:09:44,100719,50.643601397,-123.429881345,449.819000000,19,0.210000000,0.116000000,0.383000000
23:09:45,100719,50.643601487,-123.429881312,449.834000000,19,0.210000000,0.116000000,0.383000000
23:09:46,100719,50.643601547,-123.429881293,449.837000000,19,0.210000000,0.116000000,0.383000000
23:09:47,100719,50.643601572,-123.429881302,449.835000000,19,0.210000000,0.116000000,0.383000000
23:09:48,100719,50.643601558,-123.429881325,449.825000000,19,0.210000000,0.116000000,0.383000000
23:09:49,100719,50.643601503,-123.429881338,449.837000000,19,0.210000000,0.116000000,0.383000000
23:09:50,100719,50.643601467,-123.429881358,449.839000000,19,0.210000000,0.116000000,0.383000000
23:09:51,100719,50.643601460,-123.429881342,449.843000000,18,0.237000000,0.125000000,0.395000000
23:09:52,100719,50.643601460,-123.429881332,449.848000000,18,0.237000000,0.125000000,0.395000000
23:09:53,100719,50.643601407,-123.429881345,449.849000000,18,0.237000000,0.125000000,0.395000000
23:09:54,100719,50.643601305,-123.429881388,449.847000000,18,0.237000000,0.125000000,0.395000000
23:09:55,100719,50.643601190,-123.429881475,449.847000000,18,0.237000000,0.125000000,0.395000000
23:09:56,100719,50.643601125,-123.429881528,449.843000000,18,0.237000000,0.125000000,0.395000000
23:09:57,100719,50.643601032,-123.429881593,449.841000000,18,0.237000000,0.125000000,0.395000000
23:09:58,100719,50.643600972,-123.429881643,449.835000000,19,0.186000000,0.117000000,0.383000000
23:09:59,100719,50.643600910,-123.429881682,449.827000000,19,0.186000000,0.117000000,0.383000000
23:10:00,100719,50.643600872,-123.429881727,449.825000000,20,0.186000000,0.117000000,0.383000000
23:10:01,100719,50.643600838,-123.429881800,449.823000000,20,0.160000000,0.117000000,0.369000000
23:10:02,100719,50.643600810,-123.429881830,449.820000000,20,0.160000000,0.117000000,0.369000000
23:10:03,100719,50.643600828,-123.429881787,449.815000000,20,0.160000000,0.117000000,0.369000000
23:10:04,100719,50.643600835,-123.429881757,449.819000000,20,0.160000000,0.117000000,0.369000000
23:10:05,100719,50.643600863,-123.429881693,449.827000000,20,0.160000000,0.117000000,0.369000000
23:10:06,100719,50.643600898,-123.429881620,449.842000000,20,0.160000000,0.117000000,0.369000000
23:10:07,100719,50.643600925,-123.429881530,449.851000000,20,0.160000000,0.117000000,0.369000000
23:10:08,100719,50.643600958,-123.429881420,449.871000000,20,0.160000000,0.117000000,0.369000000
23:10:09,100719,50.643601032,-123.429881253,449.890000000,20,0.160000000,0.117000000,0.369000000
23:10:10,100719,50.643601082,-123.429881155,449.906000000,20,0.160000000,0.117000000,0.369000000
23:10:11,100719,50.643601107,-123.429881043,449.909000000,20,0.160000000,0.117000000,0.369000000
23:10:12,100719,50.643601158,-123.429880915,449.916000000,20,0.160000000,0.117000000,0.370000000
23:10:13,100719,50.643601200,-123.429880810,449.928000000,20,0.160000000,0.117000000,0.370000000
23:10:14,100719,50.643601237,-123.429880712,449.932000000,20,0.160000000,0.117000000,0.370000000
23:10:15,100719,50.643601275,-123.429880622,449.940000000,20,0.160000000,0.117000000,0.370000000
23:10:16,100719,50.643601315,-123.429880522,449.944000000,20,0.160000000,0.117000000,0.370000000
23:10:17,100719,50.643601318,-123.429880418,449.954000000,20,0.160000000,0.117000000,0.370000000
23:10:18,100719,50.643601327,-123.429880360,449.968000000,20,0.160000000,0.117000000,0.370000000
23:10:19,100719,50.643601312,-123.429880315,449.971000000,20,0.160000000,0.117000000,0.370000000
23:10:20,100719,50.643601327,-123.429880238,449.981000000,20,0.160000000,0.117000000,0.370000000
23:10:21,100719,50.643601370,-123.429880172,449.981000000,20,0.160000000,0.117000000,0.370000000
23:10:22,100719,50.643601383,-123.429880143,449.978000000,20,0.160000000,0.117000000,0.370000000
23:10:23,100719,50.643601400,-123.429880110,449.975000000,20,0.160000000,0.117000000,0.370000000
23:10:24,100719,50.643601460,-123.429880023,449.966000000,20,0.160000000,0.117000000,0.370000000
23:10:25,100719,50.643601498,-123.429879975,449.966000000,20,0.160000000,0.117000000,0.370000000
23:10:26,100719,50.643601520,-123.429879987,449.967000000,20,0.160000000,0.117000000,0.370000000
23:10:27,100719,50.643601545,-123.429879985,449.964000000,20,0.160000000,0.117000000,0.370000000
23:10:28,100719,50.643601593,-123.429879940,449.959000000,20,0.160000000,0.117000000,0.370000000
23:10:29,100719,50.643601595,-123.429879887,449.956000000,20,0.160000000,0.117000000,0.370000000
23:10:30,100719,50.643601563,-123.429879923,449.949000000,20,0.160000000,0.117000000,0.370000000
23:10:31,100719,50.643601593,-123.429879912,449.936000000,20,0.160000000,0.117000000,0.370000000
23:10:32,100719,50.643601653,-123.429879885,449.932000000,20,0.160000000,0.117000000,0.370000000
23:10:33,100719,50.643601713,-123.429879903,449.926000000,20,0.160000000,0.117000000,0.370000000
23:10:34,100719,50.643601725,-123.429879977,449.917000000,20,0.160000000,0.117000000,0.370000000
23:10:35,100719,50.643601765,-123.429880015,449.903000000,20,0.160000000,0.117000000,0.370000000
23:10:36,100719,50.643601817,-123.429879947,449.909000000,20,0.160000000,0.116000000,0.370000000
23:10:37,100719,50.643601887,-123.429879775,449.924000000,21,0.160000000,0.116000000,0.370000000
