TIME,DATE(ddMMyy),LATITUDEGGA,LONGITUDEGGA,ALTITUDEGGA,NUMBERSAT,LATERR,LONGERR,ALTERR
22:17:01,100719,50.638681747,-123.414101702,460.139000000,21,0.144000000,0.119000000,0.327000000
22:17:02,100719,50.638681857,-123.414101805,460.176000000,21,0.144000000,0.119000000,0.327000000
22:17:03,100719,50.638681760,-123.414101707,460.146000000,21,0.144000000,0.119000000,0.327000000
22:17:04,100719,50.638681687,-123.414101518,460.140000000,21,0.144000000,0.119000000,0.327000000
22:17:05,100719,50.638681658,-123.414101408,460.141000000,21,0.144000000,0.119000000,0.327000000
22:17:06,100719,50.638681640,-123.414101310,460.140000000,21,0.144000000,0.119000000,0.327000000
22:17:07,100719,50.638681617,-123.414101227,460.143000000,21,0.144000000,0.119000000,0.327000000
22:17:08,100719,50.638681588,-123.414101143,460.138000000,21,0.144000000,0.119000000,0.327000000
22:17:09,100719,50.638681493,-123.414101092,460.131000000,21,0.144000000,0.119000000,0.327000000
22:17:10,100719,50.638681490,-123.414101033,460.126000000,21,0.144000000,0.119000000,0.327000000
22:17:11,100719,50.638681447,-123.414100992,460.122000000,21,0.144000000,0.119000000,0.327000000
22:17:12,100719,50.638681463,-123.414100943,460.120000000,21,0.144000000,0.119000000,0.327000000
22:17:13,100719,50.638681427,-123.414100915,460.122000000,21,0.144000000,0.119000000,0.327000000
22:17:14,100719,50.638681383,-123.414100875,460.118000000,21,0.144000000,0.119000000,0.327000000
22:17:15,100719,50.638681370,-123.414100842,460.116000000,21,0.144000000,0.119000000,0.327000000
22:17:16,100719,50.638681340,-123.414100975,460.126000000,21,0.144000000,0.119000000,0.327000000
22:17:17,100719,50.638681300,-123.414101108,460.128000000,21,0.144000000,0.119000000,0.327000000
22:17:18,100719,50.638681295,-123.414101230,460.136000000,21,0.144000000,0.119000000,0.327000000
22:17:19,100719,50.638681283,-123.414101315,460.141000000,21,0.144000000,0.119000000,0.327000000
22:17:20,100719,50.638681272,-123.414101353,460.145000000,21,0.144000000,0.119000000,0.327000000
22:17:21,100719,50.638681240,-123.414101363,460.141000000,21,0.144000000,0.119000000,0.327000000
22:17:22,100719,50.638681273,-123.414101338,460.148000000,21,0.144000000,0.119000000,0.327000000
22:17:23,100719,50.638681285,-123.414101383,460.147000000,21,0.144000000,0.119000000,0.327000000
22:17:24,100719,50.638681383,-123.414101467,460.143000000,21,0.144000000,0.119000000,0.327000000
22:17:25,100719,50.638681405,-123.414101533,460.150000000,21,0.144000000,0.119000000,0.327000000
22:17:26,100719,50.638681387,-123.414101538,460.149000000,21,0.144000000,0.119000000,0.327000000
22:17:27,100719,50.638681422,-123.414101548,460.153000000,21,0.144000000,0.119000000,0.327000000
22:17:28,100719,50.638681467,-123.414101568,460.162000000,21,0.144000000,0.119000000,0.327000000
22:17:29,100719,50.638681492,-123.414101590,460.170000000,21,0.144000000,0.119000000,0.327000000
22:17:30,100719,50.638681485,-123.414101602,460.170000000,21,0.144000000,0.119000000,0.327000000
22:17:31,100719,50.638681508,-123.414101608,460.177000000,21,0.144000000,0.119000000,0.327000000
22:17:32,100719,50.638681568,-123.414101670,460.193000000,21,0.144000000,0.119000000,0.327000000
22:17:33,100719,50.638681617,-123.414101687,460.220000000,20,0.153000000,0.121000000,0.332000000
22:17:34,100719,50.638681565,-123.414101667,460.216000000,20,0.153000000,0.121000000,0.332000000
22:17:35,100719,50.638681523,-123.414101652,460.215000000,20,0.153000000,0.121000000,0.332000000
22:17:36,100719,50.638681442,-123.414101597,460.179000000,20,0.153000000,0.121000000,0.332000000
22:17:37,100719,50.638681445,-123.414101568,460.188000000,19,0.192000000,0.121000000,0.353000000
22:17:38,100719,50.638681305,-123.414101398,460.144000000,19,0.192000000,0.121000000,0.353000000
22:17:39,100719,50.638681322,-123.414101338,460.121000000,19,0.192000000,0.121000000,0.353000000
22:17:40,100719,50.638681513,-123.414101303,460.125000000,19,0.192000000,0.121000000,0.353000000
22:17:41,100719,50.638681673,-123.414101320,460.130000000,19,0.192000000,0.121000000,0.353000000
22:17:42,100719,50.638681725,-123.414101268,460.116000000,20,0.172000000,0.118000000,0.344000000
22:17:43,100719,50.638681763,-123.414101200,460.100000000,20,0.172000000,0.118000000,0.344000000
22:17:44,100719,50.638681800,-123.414101155,460.092000000,20,0.172000000,0.118000000,0.344000000
22:17:45,100719,50.638681830,-123.414101075,460.078000000,20,0.172000000,0.118000000,0.344000000
22:17:46,100719,50.638681860,-123.414101072,460.075000000,20,0.172000000,0.118000000,0.344000000
22:17:47,100719,50.638681900,-123.414101070,460.072000000,20,0.172000000,0.118000000,0.344000000
22:17:48,100719,50.638682007,-123.414101103,460.086000000,20,0.172000000,0.118000000,0.344000000
22:17:49,100719,50.638681917,-123.414100933,460.065000000,20,0.172000000,0.118000000,0.344000000
22:17:50,100719,50.638681883,-123.414100832,460.053000000,20,0.172000000,0.118000000,0.344000000
22:17:51,100719,50.638681953,-123.414100850,460.053000000,20,0.172000000,0.118000000,0.344000000
22:17:52,100719,50.638682035,-123.414100932,460.057000000,20,0.172000000,0.118000000,0.344000000
22:17:53,100719,50.638682113,-123.414101205,460.094000000,20,0.172000000,0.118000000,0.344000000
22:17:54,100719,50.638682142,-123.414101418,460.122000000,20,0.172000000,0.118000000,0.345000000
22:17:55,100719,50.638682183,-123.414101545,460.140000000,20,0.172000000,0.118000000,0.345000000
22:17:56,100719,50.638682308,-123.414101553,460.140000000,20,0.172000000,0.118000000,0.345000000
22:17:57,100719,50.638682365,-123.414101823,460.173000000,19,0.172000000,0.128000000,0.353000000
22:17:58,100719,50.638682420,-123.414101885,460.193000000,19,0.172000000,0.128000000,0.353000000
22:17:59,100719,50.638682415,-123.414101898,460.184000000,18,0.177000000,0.142000000,0.371000000
22:18:00,100719,50.638682355,-123.414101867,460.150000000,16,0.180000000,0.164000000,0.372000000
22:18:01,100719,50.638682318,-123.414101777,460.117000000,16,0.180000000,0.164000000,0.372000000
22:18:02,100719,50.638682233,-123.414101717,460.078000000,16,0.180000000,0.164000000,0.372000000
22:18:03,100719,50.638682252,-123.414101688,460.060000000,16,0.180000000,0.164000000,0.372000000
22:18:04,100719,50.638682308,-123.414101795,460.067000000,16,0.180000000,0.164000000,0.372000000
22:18:05,100719,50.638682508,-123.414101932,460.112000000,16,0.180000000,0.164000000,0.372000000
22:18:06,100719,50.638682693,-123.414102090,460.144000000,16,0.180000000,0.164000000,0.372000000
22:18:07,100719,50.638682865,-123.414102202,460.196000000,16,0.180000000,0.164000000,0.372000000
22:18:08,100719,50.638682997,-123.414102222,460.241000000,18,0.177000000,0.142000000,0.372000000
22:18:09,100719,50.638683165,-123.414102263,460.281000000,18,0.177000000,0.142000000,0.372000000
22:18:10,100719,50.638683333,-123.414102302,460.324000000,19,0.172000000,0.128000000,0.354000000
22:18:11,100719,50.638683487,-123.414102392,460.362000000,19,0.172000000,0.128000000,0.354000000
22:18:12,100719,50.638683720,-123.414102508,460.419000000,19,0.172000000,0.128000000,0.354000000
22:18:13,100719,50.638683803,-123.414102623,460.444000000,19,0.172000000,0.128000000,0.354000000
22:18:14,100719,50.638683908,-123.414102710,460.473000000,19,0.194000000,0.133000000,0.366000000
22:18:15,100719,50.638684003,-123.414102722,460.511000000,19,0.192000000,0.121000000,0.353000000
22:18:16,100719,50.638684135,-123.414102678,460.544000000,19,0.192000000,0.121000000,0.353000000
22:18:17,100719,50.638684245,-123.414102673,460.575000000,19,0.192000000,0.121000000,0.353000000
22:18:18,100719,50.638684360,-123.414102657,460.603000000,19,0.192000000,0.121000000,0.353000000
22:18:19,100719,50.638684465,-123.414102620,460.625000000,19,0.192000000,0.121000000,0.353000000
22:18:20,100719,50.638684580,-123.414102667,460.620000000,19,0.192000000,0.121000000,0.353000000
22:18:21,100719,50.638684620,-123.414102693,460.621000000,19,0.192000000,0.121000000,0.353000000
22:18:22,100719,50.638684607,-123.414102700,460.612000000,19,0.192000000,0.121000000,0.353000000
22:18:23,100719,50.638684510,-123.414102683,460.591000000,19,0.192000000,0.121000000,0.353000000
22:18:24,100719,50.638684227,-123.414102592,460.547000000,19,0.192000000,0.121000000,0.353000000
22:18:25,100719,50.638683998,-123.414102537,460.510000000,19,0.192000000,0.121000000,0.353000000
22:18:26,100719,50.638683803,-123.414102438,460.479000000,19,0.192000000,0.121000000,0.353000000
22:18:27,100719,50.638683685,-123.414102337,460.455000000,19,0.192000000,0.121000000,0.353000000
22:18:28,100719,50.638683677,-123.414102303,460.455000000,19,0.192000000,0.121000000,0.353000000
22:18:29,100719,50.638683753,-123.414102328,460.467000000,19,0.192000000,0.121000000,0.353000000
22:18:30,100719,50.638683778,-123.414102318,460.465000000,19,0.192000000,0.121000000,0.353000000
22:18:31,100719,50.638683790,-123.414102307,460.465000000,19,0.192000000,0.121000000,0.353000000
22:18:32,100719,50.638683783,-123.414102313,460.465000000,19,0.192000000,0.121000000,0.353000000
22:18:33,100719,50.638683772,-123.414102292,460.461000000,19,0.192000000,0.121000000,0.353000000
22:18:34,100719,50.638683792,-123.414102275,460.458000000,19,0.192000000,0.121000000,0.353000000
22:18:35,100719,50.638683708,-123.414102233,460.443000000,19,0.192000000,0.121000000,0.353000000
22:18:36,100719,50.638683687,-123.414102197,460.437000000,19,0.191000000,0.121000000,0.353000000
22:18:37,100719,50.638683640,-123.414102158,460.427000000,19,0.191000000,0.121000000,0.353000000
22:18:38,100719,50.638683652,-123.414102100,460.427000000,19,0.191000000,0.121000000,0.353000000
22:18:39,100719,50.638683673,-123.414102088,460.429000000,19,0.191000000,0.121000000,0.353000000
22:18:40,100719,50.638683680,-123.414102063,460.425000000,19,0.191000000,0.121000000,0.353000000
22:18:41,100719,50.638683717,-123.414102025,460.422000000,19,0.191000000,0.121000000,0.353000000
22:18:42,100719,50.638683800,-123.414102083,460.442000000,19,0.191000000,0.121000000,0.353000000
22:18:43,100719,50.638683800,-123.414102127,460.450000000,19,0.191000000,0.121000000,0.353000000
22:18:44,100719,50.638683783,-123.414102082,460.439000000,19,0.191000000,0.121000000,0.353000000
22:18:45,100719,50.638683793,-123.414102025,460.435000000,18,0.194000000,0.133000000,0.367000000
22:18:46,100719,50.638683782,-123.414102050,460.434000000,18,0.194000000,0.133000000,0.367000000
22:18:47,100719,50.638683650,-123.414101952,460.406000000,17,0.194000000,0.133000000,0.367000000
22:18:48,100719,50.638683668,-123.414102047,460.419000000,18,0.177000000,0.142000000,0.373000000
22:18:49,100719,50.638683667,-123.414102045,460.413000000,18,0.177000000,0.142000000,0.373000000
22:18:50,100719,50.638683670,-123.414101990,460.409000000,18,0.177000000,0.142000000,0.373000000
22:18:51,100719,50.638683672,-123.414101992,460.409000000,18,0.177000000,0.142000000,0.373000000
22:18:52,100719,50.638683668,-123.414101952,460.401000000,18,0.177000000,0.142000000,0.373000000
22:18:53,100719,50.638683668,-123.414101900,460.392000000,18,0.177000000,0.142000000,0.373000000
22:18:54,100719,50.638683772,-123.414101978,460.405000000,18,0.194000000,0.133000000,0.367000000
22:18:55,100719,50.638683838,-123.414101945,460.414000000,18,0.194000000,0.133000000,0.367000000
22:18:56,100719,50.638683918,-123.414101925,460.421000000,19,0.191000000,0.121000000,0.353000000
22:18:57,100719,50.638684045,-123.414101990,460.448000000,19,0.191000000,0.121000000,0.353000000
22:18:58,100719,50.638684160,-123.414102037,460.470000000,18,0.191000000,0.121000000,0.353000000
22:18:59,100719,50.638684258,-123.414102098,460.493000000,18,0.201000000,0.133000000,0.371000000
22:19:00,100719,50.638684302,-123.414102173,460.511000000,18,0.201000000,0.133000000,0.371000000
22:19:01,100719,50.638684278,-123.414102222,460.511000000,18,0.201000000,0.133000000,0.371000000
22:19:02,100719,50.638684285,-123.414102253,460.517000000,18,0.201000000,0.133000000,0.371000000
22:19:03,100719,50.638684290,-123.414102257,460.518000000,18,0.201000000,0.133000000,0.371000000
22:19:04,100719,50.638684288,-123.414102263,460.519000000,18,0.201000000,0.133000000,0.371000000
22:19:05,100719,50.638684242,-123.414102250,460.516000000,18,0.201000000,0.133000000,0.371000000
22:19:06,100719,50.638684268,-123.414102260,460.519000000,18,0.201000000,0.133000000,0.371000000
22:19:07,100719,50.638684235,-123.414102223,460.517000000,18,0.201000000,0.133000000,0.371000000
22:19:08,100719,50.638684083,-123.414102093,460.484000000,18,0.201000000,0.133000000,0.371000000
22:19:09,100719,50.638683993,-123.414102003,460.461000000,18,0.201000000,0.133000000,0.371000000
22:19:10,100719,50.638683913,-123.414101957,460.452000000,19,0.191000000,0.121000000,0.354000000
22:19:11,100719,50.638683998,-123.414101927,460.454000000,19,0.191000000,0.121000000,0.354000000
22:19:12,100719,50.638684012,-123.414101890,460.446000000,19,0.191000000,0.121000000,0.354000000
22:19:13,100719,50.638684040,-123.414101835,460.441000000,19,0.191000000,0.121000000,0.354000000
22:19:14,100719,50.638684027,-123.414101745,460.423000000,19,0.191000000,0.121000000,0.354000000
22:19:15,100719,50.638684073,-123.414101728,460.425000000,19,0.191000000,0.121000000,0.354000000
22:19:16,100719,50.638684113,-123.414101713,460.429000000,19,0.191000000,0.121000000,0.354000000
22:19:17,100719,50.638684213,-123.414101738,460.442000000,19,0.191000000,0.121000000,0.354000000
22:19:18,100719,50.638684390,-123.414101763,460.467000000,19,0.191000000,0.121000000,0.354000000
22:19:19,100719,50.638684452,-123.414101758,460.472000000,19,0.191000000,0.121000000,0.354000000
22:19:20,100719,50.638684465,-123.414101767,460.474000000,19,0.191000000,0.121000000,0.354000000
22:19:21,100719,50.638684547,-123.414101755,460.487000000,19,0.191000000,0.121000000,0.354000000
22:19:22,100719,50.638684562,-123.414101762,460.493000000,19,0.191000000,0.121000000,0.354000000
22:19:23,100719,50.638684467,-123.414101727,460.478000000,19,0.191000000,0.121000000,0.354000000
22:19:24,100719,50.638684283,-123.414101663,460.452000000,19,0.191000000,0.121000000,0.354000000
22:19:25,100719,50.638684100,-123.414101620,460.426000000,19,0.191000000,0.121000000,0.354000000
22:19:26,100719,50.638683963,-123.414101568,460.406000000,19,0.191000000,0.121000000,0.354000000
22:19:27,100719,50.638683873,-123.414101533,460.394000000,19,0.191000000,0.121000000,0.354000000
22:19:28,100719,50.638683802,-123.414101602,460.395000000,18,0.201000000,0.132000000,0.371000000
22:19:29,100719,50.638683830,-123.414101707,460.412000000,18,0.201000000,0.132000000,0.371000000
22:19:30,100719,50.638683945,-123.414101808,460.440000000,18,0.201000000,0.132000000,0.371000000
22:19:31,100719,50.638684057,-123.414101913,460.465000000,18,0.201000000,0.132000000,0.371000000
22:19:32,100719,50.638684172,-123.414101995,460.483000000,18,0.201000000,0.132000000,0.371000000
22:19:33,100719,50.638684258,-123.414101988,460.490000000,18,0.201000000,0.132000000,0.371000000
22:19:34,100719,50.638684288,-123.414102050,460.492000000,18,0.201000000,0.132000000,0.371000000
22:19:35,100719,50.638684267,-123.414102095,460.487000000,18,0.201000000,0.132000000,0.371000000
22:19:36,100719,50.638684262,-123.414102183,460.485000000,18,0.201000000,0.132000000,0.371000000
22:19:37,100719,50.638684242,-123.414102143,460.473000000,18,0.201000000,0.132000000,0.371000000
22:19:38,100719,50.638684195,-123.414102120,460.459000000,18,0.201000000,0.132000000,0.371000000
22:19:39,100719,50.638684177,-123.414102077,460.450000000,18,0.201000000,0.132000000,0.371000000
22:19:40,100719,50.638684252,-123.414102092,460.459000000,18,0.200000000,0.132000000,0.371000000
22:19:41,100719,50.638684338,-123.414102118,460.471000000,18,0.200000000,0.132000000,0.371000000
22:19:42,100719,50.638684298,-123.414102085,460.466000000,18,0.200000000,0.132000000,0.371000000
22:19:43,100719,50.638684242,-123.414102077,460.458000000,18,0.200000000,0.132000000,0.371000000
22:19:44,100719,50.638684215,-123.414102047,460.449000000,18,0.200000000,0.132000000,0.371000000
22:19:45,100719,50.638684248,-123.414102090,460.456000000,18,0.200000000,0.132000000,0.371000000
22:19:46,100719,50.638684302,-123.414102093,460.464000000,18,0.200000000,0.132000000,0.370000000
22:19:47,100719,50.638684192,-123.414102162,460.456000000,18,0.200000000,0.132000000,0.370000000
22:19:48,100719,50.638684343,-123.414102312,460.497000000,18,0.200000000,0.132000000,0.370000000
22:19:49,100719,50.638684418,-123.414102432,460.526000000,18,0.200000000,0.132000000,0.370000000
22:19:50,100719,50.638684453,-123.414102538,460.544000000,18,0.200000000,0.132000000,0.370000000
22:19:51,100719,50.638684495,-123.414102613,460.558000000,18,0.200000000,0.132000000,0.370000000
22:19:52,100719,50.638684540,-123.414102728,460.579000000,18,0.200000000,0.132000000,0.370000000
22:19:53,100719,50.638684545,-123.414102808,460.592000000,19,0.176000000,0.126000000,0.358000000
22:19:54,100719,50.638684450,-123.414102800,460.581000000,19,0.176000000,0.126000000,0.358000000
22:19:55,100719,50.638684372,-123.414102787,460.572000000,19,0.176000000,0.126000000,0.358000000
22:19:56,100719,50.638684267,-123.414102757,460.556000000,19,0.176000000,0.126000000,0.358000000
22:19:57,100719,50.638684210,-123.414102737,460.544000000,19,0.176000000,0.126000000,0.358000000
22:19:58,100719,50.638684095,-123.414102633,460.522000000,19,0.176000000,0.126000000,0.358000000
22:19:59,100719,50.638684050,-123.414102563,460.508000000,19,0.176000000,0.126000000,0.358000000
22:20:00,100719,50.638683957,-123.414102498,460.498000000,19,0.176000000,0.126000000,0.358000000
22:20:01,100719,50.638683887,-123.414102498,460.488000000,19,0.176000000,0.126000000,0.358000000
22:20:02,100719,50.638683817,-123.414102452,460.476000000,19,0.176000000,0.126000000,0.358000000
22:20:03,100719,50.638683823,-123.414102442,460.479000000,19,0.176000000,0.126000000,0.358000000
22:20:04,100719,50.638683898,-123.414102438,460.489000000,19,0.176000000,0.126000000,0.358000000
22:20:05,100719,50.638683923,-123.414102430,460.489000000,19,0.176000000,0.126000000,0.358000000
22:20:06,100719,50.638683888,-123.414102393,460.482000000,19,0.176000000,0.126000000,0.358000000
22:20:07,100719,50.638683910,-123.414102358,460.479000000,19,0.176000000,0.126000000,0.358000000
22:20:08,100719,50.638683957,-123.414102392,460.487000000,19,0.176000000,0.126000000,0.358000000
22:20:09,100719,50.638684008,-123.414102378,460.487000000,19,0.176000000,0.126000000,0.358000000
22:20:10,100719,50.638684068,-123.414102403,460.493000000,19,0.176000000,0.126000000,0.358000000
22:20:11,100719,50.638684162,-123.414102487,460.517000000,19,0.176000000,0.126000000,0.358000000
22:20:12,100719,50.638684343,-123.414102567,460.551000000,19,0.176000000,0.126000000,0.358000000
22:20:13,100719,50.638684488,-123.414102648,460.584000000,19,0.176000000,0.126000000,0.358000000
22:20:14,100719,50.638684527,-123.414102690,460.600000000,19,0.176000000,0.126000000,0.358000000
22:20:15,100719,50.638684613,-123.414102740,460.619000000,19,0.176000000,0.126000000,0.358000000
22:20:16,100719,50.638684707,-123.414102812,460.640000000,19,0.176000000,0.126000000,0.358000000
22:20:17,100719,50.638684732,-123.414102870,460.651000000,19,0.176000000,0.126000000,0.358000000
22:20:18,100719,50.638684642,-123.414102887,460.639000000,19,0.176000000,0.126000000,0.358000000
22:20:19,100719,50.638684577,-123.414102885,460.632000000,19,0.176000000,0.126000000,0.358000000
22:20:20,100719,50.638684432,-123.414102818,460.609000000,19,0.176000000,0.126000000,0.358000000
22:20:21,100719,50.638684315,-123.414102758,460.589000000,19,0.176000000,0.126000000,0.358000000
22:20:22,100719,50.638684247,-123.414102707,460.576000000,19,0.176000000,0.126000000,0.358000000
22:20:23,100719,50.638684215,-123.414102695,460.574000000,19,0.176000000,0.126000000,0.358000000
22:20:24,100719,50.638684220,-123.414102683,460.580000000,19,0.176000000,0.126000000,0.358000000
22:20:25,100719,50.638684162,-123.414102663,460.572000000,19,0.176000000,0.126000000,0.358000000
22:20:26,100719,50.638684085,-123.414102622,460.561000000,19,0.176000000,0.126000000,0.358000000
22:20:27,100719,50.638684018,-123.414102625,460.553000000,19,0.176000000,0.126000000,0.358000000
22:20:28,100719,50.638683988,-123.414102610,460.551000000,19,0.176000000,0.126000000,0.358000000
22:20:29,100719,50.638683985,-123.414102635,460.553000000,19,0.176000000,0.126000000,0.358000000
22:20:30,100719,50.638684105,-123.414102703,460.576000000,19,0.176000000,0.126000000,0.358000000
22:20:31,100719,50.638684182,-123.414102753,460.593000000,19,0.176000000,0.126000000,0.358000000
22:20:32,100719,50.638684330,-123.414102893,460.628000000,19,0.176000000,0.126000000,0.358000000
22:20:33,100719,50.638684473,-123.414103025,460.659000000,19,0.176000000,0.126000000,0.358000000
22:20:34,100719,50.638684637,-123.414103137,460.694000000,19,0.176000000,0.126000000,0.358000000
22:20:35,100719,50.638684757,-123.414103242,460.722000000,19,0.176000000,0.126000000,0.358000000
22:20:36,100719,50.638684812,-123.414103288,460.736000000,19,0.176000000,0.126000000,0.358000000
22:20:37,100719,50.638684837,-123.414103300,460.744000000,19,0.176000000,0.126000000,0.358000000
22:20:38,100719,50.638684882,-123.414103357,460.755000000,19,0.176000000,0.126000000,0.358000000
22:20:39,100719,50.638684948,-123.414103392,460.769000000,19,0.176000000,0.126000000,0.358000000
22:20:40,100719,50.638685043,-123.414103422,460.783000000,19,0.176000000,0.126000000,0.358000000
22:20:41,100719,50.638685110,-123.414103465,460.798000000,19,0.176000000,0.126000000,0.358000000
22:20:42,100719,50.638685072,-123.414103445,460.791000000,19,0.176000000,0.126000000,0.358000000
22:20:43,100719,50.638684942,-123.414103350,460.759000000,19,0.176000000,0.126000000,0.358000000
22:20:44,100719,50.638684630,-123.414103138,460.697000000,19,0.176000000,0.126000000,0.358000000
22:20:45,100719,50.638684658,-123.414103155,460.702000000,19,0.176000000,0.126000000,0.358000000
22:20:46,100719,50.638684683,-123.414103175,460.710000000,19,0.176000000,0.126000000,0.358000000
22:20:47,100719,50.638684697,-123.414103180,460.716000000,19,0.176000000,0.126000000,0.358000000
22:20:48,100719,50.638684688,-123.414103200,460.720000000,19,0.176000000,0.126000000,0.358000000
22:20:49,100719,50.638684687,-123.414103193,460.721000000,19,0.176000000,0.126000000,0.358000000
22:20:50,100719,50.638684690,-123.414103220,460.725000000,19,0.176000000,0.126000000,0.358000000
22:20:51,100719,50.638684752,-123.414103277,460.744000000,19,0.176000000,0.126000000,0.358000000
22:20:52,100719,50.638684848,-123.414103323,460.759000000,19,0.176000000,0.126000000,0.358000000
22:20:53,100719,50.638684972,-123.414103342,460.783000000,19,0.176000000,0.126000000,0.358000000
22:20:54,100719,50.638685100,-123.414103395,460.804000000,19,0.176000000,0.126000000,0.358000000
22:20:55,100719,50.638685177,-123.414103437,460.812000000,19,0.176000000,0.126000000,0.358000000
22:20:56,100719,50.638685217,-123.414103492,460.821000000,19,0.176000000,0.126000000,0.358000000
22:20:57,100719,50.638685272,-123.414103478,460.829000000,18,0.199000000,0.131000000,0.369000000
22:20:58,100719,50.638685237,-123.414103452,460.824000000,18,0.199000000,0.131000000,0.369000000
22:20:59,100719,50.638685202,-123.414103398,460.814000000,18,0.199000000,0.131000000,0.369000000
22:21:00,100719,50.638685130,-123.414103245,460.788000000,18,0.199000000,0.131000000,0.369000000
22:21:01,100719,50.638685078,-123.414103058,460.763000000,19,0.199000000,0.131000000,0.369000000
22:21:02,100719,50.638684993,-123.414103023,460.758000000,19,0.190000000,0.120000000,0.354000000
22:21:03,100719,50.638684965,-123.414102975,460.759000000,18,0.190000000,0.120000000,0.354000000
22:21:04,100719,50.638684887,-123.414103040,460.754000000,18,0.193000000,0.133000000,0.369000000
22:21:05,100719,50.638685048,-123.414103148,460.783000000,18,0.193000000,0.133000000,0.369000000
22:21:06,100719,50.638685280,-123.414103273,460.828000000,18,0.193000000,0.133000000,0.369000000
22:21:07,100719,50.638685493,-123.414103373,460.868000000,18,0.193000000,0.133000000,0.369000000
22:21:08,100719,50.638685748,-123.414103478,460.909000000,18,0.193000000,0.133000000,0.369000000
22:21:09,100719,50.638685967,-123.414103600,460.949000000,18,0.193000000,0.133000000,0.369000000
22:21:10,100719,50.638686212,-123.414103682,460.988000000,18,0.193000000,0.133000000,0.369000000
22:21:11,100719,50.638686400,-123.414103757,461.017000000,18,0.193000000,0.133000000,0.369000000
22:21:12,100719,50.638686563,-123.414103840,461.041000000,18,0.193000000,0.133000000,0.369000000
22:21:13,100719,50.638686678,-123.414103862,461.055000000,18,0.193000000,0.133000000,0.370000000
22:21:14,100719,50.638686805,-123.414103887,461.074000000,17,0.196000000,0.153000000,0.399000000
22:21:15,100719,50.638686862,-123.414103878,461.077000000,17,0.196000000,0.153000000,0.399000000
22:21:16,100719,50.638686870,-123.414103870,461.080000000,17,0.196000000,0.153000000,0.399000000
22:21:17,100719,50.638686842,-123.414103862,461.079000000,17,0.327000000,0.134000000,0.467000000
22:21:18,100719,50.638686848,-123.414103858,461.079000000,17,0.327000000,0.134000000,0.467000000
22:21:19,100719,50.638686865,-123.414103880,461.085000000,17,0.327000000,0.134000000,0.467000000
22:21:20,100719,50.638686857,-123.414103880,461.086000000,17,0.327000000,0.134000000,0.467000000
22:21:21,100719,50.638686845,-123.414103855,461.079000000,17,0.190000000,0.133000000,0.373000000
22:21:22,100719,50.638686868,-123.414103832,461.082000000,17,0.327000000,0.134000000,0.467000000
22:21:23,100719,50.638686872,-123.414103793,461.080000000,16,0.385000000,0.150000000,0.560000000
22:21:24,100719,50.638686888,-123.414103778,461.080000000,16,0.385000000,0.150000000,0.560000000
22:21:25,100719,50.638686908,-123.414103793,461.083000000,16,0.385000000,0.150000000,0.560000000
22:21:26,100719,50.638686928,-123.414103765,461.084000000,17,0.385000000,0.150000000,0.560000000
22:21:27,100719,50.638687012,-123.414103800,461.104000000,17,0.201000000,0.149000000,0.396000000
22:21:28,100719,50.638687115,-123.414103857,461.124000000,17,0.201000000,0.149000000,0.396000000
22:21:29,100719,50.638687180,-123.414103923,461.138000000,17,0.201000000,0.149000000,0.396000000
22:21:30,100719,50.638687168,-123.414103925,461.136000000,17,0.200000000,0.149000000,0.395000000
22:21:31,100719,50.638687208,-123.414103952,461.148000000,17,0.200000000,0.149000000,0.395000000
22:21:32,100719,50.638687288,-123.414103972,461.160000000,17,0.200000000,0.149000000,0.395000000
22:21:33,100719,50.638687347,-123.414103957,461.168000000,17,0.200000000,0.149000000,0.395000000
22:21:34,100719,50.638687435,-123.414103942,461.177000000,17,0.200000000,0.149000000,0.395000000
22:21:35,100719,50.638687547,-123.414103968,461.194000000,17,0.200000000,0.149000000,0.395000000
22:21:36,100719,50.638687712,-123.414103993,461.215000000,17,0.200000000,0.148000000,0.395000000
22:21:37,100719,50.638687770,-123.414104048,461.227000000,17,0.200000000,0.148000000,0.395000000
22:21:38,100719,50.638687883,-123.414104108,461.250000000,17,0.200000000,0.148000000,0.395000000
22:21:39,100719,50.638687905,-123.414104148,461.256000000,17,0.200000000,0.148000000,0.395000000
22:21:40,100719,50.638687880,-123.414104132,461.252000000,17,0.200000000,0.148000000,0.395000000
22:21:41,100719,50.638687827,-123.414104108,461.244000000,17,0.200000000,0.148000000,0.395000000
22:21:42,100719,50.638687797,-123.414104102,461.244000000,18,0.194000000,0.132000000,0.373000000
22:21:43,100719,50.638687740,-123.414104072,461.236000000,18,0.194000000,0.132000000,0.373000000
22:21:44,100719,50.638687627,-123.414104035,461.219000000,18,0.194000000,0.132000000,0.373000000
22:21:45,100719,50.638687580,-123.414104003,461.210000000,18,0.314000000,0.214000000,0.602000000
22:21:46,100719,50.638687555,-123.414103978,461.205000000,18,0.314000000,0.214000000,0.602000000
22:21:47,100719,50.638687523,-123.414103977,461.198000000,18,0.314000000,0.214000000,0.602000000
22:21:48,100719,50.638687440,-123.414103970,461.183000000,18,0.218000000,0.148000000,0.418000000
22:21:49,100719,50.638687373,-123.414103940,461.170000000,18,0.218000000,0.148000000,0.418000000
22:21:50,100719,50.638687320,-123.414103918,461.159000000,18,0.218000000,0.148000000,0.418000000
22:21:51,100719,50.638687318,-123.414103890,461.163000000,18,0.194000000,0.132000000,0.373000000
22:21:52,100719,50.638687340,-123.414103895,461.166000000,18,0.194000000,0.132000000,0.373000000
22:21:53,100719,50.638687345,-123.414103913,461.170000000,18,0.194000000,0.132000000,0.373000000
22:21:54,100719,50.638687370,-123.414103983,461.183000000,18,0.194000000,0.132000000,0.373000000
22:21:55,100719,50.638687497,-123.414104052,461.206000000,18,0.194000000,0.132000000,0.373000000
22:21:56,100719,50.638687587,-123.414104093,461.221000000,18,0.194000000,0.132000000,0.373000000
22:21:57,100719,50.638687617,-123.414104117,461.227000000,18,0.194000000,0.132000000,0.373000000
22:21:58,100719,50.638687620,-123.414104093,461.231000000,18,0.194000000,0.132000000,0.373000000
22:21:59,100719,50.638687547,-123.414104078,461.218000000,18,0.194000000,0.132000000,0.373000000
22:22:00,100719,50.638687457,-123.414104057,461.205000000,18,0.194000000,0.132000000,0.373000000
22:22:01,100719,50.638687352,-123.414104015,461.187000000,18,0.194000000,0.132000000,0.373000000
22:22:02,100719,50.638687313,-123.414103968,461.179000000,18,0.194000000,0.132000000,0.373000000
22:22:03,100719,50.638687242,-123.414103960,461.168000000,18,0.194000000,0.132000000,0.373000000
22:22:04,100719,50.638687135,-123.414103945,461.158000000,18,0.194000000,0.132000000,0.373000000
22:22:05,100719,50.638687100,-123.414103967,461.156000000,18,0.194000000,0.132000000,0.373000000
22:22:06,100719,50.638687053,-123.414103962,461.151000000,17,0.200000000,0.148000000,0.395000000
22:22:07,100719,50.638687007,-123.414103955,461.145000000,17,0.200000000,0.148000000,0.395000000
22:22:08,100719,50.638686973,-123.414103937,461.143000000,17,0.200000000,0.148000000,0.395000000
22:22:09,100719,50.638686937,-123.414103920,461.138000000,17,0.200000000,0.148000000,0.395000000
22:22:10,100719,50.638686852,-123.414103877,461.120000000,17,0.200000000,0.148000000,0.395000000
22:22:11,100719,50.638686900,-123.414103870,461.122000000,17,0.200000000,0.148000000,0.395000000
22:22:12,100719,50.638686950,-123.414103877,461.129000000,17,0.200000000,0.148000000,0.395000000
22:22:13,100719,50.638686955,-123.414103903,461.130000000,17,0.200000000,0.148000000,0.395000000
22:22:14,100719,50.638686972,-123.414103915,461.128000000,17,0.200000000,0.148000000,0.395000000
22:22:15,100719,50.638687038,-123.414103913,461.134000000,18,0.194000000,0.132000000,0.373000000
22:22:16,100719,50.638687087,-123.414103932,461.146000000,18,0.194000000,0.132000000,0.373000000
22:22:17,100719,50.638687122,-123.414103927,461.153000000,18,0.194000000,0.132000000,0.373000000
22:22:18,100719,50.638687150,-123.414103917,461.155000000,18,0.194000000,0.132000000,0.373000000
22:22:19,100719,50.638687187,-123.414103892,461.157000000,18,0.194000000,0.132000000,0.373000000
22:22:20,100719,50.638687155,-123.414103885,461.151000000,18,0.194000000,0.132000000,0.373000000
22:22:21,100719,50.638687110,-123.414103872,461.141000000,18,0.194000000,0.132000000,0.373000000
22:22:22,100719,50.638687063,-123.414103850,461.132000000,18,0.194000000,0.132000000,0.373000000
22:22:23,100719,50.638687005,-123.414103812,461.121000000,18,0.194000000,0.132000000,0.373000000
22:22:24,100719,50.638686988,-123.414103753,461.111000000,18,0.194000000,0.132000000,0.373000000
22:22:25,100719,50.638686940,-123.414103700,461.099000000,18,0.194000000,0.132000000,0.373000000
22:22:26,100719,50.638686915,-123.414103650,461.089000000,18,0.194000000,0.132000000,0.373000000
22:22:27,100719,50.638686873,-123.414103612,461.078000000,18,0.194000000,0.132000000,0.373000000
22:22:28,100719,50.638686848,-123.414103577,461.069000000,18,0.194000000,0.132000000,0.373000000
22:22:29,100719,50.638686838,-123.414103615,461.070000000,18,0.194000000,0.132000000,0.373000000
22:22:30,100719,50.638686897,-123.414103657,461.084000000,18,0.194000000,0.132000000,0.373000000
22:22:31,100719,50.638686928,-123.414103670,461.088000000,18,0.194000000,0.132000000,0.373000000
22:22:32,100719,50.638686910,-123.414103700,461.092000000,18,0.194000000,0.132000000,0.373000000
22:22:33,100719,50.638686945,-123.414103720,461.099000000,18,0.194000000,0.132000000,0.373000000
22:22:34,100719,50.638686953,-123.414103717,461.103000000,18,0.194000000,0.132000000,0.373000000
22:22:35,100719,50.638686953,-123.414103697,461.104000000,18,0.194000000,0.132000000,0.373000000
22:22:36,100719,50.638686910,-123.414103668,461.095000000,18,0.194000000,0.132000000,0.373000000
22:22:37,100719,50.638686870,-123.414103623,461.084000000,18,0.194000000,0.132000000,0.373000000
22:22:38,100719,50.638686820,-123.414103592,461.074000000,18,0.194000000,0.132000000,0.373000000
22:22:39,100719,50.638686742,-123.414103527,461.057000000,18,0.194000000,0.132000000,0.373000000
22:22:40,100719,50.638686697,-123.414103470,461.043000000,18,0.194000000,0.132000000,0.373000000
22:22:41,100719,50.638686648,-123.414103437,461.034000000,18,0.194000000,0.132000000,0.373000000
22:22:42,100719,50.638686575,-123.414103402,461.023000000,18,0.194000000,0.132000000,0.373000000
22:22:43,100719,50.638686562,-123.414103378,461.018000000,18,0.194000000,0.132000000,0.373000000
22:22:44,100719,50.638686545,-123.414103397,461.023000000,18,0.194000000,0.132000000,0.373000000
22:22:45,100719,50.638686560,-123.414103397,461.029000000,18,0.194000000,0.132000000,0.373000000
22:22:46,100719,50.638686603,-123.414103450,461.049000000,18,0.194000000,0.132000000,0.373000000
22:22:47,100719,50.638686555,-123.414103432,461.046000000,18,0.194000000,0.132000000,0.373000000
22:22:48,100719,50.638686532,-123.414103438,461.043000000,18,0.194000000,0.132000000,0.373000000
22:22:49,100719,50.638686537,-123.414103427,461.045000000,18,0.194000000,0.132000000,0.373000000
22:22:50,100719,50.638686513,-123.414103388,461.039000000,18,0.194000000,0.132000000,0.373000000
22:22:51,100719,50.638686497,-123.414103402,461.041000000,18,0.194000000,0.132000000,0.373000000
22:22:52,100719,50.638686483,-123.414103410,461.040000000,18,0.194000000,0.132000000,0.373000000
22:22:53,100719,50.638686498,-123.414103455,461.046000000,18,0.194000000,0.132000000,0.373000000
22:22:54,100719,50.638686498,-123.414103478,461.051000000,18,0.194000000,0.132000000,0.373000000
22:22:55,100719,50.638686545,-123.414103482,461.063000000,18,0.194000000,0.132000000,0.373000000
22:22:56,100719,50.638686513,-123.414103473,461.060000000,18,0.194000000,0.132000000,0.373000000
22:22:57,100719,50.638686497,-123.414103460,461.058000000,18,0.194000000,0.132000000,0.373000000
22:22:58,100719,50.638686513,-123.414103445,461.060000000,18,0.194000000,0.132000000,0.373000000
22:22:59,100719,50.638686500,-123.414103423,461.059000000,18,0.194000000,0.132000000,0.373000000
22:23:00,100719,50.638686457,-123.414103420,461.049000000,18,0.194000000,0.132000000,0.373000000
22:23:01,100719,50.638686453,-123.414103425,461.050000000,18,0.194000000,0.132000000,0.373000000
22:23:02,100719,50.638686403,-123.414103398,461.042000000,18,0.194000000,0.132000000,0.373000000
22:23:03,100719,50.638686405,-123.414103370,461.041000000,18,0.194000000,0.132000000,0.373000000
22:23:04,100719,50.638686378,-123.414103352,461.035000000,18,0.194000000,0.132000000,0.373000000
22:23:05,100719,50.638686373,-123.414103343,461.036000000,18,0.194000000,0.132000000,0.373000000
22:23:06,100719,50.638686330,-123.414103362,461.038000000,18,0.193000000,0.132000000,0.373000000
22:23:07,100719,50.638686357,-123.414103378,461.046000000,18,0.193000000,0.132000000,0.373000000
22:23:08,100719,50.638686405,-123.414103430,461.059000000,18,0.193000000,0.132000000,0.373000000
22:23:09,100719,50.638686500,-123.414103475,461.075000000,18,0.193000000,0.132000000,0.373000000
22:23:10,100719,50.638686555,-123.414103542,461.093000000,18,0.193000000,0.132000000,0.373000000
22:23:11,100719,50.638686515,-123.414103557,461.089000000,18,0.193000000,0.132000000,0.373000000
22:23:12,100719,50.638686490,-123.414103560,461.088000000,18,0.193000000,0.132000000,0.373000000
22:23:13,100719,50.638686472,-123.414103548,461.086000000,18,0.193000000,0.132000000,0.373000000
22:23:14,100719,50.638686408,-123.414103522,461.076000000,18,0.193000000,0.132000000,0.373000000
22:23:15,100719,50.638686328,-123.414103480,461.060000000,18,0.193000000,0.132000000,0.373000000
22:23:16,100719,50.638686298,-123.414103477,461.054000000,18,0.193000000,0.132000000,0.373000000
22:23:17,100719,50.638686243,-123.414103505,461.051000000,18,0.193000000,0.132000000,0.373000000
22:23:18,100719,50.638686122,-123.414103527,461.046000000,18,0.193000000,0.132000000,0.373000000
22:23:19,100719,50.638686097,-123.414103535,461.047000000,18,0.193000000,0.132000000,0.373000000
22:23:20,100719,50.638686042,-123.414103535,461.046000000,18,0.193000000,0.132000000,0.373000000
22:23:21,100719,50.638685998,-123.414103520,461.040000000,18,0.193000000,0.132000000,0.373000000
22:23:22,100719,50.638685990,-123.414103508,461.040000000,18,0.193000000,0.132000000,0.373000000
22:23:23,100719,50.638685940,-123.414103512,461.043000000,18,0.193000000,0.132000000,0.373000000
22:23:24,100719,50.638685930,-123.414103490,461.038000000,18,0.193000000,0.132000000,0.373000000
22:23:25,100719,50.638685918,-123.414103513,461.044000000,18,0.193000000,0.132000000,0.373000000
22:23:26,100719,50.638685923,-123.414103525,461.049000000,18,0.193000000,0.132000000,0.373000000
22:23:27,100719,50.638685917,-123.414103535,461.049000000,18,0.193000000,0.132000000,0.373000000
22:23:28,100719,50.638685930,-123.414103557,461.056000000,18,0.193000000,0.132000000,0.373000000
22:23:29,100719,50.638685992,-123.414103608,461.070000000,18,0.193000000,0.132000000,0.373000000
22:23:30,100719,50.638686053,-123.414103648,461.085000000,18,0.193000000,0.132000000,0.373000000
22:23:31,100719,50.638686047,-123.414103703,461.095000000,18,0.193000000,0.132000000,0.373000000
22:23:32,100719,50.638686105,-123.414103738,461.107000000,18,0.193000000,0.132000000,0.373000000
22:23:33,100719,50.638686183,-123.414103768,461.125000000,18,0.193000000,0.132000000,0.373000000
22:23:34,100719,50.638686257,-123.414103750,461.136000000,18,0.193000000,0.132000000,0.373000000
22:23:35,100719,50.638686335,-123.414103760,461.145000000,18,0.193000000,0.132000000,0.373000000
22:23:36,100719,50.638686323,-123.414103743,461.140000000,18,0.256000000,0.174000000,0.494000000
22:23:37,100719,50.638686270,-123.414103722,461.134000000,18,0.256000000,0.174000000,0.494000000
22:23:38,100719,50.638686212,-123.414103723,461.125000000,18,0.256000000,0.174000000,0.494000000
22:23:39,100719,50.638686185,-123.414103740,461.125000000,18,0.292000000,0.199000000,0.564000000
22:23:40,100719,50.638686160,-123.414103755,461.129000000,18,0.292000000,0.199000000,0.564000000
22:23:41,100719,50.638686130,-123.414103712,461.121000000,18,0.292000000,0.199000000,0.564000000
22:23:42,100719,50.638685985,-123.414103677,461.100000000,18,0.340000000,0.231000000,0.657000000
22:23:43,100719,50.638685855,-123.414103688,461.089000000,18,0.340000000,0.231000000,0.657000000
22:23:44,100719,50.638685752,-123.414103673,461.078000000,18,0.340000000,0.231000000,0.657000000
22:23:45,100719,50.638685718,-123.414103682,461.073000000,18,0.369000000,0.251000000,0.713000000
22:23:46,100719,50.638685685,-123.414103663,461.066000000,18,0.369000000,0.251000000,0.713000000
22:23:47,100719,50.638685655,-123.414103665,461.067000000,18,0.369000000,0.251000000,0.713000000
22:23:48,100719,50.638685653,-123.414103670,461.065000000,18,0.378000000,0.257000000,0.731000000
22:23:49,100719,50.638685647,-123.414103682,461.067000000,18,0.378000000,0.257000000,0.731000000
22:23:50,100719,50.638685620,-123.414103680,461.065000000,18,0.378000000,0.257000000,0.731000000
22:23:51,100719,50.638685640,-123.414103667,461.064000000,18,0.378000000,0.257000000,0.730000000
22:23:52,100719,50.638685622,-123.414103697,461.063000000,17,0.378000000,0.257000000,0.730000000
22:23:53,100719,50.638685610,-123.414103775,461.075000000,17,0.382000000,0.282000000,0.757000000
22:23:54,100719,50.638685512,-123.414103717,461.056000000,17,0.382000000,0.282000000,0.757000000
22:23:55,100719,50.638685427,-123.414103675,461.039000000,17,0.382000000,0.282000000,0.757000000
22:23:56,100719,50.638685413,-123.414103708,461.038000000,17,0.265000000,0.195000000,0.524000000
22:23:57,100719,50.638685380,-123.414103717,461.036000000,17,0.265000000,0.195000000,0.524000000
22:23:58,100719,50.638685385,-123.414103747,461.043000000,17,0.265000000,0.195000000,0.524000000
22:23:59,100719,50.638685353,-123.414103738,461.038000000,17,0.198000000,0.146000000,0.392000000
22:24:00,100719,50.638685248,-123.414103695,461.018000000,17,0.198000000,0.146000000,0.392000000
22:24:01,100719,50.638685115,-123.414103632,460.988000000,17,0.198000000,0.146000000,0.392000000
22:24:02,100719,50.638685010,-123.414103582,460.972000000,17,0.198000000,0.146000000,0.392000000
22:24:03,100719,50.638684867,-123.414103502,460.942000000,17,0.198000000,0.146000000,0.392000000
22:24:04,100719,50.638684783,-123.414103498,460.934000000,17,0.198000000,0.146000000,0.392000000
22:24:05,100719,50.638684695,-123.414103455,460.918000000,17,0.198000000,0.146000000,0.392000000
22:24:06,100719,50.638684643,-123.414103463,460.913000000,17,0.198000000,0.146000000,0.392000000
22:24:07,100719,50.638684652,-123.414103493,460.918000000,17,0.198000000,0.146000000,0.392000000
22:24:08,100719,50.638684653,-123.414103522,460.923000000,17,0.198000000,0.146000000,0.392000000
22:24:09,100719,50.638684657,-123.414103540,460.924000000,17,0.198000000,0.146000000,0.392000000
22:24:10,100719,50.638684663,-123.414103532,460.919000000,17,0.198000000,0.146000000,0.392000000
22:24:11,100719,50.638684650,-123.414103507,460.912000000,17,0.198000000,0.146000000,0.392000000
22:24:12,100719,50.638684702,-123.414103507,460.920000000,17,0.198000000,0.146000000,0.392000000
22:24:13,100719,50.638684702,-123.414103497,460.920000000,17,0.198000000,0.146000000,0.392000000
22:24:14,100719,50.638684740,-123.414103470,460.919000000,17,0.198000000,0.146000000,0.392000000
22:24:15,100719,50.638684805,-123.414103448,460.921000000,17,0.198000000,0.146000000,0.392000000
22:24:16,100719,50.638684910,-123.414103462,460.935000000,17,0.198000000,0.146000000,0.392000000
22:24:17,100719,50.638684948,-123.414103473,460.942000000,17,0.198000000,0.146000000,0.392000000
22:24:18,100719,50.638684953,-123.414103445,460.937000000,17,0.198000000,0.146000000,0.392000000
22:24:19,100719,50.638684933,-123.414103445,460.933000000,17,0.198000000,0.146000000,0.392000000
22:24:20,100719,50.638684940,-123.414103445,460.932000000,17,0.198000000,0.146000000,0.392000000
22:24:21,100719,50.638684918,-123.414103447,460.928000000,17,0.198000000,0.146000000,0.392000000
22:24:22,100719,50.638684973,-123.414103470,460.936000000,17,0.198000000,0.146000000,0.392000000
22:24:23,100719,50.638684940,-123.414103448,460.930000000,17,0.198000000,0.146000000,0.392000000
22:24:24,100719,50.638684883,-123.414103413,460.917000000,17,0.198000000,0.146000000,0.392000000
22:24:25,100719,50.638684855,-123.414103398,460.912000000,17,0.198000000,0.146000000,0.392000000
22:24:26,100719,50.638684858,-123.414103385,460.911000000,17,0.198000000,0.146000000,0.392000000
22:24:27,100719,50.638684903,-123.414103378,460.916000000,17,0.198000000,0.146000000,0.392000000
22:24:28,100719,50.638684937,-123.414103387,460.923000000,17,0.198000000,0.146000000,0.392000000
22:24:29,100719,50.638685023,-123.414103455,460.944000000,17,0.198000000,0.146000000,0.392000000
22:24:30,100719,50.638685182,-123.414103583,460.978000000,17,0.198000000,0.146000000,0.392000000
22:24:31,100719,50.638685360,-123.414103717,461.016000000,17,0.198000000,0.146000000,0.392000000
22:24:32,100719,50.638685548,-123.414103835,461.056000000,17,0.198000000,0.146000000,0.392000000
22:24:33,100719,50.638685727,-123.414103960,461.097000000,17,0.198000000,0.146000000,0.392000000
22:24:34,100719,50.638685837,-123.414104055,461.125000000,17,0.198000000,0.146000000,0.392000000
22:24:35,100719,50.638685880,-123.414104093,461.133000000,17,0.198000000,0.146000000,0.392000000
22:24:36,100719,50.638685878,-123.414104120,461.134000000,17,0.198000000,0.146000000,0.392000000
22:24:37,100719,50.638685933,-123.414104150,461.144000000,17,0.198000000,0.146000000,0.392000000
22:24:38,100719,50.638685993,-123.414104158,461.152000000,17,0.198000000,0.145000000,0.392000000
22:24:39,100719,50.638686088,-123.414104178,461.164000000,17,0.198000000,0.145000000,0.392000000
22:24:40,100719,50.638686138,-123.414104170,461.171000000,17,0.198000000,0.145000000,0.392000000
22:24:41,100719,50.638686220,-123.414104165,461.177000000,17,0.197000000,0.145000000,0.392000000
22:24:42,100719,50.638686268,-123.414104158,461.183000000,17,0.197000000,0.145000000,0.392000000
22:24:43,100719,50.638686302,-123.414104185,461.190000000,17,0.197000000,0.145000000,0.392000000
22:24:44,100719,50.638686373,-123.414104290,461.213000000,17,0.197000000,0.145000000,0.392000000
22:24:45,100719,50.638686477,-123.414104345,461.233000000,17,0.197000000,0.145000000,0.392000000
22:24:46,100719,50.638686598,-123.414104425,461.263000000,17,0.197000000,0.145000000,0.392000000
22:24:47,100719,50.638686652,-123.414104457,461.274000000,17,0.197000000,0.145000000,0.391000000
22:24:48,100719,50.638686742,-123.414104498,461.291000000,17,0.197000000,0.145000000,0.391000000
22:24:49,100719,50.638686842,-123.414104537,461.304000000,17,0.197000000,0.145000000,0.391000000
22:24:50,100719,50.638686910,-123.414104567,461.318000000,17,0.197000000,0.145000000,0.391000000
22:24:51,100719,50.638686935,-123.414104577,461.324000000,17,0.197000000,0.145000000,0.391000000
22:24:52,100719,50.638686900,-123.414104527,461.316000000,17,0.197000000,0.145000000,0.391000000
22:24:53,100719,50.638686838,-123.414104490,461.305000000,17,0.197000000,0.145000000,0.391000000
22:24:54,100719,50.638686815,-123.414104458,461.301000000,17,0.197000000,0.145000000,0.391000000
22:24:55,100719,50.638686802,-123.414104447,461.299000000,16,0.374000000,0.146000000,0.553000000
22:24:56,100719,50.638686765,-123.414104435,461.292000000,16,0.374000000,0.146000000,0.553000000
22:24:57,100719,50.638686672,-123.414104413,461.281000000,16,0.374000000,0.146000000,0.553000000
22:24:58,100719,50.638686565,-123.414104370,461.262000000,16,0.374000000,0.146000000,0.553000000
22:24:59,100719,50.638686508,-123.414104367,461.257000000,16,0.374000000,0.146000000,0.553000000
22:25:00,100719,50.638686637,-123.414104515,461.289000000,16,0.374000000,0.146000000,0.553000000
22:25:01,100719,50.638686767,-123.414104522,461.311000000,16,0.374000000,0.146000000,0.553000000
22:25:02,100719,50.638686830,-123.414104582,461.316000000,16,0.374000000,0.146000000,0.553000000
22:25:03,100719,50.638686905,-123.414104580,461.321000000,16,0.374000000,0.146000000,0.553000000
22:25:04,100719,50.638686988,-123.414104565,461.331000000,16,0.374000000,0.146000000,0.553000000
22:25:05,100719,50.638687067,-123.414104613,461.346000000,16,0.374000000,0.146000000,0.553000000
22:25:06,100719,50.638687147,-123.414104643,461.362000000,16,0.374000000,0.146000000,0.553000000
22:25:07,100719,50.638687205,-123.414104630,461.370000000,16,0.373000000,0.146000000,0.553000000
22:25:08,100719,50.638687240,-123.414104607,461.373000000,16,0.373000000,0.146000000,0.553000000
22:25:09,100719,50.638687253,-123.414104627,461.378000000,16,0.373000000,0.146000000,0.553000000
22:25:10,100719,50.638687258,-123.414104625,461.381000000,16,0.373000000,0.146000000,0.553000000
22:25:11,100719,50.638687252,-123.414104590,461.378000000,17,0.373000000,0.146000000,0.553000000
22:25:12,100719,50.638687145,-123.414104520,461.356000000,17,0.327000000,0.132000000,0.477000000
22:25:13,100719,50.638687063,-123.414104460,461.344000000,17,0.327000000,0.132000000,0.477000000
22:25:14,100719,50.638686912,-123.414104352,461.312000000,17,0.327000000,0.132000000,0.477000000
22:25:15,100719,50.638686700,-123.414104217,461.268000000,17,0.327000000,0.132000000,0.478000000
22:25:16,100719,50.638686458,-123.414104062,461.220000000,17,0.327000000,0.132000000,0.478000000
22:25:17,100719,50.638686237,-123.414103957,461.174000000,17,0.327000000,0.132000000,0.478000000
22:25:18,100719,50.638686118,-123.414103915,461.155000000,17,0.327000000,0.132000000,0.478000000
22:25:19,100719,50.638686012,-123.414103865,461.136000000,17,0.327000000,0.132000000,0.478000000
22:25:20,100719,50.638685935,-123.414103823,461.124000000,17,0.327000000,0.132000000,0.478000000
22:25:21,100719,50.638685878,-123.414103797,461.111000000,17,0.327000000,0.132000000,0.478000000
22:25:22,100719,50.638685835,-123.414103783,461.105000000,17,0.327000000,0.132000000,0.478000000
22:25:23,100719,50.638685848,-123.414103800,461.103000000,17,0.327000000,0.132000000,0.478000000
22:25:24,100719,50.638686010,-123.414103848,461.129000000,17,0.327000000,0.132000000,0.478000000
22:25:25,100719,50.638686150,-123.414103883,461.149000000,17,0.327000000,0.132000000,0.478000000
22:25:26,100719,50.638686292,-123.414103922,461.170000000,17,0.327000000,0.132000000,0.478000000
22:25:27,100719,50.638686453,-123.414104013,461.199000000,17,0.327000000,0.132000000,0.478000000
22:25:28,100719,50.638686563,-123.414104065,461.216000000,17,0.327000000,0.132000000,0.478000000
22:25:29,100719,50.638686630,-123.414104083,461.223000000,17,0.327000000,0.132000000,0.478000000
22:25:30,100719,50.638686683,-123.414104077,461.225000000,17,0.327000000,0.132000000,0.478000000
22:25:31,100719,50.638686758,-123.414104087,461.234000000,17,0.327000000,0.132000000,0.478000000
22:25:32,100719,50.638686818,-123.414104097,461.243000000,17,0.327000000,0.132000000,0.478000000
22:25:33,100719,50.638686837,-123.414104098,461.248000000,16,0.372000000,0.145000000,0.552000000
22:25:34,100719,50.638686887,-123.414104087,461.253000000,16,0.372000000,0.145000000,0.552000000
22:25:35,100719,50.638686815,-123.414104028,461.237000000,16,0.372000000,0.145000000,0.552000000
22:25:36,100719,50.638686655,-123.414103937,461.203000000,16,0.372000000,0.145000000,0.552000000
22:25:37,100719,50.638686490,-123.414103845,461.170000000,16,0.372000000,0.145000000,0.552000000
22:25:38,100719,50.638686347,-123.414103775,461.141000000,16,0.372000000,0.145000000,0.552000000
22:25:39,100719,50.638686173,-123.414103698,461.110000000,16,0.371000000,0.145000000,0.552000000
22:25:40,100719,50.638686042,-123.414103655,461.089000000,16,0.371000000,0.145000000,0.552000000
22:25:41,100719,50.638686045,-123.414103670,461.092000000,16,0.371000000,0.145000000,0.552000000
22:25:42,100719,50.638686172,-123.414103752,461.120000000,16,0.371000000,0.145000000,0.551000000
22:25:43,100719,50.638686180,-123.414103767,461.125000000,16,0.371000000,0.145000000,0.551000000
22:25:44,100719,50.638686228,-123.414103812,461.133000000,16,0.371000000,0.145000000,0.551000000
22:25:45,100719,50.638686225,-123.414103855,461.138000000,16,0.371000000,0.145000000,0.551000000
22:25:46,100719,50.638686275,-123.414103858,461.144000000,16,0.371000000,0.145000000,0.551000000
22:25:47,100719,50.638686310,-123.414103858,461.148000000,16,0.371000000,0.145000000,0.551000000
22:25:48,100719,50.638686413,-123.414103898,461.165000000,16,0.371000000,0.145000000,0.551000000
22:25:49,100719,50.638686503,-123.414103958,461.186000000,16,0.371000000,0.145000000,0.551000000
22:25:50,100719,50.638686585,-123.414104000,461.206000000,17,0.327000000,0.132000000,0.479000000
22:25:51,100719,50.638686600,-123.414104005,461.210000000,17,0.327000000,0.132000000,0.479000000
22:25:52,100719,50.638686685,-123.414104057,461.224000000,17,0.327000000,0.132000000,0.479000000
22:25:53,100719,50.638686690,-123.414104077,461.232000000,17,0.327000000,0.131000000,0.479000000
22:25:54,100719,50.638686655,-123.414104043,461.222000000,17,0.327000000,0.131000000,0.479000000
22:25:55,100719,50.638686607,-123.414104037,461.220000000,17,0.327000000,0.131000000,0.479000000
22:25:56,100719,50.638686623,-123.414104013,461.216000000,17,0.327000000,0.131000000,0.479000000
22:25:57,100719,50.638686602,-123.414103983,461.212000000,17,0.327000000,0.131000000,0.479000000
22:25:58,100719,50.638686607,-123.414103953,461.208000000,17,0.327000000,0.131000000,0.479000000
22:25:59,100719,50.638686622,-123.414103955,461.213000000,17,0.327000000,0.131000000,0.479000000
22:26:00,100719,50.638686640,-123.414103923,461.211000000,17,0.327000000,0.131000000,0.479000000
22:26:01,100719,50.638686598,-123.414103927,461.209000000,17,0.327000000,0.131000000,0.479000000
22:26:02,100719,50.638686552,-123.414103898,461.200000000,17,0.327000000,0.131000000,0.479000000
22:26:03,100719,50.638686540,-123.414103873,461.193000000,17,0.327000000,0.131000000,0.479000000
22:26:04,100719,50.638686580,-123.414103928,461.204000000,17,0.327000000,0.131000000,0.479000000
22:26:05,100719,50.638686615,-123.414103940,461.215000000,17,0.327000000,0.131000000,0.479000000
22:26:06,100719,50.638686563,-123.414103915,461.207000000,17,0.327000000,0.131000000,0.479000000
22:26:07,100719,50.638686525,-123.414103862,461.194000000,17,0.327000000,0.131000000,0.479000000
22:26:08,100719,50.638686477,-123.414103837,461.186000000,17,0.327000000,0.131000000,0.479000000
22:26:09,100719,50.638686467,-123.414103820,461.188000000,17,0.327000000,0.131000000,0.479000000
22:26:10,100719,50.638686400,-123.414103797,461.176000000,17,0.327000000,0.131000000,0.479000000
22:26:11,100719,50.638686320,-123.414103818,461.169000000,17,0.327000000,0.131000000,0.479000000
22:26:12,100719,50.638686302,-123.414103845,461.172000000,17,0.327000000,0.131000000,0.479000000
22:26:13,100719,50.638686297,-123.414103893,461.180000000,17,0.327000000,0.131000000,0.479000000
22:26:14,100719,50.638686313,-123.414103908,461.186000000,17,0.327000000,0.131000000,0.480000000
22:26:15,100719,50.638686380,-123.414103992,461.209000000,16,0.369000000,0.144000000,0.550000000
22:26:16,100719,50.638686458,-123.414104132,461.229000000,16,0.369000000,0.144000000,0.550000000
22:26:17,100719,50.638686502,-123.414104217,461.243000000,16,0.369000000,0.144000000,0.550000000
22:26:18,100719,50.638686538,-123.414104317,461.260000000,16,0.369000000,0.144000000,0.550000000
22:26:19,100719,50.638686452,-123.414104312,461.248000000,16,0.369000000,0.144000000,0.550000000
22:26:20,100719,50.638686318,-123.414104258,461.228000000,16,0.369000000,0.144000000,0.550000000
22:26:21,100719,50.638686155,-123.414104148,461.198000000,16,0.369000000,0.144000000,0.550000000
22:26:22,100719,50.638686113,-123.414104143,461.189000000,16,0.369000000,0.144000000,0.550000000
22:26:23,100719,50.638686072,-123.414104142,461.187000000,16,0.369000000,0.144000000,0.550000000
22:26:24,100719,50.638686050,-123.414104197,461.193000000,16,0.369000000,0.144000000,0.549000000
22:26:25,100719,50.638686040,-123.414104223,461.199000000,16,0.369000000,0.144000000,0.549000000
22:26:26,100719,50.638685997,-123.414104207,461.184000000,16,0.369000000,0.144000000,0.549000000
22:26:27,100719,50.638685912,-123.414104178,461.167000000,16,0.368000000,0.144000000,0.549000000
22:26:28,100719,50.638685775,-123.414104105,461.139000000,16,0.368000000,0.144000000,0.549000000
22:26:29,100719,50.638685693,-123.414104037,461.120000000,16,0.368000000,0.144000000,0.549000000
22:26:30,100719,50.638685827,-123.414104060,461.140000000,16,0.368000000,0.144000000,0.549000000
22:26:31,100719,50.638685930,-123.414104122,461.164000000,16,0.368000000,0.144000000,0.549000000
22:26:32,100719,50.638686057,-123.414104150,461.187000000,16,0.368000000,0.144000000,0.549000000
22:26:33,100719,50.638686167,-123.414104215,461.212000000,16,0.368000000,0.144000000,0.549000000
22:26:34,100719,50.638686193,-123.414104242,461.220000000,16,0.368000000,0.144000000,0.549000000
22:26:35,100719,50.638686158,-123.414104242,461.216000000,16,0.368000000,0.144000000,0.549000000
22:26:36,100719,50.638686008,-123.414104177,461.188000000,16,0.368000000,0.144000000,0.549000000
22:26:37,100719,50.638685917,-123.414104130,461.174000000,16,0.368000000,0.144000000,0.549000000
22:26:38,100719,50.638685827,-123.414104073,461.157000000,16,0.368000000,0.144000000,0.549000000
22:26:39,100719,50.638685745,-123.414104032,461.145000000,17,0.190000000,0.143000000,0.386000000
22:26:40,100719,50.638685688,-123.414104025,461.138000000,17,0.190000000,0.143000000,0.386000000
22:26:41,100719,50.638685638,-123.414103908,461.120000000,17,0.190000000,0.143000000,0.386000000
22:26:42,100719,50.638685667,-123.414103945,461.130000000,17,0.189000000,0.143000000,0.386000000
22:26:43,100719,50.638685758,-123.414103985,461.147000000,17,0.189000000,0.143000000,0.386000000
22:26:44,100719,50.638685882,-123.414104115,461.182000000,17,0.189000000,0.143000000,0.386000000
22:26:45,100719,50.638686073,-123.414104170,461.213000000,17,0.189000000,0.143000000,0.386000000
22:26:46,100719,50.638686158,-123.414104235,461.233000000,17,0.189000000,0.143000000,0.386000000
22:26:47,100719,50.638686242,-123.414104277,461.248000000,17,0.189000000,0.143000000,0.386000000
22:26:48,100719,50.638686285,-123.414104348,461.265000000,17,0.189000000,0.143000000,0.386000000
22:26:49,100719,50.638686363,-123.414104425,461.283000000,16,0.367000000,0.144000000,0.548000000
22:26:50,100719,50.638686445,-123.414104508,461.306000000,16,0.367000000,0.144000000,0.548000000
22:26:51,100719,50.638686527,-123.414104567,461.326000000,16,0.367000000,0.144000000,0.548000000
22:26:52,100719,50.638686495,-123.414104590,461.329000000,16,0.367000000,0.144000000,0.548000000
22:26:53,100719,50.638686393,-123.414104573,461.318000000,16,0.367000000,0.144000000,0.548000000
22:26:54,100719,50.638686252,-123.414104540,461.299000000,16,0.367000000,0.144000000,0.548000000
22:26:55,100719,50.638686112,-123.414104523,461.277000000,16,0.367000000,0.144000000,0.548000000
22:26:56,100719,50.638686003,-123.414104485,461.260000000,16,0.367000000,0.144000000,0.548000000
22:26:57,100719,50.638685877,-123.414104427,461.238000000,16,0.367000000,0.144000000,0.548000000
22:26:58,100719,50.638685803,-123.414104400,461.226000000,16,0.367000000,0.144000000,0.548000000
22:26:59,100719,50.638685772,-123.414104380,461.221000000,16,0.367000000,0.144000000,0.548000000
22:27:00,100719,50.638685752,-123.414104378,461.216000000,16,0.367000000,0.144000000,0.548000000
22:27:01,100719,50.638685658,-123.414104362,461.201000000,16,0.366000000,0.144000000,0.548000000
22:27:02,100719,50.638685592,-123.414104337,461.193000000,16,0.366000000,0.144000000,0.548000000
22:27:03,100719,50.638685608,-123.414104402,461.199000000,16,0.366000000,0.144000000,0.548000000
22:27:04,100719,50.638685653,-123.414104415,461.209000000,16,0.366000000,0.144000000,0.548000000
22:27:05,100719,50.638685770,-123.414104463,461.234000000,17,0.275000000,0.139000000,0.473000000
22:27:06,100719,50.638685953,-123.414104480,461.263000000,17,0.275000000,0.139000000,0.473000000
22:27:07,100719,50.638686128,-123.414104538,461.292000000,17,0.275000000,0.139000000,0.473000000
22:27:08,100719,50.638686207,-123.414104588,461.311000000,17,0.275000000,0.139000000,0.473000000
22:27:09,100719,50.638686237,-123.414104598,461.318000000,17,0.275000000,0.139000000,0.473000000
22:27:10,100719,50.638686332,-123.414104622,461.332000000,17,0.275000000,0.139000000,0.473000000
22:27:11,100719,50.638686363,-123.414104645,461.340000000,17,0.275000000,0.139000000,0.473000000
22:27:12,100719,50.638686337,-123.414104640,461.333000000,17,0.275000000,0.139000000,0.473000000
22:27:13,100719,50.638686283,-123.414104577,461.320000000,17,0.275000000,0.139000000,0.473000000
22:27:14,100719,50.638686250,-123.414104535,461.314000000,17,0.275000000,0.139000000,0.473000000
22:27:15,100719,50.638686247,-123.414104495,461.309000000,17,0.275000000,0.139000000,0.473000000
22:27:16,100719,50.638686212,-123.414104452,461.296000000,17,0.275000000,0.139000000,0.473000000
22:27:17,100719,50.638686162,-123.414104420,461.290000000,17,0.276000000,0.139000000,0.474000000
22:27:18,100719,50.638686167,-123.414104405,461.288000000,17,0.276000000,0.139000000,0.474000000
22:27:19,100719,50.638686140,-123.414104388,461.282000000,17,0.276000000,0.139000000,0.474000000
22:27:20,100719,50.638686158,-123.414104407,461.286000000,17,0.276000000,0.139000000,0.474000000
22:27:21,100719,50.638686160,-123.414104412,461.290000000,17,0.276000000,0.139000000,0.474000000
22:27:22,100719,50.638686158,-123.414104447,461.292000000,17,0.276000000,0.139000000,0.474000000
22:27:23,100719,50.638686137,-123.414104390,461.287000000,17,0.276000000,0.139000000,0.474000000
22:27:24,100719,50.638686095,-123.414104353,461.272000000,17,0.276000000,0.139000000,0.474000000
22:27:25,100719,50.638686152,-123.414104328,461.275000000,17,0.276000000,0.139000000,0.474000000
22:27:26,100719,50.638686120,-123.414104322,461.266000000,17,0.276000000,0.139000000,0.474000000
22:27:27,100719,50.638686110,-123.414104292,461.266000000,17,0.276000000,0.139000000,0.474000000
22:27:28,100719,50.638686130,-123.414104288,461.269000000,18,0.266000000,0.130000000,0.446000000
22:27:29,100719,50.638686182,-123.414104282,461.273000000,18,0.266000000,0.130000000,0.446000000
22:27:30,100719,50.638686238,-123.414104275,461.279000000,18,0.266000000,0.130000000,0.446000000
22:27:31,100719,50.638686267,-123.414104157,461.277000000,17,0.276000000,0.139000000,0.474000000
22:27:32,100719,50.638686268,-123.414104203,461.275000000,17,0.276000000,0.139000000,0.474000000
22:27:33,100719,50.638686290,-123.414104165,461.276000000,17,0.276000000,0.139000000,0.474000000
22:27:34,100719,50.638686277,-123.414104240,461.289000000,17,0.276000000,0.139000000,0.474000000
22:27:35,100719,50.638686308,-123.414104270,461.298000000,17,0.276000000,0.139000000,0.474000000
22:27:36,100719,50.638686232,-123.414104257,461.287000000,18,0.266000000,0.130000000,0.446000000
22:27:37,100719,50.638686173,-123.414104228,461.273000000,18,0.266000000,0.130000000,0.446000000
22:27:38,100719,50.638686135,-123.414104213,461.268000000,18,0.266000000,0.130000000,0.446000000
22:27:39,100719,50.638686113,-123.414104200,461.260000000,18,0.266000000,0.130000000,0.447000000
22:27:40,100719,50.638686080,-123.414104195,461.257000000,18,0.266000000,0.130000000,0.447000000
22:27:41,100719,50.638686078,-123.414104193,461.258000000,18,0.266000000,0.130000000,0.447000000
22:27:42,100719,50.638686110,-123.414104177,461.260000000,18,0.266000000,0.130000000,0.447000000
22:27:43,100719,50.638686155,-123.414104147,461.259000000,18,0.266000000,0.130000000,0.447000000
22:27:44,100719,50.638686168,-123.414104123,461.266000000,18,0.266000000,0.130000000,0.447000000
22:27:45,100719,50.638686165,-123.414104105,461.261000000,18,0.266000000,0.130000000,0.447000000
22:27:46,100719,50.638686157,-123.414104103,461.261000000,18,0.266000000,0.130000000,0.447000000
22:27:47,100719,50.638686178,-123.414104107,461.264000000,18,0.266000000,0.130000000,0.447000000
22:27:48,100719,50.638686238,-123.414104137,461.274000000,18,0.266000000,0.130000000,0.447000000
22:27:49,100719,50.638686253,-123.414104147,461.280000000,18,0.266000000,0.130000000,0.447000000
22:27:50,100719,50.638686267,-123.414104137,461.280000000,18,0.266000000,0.130000000,0.447000000
22:27:51,100719,50.638686288,-123.414104148,461.285000000,18,0.266000000,0.130000000,0.447000000
22:27:52,100719,50.638686285,-123.414104155,461.285000000,18,0.266000000,0.130000000,0.447000000
22:27:53,100719,50.638686247,-123.414104158,461.282000000,18,0.266000000,0.130000000,0.447000000
22:27:54,100719,50.638686173,-123.414104133,461.267000000,18,0.266000000,0.130000000,0.447000000
22:27:55,100719,50.638686110,-123.414104102,461.263000000,18,0.266000000,0.130000000,0.447000000
22:27:56,100719,50.638686085,-123.414104057,461.253000000,18,0.266000000,0.130000000,0.447000000
22:27:57,100719,50.638686062,-123.414104020,461.241000000,18,0.267000000,0.130000000,0.448000000
22:27:58,100719,50.638686012,-123.414104012,461.233000000,19,0.176000000,0.129000000,0.371000000
22:27:59,100719,50.638685992,-123.414104000,461.227000000,18,0.267000000,0.130000000,0.448000000
22:28:00,100719,50.638686040,-123.414103998,461.237000000,19,0.176000000,0.129000000,0.371000000
22:28:01,100719,50.638686068,-123.414103940,461.235000000,19,0.176000000,0.129000000,0.371000000
22:28:02,100719,50.638686067,-123.414103920,461.229000000,19,0.176000000,0.129000000,0.371000000
22:28:03,100719,50.638686047,-123.414103907,461.230000000,19,0.176000000,0.129000000,0.371000000
22:28:04,100719,50.638686023,-123.414103917,461.223000000,19,0.176000000,0.129000000,0.371000000
22:28:05,100719,50.638686012,-123.414103888,461.215000000,19,0.176000000,0.129000000,0.371000000
22:28:06,100719,50.638686072,-123.414103870,461.224000000,19,0.176000000,0.129000000,0.372000000
22:28:07,100719,50.638686163,-123.414103843,461.233000000,19,0.176000000,0.129000000,0.372000000
22:28:08,100719,50.638686213,-123.414103798,461.235000000,19,0.176000000,0.129000000,0.372000000
22:28:09,100719,50.638686282,-123.414103778,461.246000000,19,0.176000000,0.129000000,0.372000000
22:28:10,100719,50.638686293,-123.414103863,461.256000000,19,0.176000000,0.129000000,0.372000000
22:28:11,100719,50.638686497,-123.414103683,461.248000000,18,0.176000000,0.133000000,0.375000000
22:28:12,100719,50.638686363,-123.414103772,461.249000000,18,0.176000000,0.133000000,0.375000000
22:28:13,100719,50.638686255,-123.414103817,461.241000000,18,0.176000000,0.133000000,0.375000000
22:28:14,100719,50.638686158,-123.414103787,461.223000000,18,0.176000000,0.133000000,0.375000000
22:28:15,100719,50.638686057,-123.414103775,461.209000000,19,0.176000000,0.129000000,0.372000000
22:28:16,100719,50.638686007,-123.414103752,461.198000000,19,0.176000000,0.129000000,0.372000000
22:28:17,100719,50.638685922,-123.414103723,461.180000000,19,0.176000000,0.129000000,0.372000000
22:28:18,100719,50.638685865,-123.414103698,461.170000000,19,0.176000000,0.129000000,0.372000000
22:28:19,100719,50.638685792,-123.414103672,461.160000000,19,0.176000000,0.129000000,0.372000000
22:28:20,100719,50.638685750,-123.414103622,461.146000000,19,0.176000000,0.129000000,0.372000000
22:28:21,100719,50.638685703,-123.414103607,461.142000000,19,0.176000000,0.129000000,0.372000000
22:28:22,100719,50.638685598,-123.414103617,461.128000000,19,0.176000000,0.129000000,0.372000000
22:28:23,100719,50.638685555,-123.414103608,461.121000000,19,0.176000000,0.129000000,0.372000000
22:28:24,100719,50.638685550,-123.414103603,461.127000000,19,0.176000000,0.129000000,0.372000000
22:28:25,100719,50.638685548,-123.414103628,461.130000000,19,0.176000000,0.129000000,0.372000000
22:28:26,100719,50.638685515,-123.414103635,461.123000000,20,0.161000000,0.124000000,0.312000000
22:28:27,100719,50.638685455,-123.414103647,461.112000000,20,0.161000000,0.124000000,0.312000000
22:28:28,100719,50.638685390,-123.414103652,461.107000000,20,0.161000000,0.124000000,0.312000000
22:28:29,100719,50.638685433,-123.414103545,461.099000000,20,0.161000000,0.124000000,0.312000000
22:28:30,100719,50.638685322,-123.414103615,461.096000000,20,0.161000000,0.124000000,0.312000000
22:28:31,100719,50.638685398,-123.414103498,461.095000000,18,0.201000000,0.134000000,0.324000000
22:28:32,100719,50.638685387,-123.414103457,461.086000000,18,0.201000000,0.134000000,0.324000000
22:28:33,100719,50.638685345,-123.414103468,461.082000000,18,0.201000000,0.134000000,0.324000000
22:28:34,100719,50.638685302,-123.414103487,461.075000000,18,0.201000000,0.134000000,0.324000000
22:28:35,100719,50.638685258,-123.414103503,461.071000000,18,0.201000000,0.134000000,0.324000000
22:28:36,100719,50.638685200,-123.414103510,461.065000000,19,0.201000000,0.128000000,0.322000000
22:28:37,100719,50.638685160,-123.414103520,461.062000000,19,0.201000000,0.128000000,0.322000000
22:28:38,100719,50.638685122,-123.414103525,461.059000000,18,0.212000000,0.137000000,0.323000000
22:28:39,100719,50.638685108,-123.414103515,461.050000000,19,0.201000000,0.128000000,0.322000000
22:28:40,100719,50.638685110,-123.414103495,461.047000000,19,0.201000000,0.128000000,0.322000000
22:28:41,100719,50.638685150,-123.414103490,461.050000000,18,0.212000000,0.137000000,0.323000000
22:28:42,100719,50.638685195,-123.414103482,461.053000000,18,0.212000000,0.137000000,0.323000000
22:28:43,100719,50.638685238,-123.414103467,461.057000000,18,0.212000000,0.137000000,0.323000000
22:28:44,100719,50.638685230,-123.414103487,461.054000000,18,0.212000000,0.137000000,0.323000000
22:28:45,100719,50.638685255,-123.414103490,461.059000000,18,0.212000000,0.137000000,0.323000000
22:28:46,100719,50.638685295,-123.414103472,461.060000000,18,0.212000000,0.137000000,0.323000000
22:28:47,100719,50.638685303,-123.414103483,461.059000000,18,0.213000000,0.137000000,0.324000000
22:28:48,100719,50.638685287,-123.414103508,461.052000000,18,0.213000000,0.137000000,0.324000000
22:28:49,100719,50.638685263,-123.414103542,461.051000000,17,0.230000000,0.153000000,0.324000000
22:28:50,100719,50.638685190,-123.414103618,461.049000000,17,0.230000000,0.153000000,0.324000000
22:28:51,100719,50.638685180,-123.414103638,461.046000000,17,0.230000000,0.153000000,0.324000000
22:28:52,100719,50.638685172,-123.414103660,461.045000000,17,0.231000000,0.153000000,0.324000000
22:28:53,100719,50.638685082,-123.414103752,461.046000000,17,0.231000000,0.153000000,0.324000000
22:28:54,100719,50.638685025,-123.414103907,461.019000000,17,0.231000000,0.153000000,0.324000000
22:28:55,100719,50.638684922,-123.414103845,461.021000000,16,0.232000000,0.164000000,0.326000000
22:28:56,100719,50.638684895,-123.414103790,461.021000000,16,0.232000000,0.164000000,0.326000000
22:28:57,100719,50.638684828,-123.414103770,461.017000000,17,0.213000000,0.145000000,0.326000000
22:28:58,100719,50.638684777,-123.414103743,461.012000000,17,0.213000000,0.145000000,0.326000000
22:28:59,100719,50.638684770,-123.414103748,461.017000000,18,0.201000000,0.134000000,0.325000000
22:29:00,100719,50.638684768,-123.414103730,461.017000000,18,0.201000000,0.134000000,0.325000000
22:29:01,100719,50.638684777,-123.414103732,461.032000000,18,0.201000000,0.134000000,0.325000000
22:29:02,100719,50.638684797,-123.414103733,461.039000000,19,0.161000000,0.130000000,0.314000000
22:29:03,100719,50.638684808,-123.414103797,461.041000000,19,0.161000000,0.130000000,0.314000000
22:29:04,100719,50.638684837,-123.414103798,461.045000000,18,0.167000000,0.131000000,0.314000000
22:29:05,100719,50.638684827,-123.414103830,461.047000000,18,0.167000000,0.131000000,0.314000000
22:29:06,100719,50.638684815,-123.414103865,461.042000000,17,0.215000000,0.134000000,0.326000000
22:29:07,100719,50.638684748,-123.414103908,461.029000000,17,0.215000000,0.134000000,0.326000000
22:29:08,100719,50.638684733,-123.414103905,461.035000000,16,0.215000000,0.136000000,0.338000000
22:29:09,100719,50.638684742,-123.414103827,461.036000000,16,0.215000000,0.136000000,0.338000000
22:29:10,100719,50.638684713,-123.414103820,461.039000000,16,0.215000000,0.136000000,0.338000000
22:29:11,100719,50.638684677,-123.414103848,461.042000000,16,0.215000000,0.136000000,0.338000000
22:29:12,100719,50.638684695,-123.414103905,461.029000000,15,0.215000000,0.139000000,0.340000000
22:29:13,100719,50.638684588,-123.414103998,461.031000000,15,0.215000000,0.139000000,0.340000000
22:29:14,100719,50.638684450,-123.414103900,461.018000000,15,0.215000000,0.137000000,0.328000000
22:29:15,100719,50.638684497,-123.414103925,461.012000000,15,0.216000000,0.138000000,0.342000000
22:29:16,100719,50.638684535,-123.414103928,461.004000000,15,0.216000000,0.138000000,0.342000000
22:29:17,100719,50.638684590,-123.414103968,461.004000000,15,0.216000000,0.138000000,0.342000000
22:29:18,100719,50.638684588,-123.414103992,460.993000000,15,0.216000000,0.138000000,0.342000000
22:29:19,100719,50.638684605,-123.414103997,461.008000000,14,0.226000000,0.149000000,0.344000000
22:29:20,100719,50.638684572,-123.414104007,461.010000000,16,0.226000000,0.148000000,0.328000000
22:29:21,100719,50.638684588,-123.414104012,461.008000000,17,0.213000000,0.147000000,0.328000000
22:29:22,100719,50.638684597,-123.414104013,461.004000000,17,0.213000000,0.140000000,0.327000000
22:29:23,100719,50.638684593,-123.414103985,461.006000000,17,0.213000000,0.140000000,0.327000000
22:29:24,100719,50.638684533,-123.414104033,460.986000000,17,0.213000000,0.140000000,0.327000000
22:29:25,100719,50.638684548,-123.414103975,460.984000000,16,0.213000000,0.147000000,0.329000000
22:29:26,100719,50.638684440,-123.414104015,460.978000000,17,0.213000000,0.144000000,0.327000000
22:29:27,100719,50.638684417,-123.414104093,460.960000000,16,0.213000000,0.145000000,0.341000000
22:29:28,100719,50.638684362,-123.414104127,460.958000000,16,0.213000000,0.145000000,0.341000000
22:29:29,100719,50.638684318,-123.414104127,460.960000000,16,0.213000000,0.145000000,0.341000000
22:29:30,100719,50.638684325,-123.414104055,460.960000000,17,0.213000000,0.145000000,0.342000000
22:29:31,100719,50.638684283,-123.414104002,460.956000000,16,0.213000000,0.145000000,0.342000000
22:29:32,100719,50.638684295,-123.414104017,460.941000000,16,0.213000000,0.145000000,0.342000000
22:29:33,100719,50.638684302,-123.414104000,460.922000000,16,0.213000000,0.145000000,0.342000000
22:29:34,100719,50.638684237,-123.414104065,460.913000000,16,0.213000000,0.145000000,0.342000000
22:29:35,100719,50.638684302,-123.414104035,460.906000000,17,0.169000000,0.140000000,0.329000000
22:29:36,100719,50.638684342,-123.414104060,460.906000000,19,0.161000000,0.130000000,0.315000000
22:29:37,100719,50.638684345,-123.414104093,460.905000000,19,0.169000000,0.130000000,0.313000000
22:29:38,100719,50.638684352,-123.414104148,460.911000000,19,0.169000000,0.130000000,0.313000000
22:29:39,100719,50.638684348,-123.414104203,460.914000000,19,0.169000000,0.130000000,0.313000000
22:29:40,100719,50.638684368,-123.414104223,460.920000000,19,0.169000000,0.130000000,0.313000000
22:29:41,100719,50.638684395,-123.414104105,460.935000000,18,0.213000000,0.137000000,0.326000000
22:29:42,100719,50.638684367,-123.414104090,460.936000000,17,0.213000000,0.137000000,0.326000000
22:29:43,100719,50.638684370,-123.414104117,460.938000000,16,0.215000000,0.163000000,0.340000000
22:29:44,100719,50.638684347,-123.414104107,460.935000000,16,0.215000000,0.163000000,0.340000000
22:29:45,100719,50.638684355,-123.414104123,460.936000000,16,0.215000000,0.163000000,0.340000000
22:29:46,100719,50.638684315,-123.414104142,460.934000000,16,0.215000000,0.163000000,0.340000000
22:29:47,100719,50.638684262,-123.414104180,460.933000000,16,0.215000000,0.163000000,0.340000000
22:29:48,100719,50.638684188,-123.414104190,460.928000000,17,0.215000000,0.163000000,0.340000000
22:29:49,100719,50.638684120,-123.414104227,460.921000000,17,0.202000000,0.147000000,0.340000000
22:29:50,100719,50.638684045,-123.414104243,460.915000000,17,0.202000000,0.147000000,0.340000000
22:29:51,100719,50.638684003,-123.414104235,460.909000000,17,0.202000000,0.147000000,0.340000000
22:29:52,100719,50.638683962,-123.414104213,460.896000000,17,0.202000000,0.147000000,0.340000000
22:29:53,100719,50.638683960,-123.414104165,460.885000000,17,0.202000000,0.147000000,0.340000000
22:29:54,100719,50.638683928,-123.414104190,460.882000000,17,0.202000000,0.147000000,0.340000000
22:29:55,100719,50.638683885,-123.414104153,460.876000000,18,0.163000000,0.145000000,0.327000000
22:29:56,100719,50.638683847,-123.414104113,460.870000000,18,0.163000000,0.145000000,0.327000000
