TIME,DATE(ddMMyy),LATITUDEGGA,LONGITUDEGGA,ALTITUDEGGA,NUMBERSAT,LATERR,LONGERR,ALTERR
15:02:57,100719,50.635571732,-123.405593920,479.429000000,18,0.403000000,0.506000000,0.977000000
15:02:58,100719,50.635571682,-123.405593768,479.417000000,18,0.363000000,0.456000000,0.881000000
15:02:59,100719,50.635571668,-123.405593643,479.414000000,18,0.363000000,0.456000000,0.881000000
15:03:00,100719,50.635571662,-123.405593638,479.413000000,18,0.363000000,0.456000000,0.881000000
15:03:01,100719,50.635571533,-123.405593703,479.420000000,18,0.325000000,0.408000000,0.788000000
15:03:02,100719,50.635571623,-123.405593740,479.421000000,18,0.325000000,0.408000000,0.788000000
15:03:03,100719,50.635571658,-123.405593770,479.419000000,18,0.325000000,0.408000000,0.788000000
15:03:04,100719,50.635571693,-123.405593767,479.422000000,18,0.303000000,0.381000000,0.736000000
15:03:05,100719,50.635571705,-123.405593777,479.423000000,18,0.303000000,0.381000000,0.736000000
15:03:06,100719,50.635571770,-123.405593690,479.409000000,18,0.303000000,0.381000000,0.736000000
15:03:07,100719,50.635571810,-123.405593507,479.407000000,18,0.287000000,0.360000000,0.697000000
15:03:08,100719,50.635571880,-123.405593368,479.391000000,18,0.287000000,0.360000000,0.697000000
15:03:09,100719,50.635571940,-123.405593608,479.366000000,18,0.287000000,0.360000000,0.697000000
15:03:10,100719,50.635572150,-123.405594678,478.889000000,18,0.265000000,0.332000000,0.643000000
15:03:11,100719,50.635571382,-123.405594788,478.290000000,18,0.265000000,0.332000000,0.643000000
15:03:12,100719,50.635571497,-123.405594605,478.270000000,18,0.265000000,0.332000000,0.643000000
15:03:13,100719,50.635571528,-123.405594425,478.293000000,19,0.251000000,0.265000000,0.587000000
15:03:14,100719,50.635571590,-123.405594225,478.324000000,19,0.251000000,0.265000000,0.587000000
15:03:15,100719,50.635571568,-123.405594097,478.304000000,19,0.251000000,0.265000000,0.587000000
15:03:16,100719,50.635571547,-123.405594015,478.304000000,19,0.281000000,0.296000000,0.656000000
15:03:17,100719,50.635571415,-123.405594268,478.287000000,19,0.285000000,0.300000000,0.666000000
15:03:18,100719,50.635571340,-123.405594420,478.274000000,19,0.285000000,0.300000000,0.666000000
15:03:19,100719,50.635571242,-123.405594525,478.258000000,19,0.318000000,0.336000000,0.745000000
15:03:20,100719,50.635571193,-123.405594602,478.241000000,19,0.318000000,0.336000000,0.745000000
15:03:21,100719,50.635571160,-123.405594657,478.223000000,19,0.318000000,0.336000000,0.745000000
15:03:22,100719,50.635571130,-123.405594670,478.209000000,19,0.333000000,0.351000000,0.779000000
15:03:23,100719,50.635571095,-123.405594727,478.202000000,19,0.333000000,0.351000000,0.779000000
15:03:24,100719,50.635571080,-123.405594755,478.194000000,19,0.333000000,0.351000000,0.779000000
15:03:25,100719,50.635571068,-123.405594820,478.194000000,19,0.333000000,0.351000000,0.779000000
15:03:26,100719,50.635571075,-123.405594875,478.191000000,19,0.333000000,0.351000000,0.779000000
15:03:27,100719,50.635571095,-123.405594928,478.190000000,19,0.333000000,0.351000000,0.779000000
15:03:28,100719,50.635571095,-123.405594975,478.189000000,19,0.312000000,0.329000000,0.731000000
15:03:29,100719,50.635571093,-123.405595000,478.185000000,19,0.312000000,0.329000000,0.731000000
15:03:30,100719,50.635571092,-123.405595042,478.182000000,19,0.292000000,0.308000000,0.683000000
15:03:31,100719,50.635571075,-123.405595032,478.178000000,19,0.292000000,0.308000000,0.683000000
15:03:32,100719,50.635571050,-123.405595010,478.170000000,18,0.276000000,0.291000000,0.646000000
15:03:33,100719,50.635571020,-123.405594947,478.158000000,18,0.280000000,0.351000000,0.681000000
15:03:34,100719,50.635570995,-123.405594917,478.149000000,18,0.280000000,0.351000000,0.681000000
15:03:35,100719,50.635570998,-123.405594885,478.144000000,18,0.280000000,0.351000000,0.681000000
15:03:36,100719,50.635570980,-123.405594907,478.150000000,18,0.265000000,0.333000000,0.646000000
15:03:37,100719,50.635570948,-123.405594898,478.147000000,18,0.265000000,0.333000000,0.646000000
15:03:38,100719,50.635570920,-123.405594922,478.150000000,18,0.265000000,0.333000000,0.646000000
15:03:39,100719,50.635570913,-123.405594867,478.147000000,18,0.254000000,0.318000000,0.618000000
15:03:40,100719,50.635570932,-123.405594797,478.143000000,18,0.254000000,0.318000000,0.618000000
15:03:41,100719,50.635570950,-123.405594762,478.142000000,18,0.254000000,0.318000000,0.618000000
15:03:42,100719,50.635570963,-123.405594753,478.142000000,18,0.240000000,0.302000000,0.586000000
15:03:43,100719,50.635570975,-123.405594733,478.144000000,18,0.240000000,0.302000000,0.586000000
15:03:44,100719,50.635570990,-123.405594700,478.146000000,18,0.240000000,0.302000000,0.586000000
15:03:45,100719,50.635570998,-123.405594673,478.147000000,18,0.229000000,0.287000000,0.557000000
15:03:46,100719,50.635571002,-123.405594702,478.152000000,18,0.229000000,0.287000000,0.557000000
15:03:47,100719,50.635570997,-123.405594708,478.155000000,18,0.224000000,0.281000000,0.546000000
15:03:48,100719,50.635570988,-123.405594675,478.150000000,18,0.222000000,0.278000000,0.541000000
15:03:49,100719,50.635570975,-123.405594615,478.147000000,18,0.220000000,0.276000000,0.537000000
15:03:50,100719,50.635570960,-123.405594563,478.141000000,19,0.220000000,0.276000000,0.537000000
15:03:51,100719,50.635570948,-123.405594537,478.138000000,19,0.215000000,0.227000000,0.505000000
15:03:52,100719,50.635570935,-123.405594503,478.134000000,19,0.215000000,0.227000000,0.505000000
15:03:53,100719,50.635570927,-123.405594407,478.124000000,19,0.215000000,0.227000000,0.505000000
15:03:54,100719,50.635570910,-123.405594300,478.115000000,19,0.240000000,0.253000000,0.563000000
15:03:55,100719,50.635570880,-123.405594197,478.102000000,19,0.240000000,0.253000000,0.563000000
15:03:56,100719,50.635570848,-123.405594088,478.087000000,19,0.240000000,0.253000000,0.563000000
15:03:57,100719,50.635570820,-123.405593965,478.073000000,19,0.273000000,0.287000000,0.639000000
15:03:58,100719,50.635570783,-123.405593867,478.057000000,19,0.273000000,0.287000000,0.639000000
15:03:59,100719,50.635570732,-123.405593723,478.041000000,19,0.273000000,0.287000000,0.639000000
15:04:00,100719,50.635570667,-123.405593603,478.028000000,19,0.286000000,0.300000000,0.670000000
15:04:01,100719,50.635570585,-123.405593447,478.014000000,19,0.286000000,0.300000000,0.670000000
15:04:02,100719,50.635570482,-123.405593273,478.001000000,19,0.286000000,0.300000000,0.670000000
15:04:03,100719,50.635570368,-123.405593078,477.982000000,19,0.251000000,0.264000000,0.589000000
15:04:04,100719,50.635570250,-123.405592872,477.959000000,19,0.251000000,0.264000000,0.589000000
15:04:05,100719,50.635570128,-123.405592677,477.938000000,19,0.251000000,0.264000000,0.589000000
15:04:06,100719,50.635570023,-123.405592482,477.916000000,19,0.224000000,0.235000000,0.525000000
15:04:07,100719,50.635569900,-123.405592275,477.895000000,19,0.224000000,0.235000000,0.525000000
15:04:08,100719,50.635569772,-123.405592108,477.874000000,19,0.224000000,0.235000000,0.525000000
15:04:09,100719,50.635569653,-123.405591888,477.854000000,18,0.221000000,0.277000000,0.540000000
15:04:10,100719,50.635569537,-123.405591667,477.833000000,18,0.221000000,0.277000000,0.540000000
15:04:11,100719,50.635569408,-123.405591438,477.809000000,18,0.221000000,0.277000000,0.540000000
15:04:12,100719,50.635569273,-123.405591207,477.785000000,18,0.198000000,0.248000000,0.484000000
15:04:13,100719,50.635569120,-123.405590967,477.760000000,18,0.198000000,0.248000000,0.484000000
15:04:14,100719,50.635568977,-123.405590675,477.729000000,18,0.198000000,0.248000000,0.484000000
15:04:15,100719,50.635568833,-123.405590383,477.698000000,18,0.184000000,0.230000000,0.449000000
15:04:16,100719,50.635568668,-123.405590107,477.667000000,18,0.184000000,0.230000000,0.449000000
15:04:17,100719,50.635568490,-123.405589852,477.640000000,18,0.184000000,0.230000000,0.449000000
15:04:18,100719,50.635568297,-123.405589565,477.605000000,18,0.175000000,0.219000000,0.428000000
15:04:19,100719,50.635568108,-123.405589272,477.572000000,18,0.175000000,0.219000000,0.428000000
15:04:20,100719,50.635567938,-123.405588950,477.536000000,18,0.175000000,0.219000000,0.428000000
15:04:21,100719,50.635567777,-123.405588647,477.496000000,18,0.171000000,0.214000000,0.419000000
15:04:22,100719,50.635567622,-123.405588328,477.457000000,18,0.171000000,0.214000000,0.419000000
15:04:23,100719,50.635567473,-123.405588023,477.427000000,18,0.171000000,0.214000000,0.419000000
15:04:24,100719,50.635567352,-123.405587693,477.397000000,18,0.169000000,0.212000000,0.414000000
15:04:25,100719,50.635567220,-123.405587338,477.360000000,18,0.169000000,0.212000000,0.414000000
15:04:26,100719,50.635567092,-123.405587027,477.325000000,18,0.169000000,0.212000000,0.414000000
15:04:27,100719,50.635566968,-123.405586725,477.292000000,18,0.167000000,0.209000000,0.408000000
15:04:28,100719,50.635566853,-123.405586453,477.260000000,18,0.167000000,0.209000000,0.408000000
15:04:29,100719,50.635566738,-123.405586163,477.225000000,18,0.167000000,0.209000000,0.408000000
15:04:30,100719,50.635566638,-123.405585892,477.192000000,18,0.166000000,0.208000000,0.407000000
15:04:31,100719,50.635566522,-123.405585628,477.160000000,18,0.166000000,0.208000000,0.407000000
15:04:32,100719,50.635566398,-123.405585378,477.129000000,18,0.166000000,0.208000000,0.407000000
15:04:33,100719,50.635566293,-123.405585098,477.096000000,18,0.167000000,0.209000000,0.408000000
15:04:34,100719,50.635566210,-123.405584783,477.061000000,18,0.167000000,0.209000000,0.408000000
15:04:35,100719,50.635566125,-123.405584527,477.031000000,18,0.167000000,0.209000000,0.408000000
15:04:36,100719,50.635566015,-123.405584255,476.999000000,18,0.168000000,0.210000000,0.411000000
15:04:37,100719,50.635565890,-123.405583990,476.969000000,18,0.168000000,0.210000000,0.411000000
15:04:38,100719,50.635565772,-123.405583720,476.937000000,18,0.168000000,0.210000000,0.412000000
15:04:39,100719,50.635565683,-123.405583477,476.913000000,18,0.168000000,0.210000000,0.412000000
15:04:40,100719,50.635565602,-123.405583250,476.887000000,18,0.168000000,0.210000000,0.412000000
15:04:41,100719,50.635565528,-123.405583050,476.869000000,18,0.168000000,0.210000000,0.412000000
15:04:42,100719,50.635565460,-123.405582877,476.849000000,18,0.168000000,0.210000000,0.412000000
15:04:43,100719,50.635565408,-123.405582697,476.831000000,18,0.168000000,0.210000000,0.412000000
15:04:44,100719,50.635565360,-123.405582528,476.817000000,18,0.168000000,0.210000000,0.412000000
15:04:45,100719,50.635565313,-123.405582332,476.800000000,18,0.168000000,0.210000000,0.412000000
15:04:46,100719,50.635565272,-123.405582177,476.787000000,18,0.168000000,0.210000000,0.412000000
15:04:47,100719,50.635565220,-123.405582022,476.773000000,18,0.167000000,0.209000000,0.409000000
15:04:48,100719,50.635565163,-123.405581855,476.763000000,18,0.167000000,0.209000000,0.409000000
15:04:49,100719,50.635565138,-123.405581692,476.754000000,18,0.167000000,0.208000000,0.408000000
15:04:50,100719,50.635565115,-123.405581572,476.751000000,18,0.166000000,0.208000000,0.407000000
15:04:51,100719,50.635565088,-123.405581490,476.752000000,18,0.166000000,0.207000000,0.407000000
15:04:52,100719,50.635565063,-123.405581380,476.745000000,18,0.166000000,0.207000000,0.406000000
15:04:53,100719,50.635565032,-123.405581270,476.735000000,19,0.163000000,0.170000000,0.383000000
15:04:54,100719,50.635565012,-123.405581155,476.726000000,19,0.163000000,0.170000000,0.383000000
15:04:55,100719,50.635564970,-123.405581010,476.713000000,18,0.165000000,0.206000000,0.405000000
15:04:56,100719,50.635564938,-123.405580870,476.702000000,19,0.163000000,0.170000000,0.383000000
15:04:57,100719,50.635564897,-123.405580727,476.687000000,19,0.163000000,0.170000000,0.383000000
15:04:58,100719,50.635564850,-123.405580595,476.673000000,19,0.163000000,0.170000000,0.383000000
15:04:59,100719,50.635564790,-123.405580455,476.655000000,19,0.170000000,0.178000000,0.400000000
15:05:00,100719,50.635564745,-123.405580290,476.635000000,19,0.170000000,0.178000000,0.400000000
15:05:01,100719,50.635564718,-123.405580150,476.619000000,19,0.170000000,0.178000000,0.400000000
15:05:02,100719,50.635564692,-123.405579997,476.603000000,19,0.173000000,0.181000000,0.407000000
15:05:03,100719,50.635564668,-123.405579857,476.587000000,19,0.173000000,0.181000000,0.407000000
15:05:04,100719,50.635564645,-123.405579725,476.571000000,19,0.173000000,0.181000000,0.407000000
15:05:05,100719,50.635564642,-123.405579603,476.556000000,19,0.174000000,0.182000000,0.410000000
15:05:06,100719,50.635564625,-123.405579450,476.539000000,19,0.174000000,0.182000000,0.410000000
15:05:07,100719,50.635564603,-123.405579305,476.523000000,19,0.174000000,0.182000000,0.410000000
15:05:08,100719,50.635564575,-123.405579213,476.512000000,19,0.175000000,0.183000000,0.411000000
15:05:09,100719,50.635564568,-123.405579117,476.504000000,19,0.175000000,0.183000000,0.411000000
15:05:10,100719,50.635564570,-123.405578992,476.494000000,19,0.175000000,0.183000000,0.411000000
15:05:11,100719,50.635564602,-123.405578872,476.486000000,19,0.165000000,0.172000000,0.387000000
15:05:12,100719,50.635564627,-123.405578742,476.480000000,19,0.165000000,0.172000000,0.387000000
15:05:13,100719,50.635564653,-123.405578677,476.476000000,19,0.165000000,0.172000000,0.387000000
15:05:14,100719,50.635564680,-123.405578627,476.473000000,19,0.166000000,0.173000000,0.390000000
15:05:15,100719,50.635564695,-123.405578612,476.474000000,19,0.166000000,0.173000000,0.390000000
15:05:16,100719,50.635564728,-123.405578588,476.477000000,19,0.168000000,0.176000000,0.395000000
15:05:17,100719,50.635564747,-123.405578570,476.478000000,19,0.168000000,0.176000000,0.395000000
15:05:18,100719,50.635564755,-123.405578563,476.478000000,18,0.168000000,0.210000000,0.413000000
15:05:19,100719,50.635564772,-123.405578562,476.478000000,18,0.168000000,0.210000000,0.413000000
15:05:20,100719,50.635564782,-123.405578558,476.477000000,18,0.168000000,0.210000000,0.413000000
15:05:21,100719,50.635564802,-123.405578532,476.472000000,18,0.167000000,0.209000000,0.411000000
15:05:22,100719,50.635564812,-123.405578488,476.466000000,18,0.167000000,0.209000000,0.411000000
15:05:23,100719,50.635564825,-123.405578435,476.461000000,18,0.167000000,0.209000000,0.411000000
15:05:24,100719,50.635564837,-123.405578380,476.456000000,18,0.166000000,0.207000000,0.409000000
15:05:25,100719,50.635564855,-123.405578325,476.453000000,18,0.166000000,0.207000000,0.408000000
15:05:26,100719,50.635564887,-123.405578228,476.445000000,18,0.166000000,0.207000000,0.408000000
15:05:27,100719,50.635564927,-123.405578180,476.445000000,18,0.166000000,0.207000000,0.408000000
15:05:28,100719,50.635564960,-123.405578120,476.446000000,18,0.165000000,0.206000000,0.406000000
15:05:29,100719,50.635564985,-123.405578103,476.448000000,18,0.165000000,0.206000000,0.406000000
15:05:30,100719,50.635565020,-123.405578070,476.448000000,18,0.165000000,0.206000000,0.406000000
15:05:31,100719,50.635565060,-123.405578018,476.448000000,18,0.165000000,0.205000000,0.405000000
15:05:32,100719,50.635565102,-123.405577920,476.443000000,18,0.165000000,0.205000000,0.405000000
15:05:33,100719,50.635565152,-123.405577855,476.441000000,18,0.165000000,0.205000000,0.405000000
15:05:34,100719,50.635565187,-123.405577828,476.443000000,18,0.164000000,0.205000000,0.404000000
15:05:35,100719,50.635565207,-123.405577812,476.441000000,18,0.164000000,0.205000000,0.404000000
15:05:36,100719,50.635565240,-123.405577803,476.446000000,18,0.164000000,0.205000000,0.404000000
15:05:37,100719,50.635565268,-123.405577768,476.448000000,18,0.164000000,0.205000000,0.404000000
15:05:38,100719,50.635565313,-123.405577768,476.452000000,18,0.164000000,0.205000000,0.404000000
15:05:39,100719,50.635565358,-123.405577755,476.456000000,18,0.164000000,0.205000000,0.404000000
15:05:40,100719,50.635565390,-123.405577728,476.452000000,18,0.164000000,0.204000000,0.404000000
15:05:41,100719,50.635565417,-123.405577717,476.452000000,18,0.164000000,0.204000000,0.404000000
15:05:42,100719,50.635565462,-123.405577725,476.459000000,18,0.164000000,0.204000000,0.404000000
15:05:43,100719,50.635565507,-123.405577733,476.467000000,18,0.164000000,0.204000000,0.403000000
15:05:44,100719,50.635565550,-123.405577715,476.471000000,18,0.164000000,0.204000000,0.403000000
15:05:45,100719,50.635565583,-123.405577665,476.469000000,18,0.163000000,0.203000000,0.402000000
15:05:46,100719,50.635565597,-123.405577623,476.464000000,18,0.163000000,0.203000000,0.402000000
15:05:47,100719,50.635565607,-123.405577577,476.465000000,18,0.163000000,0.203000000,0.402000000
15:05:48,100719,50.635565633,-123.405577503,476.466000000,18,0.162000000,0.201000000,0.399000000
15:05:49,100719,50.635565657,-123.405577440,476.469000000,18,0.162000000,0.201000000,0.399000000
15:05:50,100719,50.635565677,-123.405577420,476.473000000,18,0.162000000,0.201000000,0.399000000
15:05:51,100719,50.635565702,-123.405577388,476.477000000,18,0.160000000,0.200000000,0.395000000
15:05:52,100719,50.635565740,-123.405577370,476.482000000,18,0.160000000,0.200000000,0.395000000
15:05:53,100719,50.635565778,-123.405577345,476.489000000,18,0.160000000,0.200000000,0.395000000
15:05:54,100719,50.635565827,-123.405577357,476.500000000,18,0.158000000,0.197000000,0.390000000
15:05:55,100719,50.635565850,-123.405577388,476.513000000,18,0.158000000,0.197000000,0.390000000
15:05:56,100719,50.635565888,-123.405577440,476.527000000,18,0.158000000,0.197000000,0.390000000
15:05:57,100719,50.635565933,-123.405577472,476.533000000,18,0.157000000,0.195000000,0.386000000
15:05:58,100719,50.635565982,-123.405577457,476.540000000,18,0.157000000,0.195000000,0.386000000
15:05:59,100719,50.635566020,-123.405577443,476.546000000,18,0.157000000,0.195000000,0.386000000
15:06:00,100719,50.635566062,-123.405577478,476.557000000,18,0.155000000,0.193000000,0.383000000
15:06:01,100719,50.635566098,-123.405577505,476.569000000,18,0.155000000,0.193000000,0.383000000
15:06:02,100719,50.635566132,-123.405577518,476.577000000,18,0.154000000,0.192000000,0.380000000
15:06:03,100719,50.635566162,-123.405577507,476.578000000,18,0.154000000,0.192000000,0.380000000
15:06:04,100719,50.635566185,-123.405577497,476.578000000,18,0.154000000,0.192000000,0.380000000
15:06:05,100719,50.635566197,-123.405577435,476.574000000,18,0.152000000,0.189000000,0.374000000
15:06:06,100719,50.635566187,-123.405577432,476.575000000,18,0.151000000,0.188000000,0.372000000
15:06:07,100719,50.635566187,-123.405577385,476.574000000,18,0.151000000,0.188000000,0.372000000
15:06:08,100719,50.635566190,-123.405577383,476.576000000,18,0.151000000,0.188000000,0.372000000
15:06:09,100719,50.635566202,-123.405577375,476.577000000,18,0.150000000,0.186000000,0.369000000
15:06:10,100719,50.635566227,-123.405577402,476.583000000,18,0.150000000,0.186000000,0.369000000
15:06:11,100719,50.635566245,-123.405577428,476.590000000,18,0.150000000,0.186000000,0.369000000
15:06:12,100719,50.635566272,-123.405577453,476.600000000,18,0.149000000,0.185000000,0.367000000
15:06:13,100719,50.635566280,-123.405577505,476.605000000,18,0.149000000,0.185000000,0.367000000
15:06:14,100719,50.635566283,-123.405577542,476.612000000,18,0.149000000,0.185000000,0.367000000
15:06:15,100719,50.635566303,-123.405577588,476.619000000,18,0.148000000,0.184000000,0.365000000
15:06:16,100719,50.635566325,-123.405577622,476.629000000,18,0.148000000,0.184000000,0.365000000
15:06:17,100719,50.635566343,-123.405577668,476.636000000,18,0.148000000,0.184000000,0.365000000
15:06:18,100719,50.635566353,-123.405577710,476.641000000,18,0.147000000,0.182000000,0.362000000
15:06:19,100719,50.635566375,-123.405577738,476.647000000,18,0.147000000,0.182000000,0.362000000
15:06:20,100719,50.635566410,-123.405577770,476.654000000,18,0.146000000,0.182000000,0.361000000
15:06:21,100719,50.635566447,-123.405577827,476.665000000,18,0.146000000,0.182000000,0.361000000
15:06:22,100719,50.635566448,-123.405577852,476.673000000,18,0.146000000,0.182000000,0.361000000
15:06:23,100719,50.635566515,-123.405577847,476.677000000,18,0.146000000,0.181000000,0.360000000
15:06:24,100719,50.635566588,-123.405577910,476.713000000,18,0.146000000,0.181000000,0.360000000
15:06:25,100719,50.635566677,-123.405577783,476.722000000,18,0.146000000,0.181000000,0.360000000
15:06:26,100719,50.635566740,-123.405577755,476.743000000,18,0.146000000,0.181000000,0.360000000
15:06:27,100719,50.635566773,-123.405577738,476.761000000,18,0.146000000,0.181000000,0.360000000
15:06:28,100719,50.635566792,-123.405577693,476.769000000,18,0.146000000,0.181000000,0.361000000
15:06:29,100719,50.635566792,-123.405577675,476.772000000,18,0.146000000,0.181000000,0.361000000
15:06:30,100719,50.635566778,-123.405577712,476.775000000,18,0.146000000,0.181000000,0.361000000
15:06:31,100719,50.635566742,-123.405577733,476.767000000,18,0.146000000,0.181000000,0.361000000
15:06:32,100719,50.635566703,-123.405577772,476.757000000,18,0.146000000,0.181000000,0.361000000
15:06:33,100719,50.635566667,-123.405577822,476.754000000,18,0.146000000,0.181000000,0.361000000
15:06:34,100719,50.635566632,-123.405577847,476.749000000,18,0.146000000,0.181000000,0.361000000
15:06:35,100719,50.635566590,-123.405577892,476.746000000,18,0.146000000,0.181000000,0.361000000
15:06:36,100719,50.635566550,-123.405577927,476.746000000,18,0.146000000,0.181000000,0.361000000
15:06:37,100719,50.635566520,-123.405577923,476.744000000,18,0.146000000,0.181000000,0.361000000
15:06:38,100719,50.635566505,-123.405577947,476.744000000,18,0.146000000,0.181000000,0.361000000
15:06:39,100719,50.635566490,-123.405577962,476.743000000,18,0.146000000,0.181000000,0.361000000
15:06:40,100719,50.635566480,-123.405577952,476.743000000,18,0.146000000,0.181000000,0.361000000
15:06:41,100719,50.635566483,-123.405577983,476.751000000,18,0.146000000,0.181000000,0.361000000
15:06:42,100719,50.635566477,-123.405578033,476.757000000,18,0.146000000,0.181000000,0.361000000
15:06:43,100719,50.635566470,-123.405578063,476.761000000,19,0.144000000,0.149000000,0.340000000
15:06:44,100719,50.635566453,-123.405578113,476.762000000,19,0.144000000,0.149000000,0.340000000
15:06:45,100719,50.635566445,-123.405578142,476.764000000,19,0.144000000,0.149000000,0.340000000
15:06:46,100719,50.635566445,-123.405578112,476.764000000,19,0.144000000,0.149000000,0.340000000
15:06:47,100719,50.635566485,-123.405578175,476.775000000,19,0.144000000,0.149000000,0.340000000
15:06:48,100719,50.635566557,-123.405577977,476.781000000,19,0.144000000,0.149000000,0.340000000
15:06:49,100719,50.635566602,-123.405577862,476.781000000,19,0.144000000,0.149000000,0.340000000
15:06:50,100719,50.635566657,-123.405577752,476.785000000,19,0.145000000,0.150000000,0.342000000
15:06:51,100719,50.635566712,-123.405577657,476.789000000,19,0.145000000,0.150000000,0.342000000
15:06:52,100719,50.635566763,-123.405577537,476.786000000,19,0.145000000,0.150000000,0.342000000
15:06:53,100719,50.635566793,-123.405577407,476.782000000,19,0.144000000,0.150000000,0.341000000
15:06:54,100719,50.635566788,-123.405577288,476.770000000,19,0.144000000,0.150000000,0.341000000
15:06:55,100719,50.635566802,-123.405577133,476.759000000,19,0.144000000,0.149000000,0.340000000
15:06:56,100719,50.635566800,-123.405577068,476.760000000,19,0.144000000,0.149000000,0.340000000
15:06:57,100719,50.635566827,-123.405576943,476.750000000,19,0.144000000,0.149000000,0.340000000
15:06:58,100719,50.635566825,-123.405576963,476.751000000,19,0.144000000,0.149000000,0.340000000
15:06:59,100719,50.635566833,-123.405576948,476.747000000,19,0.144000000,0.149000000,0.340000000
15:07:00,100719,50.635566865,-123.405576817,476.743000000,19,0.144000000,0.149000000,0.340000000
15:07:01,100719,50.635566892,-123.405576735,476.743000000,18,0.145000000,0.153000000,0.343000000
15:07:02,100719,50.635566893,-123.405576637,476.732000000,18,0.145000000,0.153000000,0.343000000
15:07:03,100719,50.635566850,-123.405576677,476.728000000,18,0.145000000,0.153000000,0.343000000
15:07:04,100719,50.635566742,-123.405576778,476.715000000,18,0.145000000,0.153000000,0.343000000
15:07:05,100719,50.635566673,-123.405576882,476.708000000,19,0.144000000,0.149000000,0.340000000
15:07:06,100719,50.635566613,-123.405576938,476.701000000,19,0.144000000,0.149000000,0.340000000
15:07:07,100719,50.635566533,-123.405576958,476.694000000,18,0.145000000,0.153000000,0.343000000
15:07:08,100719,50.635566480,-123.405576968,476.690000000,19,0.144000000,0.149000000,0.341000000
15:07:09,100719,50.635566383,-123.405576942,476.677000000,18,0.145000000,0.153000000,0.343000000
15:07:10,100719,50.635566347,-123.405576922,476.676000000,19,0.145000000,0.153000000,0.343000000
15:07:11,100719,50.635566330,-123.405576895,476.674000000,18,0.146000000,0.181000000,0.363000000
15:07:12,100719,50.635566353,-123.405576860,476.678000000,18,0.146000000,0.181000000,0.363000000
15:07:13,100719,50.635566365,-123.405576815,476.677000000,18,0.146000000,0.181000000,0.363000000
15:07:14,100719,50.635566372,-123.405576745,476.673000000,18,0.146000000,0.181000000,0.363000000
15:07:15,100719,50.635566397,-123.405576725,476.679000000,18,0.146000000,0.181000000,0.363000000
15:07:16,100719,50.635566402,-123.405576657,476.683000000,18,0.146000000,0.181000000,0.363000000
15:07:17,100719,50.635566437,-123.405576593,476.688000000,18,0.146000000,0.181000000,0.363000000
15:07:18,100719,50.635566450,-123.405576518,476.687000000,17,0.147000000,0.189000000,0.364000000
15:07:19,100719,50.635566450,-123.405576478,476.686000000,17,0.147000000,0.189000000,0.364000000
15:07:20,100719,50.635566447,-123.405576435,476.686000000,17,0.147000000,0.189000000,0.364000000
15:07:21,100719,50.635566467,-123.405576420,476.692000000,17,0.147000000,0.189000000,0.364000000
15:07:22,100719,50.635566480,-123.405576362,476.697000000,17,0.147000000,0.189000000,0.364000000
15:07:23,100719,50.635566528,-123.405576333,476.707000000,18,0.146000000,0.181000000,0.363000000
15:07:24,100719,50.635566557,-123.405576262,476.704000000,18,0.146000000,0.181000000,0.363000000
15:07:25,100719,50.635566563,-123.405576245,476.709000000,18,0.146000000,0.181000000,0.363000000
15:07:26,100719,50.635566572,-123.405576258,476.714000000,18,0.147000000,0.181000000,0.363000000
15:07:27,100719,50.635566592,-123.405576252,476.718000000,18,0.147000000,0.181000000,0.363000000
15:07:28,100719,50.635566627,-123.405576213,476.717000000,18,0.147000000,0.181000000,0.363000000
15:07:29,100719,50.635566627,-123.405576143,476.716000000,18,0.147000000,0.181000000,0.364000000
15:07:30,100719,50.635566588,-123.405576100,476.710000000,18,0.147000000,0.181000000,0.364000000
15:07:31,100719,50.635566578,-123.405576060,476.711000000,18,0.147000000,0.181000000,0.364000000
15:07:32,100719,50.635566572,-123.405576003,476.711000000,18,0.147000000,0.181000000,0.364000000
15:07:33,100719,50.635566573,-123.405575960,476.708000000,18,0.147000000,0.181000000,0.364000000
15:07:34,100719,50.635566567,-123.405575922,476.705000000,19,0.145000000,0.149000000,0.341000000
15:07:35,100719,50.635566570,-123.405575925,476.707000000,18,0.147000000,0.181000000,0.364000000
15:07:36,100719,50.635566585,-123.405575883,476.708000000,17,0.147000000,0.189000000,0.364000000
15:07:37,100719,50.635566567,-123.405575895,476.707000000,17,0.147000000,0.189000000,0.364000000
15:07:38,100719,50.635566555,-123.405575892,476.707000000,17,0.147000000,0.189000000,0.364000000
15:07:39,100719,50.635566543,-123.405575885,476.708000000,17,0.147000000,0.189000000,0.365000000
15:07:40,100719,50.635566523,-123.405575977,476.710000000,17,0.147000000,0.189000000,0.365000000
15:07:41,100719,50.635566527,-123.405576045,476.718000000,18,0.145000000,0.153000000,0.344000000
15:07:42,100719,50.635566563,-123.405576120,476.733000000,18,0.145000000,0.153000000,0.344000000
15:07:43,100719,50.635566598,-123.405576075,476.741000000,19,0.145000000,0.149000000,0.342000000
15:07:44,100719,50.635566613,-123.405576127,476.752000000,19,0.145000000,0.149000000,0.342000000
15:07:45,100719,50.635566628,-123.405576077,476.752000000,19,0.145000000,0.149000000,0.342000000
15:07:46,100719,50.635566612,-123.405576047,476.746000000,19,0.145000000,0.149000000,0.342000000
15:07:47,100719,50.635566563,-123.405576057,476.741000000,19,0.145000000,0.149000000,0.342000000
15:07:48,100719,50.635566498,-123.405576073,476.737000000,19,0.145000000,0.149000000,0.342000000
15:07:49,100719,50.635566468,-123.405576047,476.732000000,19,0.145000000,0.149000000,0.342000000
15:07:50,100719,50.635566435,-123.405575975,476.727000000,18,0.145000000,0.153000000,0.344000000
15:07:51,100719,50.635566385,-123.405576020,476.720000000,18,0.145000000,0.153000000,0.344000000
15:07:52,100719,50.635566320,-123.405576063,476.715000000,18,0.145000000,0.153000000,0.344000000
15:07:53,100719,50.635566260,-123.405576085,476.714000000,18,0.145000000,0.153000000,0.345000000
15:07:54,100719,50.635566207,-123.405576052,476.712000000,18,0.145000000,0.153000000,0.345000000
15:07:55,100719,50.635566177,-123.405575982,476.712000000,19,0.145000000,0.153000000,0.345000000
15:07:56,100719,50.635566155,-123.405575918,476.709000000,19,0.145000000,0.149000000,0.342000000
15:07:57,100719,50.635566097,-123.405575912,476.699000000,19,0.145000000,0.149000000,0.342000000
15:07:58,100719,50.635566060,-123.405575922,476.694000000,19,0.145000000,0.149000000,0.342000000
15:07:59,100719,50.635566033,-123.405575913,476.687000000,19,0.145000000,0.149000000,0.342000000
15:08:00,100719,50.635566030,-123.405575930,476.690000000,19,0.145000000,0.149000000,0.342000000
15:08:01,100719,50.635566018,-123.405575958,476.692000000,19,0.145000000,0.149000000,0.342000000
15:08:02,100719,50.635566042,-123.405575927,476.704000000,19,0.145000000,0.149000000,0.342000000
15:08:03,100719,50.635566070,-123.405575858,476.710000000,19,0.145000000,0.149000000,0.342000000
15:08:04,100719,50.635566088,-123.405575780,476.714000000,19,0.145000000,0.149000000,0.342000000
15:08:05,100719,50.635566085,-123.405575690,476.716000000,19,0.145000000,0.149000000,0.343000000
15:08:06,100719,50.635566068,-123.405575628,476.719000000,18,0.147000000,0.181000000,0.365000000
15:08:07,100719,50.635566060,-123.405575560,476.716000000,18,0.147000000,0.181000000,0.365000000
15:08:08,100719,50.635566038,-123.405575532,476.713000000,18,0.147000000,0.181000000,0.365000000
15:08:09,100719,50.635566027,-123.405575427,476.705000000,18,0.147000000,0.181000000,0.366000000
15:08:10,100719,50.635565998,-123.405575338,476.700000000,18,0.147000000,0.181000000,0.366000000
15:08:11,100719,50.635565995,-123.405575227,476.688000000,18,0.147000000,0.181000000,0.366000000
15:08:12,100719,50.635565988,-123.405575147,476.680000000,18,0.147000000,0.181000000,0.366000000
15:08:13,100719,50.635565987,-123.405575058,476.686000000,18,0.147000000,0.181000000,0.366000000
15:08:14,100719,50.635566035,-123.405574937,476.684000000,18,0.147000000,0.181000000,0.366000000
15:08:15,100719,50.635566043,-123.405574773,476.675000000,18,0.147000000,0.181000000,0.366000000
15:08:16,100719,50.635566028,-123.405574738,476.673000000,18,0.147000000,0.181000000,0.366000000
15:08:17,100719,50.635565950,-123.405574838,476.660000000,18,0.147000000,0.181000000,0.366000000
15:08:18,100719,50.635565917,-123.405574953,476.656000000,18,0.147000000,0.181000000,0.366000000
15:08:19,100719,50.635565903,-123.405574972,476.648000000,18,0.147000000,0.181000000,0.366000000
15:08:20,100719,50.635565898,-123.405575005,476.645000000,18,0.147000000,0.181000000,0.366000000
15:08:21,100719,50.635565898,-123.405575048,476.646000000,18,0.147000000,0.181000000,0.366000000
15:08:22,100719,50.635565895,-123.405575112,476.650000000,18,0.147000000,0.181000000,0.366000000
15:08:23,100719,50.635565910,-123.405575180,476.658000000,18,0.147000000,0.181000000,0.366000000
15:08:24,100719,50.635565917,-123.405575288,476.664000000,18,0.147000000,0.181000000,0.366000000
15:08:25,100719,50.635565945,-123.405575343,476.678000000,18,0.147000000,0.181000000,0.366000000
15:08:26,100719,50.635565998,-123.405575380,476.689000000,19,0.145000000,0.149000000,0.343000000
15:08:27,100719,50.635566027,-123.405575442,476.701000000,19,0.145000000,0.149000000,0.343000000
15:08:28,100719,50.635566045,-123.405575502,476.711000000,19,0.145000000,0.149000000,0.343000000
15:08:29,100719,50.635566028,-123.405575512,476.716000000,19,0.145000000,0.149000000,0.343000000
15:08:30,100719,50.635566000,-123.405575503,476.716000000,19,0.145000000,0.149000000,0.343000000
15:08:31,100719,50.635565967,-123.405575547,476.718000000,19,0.145000000,0.149000000,0.343000000
15:08:32,100719,50.635565940,-123.405575577,476.719000000,19,0.145000000,0.149000000,0.343000000
15:08:33,100719,50.635565955,-123.405575547,476.715000000,19,0.145000000,0.149000000,0.343000000
15:08:34,100719,50.635565970,-123.405575465,476.698000000,19,0.145000000,0.149000000,0.343000000
15:08:35,100719,50.635566002,-123.405575410,476.690000000,19,0.145000000,0.149000000,0.344000000
15:08:36,100719,50.635566022,-123.405575375,476.684000000,19,0.145000000,0.149000000,0.344000000
15:08:37,100719,50.635566043,-123.405575337,476.681000000,19,0.145000000,0.149000000,0.344000000
15:08:38,100719,50.635566073,-123.405575312,476.674000000,19,0.145000000,0.149000000,0.344000000
15:08:39,100719,50.635566108,-123.405575278,476.667000000,19,0.145000000,0.149000000,0.344000000
15:08:40,100719,50.635566133,-123.405575230,476.661000000,19,0.145000000,0.149000000,0.344000000
15:08:41,100719,50.635566147,-123.405575177,476.661000000,19,0.145000000,0.149000000,0.344000000
15:08:42,100719,50.635566143,-123.405575213,476.666000000,19,0.145000000,0.149000000,0.344000000
15:08:43,100719,50.635566155,-123.405575222,476.668000000,19,0.145000000,0.149000000,0.344000000
15:08:44,100719,50.635566180,-123.405575175,476.666000000,19,0.145000000,0.149000000,0.344000000
15:08:45,100719,50.635566222,-123.405575138,476.664000000,19,0.145000000,0.149000000,0.344000000
15:08:46,100719,50.635566257,-123.405575110,476.664000000,19,0.145000000,0.149000000,0.344000000
15:08:47,100719,50.635566290,-123.405575108,476.665000000,19,0.146000000,0.149000000,0.344000000
15:08:48,100719,50.635566330,-123.405575103,476.669000000,19,0.146000000,0.149000000,0.344000000
15:08:49,100719,50.635566353,-123.405575093,476.671000000,19,0.146000000,0.149000000,0.344000000
15:08:50,100719,50.635566383,-123.405575075,476.670000000,19,0.146000000,0.149000000,0.344000000
15:08:51,100719,50.635566422,-123.405575043,476.671000000,19,0.146000000,0.149000000,0.344000000
15:08:52,100719,50.635566455,-123.405575013,476.667000000,19,0.146000000,0.149000000,0.344000000
15:08:53,100719,50.635566463,-123.405575040,476.665000000,19,0.146000000,0.149000000,0.344000000
15:08:54,100719,50.635566453,-123.405575042,476.658000000,19,0.146000000,0.149000000,0.344000000
15:08:55,100719,50.635566442,-123.405575033,476.657000000,19,0.146000000,0.149000000,0.344000000
15:08:56,100719,50.635566445,-123.405574995,476.656000000,19,0.146000000,0.149000000,0.344000000
15:08:57,100719,50.635566440,-123.405574942,476.648000000,18,0.146000000,0.149000000,0.344000000
15:08:58,100719,50.635566442,-123.405574930,476.648000000,18,0.147000000,0.181000000,0.368000000
15:08:59,100719,50.635566438,-123.405574898,476.644000000,18,0.147000000,0.181000000,0.368000000
15:09:00,100719,50.635566448,-123.405574843,476.644000000,18,0.147000000,0.181000000,0.368000000
15:09:01,100719,50.635566447,-123.405574787,476.642000000,18,0.147000000,0.181000000,0.368000000
15:09:02,100719,50.635566448,-123.405574755,476.643000000,18,0.147000000,0.181000000,0.368000000
15:09:03,100719,50.635566443,-123.405574732,476.638000000,18,0.147000000,0.181000000,0.368000000
15:09:04,100719,50.635566443,-123.405574735,476.641000000,18,0.148000000,0.181000000,0.368000000
15:09:05,100719,50.635566450,-123.405574730,476.645000000,18,0.148000000,0.181000000,0.368000000
15:09:06,100719,50.635566485,-123.405574732,476.647000000,18,0.148000000,0.181000000,0.368000000
15:09:07,100719,50.635566512,-123.405574722,476.653000000,18,0.148000000,0.181000000,0.368000000
15:09:08,100719,50.635566547,-123.405574678,476.653000000,18,0.148000000,0.181000000,0.368000000
15:09:09,100719,50.635566572,-123.405574673,476.656000000,18,0.148000000,0.181000000,0.368000000
15:09:10,100719,50.635566590,-123.405574687,476.658000000,18,0.148000000,0.181000000,0.369000000
15:09:11,100719,50.635566607,-123.405574643,476.661000000,18,0.148000000,0.181000000,0.369000000
15:09:12,100719,50.635566635,-123.405574607,476.664000000,18,0.148000000,0.181000000,0.369000000
15:09:13,100719,50.635566653,-123.405574563,476.664000000,18,0.148000000,0.181000000,0.369000000
15:09:14,100719,50.635566677,-123.405574557,476.667000000,18,0.148000000,0.181000000,0.369000000
15:09:15,100719,50.635566687,-123.405574570,476.670000000,18,0.148000000,0.181000000,0.369000000
15:09:16,100719,50.635566703,-123.405574548,476.674000000,18,0.148000000,0.181000000,0.369000000
15:09:17,100719,50.635566698,-123.405574497,476.670000000,18,0.148000000,0.181000000,0.369000000
15:09:18,100719,50.635566662,-123.405574453,476.669000000,18,0.148000000,0.181000000,0.369000000
15:09:19,100719,50.635566635,-123.405574427,476.661000000,18,0.148000000,0.181000000,0.369000000
15:09:20,100719,50.635566613,-123.405574428,476.660000000,18,0.148000000,0.181000000,0.369000000
15:09:21,100719,50.635566592,-123.405574398,476.658000000,18,0.148000000,0.181000000,0.369000000
15:09:22,100719,50.635566567,-123.405574375,476.660000000,18,0.148000000,0.181000000,0.369000000
15:09:23,100719,50.635566555,-123.405574352,476.657000000,18,0.148000000,0.181000000,0.369000000
15:09:24,100719,50.635566552,-123.405574333,476.659000000,18,0.148000000,0.181000000,0.369000000
15:09:25,100719,50.635566548,-123.405574310,476.654000000,18,0.148000000,0.181000000,0.369000000
15:09:26,100719,50.635566562,-123.405574277,476.651000000,18,0.148000000,0.181000000,0.369000000
15:09:27,100719,50.635566572,-123.405574317,476.657000000,18,0.148000000,0.181000000,0.369000000
15:09:28,100719,50.635566590,-123.405574333,476.664000000,18,0.148000000,0.181000000,0.369000000
15:09:29,100719,50.635566602,-123.405574348,476.670000000,18,0.148000000,0.181000000,0.369000000
15:09:30,100719,50.635566638,-123.405574387,476.681000000,18,0.148000000,0.181000000,0.369000000
15:09:31,100719,50.635566667,-123.405574435,476.695000000,18,0.148000000,0.181000000,0.369000000
15:09:32,100719,50.635566693,-123.405574472,476.703000000,18,0.148000000,0.181000000,0.369000000
15:09:33,100719,50.635566718,-123.405574528,476.712000000,18,0.148000000,0.181000000,0.369000000
15:09:34,100719,50.635566732,-123.405574597,476.726000000,18,0.148000000,0.181000000,0.370000000
15:09:35,100719,50.635566740,-123.405574635,476.734000000,18,0.148000000,0.181000000,0.370000000
15:09:36,100719,50.635566742,-123.405574653,476.737000000,18,0.148000000,0.181000000,0.370000000
15:09:37,100719,50.635566725,-123.405574685,476.745000000,18,0.148000000,0.181000000,0.370000000
15:09:38,100719,50.635566727,-123.405574732,476.750000000,18,0.148000000,0.181000000,0.370000000
15:09:39,100719,50.635566723,-123.405574780,476.757000000,18,0.148000000,0.181000000,0.370000000
15:09:40,100719,50.635566723,-123.405574818,476.766000000,18,0.148000000,0.181000000,0.370000000
15:09:41,100719,50.635566705,-123.405574868,476.772000000,18,0.148000000,0.181000000,0.370000000
15:09:42,100719,50.635566677,-123.405574915,476.779000000,18,0.148000000,0.181000000,0.370000000
15:09:43,100719,50.635566672,-123.405574962,476.789000000,18,0.148000000,0.181000000,0.370000000
15:09:44,100719,50.635566672,-123.405575005,476.797000000,18,0.148000000,0.181000000,0.370000000
15:09:45,100719,50.635566673,-123.405575030,476.798000000,18,0.148000000,0.181000000,0.370000000
15:09:46,100719,50.635566665,-123.405575028,476.800000000,18,0.148000000,0.181000000,0.370000000
15:09:47,100719,50.635566673,-123.405575038,476.810000000,18,0.148000000,0.181000000,0.370000000
15:09:48,100719,50.635566698,-123.405575032,476.818000000,18,0.148000000,0.181000000,0.370000000
15:09:49,100719,50.635566718,-123.405575012,476.822000000,18,0.148000000,0.181000000,0.370000000
15:09:50,100719,50.635566730,-123.405575022,476.825000000,18,0.148000000,0.181000000,0.370000000
15:09:51,100719,50.635566738,-123.405575040,476.829000000,18,0.148000000,0.181000000,0.370000000
15:09:52,100719,50.635566768,-123.405575060,476.839000000,18,0.148000000,0.181000000,0.371000000
15:09:53,100719,50.635566808,-123.405575058,476.848000000,18,0.148000000,0.181000000,0.371000000
15:09:54,100719,50.635566842,-123.405575070,476.853000000,18,0.148000000,0.181000000,0.371000000
15:09:55,100719,50.635566852,-123.405575073,476.858000000,18,0.148000000,0.181000000,0.371000000
15:09:56,100719,50.635566862,-123.405575112,476.868000000,18,0.148000000,0.181000000,0.371000000
15:09:57,100719,50.635566860,-123.405575127,476.875000000,18,0.148000000,0.181000000,0.371000000
15:09:58,100719,50.635566842,-123.405575147,476.879000000,19,0.148000000,0.181000000,0.371000000
15:09:59,100719,50.635566818,-123.405575130,476.876000000,19,0.146000000,0.149000000,0.346000000
15:10:00,100719,50.635566788,-123.405575110,476.870000000,19,0.146000000,0.149000000,0.346000000
15:10:01,100719,50.635566755,-123.405575095,476.866000000,19,0.146000000,0.149000000,0.346000000
15:10:02,100719,50.635566732,-123.405575080,476.864000000,19,0.146000000,0.149000000,0.346000000
15:10:03,100719,50.635566723,-123.405575087,476.865000000,19,0.146000000,0.149000000,0.346000000
15:10:04,100719,50.635566715,-123.405575078,476.863000000,19,0.146000000,0.149000000,0.346000000
15:10:05,100719,50.635566722,-123.405575060,476.864000000,19,0.146000000,0.149000000,0.346000000
15:10:06,100719,50.635566737,-123.405575080,476.864000000,19,0.146000000,0.149000000,0.346000000
15:10:07,100719,50.635566748,-123.405575067,476.866000000,19,0.146000000,0.149000000,0.346000000
15:10:08,100719,50.635566775,-123.405575068,476.867000000,19,0.147000000,0.149000000,0.347000000
15:10:09,100719,50.635566800,-123.405575093,476.872000000,19,0.147000000,0.149000000,0.347000000
15:10:10,100719,50.635566817,-123.405575087,476.871000000,19,0.147000000,0.149000000,0.347000000
15:10:11,100719,50.635566833,-123.405575043,476.869000000,19,0.147000000,0.149000000,0.347000000
15:10:12,100719,50.635566872,-123.405575038,476.878000000,19,0.147000000,0.149000000,0.347000000
15:10:13,100719,50.635566902,-123.405575017,476.882000000,19,0.147000000,0.149000000,0.347000000
15:10:14,100719,50.635566928,-123.405574987,476.886000000,19,0.147000000,0.149000000,0.347000000
15:10:15,100719,50.635566940,-123.405575017,476.892000000,19,0.147000000,0.149000000,0.347000000
15:10:16,100719,50.635566970,-123.405575070,476.901000000,19,0.147000000,0.149000000,0.347000000
15:10:17,100719,50.635566998,-123.405575112,476.912000000,19,0.147000000,0.149000000,0.347000000
15:10:18,100719,50.635567003,-123.405575125,476.916000000,19,0.147000000,0.149000000,0.347000000
15:10:19,100719,50.635567010,-123.405575182,476.923000000,19,0.147000000,0.149000000,0.347000000
15:10:20,100719,50.635567020,-123.405575238,476.932000000,18,0.147000000,0.149000000,0.347000000
15:10:21,100719,50.635567013,-123.405575275,476.934000000,18,0.148000000,0.181000000,0.372000000
15:10:22,100719,50.635567020,-123.405575287,476.936000000,18,0.148000000,0.181000000,0.372000000
15:10:23,100719,50.635567027,-123.405575320,476.940000000,18,0.148000000,0.181000000,0.372000000
15:10:24,100719,50.635567032,-123.405575307,476.940000000,18,0.148000000,0.181000000,0.372000000
15:10:25,100719,50.635567033,-123.405575285,476.939000000,18,0.148000000,0.181000000,0.372000000
15:10:26,100719,50.635567048,-123.405575272,476.939000000,18,0.148000000,0.181000000,0.372000000
15:10:27,100719,50.635567065,-123.405575295,476.941000000,18,0.148000000,0.181000000,0.372000000
15:10:28,100719,50.635567068,-123.405575302,476.936000000,18,0.148000000,0.181000000,0.372000000
15:10:29,100719,50.635567083,-123.405575298,476.934000000,18,0.148000000,0.181000000,0.372000000
15:10:30,100719,50.635567108,-123.405575303,476.931000000,18,0.148000000,0.181000000,0.372000000
15:10:31,100719,50.635567130,-123.405575342,476.932000000,18,0.148000000,0.181000000,0.372000000
15:10:32,100719,50.635567150,-123.405575380,476.930000000,18,0.148000000,0.181000000,0.372000000
15:10:33,100719,50.635567168,-123.405575398,476.929000000,18,0.148000000,0.181000000,0.372000000
15:10:34,100719,50.635567183,-123.405575442,476.931000000,18,0.148000000,0.181000000,0.372000000
15:10:35,100719,50.635567203,-123.405575482,476.936000000,18,0.148000000,0.181000000,0.372000000
15:10:36,100719,50.635567222,-123.405575520,476.939000000,18,0.148000000,0.181000000,0.372000000
15:10:37,100719,50.635567237,-123.405575550,476.940000000,18,0.148000000,0.181000000,0.372000000
15:10:38,100719,50.635567268,-123.405575552,476.939000000,18,0.148000000,0.181000000,0.372000000
15:10:39,100719,50.635567303,-123.405575538,476.935000000,18,0.149000000,0.182000000,0.373000000
15:10:40,100719,50.635567327,-123.405575575,476.934000000,18,0.149000000,0.182000000,0.373000000
15:10:41,100719,50.635567323,-123.405575597,476.934000000,18,0.149000000,0.182000000,0.373000000
15:10:42,100719,50.635567297,-123.405575607,476.930000000,18,0.149000000,0.182000000,0.373000000
15:10:43,100719,50.635567262,-123.405575605,476.921000000,18,0.149000000,0.182000000,0.373000000
15:10:44,100719,50.635567242,-123.405575585,476.913000000,18,0.149000000,0.182000000,0.373000000
15:10:45,100719,50.635567240,-123.405575585,476.908000000,19,0.147000000,0.149000000,0.348000000
15:10:46,100719,50.635567225,-123.405575600,476.904000000,19,0.147000000,0.149000000,0.348000000
15:10:47,100719,50.635567198,-123.405575637,476.907000000,19,0.147000000,0.149000000,0.348000000
15:10:48,100719,50.635567197,-123.405575663,476.911000000,19,0.147000000,0.149000000,0.348000000
15:10:49,100719,50.635567182,-123.405575645,476.909000000,19,0.147000000,0.149000000,0.348000000
15:10:50,100719,50.635567170,-123.405575652,476.907000000,19,0.147000000,0.149000000,0.348000000
15:10:51,100719,50.635567177,-123.405575642,476.902000000,19,0.147000000,0.149000000,0.348000000
15:10:52,100719,50.635567188,-123.405575598,476.895000000,19,0.147000000,0.149000000,0.348000000
15:10:53,100719,50.635567208,-123.405575597,476.890000000,19,0.147000000,0.149000000,0.348000000
15:10:54,100719,50.635567228,-123.405575593,476.885000000,19,0.147000000,0.149000000,0.348000000
15:10:55,100719,50.635567232,-123.405575575,476.878000000,19,0.147000000,0.149000000,0.348000000
15:10:56,100719,50.635567268,-123.405575553,476.876000000,19,0.147000000,0.149000000,0.348000000
15:10:57,100719,50.635567307,-123.405575515,476.875000000,19,0.147000000,0.149000000,0.348000000
15:10:58,100719,50.635567338,-123.405575488,476.872000000,19,0.147000000,0.149000000,0.348000000
15:10:59,100719,50.635567363,-123.405575485,476.870000000,19,0.147000000,0.149000000,0.348000000
15:11:00,100719,50.635567397,-123.405575483,476.870000000,19,0.147000000,0.149000000,0.348000000
15:11:01,100719,50.635567427,-123.405575467,476.870000000,19,0.147000000,0.149000000,0.348000000
15:11:02,100719,50.635567463,-123.405575453,476.870000000,19,0.147000000,0.149000000,0.348000000
15:11:03,100719,50.635567478,-123.405575460,476.873000000,19,0.147000000,0.149000000,0.348000000
15:11:04,100719,50.635567500,-123.405575413,476.868000000,19,0.147000000,0.149000000,0.348000000
15:11:05,100719,50.635567512,-123.405575350,476.860000000,19,0.147000000,0.149000000,0.348000000
15:11:06,100719,50.635567493,-123.405575290,476.849000000,18,0.149000000,0.182000000,0.374000000
15:11:07,100719,50.635567468,-123.405575277,476.840000000,18,0.149000000,0.182000000,0.374000000
15:11:08,100719,50.635567450,-123.405575272,476.835000000,18,0.149000000,0.182000000,0.374000000
15:11:09,100719,50.635567443,-123.405575262,476.826000000,18,0.149000000,0.182000000,0.374000000
15:11:10,100719,50.635567435,-123.405575248,476.820000000,18,0.149000000,0.182000000,0.374000000
15:11:11,100719,50.635567448,-123.405575260,476.817000000,18,0.149000000,0.182000000,0.374000000
15:11:12,100719,50.635567465,-123.405575230,476.813000000,18,0.149000000,0.182000000,0.374000000
15:11:13,100719,50.635567473,-123.405575182,476.807000000,18,0.149000000,0.182000000,0.374000000
15:11:14,100719,50.635567480,-123.405575143,476.804000000,18,0.149000000,0.182000000,0.374000000
15:11:15,100719,50.635567510,-123.405575115,476.806000000,18,0.149000000,0.182000000,0.374000000
15:11:16,100719,50.635567533,-123.405575092,476.806000000,18,0.149000000,0.182000000,0.374000000
15:11:17,100719,50.635567563,-123.405575065,476.803000000,18,0.149000000,0.182000000,0.374000000
15:11:18,100719,50.635567587,-123.405575057,476.796000000,18,0.149000000,0.182000000,0.374000000
15:11:19,100719,50.635567608,-123.405575067,476.794000000,19,0.147000000,0.149000000,0.349000000
15:11:20,100719,50.635567628,-123.405575045,476.791000000,19,0.147000000,0.149000000,0.349000000
15:11:21,100719,50.635567638,-123.405575022,476.790000000,19,0.147000000,0.149000000,0.349000000
15:11:22,100719,50.635567650,-123.405574980,476.784000000,19,0.147000000,0.149000000,0.349000000
15:11:23,100719,50.635567650,-123.405574942,476.777000000,19,0.147000000,0.149000000,0.349000000
15:11:24,100719,50.635567640,-123.405574917,476.772000000,19,0.147000000,0.149000000,0.349000000
15:11:25,100719,50.635567625,-123.405574903,476.767000000,19,0.147000000,0.149000000,0.349000000
15:11:26,100719,50.635567622,-123.405574925,476.767000000,19,0.147000000,0.149000000,0.349000000
15:11:27,100719,50.635567630,-123.405574902,476.761000000,19,0.147000000,0.149000000,0.349000000
15:11:28,100719,50.635567630,-123.405574868,476.753000000,19,0.148000000,0.149000000,0.349000000
15:11:29,100719,50.635567637,-123.405574832,476.751000000,19,0.148000000,0.149000000,0.349000000
15:11:30,100719,50.635567632,-123.405574773,476.745000000,19,0.148000000,0.149000000,0.349000000
15:11:31,100719,50.635567632,-123.405574717,476.739000000,19,0.148000000,0.149000000,0.349000000
15:11:32,100719,50.635567635,-123.405574692,476.739000000,19,0.148000000,0.149000000,0.349000000
15:11:33,100719,50.635567620,-123.405574670,476.732000000,18,0.149000000,0.182000000,0.375000000
15:11:34,100719,50.635567598,-123.405574652,476.730000000,18,0.149000000,0.182000000,0.375000000
15:11:35,100719,50.635567580,-123.405574643,476.731000000,18,0.149000000,0.182000000,0.375000000
15:11:36,100719,50.635567582,-123.405574672,476.734000000,18,0.149000000,0.182000000,0.375000000
15:11:37,100719,50.635567597,-123.405574643,476.729000000,18,0.149000000,0.182000000,0.375000000
15:11:38,100719,50.635567620,-123.405574627,476.725000000,18,0.149000000,0.182000000,0.375000000
15:11:39,100719,50.635567657,-123.405574612,476.725000000,18,0.149000000,0.182000000,0.375000000
15:11:40,100719,50.635567682,-123.405574602,476.723000000,18,0.149000000,0.182000000,0.375000000
15:11:41,100719,50.635567705,-123.405574598,476.720000000,18,0.149000000,0.182000000,0.375000000
15:11:42,100719,50.635567727,-123.405574602,476.723000000,18,0.149000000,0.182000000,0.375000000
15:11:43,100719,50.635567732,-123.405574603,476.718000000,19,0.148000000,0.149000000,0.349000000
15:11:44,100719,50.635567748,-123.405574577,476.712000000,19,0.148000000,0.149000000,0.349000000
15:11:45,100719,50.635567760,-123.405574573,476.707000000,19,0.148000000,0.149000000,0.349000000
15:11:46,100719,50.635567740,-123.405574538,476.693000000,19,0.148000000,0.149000000,0.349000000
15:11:47,100719,50.635567733,-123.405574478,476.680000000,19,0.148000000,0.149000000,0.349000000
15:11:48,100719,50.635567717,-123.405574425,476.665000000,19,0.148000000,0.149000000,0.349000000
15:11:49,100719,50.635567695,-123.405574353,476.653000000,19,0.148000000,0.149000000,0.350000000
15:11:50,100719,50.635567675,-123.405574322,476.640000000,19,0.148000000,0.149000000,0.350000000
15:11:51,100719,50.635567673,-123.405574277,476.630000000,19,0.148000000,0.149000000,0.350000000
15:11:52,100719,50.635567677,-123.405574205,476.618000000,19,0.148000000,0.149000000,0.350000000
15:11:53,100719,50.635567680,-123.405574133,476.612000000,19,0.148000000,0.149000000,0.350000000
15:11:54,100719,50.635567698,-123.405574113,476.610000000,19,0.148000000,0.149000000,0.350000000
15:11:55,100719,50.635567708,-123.405574067,476.605000000,19,0.148000000,0.149000000,0.350000000
15:11:56,100719,50.635567737,-123.405574022,476.603000000,19,0.148000000,0.149000000,0.350000000
15:11:57,100719,50.635567752,-123.405573995,476.600000000,19,0.148000000,0.149000000,0.350000000
15:11:58,100719,50.635567767,-123.405573992,476.603000000,19,0.148000000,0.149000000,0.350000000
15:11:59,100719,50.635567780,-123.405573983,476.600000000,19,0.148000000,0.149000000,0.350000000
15:12:00,100719,50.635567813,-123.405573922,476.590000000,19,0.148000000,0.149000000,0.350000000
15:12:01,100719,50.635567815,-123.405573860,476.584000000,19,0.148000000,0.149000000,0.350000000
15:12:02,100719,50.635567832,-123.405573775,476.575000000,19,0.148000000,0.149000000,0.350000000
15:12:03,100719,50.635567835,-123.405573715,476.568000000,19,0.148000000,0.149000000,0.350000000
15:12:04,100719,50.635567847,-123.405573658,476.563000000,19,0.148000000,0.149000000,0.350000000
15:12:05,100719,50.635567842,-123.405573597,476.557000000,19,0.148000000,0.149000000,0.350000000
15:12:06,100719,50.635567828,-123.405573532,476.550000000,19,0.148000000,0.149000000,0.350000000
15:12:07,100719,50.635567805,-123.405573458,476.542000000,19,0.148000000,0.149000000,0.350000000
15:12:08,100719,50.635567785,-123.405573410,476.536000000,19,0.148000000,0.149000000,0.350000000
15:12:09,100719,50.635567778,-123.405573363,476.529000000,19,0.148000000,0.149000000,0.350000000
15:12:10,100719,50.635567790,-123.405573295,476.521000000,19,0.148000000,0.149000000,0.350000000
15:12:11,100719,50.635567785,-123.405573243,476.518000000,19,0.148000000,0.149000000,0.350000000
15:12:12,100719,50.635567785,-123.405573205,476.512000000,19,0.148000000,0.149000000,0.350000000
15:12:13,100719,50.635567778,-123.405573193,476.510000000,19,0.148000000,0.149000000,0.350000000
15:12:14,100719,50.635567782,-123.405573137,476.506000000,19,0.148000000,0.149000000,0.350000000
15:12:15,100719,50.635567808,-123.405573070,476.499000000,19,0.148000000,0.149000000,0.350000000
15:12:16,100719,50.635567830,-123.405572972,476.493000000,19,0.148000000,0.149000000,0.350000000
15:12:17,100719,50.635567848,-123.405572917,476.492000000,19,0.148000000,0.149000000,0.350000000
15:12:18,100719,50.635567857,-123.405572895,476.493000000,19,0.148000000,0.149000000,0.350000000
15:12:19,100719,50.635567847,-123.405572870,476.496000000,19,0.148000000,0.149000000,0.350000000
15:12:20,100719,50.635567855,-123.405572850,476.495000000,19,0.148000000,0.149000000,0.350000000
15:12:21,100719,50.635567868,-123.405572817,476.493000000,19,0.148000000,0.149000000,0.350000000
15:12:22,100719,50.635567868,-123.405572755,476.488000000,19,0.148000000,0.149000000,0.350000000
15:12:23,100719,50.635567872,-123.405572715,476.485000000,19,0.148000000,0.149000000,0.350000000
15:12:24,100719,50.635567888,-123.405572688,476.485000000,19,0.148000000,0.149000000,0.350000000
15:12:25,100719,50.635567893,-123.405572637,476.483000000,19,0.148000000,0.149000000,0.351000000
15:12:26,100719,50.635567912,-123.405572590,476.483000000,19,0.148000000,0.149000000,0.351000000
15:12:27,100719,50.635567922,-123.405572600,476.487000000,19,0.148000000,0.149000000,0.351000000
15:12:28,100719,50.635567920,-123.405572565,476.488000000,19,0.148000000,0.149000000,0.351000000
15:12:29,100719,50.635567908,-123.405572517,476.489000000,19,0.148000000,0.149000000,0.351000000
15:12:30,100719,50.635567888,-123.405572455,476.489000000,19,0.148000000,0.149000000,0.351000000
15:12:31,100719,50.635567862,-123.405572452,476.489000000,19,0.148000000,0.149000000,0.351000000
15:12:32,100719,50.635567843,-123.405572453,476.489000000,19,0.148000000,0.149000000,0.351000000
15:12:33,100719,50.635567820,-123.405572400,476.481000000,19,0.148000000,0.149000000,0.351000000
15:12:34,100719,50.635567808,-123.405572392,476.479000000,19,0.148000000,0.149000000,0.351000000
15:12:35,100719,50.635567832,-123.405572372,476.480000000,19,0.148000000,0.149000000,0.351000000
15:12:36,100719,50.635567873,-123.405572377,476.490000000,19,0.148000000,0.149000000,0.351000000
15:12:37,100719,50.635567902,-123.405572417,476.504000000,19,0.148000000,0.149000000,0.351000000
15:12:38,100719,50.635567950,-123.405572432,476.511000000,19,0.148000000,0.149000000,0.351000000
15:12:39,100719,50.635567990,-123.405572453,476.519000000,19,0.148000000,0.149000000,0.351000000
15:12:40,100719,50.635568018,-123.405572485,476.529000000,19,0.148000000,0.149000000,0.351000000
15:12:41,100719,50.635568028,-123.405572503,476.536000000,19,0.148000000,0.149000000,0.351000000
15:12:42,100719,50.635568038,-123.405572443,476.532000000,19,0.148000000,0.149000000,0.351000000
15:12:43,100719,50.635568043,-123.405572387,476.533000000,19,0.148000000,0.149000000,0.351000000
15:12:44,100719,50.635568048,-123.405572365,476.536000000,19,0.148000000,0.149000000,0.351000000
15:12:45,100719,50.635568048,-123.405572357,476.534000000,19,0.148000000,0.149000000,0.351000000
15:12:46,100719,50.635568040,-123.405572322,476.529000000,19,0.148000000,0.149000000,0.351000000
15:12:47,100719,50.635568040,-123.405572303,476.526000000,18,0.150000000,0.182000000,0.378000000
15:12:48,100719,50.635568038,-123.405572253,476.518000000,18,0.150000000,0.182000000,0.378000000
15:12:49,100719,50.635568040,-123.405572208,476.511000000,18,0.150000000,0.182000000,0.378000000
15:12:50,100719,50.635568053,-123.405572198,476.509000000,18,0.150000000,0.182000000,0.378000000
15:12:51,100719,50.635568070,-123.405572200,476.511000000,18,0.150000000,0.182000000,0.378000000
15:12:52,100719,50.635568087,-123.405572163,476.510000000,18,0.150000000,0.182000000,0.378000000
15:12:53,100719,50.635568098,-123.405572143,476.510000000,18,0.150000000,0.182000000,0.378000000
15:12:54,100719,50.635568115,-123.405572150,476.516000000,18,0.150000000,0.182000000,0.378000000
15:12:55,100719,50.635568120,-123.405572115,476.511000000,18,0.150000000,0.182000000,0.378000000
15:12:56,100719,50.635568128,-123.405572087,476.508000000,18,0.150000000,0.182000000,0.378000000
15:12:57,100719,50.635568142,-123.405572052,476.502000000,18,0.150000000,0.182000000,0.378000000
15:12:58,100719,50.635568137,-123.405572018,476.499000000,18,0.150000000,0.182000000,0.378000000
15:12:59,100719,50.635568125,-123.405572005,476.496000000,18,0.150000000,0.182000000,0.378000000
15:13:00,100719,50.635568100,-123.405571973,476.495000000,18,0.150000000,0.182000000,0.378000000
15:13:01,100719,50.635568090,-123.405571952,476.493000000,18,0.150000000,0.182000000,0.378000000
15:13:02,100719,50.635568097,-123.405571955,476.492000000,18,0.150000000,0.182000000,0.379000000
15:13:03,100719,50.635568100,-123.405571897,476.488000000,18,0.150000000,0.182000000,0.379000000
15:13:04,100719,50.635568092,-123.405571868,476.487000000,18,0.150000000,0.182000000,0.379000000
15:13:05,100719,50.635568100,-123.405571860,476.492000000,18,0.150000000,0.182000000,0.379000000
15:13:06,100719,50.635568112,-123.405571893,476.499000000,18,0.150000000,0.182000000,0.379000000
15:13:07,100719,50.635568103,-123.405571932,476.506000000,18,0.150000000,0.182000000,0.379000000
15:13:08,100719,50.635568123,-123.405571932,476.513000000,18,0.150000000,0.182000000,0.379000000
15:13:09,100719,50.635568152,-123.405571978,476.521000000,18,0.150000000,0.182000000,0.379000000
15:13:10,100719,50.635568160,-123.405572030,476.528000000,18,0.150000000,0.182000000,0.379000000
15:13:11,100719,50.635568173,-123.405572043,476.527000000,18,0.150000000,0.182000000,0.379000000
15:13:12,100719,50.635568178,-123.405572045,476.524000000,18,0.150000000,0.182000000,0.379000000
15:13:13,100719,50.635568175,-123.405571985,476.517000000,18,0.150000000,0.182000000,0.379000000
15:13:14,100719,50.635568185,-123.405571968,476.517000000,18,0.150000000,0.182000000,0.379000000
15:13:15,100719,50.635568193,-123.405571933,476.513000000,18,0.150000000,0.182000000,0.379000000
15:13:16,100719,50.635568193,-123.405571918,476.507000000,18,0.150000000,0.182000000,0.379000000
15:13:17,100719,50.635568192,-123.405571883,476.497000000,18,0.150000000,0.182000000,0.379000000
15:13:18,100719,50.635568190,-123.405571857,476.488000000,18,0.150000000,0.182000000,0.379000000
15:13:19,100719,50.635568185,-123.405571822,476.480000000,18,0.150000000,0.182000000,0.379000000
15:13:20,100719,50.635568178,-123.405571762,476.468000000,18,0.150000000,0.182000000,0.379000000
15:13:21,100719,50.635568170,-123.405571715,476.455000000,18,0.150000000,0.182000000,0.379000000
15:13:22,100719,50.635568178,-123.405571712,476.451000000,19,0.149000000,0.149000000,0.352000000
15:13:23,100719,50.635568197,-123.405571692,476.444000000,19,0.149000000,0.149000000,0.352000000
15:13:24,100719,50.635568218,-123.405571665,476.439000000,19,0.149000000,0.149000000,0.352000000
15:13:25,100719,50.635568225,-123.405571615,476.434000000,19,0.149000000,0.149000000,0.352000000
15:13:26,100719,50.635568242,-123.405571590,476.432000000,19,0.149000000,0.149000000,0.352000000
15:13:27,100719,50.635568262,-123.405571590,476.432000000,19,0.149000000,0.149000000,0.352000000
15:13:28,100719,50.635568287,-123.405571585,476.436000000,19,0.149000000,0.149000000,0.352000000
15:13:29,100719,50.635568303,-123.405571562,476.435000000,19,0.149000000,0.149000000,0.352000000
15:13:30,100719,50.635568317,-123.405571530,476.435000000,19,0.149000000,0.149000000,0.352000000
15:13:31,100719,50.635568318,-123.405571488,476.433000000,19,0.149000000,0.149000000,0.352000000
15:13:32,100719,50.635568325,-123.405571475,476.431000000,19,0.149000000,0.149000000,0.352000000
15:13:33,100719,50.635568325,-123.405571470,476.428000000,19,0.149000000,0.149000000,0.352000000
15:13:34,100719,50.635568332,-123.405571487,476.434000000,19,0.149000000,0.149000000,0.352000000
15:13:35,100719,50.635568343,-123.405571502,476.438000000,18,0.150000000,0.182000000,0.380000000
15:13:36,100719,50.635568345,-123.405571515,476.439000000,18,0.150000000,0.182000000,0.380000000
15:13:37,100719,50.635568340,-123.405571510,476.438000000,18,0.150000000,0.182000000,0.380000000
15:13:38,100719,50.635568337,-123.405571522,476.438000000,18,0.150000000,0.182000000,0.380000000
15:13:39,100719,50.635568325,-123.405571522,476.434000000,18,0.150000000,0.182000000,0.380000000
15:13:40,100719,50.635568317,-123.405571467,476.423000000,18,0.150000000,0.182000000,0.380000000
15:13:41,100719,50.635568317,-123.405571410,476.413000000,18,0.151000000,0.182000000,0.380000000
15:13:42,100719,50.635568323,-123.405571353,476.400000000,18,0.151000000,0.182000000,0.380000000
15:13:43,100719,50.635568303,-123.405571322,476.389000000,18,0.151000000,0.182000000,0.380000000
15:13:44,100719,50.635568297,-123.405571290,476.378000000,18,0.151000000,0.182000000,0.380000000
15:13:45,100719,50.635568302,-123.405571217,476.361000000,18,0.151000000,0.182000000,0.380000000
15:13:46,100719,50.635568307,-123.405571193,476.352000000,18,0.151000000,0.182000000,0.380000000
15:13:47,100719,50.635568330,-123.405571202,476.346000000,18,0.151000000,0.182000000,0.380000000
15:13:48,100719,50.635568365,-123.405571178,476.338000000,18,0.151000000,0.182000000,0.380000000
15:13:49,100719,50.635568403,-123.405571147,476.333000000,18,0.151000000,0.182000000,0.380000000
15:13:50,100719,50.635568430,-123.405571152,476.330000000,18,0.155000000,0.186000000,0.390000000
15:13:51,100719,50.635568443,-123.405571180,476.332000000,18,0.155000000,0.186000000,0.390000000
15:13:52,100719,50.635568443,-123.405571170,476.326000000,18,0.155000000,0.186000000,0.390000000
15:13:53,100719,50.635568440,-123.405571128,476.316000000,18,0.158000000,0.190000000,0.399000000
15:13:54,100719,50.635568427,-123.405571050,476.304000000,18,0.158000000,0.190000000,0.399000000
15:13:55,100719,50.635568407,-123.405571010,476.296000000,18,0.158000000,0.190000000,0.399000000
15:13:56,100719,50.635568393,-123.405571000,476.294000000,18,0.160000000,0.193000000,0.405000000
15:13:57,100719,50.635568383,-123.405570973,476.290000000,18,0.161000000,0.194000000,0.406000000
15:13:58,100719,50.635568380,-123.405570928,476.288000000,18,0.161000000,0.194000000,0.407000000
15:13:59,100719,50.635568375,-123.405570898,476.290000000,18,0.161000000,0.194000000,0.407000000
15:14:00,100719,50.635568360,-123.405570893,476.289000000,19,0.159000000,0.159000000,0.376000000
15:14:01,100719,50.635568352,-123.405570905,476.289000000,19,0.159000000,0.159000000,0.376000000
15:14:02,100719,50.635568347,-123.405570913,476.290000000,19,0.159000000,0.159000000,0.376000000
15:14:03,100719,50.635568338,-123.405570907,476.292000000,19,0.159000000,0.159000000,0.376000000
15:14:04,100719,50.635568325,-123.405570902,476.291000000,19,0.159000000,0.159000000,0.376000000
15:14:05,100719,50.635568312,-123.405570902,476.290000000,19,0.159000000,0.159000000,0.376000000
15:14:06,100719,50.635568315,-123.405570898,476.293000000,19,0.160000000,0.160000000,0.379000000
15:14:07,100719,50.635568315,-123.405570885,476.291000000,19,0.160000000,0.160000000,0.379000000
15:14:08,100719,50.635568315,-123.405570880,476.292000000,19,0.160000000,0.160000000,0.379000000
15:14:09,100719,50.635568288,-123.405570845,476.284000000,19,0.162000000,0.162000000,0.383000000
15:14:10,100719,50.635568280,-123.405570813,476.276000000,19,0.162000000,0.162000000,0.383000000
15:14:11,100719,50.635568283,-123.405570823,476.271000000,19,0.162000000,0.162000000,0.383000000
15:14:12,100719,50.635568278,-123.405570833,476.264000000,19,0.166000000,0.166000000,0.392000000
15:14:13,100719,50.635568270,-123.405570810,476.252000000,19,0.166000000,0.166000000,0.392000000
15:14:14,100719,50.635568253,-123.405570797,476.240000000,19,0.166000000,0.166000000,0.392000000
15:14:15,100719,50.635568237,-123.405570790,476.228000000,19,0.172000000,0.171000000,0.405000000
15:14:16,100719,50.635568228,-123.405570773,476.216000000,18,0.175000000,0.210000000,0.442000000
15:14:17,100719,50.635568215,-123.405570683,476.194000000,18,0.175000000,0.210000000,0.442000000
15:14:18,100719,50.635568182,-123.405570570,476.169000000,18,0.175000000,0.210000000,0.442000000
15:14:19,100719,50.635568130,-123.405570482,476.145000000,18,0.181000000,0.218000000,0.458000000
15:14:20,100719,50.635568098,-123.405570398,476.125000000,18,0.181000000,0.218000000,0.458000000
15:14:21,100719,50.635568070,-123.405570313,476.106000000,18,0.181000000,0.218000000,0.458000000
15:14:22,100719,50.635568058,-123.405570245,476.091000000,18,0.186000000,0.224000000,0.471000000
15:14:23,100719,50.635568067,-123.405570218,476.082000000,18,0.186000000,0.224000000,0.471000000
15:14:24,100719,50.635568092,-123.405570193,476.076000000,18,0.186000000,0.224000000,0.471000000
15:14:25,100719,50.635568108,-123.405570180,476.071000000,18,0.190000000,0.229000000,0.480000000
15:14:26,100719,50.635568117,-123.405570125,476.061000000,18,0.190000000,0.229000000,0.480000000
15:14:27,100719,50.635568113,-123.405570080,476.052000000,18,0.190000000,0.229000000,0.480000000
15:14:28,100719,50.635568112,-123.405570068,476.048000000,18,0.193000000,0.232000000,0.489000000
15:14:29,100719,50.635568108,-123.405570052,476.047000000,18,0.193000000,0.232000000,0.489000000
15:14:30,100719,50.635568110,-123.405570002,476.042000000,18,0.193000000,0.232000000,0.489000000
15:14:31,100719,50.635568127,-123.405569957,476.041000000,18,0.196000000,0.235000000,0.495000000
15:14:32,100719,50.635568145,-123.405569923,476.038000000,18,0.196000000,0.235000000,0.495000000
15:14:33,100719,50.635568153,-123.405569893,476.034000000,18,0.196000000,0.235000000,0.495000000
15:14:34,100719,50.635568175,-123.405569875,476.031000000,18,0.197000000,0.237000000,0.499000000
15:14:35,100719,50.635568178,-123.405569877,476.029000000,18,0.197000000,0.237000000,0.499000000
15:14:36,100719,50.635568160,-123.405569892,476.026000000,18,0.197000000,0.237000000,0.499000000
15:14:37,100719,50.635568142,-123.405569912,476.023000000,19,0.198000000,0.197000000,0.466000000
15:14:38,100719,50.635568125,-123.405569875,476.015000000,19,0.198000000,0.197000000,0.466000000
15:14:39,100719,50.635568105,-123.405569848,476.009000000,19,0.198000000,0.197000000,0.466000000
15:14:40,100719,50.635568078,-123.405569770,476.000000000,19,0.196000000,0.195000000,0.463000000
15:14:41,100719,50.635568040,-123.405569672,475.983000000,19,0.196000000,0.195000000,0.463000000
15:14:42,100719,50.635568010,-123.405569580,475.969000000,19,0.196000000,0.195000000,0.463000000
15:14:43,100719,50.635567987,-123.405569520,475.964000000,19,0.196000000,0.196000000,0.463000000
15:14:44,100719,50.635567968,-123.405569430,475.953000000,19,0.196000000,0.196000000,0.463000000
15:14:45,100719,50.635567963,-123.405569390,475.949000000,19,0.196000000,0.196000000,0.463000000
15:14:46,100719,50.635567967,-123.405569315,475.941000000,19,0.197000000,0.196000000,0.464000000
15:14:47,100719,50.635567957,-123.405569280,475.935000000,19,0.197000000,0.196000000,0.464000000
15:14:48,100719,50.635567953,-123.405569290,475.936000000,19,0.197000000,0.196000000,0.464000000
15:14:49,100719,50.635567958,-123.405569248,475.935000000,18,0.198000000,0.197000000,0.466000000
15:14:50,100719,50.635567970,-123.405569232,475.935000000,18,0.199000000,0.239000000,0.504000000
15:14:51,100719,50.635567978,-123.405569240,475.936000000,18,0.199000000,0.239000000,0.504000000
15:14:52,100719,50.635567982,-123.405569217,475.933000000,18,0.199000000,0.239000000,0.504000000
15:14:53,100719,50.635567983,-123.405569155,475.929000000,18,0.203000000,0.244000000,0.514000000
15:14:54,100719,50.635567978,-123.405569112,475.928000000,18,0.203000000,0.244000000,0.514000000
15:14:55,100719,50.635567975,-123.405569050,475.921000000,18,0.203000000,0.244000000,0.514000000
15:14:56,100719,50.635567963,-123.405569008,475.922000000,18,0.205000000,0.246000000,0.518000000
15:14:57,100719,50.635567948,-123.405568943,475.916000000,18,0.205000000,0.246000000,0.518000000
15:14:58,100719,50.635567933,-123.405568935,475.918000000,18,0.205000000,0.246000000,0.518000000
15:14:59,100719,50.635567902,-123.405568915,475.916000000,18,0.206000000,0.248000000,0.522000000
15:15:00,100719,50.635567878,-123.405568902,475.918000000,18,0.206000000,0.248000000,0.522000000
15:15:01,100719,50.635567857,-123.405568860,475.915000000,18,0.206000000,0.248000000,0.522000000
15:15:02,100719,50.635567845,-123.405568820,475.908000000,18,0.207000000,0.248000000,0.524000000
15:15:03,100719,50.635567820,-123.405568762,475.900000000,18,0.207000000,0.248000000,0.524000000
15:15:04,100719,50.635567782,-123.405568687,475.890000000,18,0.207000000,0.248000000,0.524000000
15:15:05,100719,50.635567758,-123.405568580,475.878000000,18,0.208000000,0.249000000,0.525000000
15:15:06,100719,50.635567733,-123.405568450,475.863000000,18,0.208000000,0.249000000,0.525000000
15:15:07,100719,50.635567715,-123.405568355,475.851000000,18,0.208000000,0.249000000,0.525000000
15:15:08,100719,50.635567698,-123.405568283,475.846000000,18,0.207000000,0.249000000,0.525000000
15:15:09,100719,50.635567687,-123.405568202,475.838000000,18,0.207000000,0.249000000,0.525000000
15:15:10,100719,50.635567673,-123.405568128,475.830000000,18,0.207000000,0.249000000,0.525000000
15:15:11,100719,50.635567685,-123.405568045,475.825000000,18,0.208000000,0.249000000,0.525000000
15:15:12,100719,50.635567715,-123.405567963,475.821000000,18,0.208000000,0.249000000,0.525000000
15:15:13,100719,50.635567738,-123.405567878,475.816000000,18,0.208000000,0.249000000,0.525000000
15:15:14,100719,50.635567767,-123.405567857,475.820000000,18,0.208000000,0.249000000,0.526000000
15:15:15,100719,50.635567788,-123.405567833,475.824000000,18,0.208000000,0.249000000,0.526000000
15:15:16,100719,50.635567807,-123.405567803,475.824000000,18,0.208000000,0.249000000,0.526000000
15:15:17,100719,50.635567805,-123.405567760,475.819000000,18,0.208000000,0.249000000,0.526000000
15:15:18,100719,50.635567792,-123.405567727,475.817000000,18,0.208000000,0.249000000,0.526000000
15:15:19,100719,50.635567778,-123.405567693,475.812000000,18,0.208000000,0.249000000,0.526000000
15:15:20,100719,50.635567767,-123.405567648,475.810000000,18,0.208000000,0.249000000,0.525000000
15:15:21,100719,50.635567753,-123.405567618,475.813000000,18,0.208000000,0.249000000,0.525000000
15:15:22,100719,50.635567730,-123.405567580,475.815000000,18,0.208000000,0.249000000,0.525000000
15:15:23,100719,50.635567710,-123.405567557,475.818000000,18,0.206000000,0.247000000,0.522000000
15:15:24,100719,50.635567692,-123.405567553,475.822000000,18,0.206000000,0.247000000,0.522000000
15:15:25,100719,50.635567675,-123.405567565,475.828000000,18,0.206000000,0.247000000,0.522000000
15:15:26,100719,50.635567665,-123.405567552,475.826000000,18,0.204000000,0.245000000,0.517000000
15:15:27,100719,50.635567650,-123.405567555,475.830000000,18,0.204000000,0.245000000,0.517000000
15:15:28,100719,50.635567625,-123.405567513,475.822000000,18,0.204000000,0.245000000,0.517000000
15:15:29,100719,50.635567603,-123.405567470,475.817000000,18,0.203000000,0.243000000,0.513000000
15:15:30,100719,50.635567580,-123.405567402,475.808000000,18,0.203000000,0.243000000,0.513000000
15:15:31,100719,50.635567567,-123.405567352,475.797000000,18,0.203000000,0.243000000,0.513000000
15:15:32,100719,50.635567567,-123.405567307,475.788000000,18,0.202000000,0.241000000,0.510000000
15:15:33,100719,50.635567590,-123.405567250,475.781000000,18,0.202000000,0.241000000,0.510000000
15:15:34,100719,50.635567603,-123.405567177,475.767000000,18,0.202000000,0.241000000,0.510000000
15:15:35,100719,50.635567640,-123.405567172,475.763000000,18,0.202000000,0.242000000,0.512000000
15:15:36,100719,50.635567683,-123.405567160,475.760000000,18,0.202000000,0.242000000,0.512000000
15:15:37,100719,50.635567717,-123.405567167,475.757000000,18,0.202000000,0.242000000,0.512000000
15:15:38,100719,50.635567733,-123.405567158,475.753000000,18,0.205000000,0.246000000,0.519000000
15:15:39,100719,50.635567748,-123.405567158,475.753000000,18,0.205000000,0.246000000,0.519000000
15:15:40,100719,50.635567778,-123.405567138,475.750000000,18,0.205000000,0.246000000,0.519000000
15:15:41,100719,50.635567790,-123.405567115,475.742000000,17,0.210000000,0.249000000,0.552000000
15:15:42,100719,50.635567782,-123.405567118,475.737000000,17,0.210000000,0.249000000,0.552000000
15:15:43,100719,50.635567775,-123.405567112,475.728000000,17,0.210000000,0.249000000,0.552000000
15:15:44,100719,50.635567763,-123.405567075,475.718000000,17,0.211000000,0.250000000,0.555000000
15:15:45,100719,50.635567758,-123.405567030,475.706000000,17,0.211000000,0.250000000,0.555000000
15:15:46,100719,50.635567735,-123.405566972,475.693000000,17,0.211000000,0.250000000,0.555000000
15:15:47,100719,50.635567713,-123.405566948,475.687000000,17,0.212000000,0.251000000,0.557000000
15:15:48,100719,50.635567680,-123.405566912,475.678000000,17,0.212000000,0.251000000,0.557000000
15:15:49,100719,50.635567647,-123.405566857,475.665000000,17,0.212000000,0.251000000,0.557000000
15:15:50,100719,50.635567635,-123.405566778,475.653000000,17,0.212000000,0.252000000,0.559000000
15:15:51,100719,50.635567635,-123.405566718,475.648000000,17,0.212000000,0.252000000,0.559000000
15:15:52,100719,50.635567630,-123.405566687,475.645000000,17,0.212000000,0.252000000,0.559000000
15:15:53,100719,50.635567637,-123.405566700,475.651000000,17,0.212000000,0.251000000,0.557000000
15:15:54,100719,50.635567653,-123.405566687,475.651000000,17,0.212000000,0.251000000,0.557000000
15:15:55,100719,50.635567667,-123.405566700,475.658000000,17,0.212000000,0.251000000,0.557000000
15:15:56,100719,50.635567683,-123.405566718,475.669000000,18,0.208000000,0.204000000,0.505000000
15:15:57,100719,50.635567705,-123.405566743,475.676000000,18,0.208000000,0.204000000,0.505000000
15:15:58,100719,50.635567723,-123.405566772,475.684000000,18,0.208000000,0.204000000,0.505000000
15:15:59,100719,50.635567745,-123.405566803,475.694000000,18,0.203000000,0.199000000,0.492000000
15:16:00,100719,50.635567760,-123.405566833,475.705000000,18,0.203000000,0.199000000,0.492000000
15:16:01,100719,50.635567763,-123.405566923,475.720000000,18,0.203000000,0.199000000,0.492000000
15:16:02,100719,50.635567773,-123.405566980,475.734000000,18,0.199000000,0.195000000,0.483000000
15:16:03,100719,50.635567788,-123.405567025,475.746000000,18,0.199000000,0.195000000,0.483000000
15:16:04,100719,50.635567802,-123.405567028,475.746000000,18,0.199000000,0.195000000,0.483000000
15:16:05,100719,50.635567792,-123.405567042,475.742000000,18,0.197000000,0.193000000,0.477000000
15:16:06,100719,50.635567768,-123.405566987,475.727000000,18,0.197000000,0.193000000,0.477000000
15:16:07,100719,50.635567733,-123.405566927,475.708000000,18,0.197000000,0.193000000,0.477000000
15:16:08,100719,50.635567712,-123.405566860,475.690000000,18,0.197000000,0.193000000,0.478000000
15:16:09,100719,50.635567680,-123.405566803,475.670000000,18,0.197000000,0.193000000,0.478000000
15:16:10,100719,50.635567637,-123.405566778,475.660000000,18,0.197000000,0.193000000,0.478000000
15:16:11,100719,50.635567603,-123.405566735,475.646000000,18,0.200000000,0.196000000,0.484000000
15:16:12,100719,50.635567588,-123.405566690,475.632000000,18,0.200000000,0.196000000,0.484000000
15:16:13,100719,50.635567565,-123.405566642,475.617000000,18,0.200000000,0.196000000,0.484000000
15:16:14,100719,50.635567548,-123.405566578,475.605000000,18,0.202000000,0.199000000,0.491000000
15:16:15,100719,50.635567522,-123.405566522,475.590000000,18,0.202000000,0.199000000,0.491000000
15:16:16,100719,50.635567513,-123.405566510,475.584000000,18,0.202000000,0.199000000,0.491000000
15:16:17,100719,50.635567542,-123.405566495,475.581000000,18,0.207000000,0.203000000,0.503000000
15:16:18,100719,50.635567578,-123.405566477,475.579000000,18,0.207000000,0.203000000,0.503000000
15:16:19,100719,50.635567595,-123.405566467,475.581000000,18,0.207000000,0.203000000,0.503000000
15:16:20,100719,50.635567617,-123.405566468,475.585000000,18,0.210000000,0.206000000,0.510000000
15:16:21,100719,50.635567638,-123.405566472,475.587000000,18,0.210000000,0.206000000,0.510000000
15:16:22,100719,50.635567663,-123.405566478,475.590000000,18,0.210000000,0.206000000,0.510000000
15:16:23,100719,50.635567663,-123.405566480,475.591000000,18,0.211000000,0.207000000,0.512000000
15:16:24,100719,50.635567643,-123.405566467,475.588000000,18,0.211000000,0.207000000,0.512000000
15:16:25,100719,50.635567637,-123.405566467,475.589000000,18,0.211000000,0.207000000,0.512000000
15:16:26,100719,50.635567628,-123.405566462,475.590000000,18,0.212000000,0.208000000,0.514000000
15:16:27,100719,50.635567617,-123.405566442,475.587000000,18,0.212000000,0.208000000,0.514000000
15:16:28,100719,50.635567593,-123.405566440,475.584000000,18,0.212000000,0.208000000,0.514000000
15:16:29,100719,50.635567573,-123.405566395,475.580000000,18,0.209000000,0.205000000,0.508000000
15:16:30,100719,50.635567557,-123.405566377,475.578000000,18,0.209000000,0.205000000,0.508000000
15:16:31,100719,50.635567540,-123.405566335,475.574000000,18,0.209000000,0.205000000,0.508000000
15:16:32,100719,50.635567535,-123.405566285,475.562000000,18,0.210000000,0.206000000,0.510000000
15:16:33,100719,50.635567530,-123.405566270,475.557000000,18,0.210000000,0.206000000,0.510000000
15:16:34,100719,50.635567525,-123.405566255,475.552000000,18,0.210000000,0.206000000,0.510000000
15:16:35,100719,50.635567535,-123.405566252,475.555000000,18,0.211000000,0.207000000,0.513000000
15:16:36,100719,50.635567538,-123.405566275,475.558000000,18,0.211000000,0.207000000,0.513000000
15:16:37,100719,50.635567538,-123.405566273,475.558000000,17,0.214000000,0.253000000,0.564000000
15:16:38,100719,50.635567543,-123.405566308,475.562000000,17,0.214000000,0.253000000,0.564000000
15:16:39,100719,50.635567538,-123.405566342,475.571000000,17,0.214000000,0.253000000,0.564000000
15:16:40,100719,50.635567532,-123.405566373,475.581000000,17,0.215000000,0.254000000,0.565000000
15:16:41,100719,50.635567540,-123.405566383,475.585000000,17,0.215000000,0.254000000,0.565000000
15:16:42,100719,50.635567558,-123.405566377,475.588000000,17,0.215000000,0.254000000,0.565000000
15:16:43,100719,50.635567573,-123.405566370,475.592000000,17,0.214000000,0.253000000,0.563000000
15:16:44,100719,50.635567587,-123.405566383,475.597000000,17,0.214000000,0.253000000,0.563000000
15:16:45,100719,50.635567595,-123.405566407,475.602000000,17,0.214000000,0.253000000,0.563000000
15:16:46,100719,50.635567595,-123.405566445,475.610000000,17,0.213000000,0.252000000,0.561000000
15:16:47,100719,50.635567597,-123.405566435,475.612000000,17,0.213000000,0.252000000,0.561000000
15:16:48,100719,50.635567577,-123.405566412,475.611000000,17,0.213000000,0.252000000,0.561000000
15:16:49,100719,50.635567548,-123.405566410,475.615000000,17,0.212000000,0.251000000,0.559000000
15:16:50,100719,50.635567532,-123.405566417,475.615000000,17,0.212000000,0.251000000,0.559000000
15:16:51,100719,50.635567518,-123.405566428,475.616000000,17,0.212000000,0.251000000,0.559000000
15:16:52,100719,50.635567507,-123.405566418,475.613000000,17,0.211000000,0.250000000,0.557000000
15:16:53,100719,50.635567498,-123.405566420,475.615000000,17,0.211000000,0.250000000,0.557000000
15:16:54,100719,50.635567477,-123.405566370,475.610000000,17,0.211000000,0.250000000,0.557000000
15:16:55,100719,50.635567453,-123.405566348,475.605000000,17,0.210000000,0.248000000,0.553000000
15:16:56,100719,50.635567450,-123.405566305,475.597000000,17,0.210000000,0.248000000,0.553000000
15:16:57,100719,50.635567450,-123.405566277,475.595000000,17,0.210000000,0.248000000,0.553000000
15:16:58,100719,50.635567463,-123.405566243,475.593000000,17,0.209000000,0.247000000,0.550000000
15:16:59,100719,50.635567497,-123.405566233,475.597000000,17,0.209000000,0.247000000,0.550000000
15:17:00,100719,50.635567552,-123.405566268,475.614000000,17,0.209000000,0.247000000,0.550000000
15:17:01,100719,50.635567600,-123.405566257,475.623000000,17,0.208000000,0.245000000,0.546000000
15:17:02,100719,50.635567653,-123.405566250,475.627000000,17,0.208000000,0.245000000,0.546000000
15:17:03,100719,50.635567680,-123.405566280,475.637000000,17,0.208000000,0.245000000,0.546000000
15:17:04,100719,50.635567693,-123.405566303,475.643000000,17,0.206000000,0.243000000,0.541000000
15:17:05,100719,50.635567713,-123.405566328,475.650000000,18,0.203000000,0.199000000,0.492000000
15:17:06,100719,50.635567742,-123.405566332,475.656000000,18,0.203000000,0.199000000,0.492000000
15:17:07,100719,50.635567790,-123.405566283,475.657000000,18,0.203000000,0.199000000,0.492000000
15:17:08,100719,50.635567837,-123.405566257,475.658000000,18,0.200000000,0.196000000,0.485000000
15:17:09,100719,50.635567842,-123.405566280,475.665000000,18,0.200000000,0.196000000,0.485000000
15:17:10,100719,50.635567863,-123.405566290,475.677000000,18,0.200000000,0.196000000,0.485000000
15:17:11,100719,50.635567872,-123.405566257,475.678000000,18,0.197000000,0.193000000,0.478000000
15:17:12,100719,50.635567862,-123.405566235,475.674000000,18,0.197000000,0.193000000,0.478000000
15:17:13,100719,50.635567833,-123.405566235,475.671000000,18,0.197000000,0.193000000,0.478000000
15:17:14,100719,50.635567810,-123.405566228,475.668000000,18,0.195000000,0.190000000,0.472000000
15:17:15,100719,50.635567793,-123.405566183,475.664000000,18,0.195000000,0.190000000,0.472000000
15:17:16,100719,50.635567783,-123.405566140,475.663000000,18,0.195000000,0.190000000,0.472000000
15:17:17,100719,50.635567787,-123.405566090,475.657000000,18,0.193000000,0.189000000,0.468000000
15:17:18,100719,50.635567805,-123.405566082,475.661000000,18,0.193000000,0.189000000,0.468000000
15:17:19,100719,50.635567820,-123.405566077,475.667000000,18,0.193000000,0.189000000,0.468000000
15:17:20,100719,50.635567840,-123.405566047,475.665000000,18,0.192000000,0.187000000,0.464000000
15:17:21,100719,50.635567848,-123.405566060,475.670000000,18,0.192000000,0.187000000,0.464000000
15:17:22,100719,50.635567855,-123.405566052,475.670000000,18,0.192000000,0.187000000,0.464000000
15:17:23,100719,50.635567888,-123.405566018,475.668000000,17,0.191000000,0.226000000,0.504000000
15:17:24,100719,50.635567932,-123.405566007,475.670000000,17,0.191000000,0.226000000,0.504000000
15:17:25,100719,50.635567970,-123.405566008,475.672000000,17,0.191000000,0.226000000,0.504000000
15:17:26,100719,50.635567997,-123.405566038,475.679000000,17,0.188000000,0.221000000,0.494000000
15:17:27,100719,50.635568030,-123.405566078,475.691000000,17,0.188000000,0.221000000,0.494000000
15:17:28,100719,50.635568070,-123.405566090,475.697000000,17,0.188000000,0.221000000,0.494000000
15:17:29,100719,50.635568117,-123.405566085,475.699000000,17,0.185000000,0.218000000,0.487000000
15:17:30,100719,50.635568148,-123.405566070,475.703000000,17,0.185000000,0.218000000,0.487000000
15:17:31,100719,50.635568165,-123.405566092,475.706000000,17,0.185000000,0.218000000,0.487000000
15:17:32,100719,50.635568160,-123.405566062,475.705000000,17,0.182000000,0.214000000,0.480000000
15:17:33,100719,50.635568140,-123.405566038,475.703000000,17,0.182000000,0.214000000,0.480000000
15:17:34,100719,50.635568125,-123.405566002,475.700000000,17,0.182000000,0.214000000,0.480000000
15:17:35,100719,50.635568098,-123.405565967,475.698000000,17,0.180000000,0.211000000,0.473000000
15:17:36,100719,50.635568063,-123.405565930,475.691000000,17,0.180000000,0.211000000,0.473000000
15:17:37,100719,50.635568037,-123.405565865,475.682000000,17,0.180000000,0.211000000,0.473000000
15:17:38,100719,50.635568012,-123.405565847,475.682000000,17,0.177000000,0.209000000,0.467000000
15:17:39,100719,50.635567980,-123.405565842,475.683000000,17,0.177000000,0.209000000,0.467000000
15:17:40,100719,50.635567958,-123.405565865,475.683000000,17,0.177000000,0.209000000,0.467000000
15:17:41,100719,50.635567958,-123.405565837,475.681000000,17,0.175000000,0.206000000,0.461000000
15:17:42,100719,50.635567985,-123.405565837,475.684000000,17,0.175000000,0.206000000,0.461000000
15:17:43,100719,50.635567997,-123.405565817,475.681000000,17,0.175000000,0.206000000,0.461000000
15:17:44,100719,50.635568008,-123.405565813,475.679000000,17,0.172000000,0.203000000,0.453000000
15:17:45,100719,50.635568027,-123.405565792,475.678000000,17,0.172000000,0.203000000,0.453000000
15:17:46,100719,50.635568053,-123.405565780,475.681000000,17,0.172000000,0.203000000,0.453000000
15:17:47,100719,50.635568082,-123.405565797,475.687000000,17,0.170000000,0.200000000,0.447000000
15:17:48,100719,50.635568110,-123.405565812,475.693000000,17,0.170000000,0.200000000,0.447000000
15:17:49,100719,50.635568120,-123.405565818,475.699000000,17,0.170000000,0.200000000,0.447000000
15:17:50,100719,50.635568133,-123.405565818,475.702000000,17,0.168000000,0.197000000,0.442000000
15:17:51,100719,50.635568135,-123.405565837,475.707000000,17,0.168000000,0.197000000,0.442000000
15:17:52,100719,50.635568133,-123.405565875,475.710000000,17,0.168000000,0.197000000,0.442000000
15:17:53,100719,50.635568133,-123.405565872,475.710000000,17,0.166000000,0.195000000,0.437000000
15:17:54,100719,50.635568135,-123.405565847,475.706000000,17,0.166000000,0.195000000,0.437000000
15:17:55,100719,50.635568133,-123.405565827,475.701000000,17,0.166000000,0.195000000,0.437000000
15:17:56,100719,50.635568125,-123.405565817,475.700000000,17,0.164000000,0.192000000,0.431000000
15:17:57,100719,50.635568108,-123.405565790,475.696000000,17,0.164000000,0.192000000,0.431000000
15:17:58,100719,50.635568088,-123.405565767,475.696000000,17,0.164000000,0.192000000,0.431000000
15:17:59,100719,50.635568060,-123.405565703,475.692000000,17,0.162000000,0.190000000,0.426000000
15:18:00,100719,50.635568018,-123.405565645,475.687000000,17,0.162000000,0.190000000,0.426000000
15:18:01,100719,50.635567987,-123.405565603,475.682000000,17,0.162000000,0.190000000,0.426000000
15:18:02,100719,50.635567960,-123.405565575,475.676000000,17,0.160000000,0.188000000,0.422000000
15:18:03,100719,50.635567930,-123.405565530,475.671000000,17,0.160000000,0.188000000,0.422000000
15:18:04,100719,50.635567905,-123.405565475,475.665000000,17,0.160000000,0.188000000,0.422000000
15:18:05,100719,50.635567883,-123.405565435,475.660000000,17,0.158000000,0.186000000,0.417000000
15:18:06,100719,50.635567875,-123.405565388,475.656000000,17,0.158000000,0.186000000,0.417000000
15:18:07,100719,50.635567872,-123.405565368,475.655000000,17,0.158000000,0.186000000,0.417000000
15:18:08,100719,50.635567873,-123.405565347,475.655000000,17,0.156000000,0.184000000,0.412000000
15:18:09,100719,50.635567888,-123.405565315,475.656000000,17,0.156000000,0.184000000,0.412000000
15:18:10,100719,50.635567903,-123.405565288,475.658000000,17,0.156000000,0.184000000,0.412000000
15:18:11,100719,50.635567933,-123.405565292,475.664000000,17,0.155000000,0.182000000,0.408000000
15:18:12,100719,50.635567968,-123.405565312,475.670000000,17,0.155000000,0.182000000,0.408000000
15:18:13,100719,50.635567983,-123.405565343,475.678000000,17,0.155000000,0.182000000,0.408000000
15:18:14,100719,50.635568007,-123.405565388,475.688000000,17,0.155000000,0.182000000,0.408000000
15:18:15,100719,50.635568027,-123.405565438,475.697000000,17,0.155000000,0.182000000,0.408000000
15:18:16,100719,50.635568045,-123.405565475,475.703000000,17,0.155000000,0.182000000,0.408000000
15:18:17,100719,50.635568058,-123.405565473,475.704000000,17,0.155000000,0.182000000,0.408000000
15:18:18,100719,50.635568078,-123.405565500,475.711000000,17,0.155000000,0.182000000,0.408000000
15:18:19,100719,50.635568083,-123.405565542,475.719000000,17,0.155000000,0.182000000,0.408000000
15:18:20,100719,50.635568098,-123.405565617,475.731000000,17,0.155000000,0.182000000,0.408000000
15:18:21,100719,50.635568112,-123.405565657,475.739000000,17,0.155000000,0.182000000,0.408000000
15:18:22,100719,50.635568133,-123.405565683,475.745000000,17,0.155000000,0.182000000,0.408000000
15:18:23,100719,50.635568158,-123.405565708,475.750000000,17,0.155000000,0.182000000,0.408000000
15:18:24,100719,50.635568167,-123.405565738,475.751000000,17,0.155000000,0.182000000,0.408000000
15:18:25,100719,50.635568172,-123.405565770,475.755000000,17,0.155000000,0.182000000,0.408000000
15:18:26,100719,50.635568165,-123.405565815,475.761000000,17,0.155000000,0.182000000,0.408000000
15:18:27,100719,50.635568155,-123.405565833,475.763000000,17,0.155000000,0.182000000,0.408000000
15:18:28,100719,50.635568142,-123.405565880,475.772000000,17,0.155000000,0.182000000,0.408000000
15:18:29,100719,50.635568137,-123.405565930,475.780000000,17,0.155000000,0.182000000,0.408000000
15:18:30,100719,50.635568172,-123.405565993,475.787000000,17,0.155000000,0.182000000,0.408000000
15:18:31,100719,50.635568208,-123.405566028,475.794000000,17,0.155000000,0.182000000,0.408000000
15:18:32,100719,50.635568238,-123.405566068,475.803000000,17,0.155000000,0.182000000,0.408000000
15:18:33,100719,50.635568270,-123.405566143,475.817000000,17,0.155000000,0.182000000,0.408000000
15:18:34,100719,50.635568297,-123.405566213,475.831000000,17,0.155000000,0.182000000,0.408000000
15:18:35,100719,50.635568332,-123.405566255,475.841000000,17,0.155000000,0.182000000,0.408000000
15:18:36,100719,50.635568362,-123.405566297,475.849000000,17,0.155000000,0.182000000,0.408000000
15:18:37,100719,50.635568382,-123.405566373,475.859000000,17,0.155000000,0.182000000,0.408000000
15:18:38,100719,50.635568413,-123.405566438,475.865000000,17,0.155000000,0.182000000,0.408000000
15:18:39,100719,50.635568430,-123.405566430,475.866000000,17,0.155000000,0.182000000,0.408000000
15:18:40,100719,50.635568412,-123.405566503,475.864000000,17,0.155000000,0.182000000,0.408000000
15:18:41,100719,50.635568435,-123.405566437,475.867000000,17,0.155000000,0.182000000,0.408000000
15:18:42,100719,50.635568400,-123.405566437,475.866000000,17,0.155000000,0.182000000,0.408000000
15:18:43,100719,50.635568370,-123.405566492,475.873000000,17,0.155000000,0.182000000,0.408000000
15:18:44,100719,50.635568382,-123.405566453,475.873000000,17,0.155000000,0.182000000,0.408000000
15:18:45,100719,50.635568400,-123.405566308,475.865000000,17,0.155000000,0.182000000,0.408000000
15:18:46,100719,50.635568415,-123.405566188,475.859000000,17,0.155000000,0.182000000,0.408000000
15:18:47,100719,50.635568473,-123.405565960,475.843000000,17,0.155000000,0.182000000,0.409000000
15:18:48,100719,50.635568430,-123.405566028,475.844000000,17,0.155000000,0.182000000,0.409000000
15:18:49,100719,50.635568417,-123.405566103,475.848000000,17,0.155000000,0.182000000,0.409000000
15:18:50,100719,50.635568395,-123.405566167,475.851000000,17,0.155000000,0.182000000,0.409000000
15:18:51,100719,50.635568388,-123.405566208,475.849000000,17,0.155000000,0.182000000,0.409000000
15:18:52,100719,50.635568388,-123.405566268,475.853000000,17,0.155000000,0.182000000,0.409000000
15:18:53,100719,50.635568375,-123.405566303,475.853000000,17,0.155000000,0.182000000,0.409000000
15:18:54,100719,50.635568365,-123.405566330,475.856000000,17,0.155000000,0.182000000,0.409000000
15:18:55,100719,50.635568352,-123.405566385,475.861000000,17,0.155000000,0.182000000,0.409000000
15:18:56,100719,50.635568327,-123.405566402,475.865000000,17,0.155000000,0.182000000,0.409000000
15:18:57,100719,50.635568327,-123.405566445,475.865000000,17,0.155000000,0.182000000,0.409000000
15:18:58,100719,50.635568325,-123.405566463,475.869000000,17,0.155000000,0.182000000,0.409000000
15:18:59,100719,50.635568342,-123.405566460,475.871000000,17,0.155000000,0.182000000,0.409000000
15:19:00,100719,50.635568335,-123.405566470,475.877000000,17,0.155000000,0.182000000,0.409000000
15:19:01,100719,50.635568335,-123.405566540,475.888000000,17,0.155000000,0.182000000,0.409000000
15:19:02,100719,50.635568345,-123.405566580,475.896000000,17,0.155000000,0.182000000,0.409000000
15:19:03,100719,50.635568342,-123.405566620,475.902000000,17,0.155000000,0.182000000,0.409000000
15:19:04,100719,50.635568342,-123.405566642,475.901000000,17,0.155000000,0.182000000,0.409000000
15:19:05,100719,50.635568357,-123.405566668,475.903000000,17,0.155000000,0.182000000,0.409000000
15:19:06,100719,50.635568355,-123.405566702,475.907000000,17,0.155000000,0.182000000,0.409000000
15:19:07,100719,50.635568343,-123.405566710,475.906000000,17,0.155000000,0.182000000,0.409000000
15:19:08,100719,50.635568367,-123.405566700,475.910000000,17,0.155000000,0.182000000,0.409000000
15:19:09,100719,50.635568378,-123.405566703,475.911000000,17,0.155000000,0.182000000,0.409000000
15:19:10,100719,50.635568373,-123.405566748,475.916000000,17,0.155000000,0.182000000,0.409000000
15:19:11,100719,50.635568387,-123.405566698,475.916000000,17,0.155000000,0.182000000,0.409000000
15:19:12,100719,50.635568392,-123.405566733,475.919000000,17,0.155000000,0.182000000,0.409000000
15:19:13,100719,50.635568400,-123.405566787,475.923000000,17,0.155000000,0.182000000,0.409000000
15:19:14,100719,50.635568403,-123.405566837,475.936000000,17,0.155000000,0.182000000,0.409000000
15:19:15,100719,50.635568457,-123.405566773,475.936000000,17,0.155000000,0.182000000,0.409000000
15:19:16,100719,50.635568523,-123.405566657,475.934000000,17,0.155000000,0.182000000,0.409000000
15:19:17,100719,50.635568515,-123.405566638,475.932000000,17,0.155000000,0.182000000,0.409000000
15:19:18,100719,50.635568490,-123.405566682,475.931000000,17,0.155000000,0.182000000,0.409000000
15:19:19,100719,50.635568485,-123.405566748,475.934000000,17,0.155000000,0.182000000,0.409000000
15:19:20,100719,50.635568503,-123.405566647,475.927000000,17,0.156000000,0.182000000,0.409000000
15:19:21,100719,50.635568538,-123.405566523,475.924000000,17,0.156000000,0.182000000,0.409000000
15:19:22,100719,50.635568557,-123.405566400,475.918000000,17,0.156000000,0.182000000,0.409000000
15:19:23,100719,50.635568587,-123.405566317,475.909000000,17,0.156000000,0.182000000,0.409000000
15:19:24,100719,50.635568602,-123.405566293,475.907000000,17,0.156000000,0.182000000,0.409000000
15:19:25,100719,50.635568605,-123.405566262,475.902000000,17,0.156000000,0.182000000,0.409000000
15:19:26,100719,50.635568607,-123.405566220,475.901000000,17,0.156000000,0.182000000,0.409000000
15:19:27,100719,50.635568632,-123.405566130,475.896000000,17,0.156000000,0.182000000,0.409000000
15:19:28,100719,50.635568632,-123.405566045,475.887000000,17,0.156000000,0.182000000,0.409000000
15:19:29,100719,50.635568658,-123.405565998,475.882000000,17,0.156000000,0.182000000,0.409000000
15:19:30,100719,50.635568680,-123.405565915,475.880000000,17,0.156000000,0.182000000,0.409000000
15:19:31,100719,50.635568702,-123.405565848,475.876000000,17,0.156000000,0.182000000,0.409000000
15:19:32,100719,50.635568702,-123.405565857,475.873000000,17,0.156000000,0.182000000,0.409000000
15:19:33,100719,50.635568743,-123.405565823,475.870000000,17,0.156000000,0.182000000,0.409000000
15:19:34,100719,50.635568762,-123.405565858,475.874000000,17,0.156000000,0.182000000,0.409000000
15:19:35,100719,50.635568792,-123.405565827,475.871000000,17,0.156000000,0.182000000,0.410000000
15:19:36,100719,50.635568843,-123.405565773,475.871000000,17,0.156000000,0.182000000,0.410000000
15:19:37,100719,50.635568887,-123.405565725,475.868000000,17,0.156000000,0.182000000,0.410000000
15:19:38,100719,50.635568930,-123.405565645,475.865000000,17,0.156000000,0.182000000,0.410000000
15:19:39,100719,50.635568992,-123.405565600,475.861000000,17,0.156000000,0.182000000,0.410000000
15:19:40,100719,50.635569032,-123.405565513,475.857000000,17,0.156000000,0.182000000,0.410000000
15:19:41,100719,50.635569068,-123.405565463,475.851000000,17,0.156000000,0.182000000,0.410000000
15:19:42,100719,50.635569088,-123.405565413,475.848000000,17,0.156000000,0.182000000,0.410000000
15:19:43,100719,50.635569093,-123.405565332,475.840000000,17,0.156000000,0.182000000,0.410000000
15:19:44,100719,50.635569112,-123.405565275,475.838000000,17,0.156000000,0.182000000,0.410000000
15:19:45,100719,50.635569127,-123.405565220,475.831000000,17,0.156000000,0.182000000,0.410000000
15:19:46,100719,50.635569137,-123.405565222,475.832000000,17,0.156000000,0.182000000,0.410000000
15:19:47,100719,50.635569137,-123.405565252,475.829000000,17,0.156000000,0.182000000,0.410000000
15:19:48,100719,50.635569103,-123.405565278,475.827000000,17,0.156000000,0.182000000,0.410000000
