TIME,DATE(ddMMyy),LATITUDEGGA,LONGITUDEGGA,ALTITUDEGGA,NUMBERSAT,LATERR,LONGERR,ALTERR
21:25:58,130719,50.565989848,-123.526442992,878.755000000,14,0.173000000,0.130000000,0.381000000
21:25:59,130719,50.565989877,-123.526443018,878.761000000,14,0.173000000,0.130000000,0.381000000
21:26:00,130719,50.565989930,-123.526443012,878.767000000,14,0.173000000,0.130000000,0.381000000
21:26:01,130719,50.565989950,-123.526442973,878.770000000,14,0.173000000,0.130000000,0.381000000
21:26:02,130719,50.565989982,-123.526442947,878.768000000,14,0.173000000,0.130000000,0.382000000
21:26:03,130719,50.565990037,-123.526442907,878.772000000,14,0.173000000,0.130000000,0.382000000
21:26:04,130719,50.565990005,-123.526442868,878.773000000,14,0.173000000,0.130000000,0.382000000
21:26:05,130719,50.565989975,-123.526442845,878.768000000,14,0.173000000,0.130000000,0.382000000
21:26:06,130719,50.565989942,-123.526442837,878.764000000,14,0.173000000,0.130000000,0.382000000
21:26:07,130719,50.565989950,-123.526442782,878.755000000,14,0.173000000,0.130000000,0.382000000
21:26:08,130719,50.565989940,-123.526442757,878.754000000,14,0.173000000,0.130000000,0.382000000
21:26:09,130719,50.565989963,-123.526442742,878.751000000,14,0.173000000,0.130000000,0.382000000
21:26:10,130719,50.565989987,-123.526442735,878.758000000,14,0.173000000,0.130000000,0.382000000
21:26:11,130719,50.565989998,-123.526442683,878.759000000,14,0.173000000,0.130000000,0.382000000
21:26:12,130719,50.565990007,-123.526442665,878.767000000,14,0.173000000,0.130000000,0.382000000
21:26:13,130719,50.565990012,-123.526442657,878.767000000,14,0.173000000,0.130000000,0.382000000
21:26:14,130719,50.565990035,-123.526442633,878.765000000,14,0.173000000,0.130000000,0.382000000
21:26:15,130719,50.565990052,-123.526442602,878.765000000,14,0.173000000,0.130000000,0.382000000
21:26:16,130719,50.565990113,-123.526442567,878.768000000,14,0.173000000,0.130000000,0.382000000
21:26:17,130719,50.565990168,-123.526442498,878.765000000,14,0.173000000,0.130000000,0.382000000
21:26:18,130719,50.565990225,-123.526442520,878.772000000,14,0.173000000,0.130000000,0.382000000
21:26:19,130719,50.565990277,-123.526442498,878.779000000,14,0.173000000,0.130000000,0.382000000
21:26:20,130719,50.565990337,-123.526442518,878.784000000,14,0.173000000,0.130000000,0.382000000
21:26:21,130719,50.565990413,-123.526442513,878.793000000,14,0.173000000,0.130000000,0.382000000
21:26:22,130719,50.565990433,-123.526442483,878.793000000,14,0.173000000,0.130000000,0.382000000
21:26:23,130719,50.565990428,-123.526442473,878.799000000,14,0.173000000,0.130000000,0.382000000
21:26:24,130719,50.565990412,-123.526442465,878.799000000,14,0.173000000,0.130000000,0.382000000
21:26:25,130719,50.565990410,-123.526442455,878.801000000,14,0.173000000,0.130000000,0.382000000
21:26:26,130719,50.565990413,-123.526442395,878.802000000,14,0.173000000,0.130000000,0.382000000
21:26:27,130719,50.565990392,-123.526442383,878.803000000,14,0.173000000,0.130000000,0.382000000
21:26:28,130719,50.565990337,-123.526442335,878.802000000,14,0.173000000,0.130000000,0.382000000
21:26:29,130719,50.565990282,-123.526442287,878.791000000,14,0.173000000,0.130000000,0.382000000
21:26:30,130719,50.565990217,-123.526442215,878.787000000,14,0.173000000,0.130000000,0.382000000
21:26:31,130719,50.565990170,-123.526442168,878.778000000,14,0.173000000,0.130000000,0.382000000
21:26:32,130719,50.565990158,-123.526442120,878.771000000,14,0.173000000,0.130000000,0.382000000
21:26:33,130719,50.565990147,-123.526442060,878.768000000,14,0.173000000,0.130000000,0.382000000
21:26:34,130719,50.565990145,-123.526442040,878.770000000,14,0.173000000,0.130000000,0.382000000
21:26:35,130719,50.565990152,-123.526442032,878.779000000,14,0.173000000,0.130000000,0.382000000
21:26:36,130719,50.565990180,-123.526442008,878.787000000,14,0.173000000,0.130000000,0.382000000
21:26:37,130719,50.565990193,-123.526441987,878.786000000,14,0.173000000,0.130000000,0.382000000
21:26:38,130719,50.565990227,-123.526441957,878.785000000,14,0.173000000,0.130000000,0.382000000
21:26:39,130719,50.565990242,-123.526441970,878.794000000,14,0.173000000,0.130000000,0.382000000
21:26:40,130719,50.565990305,-123.526441933,878.801000000,14,0.173000000,0.130000000,0.382000000
21:26:41,130719,50.565990338,-123.526441920,878.799000000,14,0.173000000,0.130000000,0.382000000
21:26:42,130719,50.565990365,-123.526441910,878.796000000,14,0.173000000,0.130000000,0.382000000
21:26:43,130719,50.565990413,-123.526441848,878.805000000,14,0.173000000,0.130000000,0.382000000
21:26:44,130719,50.565990442,-123.526441868,878.807000000,14,0.173000000,0.130000000,0.382000000
21:26:45,130719,50.565990438,-123.526441892,878.813000000,14,0.173000000,0.130000000,0.382000000
21:26:46,130719,50.565990430,-123.526441860,878.812000000,14,0.173000000,0.130000000,0.382000000
21:26:47,130719,50.565990397,-123.526441902,878.814000000,13,0.173000000,0.140000000,0.420000000
21:26:48,130719,50.565990362,-123.526441928,878.814000000,13,0.173000000,0.140000000,0.420000000
21:26:49,130719,50.565990317,-123.526441977,878.816000000,13,0.173000000,0.140000000,0.420000000
21:26:50,130719,50.565990275,-123.526441972,878.817000000,13,0.173000000,0.140000000,0.420000000
21:26:51,130719,50.565990212,-123.526441997,878.812000000,13,0.173000000,0.140000000,0.420000000
21:26:52,130719,50.565990192,-123.526442005,878.802000000,13,0.173000000,0.140000000,0.420000000
21:26:53,130719,50.565990165,-123.526441985,878.791000000,13,0.173000000,0.140000000,0.420000000
21:26:54,130719,50.565990167,-123.526441998,878.787000000,13,0.173000000,0.140000000,0.420000000
21:26:55,130719,50.565990165,-123.526442035,878.781000000,13,0.173000000,0.140000000,0.420000000
21:26:56,130719,50.565990147,-123.526442057,878.781000000,13,0.173000000,0.140000000,0.420000000
21:26:57,130719,50.565990132,-123.526442060,878.780000000,13,0.173000000,0.140000000,0.420000000
21:26:58,130719,50.565990157,-123.526442040,878.779000000,13,0.173000000,0.140000000,0.420000000
21:26:59,130719,50.565990160,-123.526442047,878.780000000,13,0.173000000,0.140000000,0.420000000
21:27:00,130719,50.565990188,-123.526442078,878.781000000,14,0.173000000,0.140000000,0.420000000
21:27:01,130719,50.565990183,-123.526442117,878.786000000,14,0.173000000,0.130000000,0.383000000
21:27:02,130719,50.565990178,-123.526442112,878.785000000,14,0.173000000,0.130000000,0.383000000
21:27:03,130719,50.565990160,-123.526442112,878.783000000,14,0.173000000,0.130000000,0.383000000
21:27:04,130719,50.565990122,-123.526442147,878.780000000,14,0.173000000,0.130000000,0.383000000
21:27:05,130719,50.565990113,-123.526442167,878.772000000,14,0.173000000,0.130000000,0.383000000
21:27:06,130719,50.565990132,-123.526442165,878.761000000,14,0.173000000,0.130000000,0.383000000
21:27:07,130719,50.565990170,-123.526442197,878.754000000,14,0.173000000,0.130000000,0.383000000
21:27:08,130719,50.565990177,-123.526442232,878.748000000,14,0.173000000,0.130000000,0.383000000
21:27:09,130719,50.565990158,-123.526442205,878.748000000,14,0.173000000,0.130000000,0.383000000
21:27:10,130719,50.565990152,-123.526442175,878.748000000,14,0.173000000,0.130000000,0.383000000
21:27:11,130719,50.565990162,-123.526442193,878.752000000,14,0.173000000,0.130000000,0.383000000
21:27:12,130719,50.565990207,-123.526442255,878.750000000,14,0.173000000,0.130000000,0.383000000
21:27:13,130719,50.565990232,-123.526442295,878.745000000,14,0.173000000,0.130000000,0.383000000
21:27:14,130719,50.565990265,-123.526442348,878.743000000,14,0.173000000,0.130000000,0.383000000
21:27:15,130719,50.565990275,-123.526442395,878.735000000,14,0.173000000,0.130000000,0.383000000
21:27:16,130719,50.565990333,-123.526442428,878.736000000,14,0.173000000,0.130000000,0.383000000
21:27:17,130719,50.565990392,-123.526442518,878.742000000,14,0.173000000,0.130000000,0.383000000
21:27:18,130719,50.565990445,-123.526442570,878.743000000,14,0.173000000,0.130000000,0.383000000
21:27:19,130719,50.565990490,-123.526442642,878.738000000,14,0.173000000,0.130000000,0.383000000
21:27:20,130719,50.565990545,-123.526442688,878.736000000,14,0.173000000,0.130000000,0.383000000
21:27:21,130719,50.565990607,-123.526442720,878.734000000,14,0.173000000,0.130000000,0.383000000
21:27:22,130719,50.565990645,-123.526442730,878.724000000,14,0.173000000,0.130000000,0.383000000
21:27:23,130719,50.565990677,-123.526442737,878.717000000,14,0.173000000,0.130000000,0.383000000
21:27:24,130719,50.565990720,-123.526442772,878.709000000,14,0.173000000,0.130000000,0.383000000
21:27:25,130719,50.565990743,-123.526442827,878.706000000,14,0.173000000,0.130000000,0.383000000
21:27:26,130719,50.565990773,-123.526442895,878.702000000,14,0.173000000,0.130000000,0.383000000
21:27:27,130719,50.565990788,-123.526442935,878.701000000,14,0.173000000,0.130000000,0.383000000
21:27:28,130719,50.565990797,-123.526443005,878.702000000,14,0.173000000,0.130000000,0.383000000
21:27:29,130719,50.565990837,-123.526443018,878.699000000,14,0.173000000,0.130000000,0.383000000
21:27:30,130719,50.565990893,-123.526443062,878.688000000,14,0.173000000,0.130000000,0.383000000
21:27:31,130719,50.565990983,-123.526443135,878.684000000,14,0.173000000,0.130000000,0.383000000
21:27:32,130719,50.565991047,-123.526443180,878.683000000,14,0.173000000,0.130000000,0.383000000
21:27:33,130719,50.565991093,-123.526443220,878.682000000,14,0.173000000,0.130000000,0.383000000
21:27:34,130719,50.565991060,-123.526443235,878.680000000,14,0.173000000,0.130000000,0.383000000
21:27:35,130719,50.565991002,-123.526443212,878.678000000,14,0.173000000,0.130000000,0.383000000
21:27:36,130719,50.565990953,-123.526443195,878.670000000,14,0.173000000,0.130000000,0.383000000
21:27:37,130719,50.565990923,-123.526443150,878.661000000,14,0.173000000,0.130000000,0.383000000
21:27:38,130719,50.565990898,-123.526443125,878.655000000,14,0.173000000,0.130000000,0.383000000
21:27:39,130719,50.565990860,-123.526443112,878.651000000,14,0.173000000,0.130000000,0.383000000
21:27:40,130719,50.565990872,-123.526443113,878.658000000,14,0.173000000,0.130000000,0.383000000
21:27:41,130719,50.565990943,-123.526443135,878.663000000,14,0.173000000,0.130000000,0.383000000
21:27:42,130719,50.565991003,-123.526443158,878.664000000,14,0.173000000,0.130000000,0.383000000
21:27:43,130719,50.565991062,-123.526443148,878.677000000,14,0.173000000,0.130000000,0.383000000
21:27:44,130719,50.565991100,-123.526443197,878.685000000,14,0.173000000,0.130000000,0.383000000
21:27:45,130719,50.565991127,-123.526443250,878.687000000,14,0.173000000,0.130000000,0.383000000
21:27:46,130719,50.565991172,-123.526443263,878.688000000,14,0.173000000,0.130000000,0.383000000
21:27:47,130719,50.565991180,-123.526443260,878.690000000,14,0.173000000,0.130000000,0.383000000
21:27:48,130719,50.565991180,-123.526443302,878.690000000,14,0.173000000,0.130000000,0.383000000
21:27:49,130719,50.565991202,-123.526443333,878.690000000,14,0.173000000,0.130000000,0.383000000
21:27:50,130719,50.565991238,-123.526443380,878.693000000,14,0.173000000,0.130000000,0.383000000
21:27:51,130719,50.565991238,-123.526443415,878.694000000,14,0.173000000,0.130000000,0.383000000
21:27:52,130719,50.565991217,-123.526443435,878.697000000,14,0.174000000,0.130000000,0.383000000
21:27:53,130719,50.565991190,-123.526443453,878.697000000,14,0.174000000,0.130000000,0.383000000
21:27:54,130719,50.565991148,-123.526443480,878.693000000,14,0.174000000,0.130000000,0.383000000
21:27:55,130719,50.565991120,-123.526443468,878.697000000,14,0.174000000,0.130000000,0.383000000
21:27:56,130719,50.565991047,-123.526443518,878.700000000,14,0.174000000,0.130000000,0.383000000
21:27:57,130719,50.565991025,-123.526443508,878.702000000,14,0.174000000,0.130000000,0.383000000
21:27:58,130719,50.565991013,-123.526443485,878.716000000,14,0.174000000,0.130000000,0.383000000
21:27:59,130719,50.565991037,-123.526443450,878.724000000,14,0.174000000,0.130000000,0.383000000
21:28:00,130719,50.565991052,-123.526443438,878.730000000,14,0.174000000,0.130000000,0.383000000
21:28:01,130719,50.565991065,-123.526443442,878.736000000,14,0.174000000,0.130000000,0.383000000
21:28:02,130719,50.565991043,-123.526443387,878.754000000,14,0.174000000,0.130000000,0.383000000
21:28:03,130719,50.565991007,-123.526443317,878.771000000,14,0.174000000,0.130000000,0.383000000
21:28:04,130719,50.565991013,-123.526443340,878.788000000,14,0.174000000,0.130000000,0.384000000
21:28:05,130719,50.565991027,-123.526443365,878.805000000,14,0.174000000,0.130000000,0.384000000
21:28:06,130719,50.565991028,-123.526443338,878.819000000,14,0.174000000,0.130000000,0.384000000
21:28:07,130719,50.565991057,-123.526443365,878.828000000,14,0.174000000,0.130000000,0.384000000
21:28:08,130719,50.565991085,-123.526443383,878.835000000,14,0.174000000,0.130000000,0.384000000
21:28:09,130719,50.565991112,-123.526443403,878.844000000,14,0.174000000,0.130000000,0.384000000
21:28:10,130719,50.565991075,-123.526443417,878.854000000,14,0.174000000,0.130000000,0.384000000
21:28:11,130719,50.565991062,-123.526443408,878.857000000,14,0.174000000,0.130000000,0.384000000
21:28:12,130719,50.565991065,-123.526443443,878.860000000,14,0.174000000,0.130000000,0.384000000
21:28:13,130719,50.565991085,-123.526443398,878.859000000,14,0.174000000,0.130000000,0.384000000
21:28:14,130719,50.565991073,-123.526443392,878.863000000,14,0.174000000,0.130000000,0.384000000
21:28:15,130719,50.565991050,-123.526443378,878.869000000,14,0.174000000,0.130000000,0.384000000
21:28:16,130719,50.565991022,-123.526443378,878.874000000,14,0.174000000,0.130000000,0.384000000
21:28:17,130719,50.565991055,-123.526443438,878.878000000,14,0.174000000,0.130000000,0.384000000
21:28:18,130719,50.565991107,-123.526443457,878.879000000,14,0.174000000,0.130000000,0.384000000
21:28:19,130719,50.565991115,-123.526443472,878.878000000,14,0.174000000,0.130000000,0.384000000
21:28:20,130719,50.565991123,-123.526443505,878.881000000,14,0.174000000,0.130000000,0.384000000
21:28:21,130719,50.565991163,-123.526443542,878.885000000,14,0.174000000,0.130000000,0.384000000
21:28:22,130719,50.565991230,-123.526443588,878.886000000,14,0.174000000,0.130000000,0.384000000
21:28:23,130719,50.565991278,-123.526443605,878.888000000,14,0.174000000,0.130000000,0.384000000
21:28:24,130719,50.565991330,-123.526443638,878.888000000,14,0.174000000,0.130000000,0.384000000
21:28:25,130719,50.565991382,-123.526443652,878.892000000,14,0.174000000,0.130000000,0.384000000
21:28:26,130719,50.565991407,-123.526443667,878.896000000,14,0.174000000,0.130000000,0.384000000
21:28:27,130719,50.565991410,-123.526443672,878.901000000,14,0.174000000,0.130000000,0.384000000
21:28:28,130719,50.565991402,-123.526443647,878.904000000,14,0.174000000,0.130000000,0.384000000
21:28:29,130719,50.565991390,-123.526443650,878.903000000,14,0.174000000,0.130000000,0.384000000
21:28:30,130719,50.565991402,-123.526443658,878.899000000,14,0.174000000,0.130000000,0.384000000
21:28:31,130719,50.565991407,-123.526443653,878.899000000,14,0.174000000,0.130000000,0.384000000
21:28:32,130719,50.565991403,-123.526443640,878.896000000,14,0.174000000,0.130000000,0.384000000
21:28:33,130719,50.565991388,-123.526443637,878.896000000,14,0.174000000,0.130000000,0.384000000
21:28:34,130719,50.565991365,-123.526443643,878.893000000,14,0.174000000,0.130000000,0.384000000
21:28:35,130719,50.565991345,-123.526443628,878.891000000,14,0.174000000,0.130000000,0.384000000
21:28:36,130719,50.565991322,-123.526443582,878.883000000,14,0.174000000,0.130000000,0.384000000
21:28:37,130719,50.565991307,-123.526443577,878.878000000,14,0.174000000,0.130000000,0.384000000
21:28:38,130719,50.565991312,-123.526443568,878.869000000,14,0.174000000,0.130000000,0.384000000
21:28:39,130719,50.565991305,-123.526443573,878.870000000,14,0.174000000,0.130000000,0.384000000
21:28:40,130719,50.565991280,-123.526443582,878.881000000,14,0.174000000,0.130000000,0.384000000
21:28:41,130719,50.565991280,-123.526443568,878.889000000,14,0.174000000,0.130000000,0.384000000
21:28:42,130719,50.565991257,-123.526443557,878.896000000,14,0.174000000,0.130000000,0.384000000
21:28:43,130719,50.565991228,-123.526443515,878.902000000,14,0.174000000,0.130000000,0.384000000
21:28:44,130719,50.565991215,-123.526443518,878.908000000,14,0.174000000,0.130000000,0.384000000
21:28:45,130719,50.565991182,-123.526443493,878.909000000,14,0.174000000,0.130000000,0.384000000
21:28:46,130719,50.565991183,-123.526443490,878.905000000,14,0.174000000,0.130000000,0.384000000
21:28:47,130719,50.565991192,-123.526443455,878.901000000,14,0.174000000,0.130000000,0.384000000
21:28:48,130719,50.565991205,-123.526443460,878.904000000,14,0.174000000,0.130000000,0.384000000
21:28:49,130719,50.565991205,-123.526443475,878.902000000,14,0.174000000,0.130000000,0.384000000
21:28:50,130719,50.565991230,-123.526443467,878.908000000,14,0.174000000,0.130000000,0.384000000
21:28:51,130719,50.565991240,-123.526443462,878.910000000,14,0.174000000,0.130000000,0.384000000
21:28:52,130719,50.565991225,-123.526443448,878.908000000,14,0.174000000,0.130000000,0.384000000
21:28:53,130719,50.565991190,-123.526443398,878.907000000,14,0.174000000,0.130000000,0.384000000
21:28:54,130719,50.565991173,-123.526443337,878.899000000,14,0.174000000,0.130000000,0.384000000
21:28:55,130719,50.565991133,-123.526443320,878.895000000,14,0.174000000,0.130000000,0.384000000
21:28:56,130719,50.565991090,-123.526443320,878.894000000,14,0.174000000,0.130000000,0.384000000
21:28:57,130719,50.565991082,-123.526443312,878.897000000,14,0.174000000,0.130000000,0.384000000
21:28:58,130719,50.565991058,-123.526443288,878.898000000,14,0.174000000,0.130000000,0.384000000
21:28:59,130719,50.565991042,-123.526443267,878.892000000,14,0.174000000,0.130000000,0.384000000
21:29:00,130719,50.565991038,-123.526443232,878.885000000,14,0.174000000,0.130000000,0.384000000
21:29:01,130719,50.565991062,-123.526443247,878.884000000,14,0.174000000,0.130000000,0.384000000
21:29:02,130719,50.565991080,-123.526443275,878.883000000,14,0.174000000,0.130000000,0.384000000
21:29:03,130719,50.565991100,-123.526443313,878.870000000,14,0.174000000,0.130000000,0.384000000
21:29:04,130719,50.565991108,-123.526443365,878.867000000,14,0.174000000,0.130000000,0.384000000
21:29:05,130719,50.565991158,-123.526443382,878.871000000,15,0.174000000,0.130000000,0.384000000
21:29:06,130719,50.565991167,-123.526443450,878.866000000,15,0.173000000,0.126000000,0.358000000
21:29:07,130719,50.565991172,-123.526443462,878.856000000,15,0.173000000,0.126000000,0.358000000
21:29:08,130719,50.565991188,-123.526443482,878.856000000,15,0.173000000,0.126000000,0.358000000
21:29:09,130719,50.565991203,-123.526443483,878.851000000,15,0.173000000,0.126000000,0.358000000
21:29:10,130719,50.565991203,-123.526443483,878.853000000,15,0.173000000,0.126000000,0.358000000
21:29:11,130719,50.565991213,-123.526443493,878.856000000,15,0.173000000,0.126000000,0.358000000
21:29:12,130719,50.565991217,-123.526443530,878.852000000,15,0.173000000,0.126000000,0.358000000
21:29:13,130719,50.565991252,-123.526443533,878.847000000,15,0.173000000,0.126000000,0.358000000
21:29:14,130719,50.565991315,-123.526443555,878.838000000,15,0.173000000,0.126000000,0.358000000
21:29:15,130719,50.565991357,-123.526443577,878.832000000,15,0.173000000,0.126000000,0.358000000
21:29:16,130719,50.565991355,-123.526443627,878.829000000,15,0.173000000,0.126000000,0.358000000
21:29:17,130719,50.565991355,-123.526443642,878.830000000,15,0.173000000,0.126000000,0.358000000
21:29:18,130719,50.565991355,-123.526443677,878.829000000,15,0.173000000,0.126000000,0.358000000
21:29:19,130719,50.565991342,-123.526443720,878.827000000,14,0.174000000,0.130000000,0.384000000
21:29:20,130719,50.565991365,-123.526443733,878.822000000,15,0.173000000,0.126000000,0.358000000
21:29:21,130719,50.565991353,-123.526443747,878.821000000,14,0.174000000,0.130000000,0.384000000
21:29:22,130719,50.565991327,-123.526443745,878.811000000,15,0.173000000,0.126000000,0.358000000
21:29:23,130719,50.565991263,-123.526443737,878.800000000,15,0.173000000,0.126000000,0.358000000
21:29:24,130719,50.565991233,-123.526443730,878.790000000,15,0.173000000,0.126000000,0.358000000
21:29:25,130719,50.565991232,-123.526443743,878.784000000,15,0.174000000,0.126000000,0.358000000
21:29:26,130719,50.565991225,-123.526443727,878.777000000,14,0.174000000,0.130000000,0.384000000
21:29:27,130719,50.565991223,-123.526443738,878.772000000,15,0.174000000,0.126000000,0.358000000
21:29:28,130719,50.565991238,-123.526443760,878.768000000,15,0.174000000,0.126000000,0.358000000
21:29:29,130719,50.565991255,-123.526443788,878.775000000,15,0.174000000,0.126000000,0.358000000
21:29:30,130719,50.565991298,-123.526443820,878.779000000,14,0.174000000,0.130000000,0.385000000
21:29:31,130719,50.565991315,-123.526443835,878.785000000,14,0.174000000,0.130000000,0.385000000
21:29:32,130719,50.565991340,-123.526443840,878.782000000,14,0.174000000,0.130000000,0.385000000
21:29:33,130719,50.565991370,-123.526443852,878.779000000,14,0.174000000,0.130000000,0.385000000
21:29:34,130719,50.565991378,-123.526443842,878.777000000,14,0.174000000,0.130000000,0.385000000
21:29:35,130719,50.565991370,-123.526443867,878.778000000,14,0.174000000,0.130000000,0.385000000
21:29:36,130719,50.565991362,-123.526443895,878.781000000,15,0.174000000,0.126000000,0.359000000
21:29:37,130719,50.565991390,-123.526443922,878.781000000,15,0.174000000,0.126000000,0.359000000
21:29:38,130719,50.565991402,-123.526443945,878.780000000,15,0.174000000,0.126000000,0.359000000
21:29:39,130719,50.565991422,-123.526443932,878.772000000,15,0.174000000,0.126000000,0.359000000
21:29:40,130719,50.565991435,-123.526443962,878.774000000,15,0.174000000,0.126000000,0.359000000
21:29:41,130719,50.565991470,-123.526444003,878.780000000,15,0.174000000,0.126000000,0.359000000
21:29:42,130719,50.565991480,-123.526444055,878.786000000,15,0.174000000,0.126000000,0.359000000
21:29:43,130719,50.565991472,-123.526444083,878.788000000,15,0.174000000,0.126000000,0.359000000
21:29:44,130719,50.565991523,-123.526444107,878.793000000,15,0.174000000,0.126000000,0.359000000
21:29:45,130719,50.565991532,-123.526444115,878.790000000,15,0.174000000,0.126000000,0.359000000
21:29:46,130719,50.565991518,-123.526444123,878.788000000,15,0.174000000,0.126000000,0.359000000
21:29:47,130719,50.565991495,-123.526444167,878.779000000,15,0.174000000,0.126000000,0.359000000
21:29:48,130719,50.565991462,-123.526444200,878.776000000,15,0.174000000,0.126000000,0.359000000
21:29:49,130719,50.565991450,-123.526444213,878.777000000,15,0.174000000,0.126000000,0.359000000
21:29:50,130719,50.565991438,-123.526444225,878.773000000,15,0.174000000,0.126000000,0.359000000
21:29:51,130719,50.565991407,-123.526444200,878.768000000,15,0.174000000,0.126000000,0.359000000
21:29:52,130719,50.565991377,-123.526444212,878.765000000,14,0.174000000,0.126000000,0.359000000
21:29:53,130719,50.565991382,-123.526444238,878.767000000,14,0.174000000,0.130000000,0.385000000
21:29:54,130719,50.565991388,-123.526444283,878.770000000,14,0.174000000,0.130000000,0.385000000
21:29:55,130719,50.565991403,-123.526444287,878.770000000,14,0.174000000,0.130000000,0.385000000
21:29:56,130719,50.565991437,-123.526444272,878.774000000,14,0.174000000,0.130000000,0.385000000
21:29:57,130719,50.565991450,-123.526444257,878.777000000,14,0.174000000,0.130000000,0.385000000
21:29:58,130719,50.565991417,-123.526444268,878.777000000,14,0.174000000,0.130000000,0.385000000
21:29:59,130719,50.565991368,-123.526444230,878.771000000,14,0.174000000,0.130000000,0.385000000
21:30:00,130719,50.565991320,-123.526444212,878.768000000,14,0.174000000,0.130000000,0.385000000
21:30:01,130719,50.565991288,-123.526444192,878.767000000,14,0.174000000,0.130000000,0.385000000
21:30:02,130719,50.565991245,-123.526444177,878.763000000,14,0.174000000,0.130000000,0.385000000
21:30:03,130719,50.565991232,-123.526444170,878.757000000,14,0.174000000,0.130000000,0.385000000
21:30:04,130719,50.565991220,-123.526444213,878.748000000,14,0.174000000,0.130000000,0.385000000
21:30:05,130719,50.565991195,-123.526444282,878.750000000,14,0.174000000,0.130000000,0.385000000
21:30:06,130719,50.565991193,-123.526444290,878.750000000,14,0.174000000,0.130000000,0.385000000
21:30:07,130719,50.565991173,-123.526444310,878.745000000,14,0.174000000,0.130000000,0.385000000
21:30:08,130719,50.565991173,-123.526444348,878.747000000,15,0.174000000,0.126000000,0.359000000
21:30:09,130719,50.565991168,-123.526444318,878.744000000,15,0.174000000,0.126000000,0.359000000
21:30:10,130719,50.565991190,-123.526444300,878.747000000,15,0.174000000,0.126000000,0.359000000
21:30:11,130719,50.565991213,-123.526444248,878.756000000,15,0.174000000,0.126000000,0.359000000
21:30:12,130719,50.565991230,-123.526444163,878.767000000,15,0.174000000,0.126000000,0.359000000
21:30:13,130719,50.565991225,-123.526444133,878.782000000,15,0.174000000,0.126000000,0.359000000
21:30:14,130719,50.565991213,-123.526444020,878.795000000,15,0.174000000,0.126000000,0.359000000
21:30:15,130719,50.565991242,-123.526443970,878.804000000,15,0.174000000,0.126000000,0.359000000
21:30:16,130719,50.565991262,-123.526443887,878.817000000,15,0.174000000,0.126000000,0.359000000
21:30:17,130719,50.565991278,-123.526443788,878.825000000,15,0.174000000,0.126000000,0.359000000
21:30:18,130719,50.565991302,-123.526443750,878.836000000,15,0.174000000,0.126000000,0.359000000
21:30:19,130719,50.565991327,-123.526443657,878.839000000,15,0.174000000,0.126000000,0.359000000
21:30:20,130719,50.565991298,-123.526443617,878.842000000,15,0.174000000,0.126000000,0.360000000
21:30:21,130719,50.565991305,-123.526443617,878.851000000,15,0.174000000,0.126000000,0.360000000
21:30:22,130719,50.565991275,-123.526443568,878.849000000,15,0.174000000,0.126000000,0.360000000
21:30:23,130719,50.565991217,-123.526443565,878.836000000,15,0.174000000,0.126000000,0.360000000
21:30:24,130719,50.565991158,-123.526443593,878.826000000,15,0.174000000,0.126000000,0.360000000
21:30:25,130719,50.565991113,-123.526443630,878.805000000,15,0.174000000,0.126000000,0.360000000
21:30:26,130719,50.565991108,-123.526443653,878.799000000,15,0.174000000,0.126000000,0.360000000
21:30:27,130719,50.565991073,-123.526443673,878.789000000,15,0.174000000,0.126000000,0.360000000
21:30:28,130719,50.565991042,-123.526443675,878.789000000,15,0.174000000,0.126000000,0.360000000
21:30:29,130719,50.565991042,-123.526443688,878.784000000,15,0.174000000,0.126000000,0.360000000
21:30:30,130719,50.565991043,-123.526443695,878.787000000,14,0.174000000,0.130000000,0.385000000
21:30:31,130719,50.565991032,-123.526443637,878.782000000,14,0.174000000,0.130000000,0.385000000
21:30:32,130719,50.565991020,-123.526443607,878.783000000,14,0.174000000,0.130000000,0.385000000
21:30:33,130719,50.565990988,-123.526443633,878.782000000,14,0.174000000,0.130000000,0.385000000
21:30:34,130719,50.565991007,-123.526443680,878.774000000,14,0.174000000,0.130000000,0.385000000
21:30:35,130719,50.565991013,-123.526443682,878.776000000,14,0.174000000,0.130000000,0.385000000
21:30:36,130719,50.565991027,-123.526443700,878.775000000,14,0.174000000,0.130000000,0.385000000
21:30:37,130719,50.565991062,-123.526443698,878.771000000,14,0.174000000,0.130000000,0.385000000
21:30:38,130719,50.565991072,-123.526443702,878.776000000,14,0.174000000,0.130000000,0.385000000
21:30:39,130719,50.565991073,-123.526443695,878.779000000,14,0.174000000,0.130000000,0.385000000
21:30:40,130719,50.565991057,-123.526443715,878.789000000,14,0.174000000,0.130000000,0.385000000
21:30:41,130719,50.565991057,-123.526443702,878.792000000,14,0.174000000,0.130000000,0.385000000
21:30:42,130719,50.565991048,-123.526443703,878.796000000,14,0.174000000,0.130000000,0.385000000
21:30:43,130719,50.565991057,-123.526443718,878.789000000,14,0.174000000,0.130000000,0.385000000
21:30:44,130719,50.565991040,-123.526443710,878.785000000,14,0.174000000,0.130000000,0.385000000
21:30:45,130719,50.565991032,-123.526443737,878.774000000,14,0.174000000,0.130000000,0.385000000
21:30:46,130719,50.565991005,-123.526443720,878.768000000,14,0.174000000,0.130000000,0.385000000
21:30:47,130719,50.565990987,-123.526443713,878.765000000,14,0.174000000,0.130000000,0.385000000
21:30:48,130719,50.565990988,-123.526443650,878.761000000,14,0.174000000,0.130000000,0.385000000
21:30:49,130719,50.565990992,-123.526443608,878.753000000,15,0.174000000,0.126000000,0.360000000
21:30:50,130719,50.565990990,-123.526443567,878.752000000,15,0.174000000,0.126000000,0.360000000
21:30:51,130719,50.565990990,-123.526443557,878.755000000,15,0.174000000,0.126000000,0.360000000
21:30:52,130719,50.565990990,-123.526443620,878.763000000,15,0.174000000,0.126000000,0.360000000
21:30:53,130719,50.565991057,-123.526443655,878.778000000,15,0.174000000,0.126000000,0.360000000
21:30:54,130719,50.565991133,-123.526443665,878.790000000,15,0.174000000,0.126000000,0.360000000
21:30:55,130719,50.565991178,-123.526443632,878.796000000,15,0.174000000,0.126000000,0.360000000
21:30:56,130719,50.565991247,-123.526443677,878.807000000,15,0.174000000,0.126000000,0.360000000
21:30:57,130719,50.565991280,-123.526443733,878.814000000,15,0.174000000,0.126000000,0.360000000
21:30:58,130719,50.565991300,-123.526443788,878.823000000,15,0.174000000,0.126000000,0.360000000
21:30:59,130719,50.565991302,-123.526443832,878.822000000,15,0.174000000,0.126000000,0.360000000
21:31:00,130719,50.565991298,-123.526443850,878.830000000,15,0.174000000,0.126000000,0.360000000
21:31:01,130719,50.565991290,-123.526443852,878.830000000,15,0.174000000,0.126000000,0.360000000
21:31:02,130719,50.565991265,-123.526443865,878.832000000,15,0.174000000,0.126000000,0.360000000
21:31:03,130719,50.565991243,-123.526443915,878.838000000,15,0.174000000,0.126000000,0.360000000
21:31:04,130719,50.565991255,-123.526443962,878.837000000,15,0.174000000,0.126000000,0.360000000
21:31:05,130719,50.565991272,-123.526443947,878.843000000,15,0.174000000,0.126000000,0.360000000
21:31:06,130719,50.565991280,-123.526443982,878.840000000,15,0.174000000,0.126000000,0.360000000
21:31:07,130719,50.565991263,-123.526444053,878.847000000,15,0.174000000,0.126000000,0.360000000
21:31:08,130719,50.565991258,-123.526444103,878.848000000,15,0.174000000,0.126000000,0.360000000
21:31:09,130719,50.565991253,-123.526444113,878.853000000,15,0.174000000,0.126000000,0.360000000
21:31:10,130719,50.565991275,-123.526444202,878.846000000,15,0.174000000,0.126000000,0.361000000
21:31:11,130719,50.565991300,-123.526444243,878.838000000,15,0.174000000,0.126000000,0.361000000
21:31:12,130719,50.565991315,-123.526444285,878.841000000,15,0.174000000,0.126000000,0.361000000
21:31:13,130719,50.565991308,-123.526444332,878.840000000,15,0.174000000,0.126000000,0.361000000
21:31:14,130719,50.565991308,-123.526444302,878.845000000,15,0.174000000,0.126000000,0.361000000
21:31:15,130719,50.565991327,-123.526444263,878.850000000,15,0.174000000,0.126000000,0.361000000
21:31:16,130719,50.565991340,-123.526444285,878.859000000,15,0.174000000,0.126000000,0.361000000
21:31:17,130719,50.565991360,-123.526444288,878.871000000,15,0.174000000,0.126000000,0.361000000
21:31:18,130719,50.565991367,-123.526444348,878.880000000,15,0.174000000,0.126000000,0.361000000
21:31:19,130719,50.565991377,-123.526444332,878.881000000,15,0.174000000,0.126000000,0.361000000
21:31:20,130719,50.565991383,-123.526444333,878.884000000,15,0.174000000,0.126000000,0.361000000
21:31:21,130719,50.565991373,-123.526444367,878.894000000,15,0.174000000,0.126000000,0.361000000
21:31:22,130719,50.565991367,-123.526444415,878.902000000,15,0.174000000,0.126000000,0.361000000
21:31:23,130719,50.565991340,-123.526444410,878.902000000,15,0.174000000,0.126000000,0.361000000
21:31:24,130719,50.565991313,-123.526444412,878.901000000,15,0.174000000,0.126000000,0.361000000
21:31:25,130719,50.565991285,-123.526444458,878.901000000,15,0.174000000,0.126000000,0.361000000
21:31:26,130719,50.565991230,-123.526444530,878.890000000,15,0.174000000,0.126000000,0.361000000
21:31:27,130719,50.565991177,-123.526444583,878.880000000,15,0.174000000,0.126000000,0.361000000
21:31:28,130719,50.565991193,-123.526444680,878.877000000,14,0.174000000,0.126000000,0.361000000
21:31:29,130719,50.565991235,-123.526444763,878.870000000,14,0.176000000,0.141000000,0.376000000
21:31:30,130719,50.565991252,-123.526444827,878.873000000,14,0.176000000,0.141000000,0.376000000
21:31:31,130719,50.565991283,-123.526444902,878.874000000,14,0.176000000,0.141000000,0.376000000
21:31:32,130719,50.565991310,-123.526444980,878.878000000,14,0.176000000,0.141000000,0.376000000
21:31:33,130719,50.565991315,-123.526445025,878.884000000,14,0.176000000,0.141000000,0.376000000
21:31:34,130719,50.565991338,-123.526445083,878.884000000,14,0.176000000,0.141000000,0.376000000
21:31:35,130719,50.565991387,-123.526445108,878.882000000,14,0.176000000,0.141000000,0.376000000
21:31:36,130719,50.565991422,-123.526445132,878.875000000,14,0.176000000,0.141000000,0.376000000
21:31:37,130719,50.565991450,-123.526445123,878.875000000,14,0.176000000,0.141000000,0.376000000
21:31:38,130719,50.565991442,-123.526445147,878.880000000,14,0.176000000,0.141000000,0.376000000
21:31:39,130719,50.565991453,-123.526445170,878.894000000,14,0.176000000,0.141000000,0.376000000
21:31:40,130719,50.565991430,-123.526445200,878.910000000,14,0.176000000,0.141000000,0.376000000
21:31:41,130719,50.565991362,-123.526445217,878.926000000,14,0.176000000,0.141000000,0.376000000
21:31:42,130719,50.565991317,-123.526445233,878.933000000,14,0.176000000,0.141000000,0.376000000
21:31:43,130719,50.565991238,-123.526445235,878.940000000,14,0.176000000,0.141000000,0.376000000
21:31:44,130719,50.565991205,-123.526445242,878.948000000,14,0.176000000,0.141000000,0.376000000
21:31:45,130719,50.565991147,-123.526445290,878.949000000,14,0.176000000,0.141000000,0.376000000
21:31:46,130719,50.565991152,-123.526445305,878.950000000,14,0.176000000,0.141000000,0.376000000
21:31:47,130719,50.565991120,-123.526445332,878.946000000,14,0.176000000,0.141000000,0.376000000
21:31:48,130719,50.565991120,-123.526445382,878.938000000,14,0.176000000,0.141000000,0.376000000
21:31:49,130719,50.565991142,-123.526445417,878.926000000,14,0.176000000,0.141000000,0.376000000
21:31:50,130719,50.565991153,-123.526445447,878.918000000,14,0.176000000,0.141000000,0.376000000
21:31:51,130719,50.565991152,-123.526445462,878.902000000,14,0.176000000,0.141000000,0.376000000
21:31:52,130719,50.565991137,-123.526445485,878.898000000,15,0.174000000,0.126000000,0.361000000
21:31:53,130719,50.565991133,-123.526445533,878.902000000,15,0.174000000,0.126000000,0.361000000
21:31:54,130719,50.565991167,-123.526445597,878.908000000,15,0.174000000,0.126000000,0.361000000
21:31:55,130719,50.565991198,-123.526445565,878.927000000,15,0.174000000,0.126000000,0.361000000
21:31:56,130719,50.565991223,-123.526445545,878.947000000,15,0.174000000,0.126000000,0.361000000
21:31:57,130719,50.565991215,-123.526445498,878.960000000,15,0.174000000,0.126000000,0.361000000
21:31:58,130719,50.565991248,-123.526445502,878.967000000,15,0.174000000,0.126000000,0.361000000
21:31:59,130719,50.565991265,-123.526445475,878.972000000,15,0.174000000,0.126000000,0.361000000
21:32:00,130719,50.565991303,-123.526445452,878.980000000,15,0.174000000,0.126000000,0.361000000
21:32:01,130719,50.565991328,-123.526445440,878.992000000,15,0.174000000,0.126000000,0.361000000
21:32:02,130719,50.565991353,-123.526445402,879.003000000,15,0.174000000,0.126000000,0.361000000
21:32:03,130719,50.565991385,-123.526445442,879.017000000,15,0.174000000,0.126000000,0.361000000
21:32:04,130719,50.565991368,-123.526445473,879.028000000,15,0.174000000,0.126000000,0.361000000
21:32:05,130719,50.565991327,-123.526445560,879.035000000,15,0.174000000,0.126000000,0.361000000
21:32:06,130719,50.565991277,-123.526445563,879.043000000,15,0.174000000,0.126000000,0.361000000
21:32:07,130719,50.565991230,-123.526445583,879.034000000,15,0.174000000,0.126000000,0.362000000
21:32:08,130719,50.565991197,-123.526445667,879.022000000,15,0.174000000,0.126000000,0.362000000
21:32:09,130719,50.565991137,-123.526445733,879.005000000,15,0.174000000,0.126000000,0.362000000
21:32:10,130719,50.565991087,-123.526445815,878.992000000,15,0.174000000,0.126000000,0.362000000
21:32:11,130719,50.565991058,-123.526445865,878.983000000,15,0.174000000,0.126000000,0.362000000
21:32:12,130719,50.565991047,-123.526445888,878.964000000,15,0.174000000,0.126000000,0.362000000
21:32:13,130719,50.565991058,-123.526445922,878.943000000,15,0.174000000,0.126000000,0.362000000
21:32:14,130719,50.565991080,-123.526445970,878.930000000,15,0.174000000,0.126000000,0.362000000
21:32:15,130719,50.565991093,-123.526446058,878.923000000,15,0.174000000,0.126000000,0.362000000
21:32:16,130719,50.565991142,-123.526446130,878.919000000,15,0.174000000,0.126000000,0.362000000
21:32:17,130719,50.565991218,-123.526446222,878.926000000,15,0.174000000,0.126000000,0.362000000
21:32:18,130719,50.565991288,-123.526446315,878.933000000,15,0.174000000,0.126000000,0.362000000
21:32:19,130719,50.565991343,-123.526446395,878.944000000,15,0.174000000,0.126000000,0.362000000
21:32:20,130719,50.565991393,-123.526446492,878.951000000,15,0.174000000,0.126000000,0.362000000
21:32:21,130719,50.565991420,-123.526446543,878.959000000,15,0.174000000,0.126000000,0.362000000
21:32:22,130719,50.565991435,-123.526446587,878.958000000,15,0.174000000,0.126000000,0.362000000
21:32:23,130719,50.565991420,-123.526446598,878.950000000,15,0.174000000,0.126000000,0.362000000
21:32:24,130719,50.565991392,-123.526446588,878.946000000,15,0.174000000,0.126000000,0.362000000
21:32:25,130719,50.565991367,-123.526446538,878.941000000,15,0.174000000,0.126000000,0.362000000
21:32:26,130719,50.565991333,-123.526446513,878.935000000,15,0.174000000,0.126000000,0.362000000
21:32:27,130719,50.565991290,-123.526446482,878.932000000,15,0.174000000,0.126000000,0.362000000
21:32:28,130719,50.565991260,-123.526446478,878.936000000,15,0.174000000,0.126000000,0.362000000
21:32:29,130719,50.565991232,-123.526446500,878.938000000,15,0.174000000,0.126000000,0.362000000
21:32:30,130719,50.565991242,-123.526446523,878.939000000,15,0.174000000,0.126000000,0.362000000
21:32:31,130719,50.565991250,-123.526446543,878.943000000,15,0.174000000,0.126000000,0.362000000
21:32:32,130719,50.565991288,-123.526446568,878.941000000,15,0.174000000,0.126000000,0.362000000
21:32:33,130719,50.565991302,-123.526446558,878.941000000,15,0.174000000,0.126000000,0.362000000
21:32:35,130719,50.565991345,-123.526446555,878.930000000,15,0.174000000,0.126000000,0.362000000
21:32:36,130719,50.565991360,-123.526446533,878.921000000,15,0.174000000,0.126000000,0.362000000
21:32:37,130719,50.565991388,-123.526446528,878.915000000,15,0.174000000,0.126000000,0.362000000
21:32:38,130719,50.565991407,-123.526446515,878.912000000,15,0.174000000,0.126000000,0.362000000
21:32:39,130719,50.565991408,-123.526446517,878.920000000,15,0.174000000,0.126000000,0.362000000
21:32:40,130719,50.565991365,-123.526446560,878.924000000,15,0.174000000,0.126000000,0.362000000
21:32:41,130719,50.565991320,-123.526446560,878.926000000,15,0.174000000,0.126000000,0.362000000
21:32:42,130719,50.565991287,-123.526446578,878.921000000,15,0.174000000,0.126000000,0.362000000
21:32:43,130719,50.565991272,-123.526446605,878.917000000,14,0.174000000,0.130000000,0.385000000
21:32:44,130719,50.565991245,-123.526446598,878.914000000,14,0.174000000,0.130000000,0.385000000
21:32:45,130719,50.565991227,-123.526446572,878.917000000,14,0.174000000,0.130000000,0.385000000
21:32:46,130719,50.565991212,-123.526446575,878.915000000,14,0.174000000,0.130000000,0.385000000
21:32:47,130719,50.565991250,-123.526446570,878.914000000,14,0.174000000,0.130000000,0.385000000
21:32:48,130719,50.565991275,-123.526446540,878.911000000,14,0.174000000,0.130000000,0.385000000
21:32:49,130719,50.565991305,-123.526446533,878.910000000,14,0.174000000,0.130000000,0.385000000
21:32:50,130719,50.565991323,-123.526446545,878.921000000,14,0.174000000,0.130000000,0.385000000
21:32:51,130719,50.565991372,-123.526446548,878.917000000,14,0.174000000,0.130000000,0.385000000
21:32:52,130719,50.565991403,-123.526446547,878.918000000,14,0.174000000,0.130000000,0.385000000
21:32:53,130719,50.565991405,-123.526446595,878.921000000,14,0.174000000,0.130000000,0.385000000
21:32:54,130719,50.565991410,-123.526446648,878.927000000,14,0.174000000,0.130000000,0.385000000
21:32:55,130719,50.565991413,-123.526446680,878.933000000,14,0.174000000,0.130000000,0.385000000
21:32:56,130719,50.565991422,-123.526446698,878.934000000,14,0.174000000,0.130000000,0.385000000
21:32:57,130719,50.565991427,-123.526446713,878.936000000,15,0.174000000,0.125000000,0.362000000
21:32:58,130719,50.565991403,-123.526446710,878.933000000,14,0.174000000,0.130000000,0.385000000
21:32:59,130719,50.565991360,-123.526446693,878.927000000,14,0.174000000,0.130000000,0.385000000
21:33:00,130719,50.565991317,-123.526446632,878.914000000,14,0.174000000,0.130000000,0.385000000
21:33:01,130719,50.565991288,-123.526446613,878.908000000,14,0.174000000,0.130000000,0.385000000
21:33:02,130719,50.565991265,-123.526446612,878.901000000,14,0.174000000,0.130000000,0.385000000
21:33:03,130719,50.565991218,-123.526446605,878.899000000,14,0.174000000,0.130000000,0.385000000
21:33:04,130719,50.565991175,-123.526446653,878.900000000,14,0.174000000,0.130000000,0.386000000
21:33:05,130719,50.565991140,-123.526446663,878.897000000,14,0.174000000,0.130000000,0.386000000
21:33:06,130719,50.565991110,-123.526446662,878.893000000,14,0.174000000,0.130000000,0.386000000
21:33:07,130719,50.565991112,-123.526446645,878.890000000,14,0.174000000,0.130000000,0.386000000
21:33:08,130719,50.565991098,-123.526446667,878.892000000,14,0.174000000,0.130000000,0.386000000
21:33:09,130719,50.565991073,-123.526446695,878.897000000,14,0.174000000,0.130000000,0.386000000
21:33:10,130719,50.565991062,-123.526446705,878.897000000,14,0.174000000,0.130000000,0.386000000
21:33:11,130719,50.565991062,-123.526446680,878.897000000,14,0.174000000,0.130000000,0.386000000
21:33:12,130719,50.565991082,-123.526446698,878.902000000,15,0.174000000,0.125000000,0.363000000
21:33:13,130719,50.565991103,-123.526446723,878.911000000,15,0.174000000,0.125000000,0.363000000
21:33:14,130719,50.565991105,-123.526446745,878.918000000,15,0.174000000,0.125000000,0.363000000
21:33:15,130719,50.565991077,-123.526446737,878.919000000,15,0.174000000,0.125000000,0.363000000
21:33:16,130719,50.565991087,-123.526446735,878.928000000,15,0.174000000,0.125000000,0.363000000
21:33:17,130719,50.565991113,-123.526446710,878.931000000,15,0.174000000,0.125000000,0.363000000
21:33:18,130719,50.565991142,-123.526446733,878.941000000,15,0.174000000,0.125000000,0.363000000
21:33:19,130719,50.565991153,-123.526446720,878.949000000,14,0.174000000,0.125000000,0.363000000
21:33:20,130719,50.565991152,-123.526446713,878.964000000,14,0.174000000,0.130000000,0.385000000
21:33:21,130719,50.565991145,-123.526446737,878.976000000,14,0.174000000,0.130000000,0.385000000
21:33:22,130719,50.565991118,-123.526446740,878.983000000,14,0.174000000,0.130000000,0.385000000
21:33:23,130719,50.565991080,-123.526446725,878.979000000,14,0.174000000,0.130000000,0.385000000
21:33:24,130719,50.565991045,-123.526446680,878.970000000,14,0.174000000,0.130000000,0.385000000
21:33:25,130719,50.565991007,-123.526446623,878.972000000,14,0.174000000,0.130000000,0.385000000
21:33:26,130719,50.565990960,-123.526446627,878.978000000,14,0.174000000,0.130000000,0.385000000
21:33:27,130719,50.565990915,-123.526446575,878.978000000,14,0.174000000,0.130000000,0.385000000
21:33:28,130719,50.565990883,-123.526446547,878.983000000,14,0.174000000,0.130000000,0.385000000
21:33:29,130719,50.565990870,-123.526446528,878.993000000,14,0.174000000,0.130000000,0.385000000
21:33:30,130719,50.565990882,-123.526446502,879.001000000,14,0.174000000,0.130000000,0.385000000
21:33:31,130719,50.565990900,-123.526446490,879.004000000,14,0.174000000,0.130000000,0.385000000
21:33:32,130719,50.565990898,-123.526446458,879.014000000,14,0.174000000,0.130000000,0.385000000
21:33:33,130719,50.565990902,-123.526446425,879.018000000,14,0.174000000,0.130000000,0.385000000
21:33:34,130719,50.565990910,-123.526446405,879.023000000,14,0.174000000,0.130000000,0.385000000
21:33:35,130719,50.565990923,-123.526446400,879.027000000,14,0.174000000,0.130000000,0.385000000
21:33:36,130719,50.565990953,-123.526446418,879.040000000,14,0.174000000,0.130000000,0.385000000
21:33:37,130719,50.565990985,-123.526446402,879.042000000,14,0.174000000,0.130000000,0.385000000
21:33:38,130719,50.565991002,-123.526446385,879.045000000,14,0.174000000,0.130000000,0.385000000
21:33:39,130719,50.565991030,-123.526446365,879.046000000,14,0.174000000,0.130000000,0.385000000
21:33:40,130719,50.565991000,-123.526446330,879.052000000,14,0.174000000,0.130000000,0.385000000
21:33:41,130719,50.565990970,-123.526446318,879.059000000,14,0.174000000,0.130000000,0.385000000
21:33:42,130719,50.565990945,-123.526446292,879.055000000,14,0.174000000,0.130000000,0.385000000
21:33:43,130719,50.565990942,-123.526446250,879.051000000,15,0.174000000,0.125000000,0.363000000
21:33:44,130719,50.565990917,-123.526446238,879.054000000,14,0.174000000,0.130000000,0.385000000
21:33:45,130719,50.565990915,-123.526446223,879.058000000,15,0.174000000,0.125000000,0.363000000
21:33:46,130719,50.565990925,-123.526446222,879.057000000,15,0.174000000,0.125000000,0.363000000
21:33:47,130719,50.565990932,-123.526446218,879.057000000,14,0.174000000,0.130000000,0.385000000
21:33:48,130719,50.565990917,-123.526446208,879.058000000,15,0.174000000,0.125000000,0.363000000
21:33:49,130719,50.565990883,-123.526446190,879.058000000,15,0.174000000,0.125000000,0.363000000
21:33:50,130719,50.565990837,-123.526446202,879.059000000,15,0.174000000,0.125000000,0.363000000
21:33:51,130719,50.565990798,-123.526446230,879.064000000,15,0.174000000,0.125000000,0.363000000
21:33:52,130719,50.565990802,-123.526446195,879.059000000,15,0.174000000,0.125000000,0.363000000
21:33:53,130719,50.565990822,-123.526446132,879.048000000,15,0.174000000,0.125000000,0.363000000
21:33:54,130719,50.565990857,-123.526446080,879.045000000,15,0.174000000,0.125000000,0.363000000
21:33:55,130719,50.565990877,-123.526446060,879.045000000,14,0.174000000,0.130000000,0.385000000
21:33:56,130719,50.565990888,-123.526446058,879.043000000,15,0.174000000,0.125000000,0.363000000
21:33:57,130719,50.565990917,-123.526446068,879.044000000,15,0.174000000,0.125000000,0.363000000
21:33:58,130719,50.565990953,-123.526446077,879.048000000,15,0.174000000,0.125000000,0.363000000
21:33:59,130719,50.565990993,-123.526446100,879.053000000,15,0.174000000,0.125000000,0.363000000
21:34:00,130719,50.565991045,-123.526446118,879.059000000,15,0.174000000,0.125000000,0.363000000
21:34:01,130719,50.565991075,-123.526446155,879.058000000,15,0.174000000,0.125000000,0.363000000
21:34:02,130719,50.565991082,-123.526446165,879.059000000,15,0.174000000,0.125000000,0.363000000
21:34:03,130719,50.565991077,-123.526446162,879.054000000,15,0.174000000,0.125000000,0.363000000
21:34:04,130719,50.565991045,-123.526446158,879.051000000,15,0.174000000,0.125000000,0.363000000
21:34:05,130719,50.565990985,-123.526446137,879.044000000,15,0.174000000,0.125000000,0.363000000
21:34:06,130719,50.565990952,-123.526446093,879.037000000,15,0.174000000,0.125000000,0.363000000
21:34:07,130719,50.565990917,-123.526446048,879.032000000,15,0.174000000,0.125000000,0.363000000
21:34:08,130719,50.565990910,-123.526446057,879.034000000,15,0.174000000,0.125000000,0.363000000
21:34:09,130719,50.565990892,-123.526446047,879.028000000,15,0.174000000,0.125000000,0.363000000
21:34:10,130719,50.565990890,-123.526446053,879.029000000,15,0.174000000,0.125000000,0.363000000
21:34:11,130719,50.565990912,-123.526446038,879.025000000,15,0.174000000,0.125000000,0.363000000
21:34:12,130719,50.565990928,-123.526446018,879.016000000,15,0.174000000,0.125000000,0.363000000
21:34:13,130719,50.565990927,-123.526446012,879.014000000,15,0.174000000,0.125000000,0.363000000
21:34:14,130719,50.565990938,-123.526446013,879.017000000,15,0.174000000,0.125000000,0.363000000
21:34:15,130719,50.565990943,-123.526446005,879.017000000,15,0.174000000,0.125000000,0.363000000
21:34:16,130719,50.565990968,-123.526445973,879.019000000,15,0.174000000,0.125000000,0.363000000
21:34:17,130719,50.565990970,-123.526445932,879.017000000,15,0.174000000,0.125000000,0.363000000
21:34:18,130719,50.565990957,-123.526445882,879.019000000,15,0.174000000,0.125000000,0.363000000
21:34:19,130719,50.565990953,-123.526445845,879.014000000,15,0.174000000,0.125000000,0.363000000
21:34:20,130719,50.565990965,-123.526445808,879.022000000,15,0.174000000,0.125000000,0.363000000
21:34:21,130719,50.565990988,-123.526445778,879.021000000,15,0.174000000,0.125000000,0.363000000
21:34:22,130719,50.565991027,-123.526445762,879.022000000,15,0.174000000,0.125000000,0.363000000
21:34:23,130719,50.565991060,-123.526445773,879.030000000,15,0.174000000,0.125000000,0.363000000
21:34:24,130719,50.565991102,-123.526445788,879.032000000,15,0.174000000,0.125000000,0.363000000
21:34:25,130719,50.565991107,-123.526445798,879.037000000,15,0.174000000,0.125000000,0.363000000
21:34:26,130719,50.565991108,-123.526445817,879.042000000,15,0.174000000,0.125000000,0.363000000
21:34:27,130719,50.565991107,-123.526445822,879.048000000,15,0.174000000,0.125000000,0.363000000
21:34:28,130719,50.565991062,-123.526445805,879.044000000,15,0.174000000,0.125000000,0.363000000
21:34:29,130719,50.565990987,-123.526445818,879.042000000,14,0.174000000,0.130000000,0.385000000
21:34:30,130719,50.565990938,-123.526445787,879.037000000,14,0.174000000,0.130000000,0.385000000
21:34:31,130719,50.565990913,-123.526445765,879.035000000,14,0.174000000,0.130000000,0.385000000
21:34:32,130719,50.565990892,-123.526445743,879.026000000,14,0.174000000,0.130000000,0.385000000
21:34:33,130719,50.565990878,-123.526445733,879.025000000,15,0.174000000,0.130000000,0.385000000
21:34:34,130719,50.565990870,-123.526445758,879.027000000,15,0.174000000,0.125000000,0.364000000
21:34:35,130719,50.565990858,-123.526445802,879.038000000,15,0.174000000,0.125000000,0.364000000
21:34:36,130719,50.565990887,-123.526445848,879.040000000,15,0.174000000,0.125000000,0.364000000
21:34:37,130719,50.565990917,-123.526445837,879.046000000,15,0.174000000,0.125000000,0.364000000
21:34:38,130719,50.565991057,-123.526445800,879.053000000,15,0.174000000,0.125000000,0.364000000
21:34:39,130719,50.565991092,-123.526445748,879.052000000,15,0.174000000,0.125000000,0.364000000
21:34:40,130719,50.565991112,-123.526445727,879.044000000,15,0.174000000,0.125000000,0.364000000
21:34:41,130719,50.565990977,-123.526445712,879.037000000,15,0.174000000,0.125000000,0.364000000
21:34:42,130719,50.565990998,-123.526445718,879.037000000,15,0.174000000,0.125000000,0.364000000
21:34:43,130719,50.565991018,-123.526445678,879.047000000,15,0.174000000,0.125000000,0.364000000
21:34:44,130719,50.565991032,-123.526445658,879.046000000,15,0.174000000,0.125000000,0.364000000
21:34:45,130719,50.565991002,-123.526445638,879.041000000,15,0.174000000,0.125000000,0.364000000
21:34:46,130719,50.565990992,-123.526445615,879.048000000,15,0.174000000,0.125000000,0.364000000
21:34:47,130719,50.565990962,-123.526445515,879.044000000,15,0.174000000,0.125000000,0.364000000
21:34:48,130719,50.565990887,-123.526445533,879.043000000,15,0.174000000,0.125000000,0.364000000
21:34:49,130719,50.565990830,-123.526445565,879.048000000,15,0.174000000,0.125000000,0.364000000
21:34:50,130719,50.565990832,-123.526445523,879.041000000,15,0.174000000,0.125000000,0.364000000
21:34:51,130719,50.565990837,-123.526445475,879.029000000,15,0.174000000,0.125000000,0.364000000
21:34:52,130719,50.565990878,-123.526445433,879.026000000,15,0.174000000,0.125000000,0.364000000
21:34:53,130719,50.565990907,-123.526445400,879.018000000,14,0.174000000,0.129000000,0.389000000
21:34:54,130719,50.565990902,-123.526445348,879.022000000,14,0.174000000,0.129000000,0.389000000
21:34:55,130719,50.565990952,-123.526445383,879.027000000,14,0.174000000,0.129000000,0.389000000
21:34:56,130719,50.565990892,-123.526445345,879.021000000,14,0.174000000,0.129000000,0.389000000
21:34:57,130719,50.565990872,-123.526445383,879.022000000,14,0.174000000,0.129000000,0.389000000
21:34:58,130719,50.565990872,-123.526445418,879.026000000,14,0.174000000,0.129000000,0.389000000
21:34:59,130719,50.565990860,-123.526445467,879.031000000,15,0.174000000,0.125000000,0.364000000
21:35:00,130719,50.565990843,-123.526445528,879.036000000,15,0.174000000,0.125000000,0.364000000
21:35:01,130719,50.565990832,-123.526445572,879.041000000,15,0.174000000,0.125000000,0.364000000
21:35:02,130719,50.565990828,-123.526445613,879.041000000,15,0.174000000,0.125000000,0.364000000
21:35:03,130719,50.565990810,-123.526445608,879.041000000,15,0.174000000,0.125000000,0.364000000
21:35:04,130719,50.565990785,-123.526445600,879.034000000,15,0.174000000,0.125000000,0.364000000
21:35:05,130719,50.565990737,-123.526445597,879.022000000,15,0.174000000,0.125000000,0.364000000
21:35:06,130719,50.565990707,-123.526445608,879.019000000,15,0.174000000,0.125000000,0.364000000
21:35:07,130719,50.565990682,-123.526445575,879.009000000,15,0.174000000,0.125000000,0.364000000
21:35:08,130719,50.565990650,-123.526445562,879.001000000,15,0.174000000,0.125000000,0.364000000
21:35:09,130719,50.565990625,-123.526445567,878.993000000,15,0.174000000,0.125000000,0.364000000
21:35:10,130719,50.565990607,-123.526445537,878.986000000,15,0.174000000,0.125000000,0.364000000
21:35:11,130719,50.565990615,-123.526445508,878.983000000,15,0.174000000,0.125000000,0.364000000
21:35:12,130719,50.565990633,-123.526445447,878.973000000,15,0.174000000,0.125000000,0.364000000
21:35:13,130719,50.565990608,-123.526445427,878.960000000,15,0.174000000,0.125000000,0.364000000
21:35:14,130719,50.565990598,-123.526445367,878.944000000,15,0.174000000,0.125000000,0.364000000
21:35:15,130719,50.565990617,-123.526445320,878.934000000,15,0.174000000,0.125000000,0.364000000
21:35:16,130719,50.565990627,-123.526445297,878.926000000,15,0.174000000,0.125000000,0.364000000
21:35:17,130719,50.565990633,-123.526445307,878.928000000,15,0.174000000,0.125000000,0.364000000
21:35:18,130719,50.565990632,-123.526445350,878.924000000,15,0.174000000,0.125000000,0.364000000
21:35:19,130719,50.565990652,-123.526445357,878.919000000,15,0.174000000,0.125000000,0.364000000
21:35:20,130719,50.565990672,-123.526445342,878.908000000,15,0.174000000,0.125000000,0.364000000
21:35:21,130719,50.565990678,-123.526445305,878.895000000,15,0.174000000,0.125000000,0.364000000
21:35:22,130719,50.565990697,-123.526445327,878.887000000,15,0.174000000,0.125000000,0.364000000
21:35:23,130719,50.565990707,-123.526445360,878.894000000,15,0.174000000,0.125000000,0.364000000
21:35:24,130719,50.565990733,-123.526445385,878.893000000,15,0.174000000,0.125000000,0.364000000
21:35:25,130719,50.565990735,-123.526445402,878.893000000,15,0.174000000,0.125000000,0.364000000
21:35:26,130719,50.565990732,-123.526445418,878.889000000,15,0.174000000,0.125000000,0.364000000
21:35:27,130719,50.565990738,-123.526445445,878.891000000,15,0.174000000,0.125000000,0.364000000
21:35:28,130719,50.565990718,-123.526445462,878.890000000,15,0.174000000,0.125000000,0.364000000
21:35:29,130719,50.565990723,-123.526445460,878.882000000,15,0.174000000,0.125000000,0.364000000
21:35:30,130719,50.565990717,-123.526445463,878.875000000,15,0.174000000,0.125000000,0.364000000
21:35:31,130719,50.565990725,-123.526445458,878.867000000,15,0.174000000,0.125000000,0.364000000
