TIME,DATE(ddMMyy),LATITUDEGGA,LONGITUDEGGA,ALTITUDEGGA,NUMBERSAT,LATERR,LONGERR,ALTERR
01:42:23,130719,50.635575318,-123.405566957,475.264000000,12,0.180000000,0.315000000,0.356000000
01:42:24,130719,50.635575332,-123.405566860,475.260000000,12,0.180000000,0.315000000,0.356000000
01:42:25,130719,50.635575328,-123.405566725,475.254000000,12,0.180000000,0.315000000,0.356000000
01:42:26,130719,50.635575328,-123.405566608,475.247000000,12,0.180000000,0.314000000,0.356000000
01:42:27,130719,50.635575380,-123.405566463,475.234000000,12,0.180000000,0.314000000,0.356000000
01:42:28,130719,50.635575462,-123.405566353,475.207000000,12,0.180000000,0.314000000,0.356000000
01:42:29,130719,50.635575450,-123.405566247,475.198000000,12,0.180000000,0.314000000,0.356000000
01:42:30,130719,50.635575475,-123.405566130,475.195000000,12,0.180000000,0.314000000,0.356000000
01:42:31,130719,50.635575473,-123.405566087,475.203000000,12,0.180000000,0.314000000,0.356000000
01:42:32,130719,50.635575457,-123.405566075,475.207000000,12,0.180000000,0.314000000,0.356000000
01:42:33,130719,50.635575447,-123.405566098,475.209000000,12,0.180000000,0.314000000,0.356000000
01:42:34,130719,50.635575452,-123.405566052,475.208000000,12,0.180000000,0.314000000,0.356000000
01:42:35,130719,50.635575437,-123.405566012,475.214000000,12,0.180000000,0.314000000,0.356000000
01:42:36,130719,50.635575405,-123.405566070,475.223000000,12,0.180000000,0.314000000,0.356000000
01:42:37,130719,50.635575368,-123.405566143,475.232000000,12,0.180000000,0.314000000,0.356000000
01:42:38,130719,50.635575365,-123.405566163,475.237000000,12,0.180000000,0.314000000,0.356000000
01:42:39,130719,50.635575335,-123.405566145,475.230000000,12,0.180000000,0.314000000,0.356000000
01:42:40,130719,50.635575298,-123.405566148,475.237000000,12,0.180000000,0.314000000,0.356000000
01:42:41,130719,50.635575295,-123.405566160,475.237000000,12,0.180000000,0.314000000,0.356000000
01:42:42,130719,50.635575288,-123.405566212,475.238000000,12,0.180000000,0.314000000,0.356000000
01:42:43,130719,50.635575303,-123.405566278,475.241000000,12,0.180000000,0.314000000,0.356000000
01:42:44,130719,50.635575303,-123.405566262,475.237000000,12,0.180000000,0.314000000,0.356000000
01:42:45,130719,50.635575302,-123.405566295,475.242000000,12,0.180000000,0.314000000,0.356000000
01:42:46,130719,50.635575250,-123.405566292,475.239000000,12,0.180000000,0.314000000,0.356000000
01:42:47,130719,50.635575242,-123.405566355,475.241000000,12,0.180000000,0.314000000,0.356000000
01:42:48,130719,50.635575202,-123.405566370,475.240000000,12,0.180000000,0.314000000,0.356000000
01:42:49,130719,50.635575158,-123.405566427,475.247000000,12,0.180000000,0.313000000,0.357000000
01:42:50,130719,50.635575138,-123.405566457,475.253000000,12,0.180000000,0.313000000,0.357000000
01:42:51,130719,50.635575120,-123.405566495,475.259000000,12,0.180000000,0.313000000,0.357000000
01:42:52,130719,50.635575108,-123.405566505,475.266000000,12,0.180000000,0.313000000,0.357000000
01:42:53,130719,50.635575103,-123.405566525,475.267000000,12,0.180000000,0.313000000,0.357000000
01:42:54,130719,50.635575078,-123.405566460,475.266000000,12,0.180000000,0.313000000,0.357000000
01:42:55,130719,50.635575073,-123.405566412,475.264000000,12,0.180000000,0.313000000,0.357000000
01:42:56,130719,50.635575073,-123.405566410,475.267000000,12,0.180000000,0.313000000,0.357000000
01:42:57,130719,50.635575048,-123.405566423,475.272000000,12,0.180000000,0.313000000,0.357000000
01:42:58,130719,50.635575040,-123.405566487,475.274000000,12,0.180000000,0.313000000,0.357000000
01:42:59,130719,50.635575042,-123.405566515,475.276000000,12,0.180000000,0.313000000,0.357000000
01:43:00,130719,50.635575020,-123.405566493,475.281000000,12,0.180000000,0.313000000,0.357000000
01:43:01,130719,50.635575022,-123.405566452,475.285000000,12,0.180000000,0.313000000,0.357000000
01:43:02,130719,50.635575035,-123.405566427,475.284000000,12,0.180000000,0.313000000,0.357000000
01:43:03,130719,50.635575043,-123.405566420,475.289000000,12,0.180000000,0.313000000,0.357000000
01:43:04,130719,50.635575012,-123.405566410,475.292000000,12,0.180000000,0.313000000,0.357000000
01:43:05,130719,50.635574947,-123.405566383,475.289000000,12,0.180000000,0.313000000,0.357000000
01:43:06,130719,50.635574890,-123.405566347,475.289000000,12,0.180000000,0.313000000,0.357000000
01:43:07,130719,50.635574840,-123.405566312,475.289000000,12,0.180000000,0.313000000,0.357000000
01:43:08,130719,50.635574828,-123.405566273,475.292000000,12,0.180000000,0.313000000,0.357000000
01:43:09,130719,50.635574843,-123.405566228,475.296000000,12,0.180000000,0.313000000,0.357000000
01:43:10,130719,50.635574843,-123.405566250,475.300000000,12,0.180000000,0.313000000,0.357000000
01:43:11,130719,50.635574843,-123.405566318,475.313000000,12,0.180000000,0.313000000,0.357000000
01:43:12,130719,50.635574845,-123.405566318,475.322000000,12,0.180000000,0.313000000,0.357000000
01:43:13,130719,50.635574822,-123.405566320,475.327000000,12,0.180000000,0.312000000,0.357000000
01:43:14,130719,50.635574805,-123.405566247,475.328000000,12,0.180000000,0.312000000,0.357000000
01:43:15,130719,50.635574820,-123.405566265,475.333000000,12,0.180000000,0.312000000,0.357000000
01:43:16,130719,50.635574818,-123.405566287,475.337000000,12,0.180000000,0.312000000,0.357000000
01:43:17,130719,50.635574833,-123.405566317,475.339000000,12,0.180000000,0.312000000,0.357000000
01:43:18,130719,50.635574840,-123.405566310,475.335000000,12,0.180000000,0.312000000,0.357000000
01:43:19,130719,50.635574832,-123.405566302,475.332000000,12,0.180000000,0.312000000,0.358000000
01:43:20,130719,50.635574848,-123.405566295,475.336000000,12,0.180000000,0.312000000,0.358000000
01:43:21,130719,50.635574855,-123.405566265,475.340000000,12,0.180000000,0.312000000,0.358000000
01:43:22,130719,50.635574855,-123.405566237,475.346000000,12,0.180000000,0.312000000,0.358000000
01:43:23,130719,50.635574835,-123.405566205,475.350000000,12,0.180000000,0.312000000,0.358000000
01:43:24,130719,50.635574837,-123.405566135,475.354000000,12,0.180000000,0.312000000,0.358000000
01:43:25,130719,50.635574817,-123.405566122,475.359000000,12,0.180000000,0.312000000,0.358000000
01:43:26,130719,50.635574775,-123.405566088,475.363000000,12,0.180000000,0.312000000,0.358000000
01:43:27,130719,50.635574740,-123.405566075,475.365000000,12,0.180000000,0.312000000,0.358000000
01:43:28,130719,50.635574700,-123.405566135,475.372000000,12,0.180000000,0.312000000,0.358000000
01:43:29,130719,50.635574640,-123.405566200,475.380000000,12,0.180000000,0.312000000,0.358000000
01:43:30,130719,50.635574608,-123.405566268,475.390000000,12,0.180000000,0.312000000,0.358000000
01:43:31,130719,50.635574558,-123.405566352,475.400000000,12,0.180000000,0.312000000,0.358000000
01:43:32,130719,50.635574527,-123.405566390,475.405000000,12,0.180000000,0.312000000,0.358000000
01:43:33,130719,50.635574508,-123.405566388,475.407000000,12,0.180000000,0.312000000,0.358000000
01:43:34,130719,50.635574483,-123.405566408,475.410000000,12,0.180000000,0.312000000,0.358000000
01:43:35,130719,50.635574455,-123.405566333,475.414000000,12,0.180000000,0.312000000,0.358000000
01:43:36,130719,50.635574463,-123.405566270,475.420000000,12,0.180000000,0.312000000,0.358000000
01:43:37,130719,50.635574443,-123.405566102,475.417000000,12,0.180000000,0.311000000,0.358000000
01:43:38,130719,50.635574402,-123.405565953,475.421000000,12,0.180000000,0.311000000,0.358000000
01:43:39,130719,50.635574378,-123.405565882,475.426000000,12,0.180000000,0.311000000,0.358000000
01:43:40,130719,50.635574358,-123.405565820,475.429000000,12,0.180000000,0.311000000,0.358000000
01:43:41,130719,50.635574325,-123.405565782,475.429000000,12,0.180000000,0.311000000,0.358000000
01:43:42,130719,50.635574275,-123.405565862,475.436000000,12,0.180000000,0.311000000,0.358000000
01:43:43,130719,50.635574260,-123.405565915,475.444000000,12,0.180000000,0.311000000,0.358000000
01:43:44,130719,50.635574220,-123.405565942,475.447000000,12,0.180000000,0.311000000,0.358000000
01:43:45,130719,50.635574177,-123.405565948,475.452000000,12,0.180000000,0.311000000,0.358000000
01:43:46,130719,50.635574140,-123.405566015,475.455000000,12,0.180000000,0.311000000,0.358000000
01:43:47,130719,50.635574127,-123.405566087,475.461000000,12,0.180000000,0.311000000,0.358000000
01:43:48,130719,50.635574102,-123.405566233,475.469000000,12,0.180000000,0.311000000,0.358000000
01:43:49,130719,50.635574078,-123.405566320,475.471000000,12,0.180000000,0.311000000,0.358000000
01:43:50,130719,50.635574063,-123.405566388,475.475000000,12,0.180000000,0.311000000,0.359000000
01:43:51,130719,50.635574048,-123.405566372,475.474000000,12,0.180000000,0.311000000,0.359000000
01:43:52,130719,50.635574008,-123.405566335,475.473000000,12,0.180000000,0.311000000,0.359000000
01:43:53,130719,50.635573985,-123.405566267,475.469000000,12,0.180000000,0.311000000,0.359000000
01:43:54,130719,50.635573930,-123.405566212,475.464000000,11,0.191000000,0.313000000,0.385000000
01:43:55,130719,50.635573905,-123.405566137,475.459000000,11,0.191000000,0.313000000,0.385000000
01:43:56,130719,50.635573878,-123.405566075,475.455000000,11,0.191000000,0.313000000,0.385000000
01:43:57,130719,50.635573870,-123.405566037,475.453000000,11,0.962000000,1.578000000,1.939000000
01:43:58,130719,50.635573872,-123.405565970,475.455000000,11,0.962000000,1.578000000,1.939000000
01:43:59,130719,50.635573868,-123.405565862,475.450000000,11,0.962000000,1.578000000,1.939000000
01:44:00,130719,50.635573870,-123.405565690,475.446000000,11,1.168000000,1.914000000,2.354000000
01:44:01,130719,50.635573898,-123.405565587,475.446000000,11,1.168000000,1.914000000,2.354000000
01:44:02,130719,50.635573933,-123.405565493,475.442000000,11,1.168000000,1.914000000,2.354000000
01:44:03,130719,50.635573980,-123.405565442,475.442000000,11,1.255000000,2.057000000,2.532000000
01:44:04,130719,50.635574013,-123.405565383,475.440000000,11,1.255000000,2.057000000,2.532000000
01:44:05,130719,50.635574043,-123.405565358,475.441000000,11,1.255000000,2.057000000,2.532000000
01:44:06,130719,50.635574052,-123.405565328,475.438000000,11,1.297000000,2.124000000,2.617000000
01:44:07,130719,50.635574053,-123.405565320,475.433000000,11,1.297000000,2.124000000,2.617000000
01:44:08,130719,50.635574067,-123.405565325,475.434000000,11,1.297000000,2.124000000,2.617000000
01:44:09,130719,50.635574072,-123.405565360,475.431000000,11,1.315000000,2.151000000,2.653000000
01:44:10,130719,50.635574047,-123.405565508,475.427000000,11,1.315000000,2.151000000,2.653000000
01:44:11,130719,50.635574052,-123.405565697,475.422000000,12,1.315000000,2.151000000,2.653000000
01:44:12,130719,50.635574052,-123.405565840,475.421000000,12,1.034000000,1.497000000,2.088000000
01:44:13,130719,50.635574050,-123.405565952,475.425000000,12,1.034000000,1.497000000,2.088000000
01:44:14,130719,50.635574027,-123.405566022,475.422000000,12,1.034000000,1.497000000,2.088000000
01:44:15,130719,50.635574042,-123.405566127,475.420000000,12,0.711000000,1.029000000,1.436000000
01:44:16,130719,50.635574048,-123.405566107,475.412000000,12,0.711000000,1.029000000,1.436000000
01:44:17,130719,50.635574040,-123.405565982,475.397000000,12,0.711000000,1.029000000,1.436000000
01:44:18,130719,50.635574057,-123.405565850,475.381000000,12,0.490000000,0.709000000,0.990000000
01:44:19,130719,50.635574067,-123.405565720,475.369000000,12,0.490000000,0.709000000,0.990000000
01:44:20,130719,50.635574053,-123.405565627,475.357000000,12,0.490000000,0.709000000,0.990000000
01:44:21,130719,50.635574018,-123.405565542,475.352000000,12,0.339000000,0.491000000,0.686000000
01:44:22,130719,50.635573975,-123.405565457,475.348000000,12,0.339000000,0.491000000,0.686000000
01:44:23,130719,50.635573958,-123.405565382,475.350000000,12,0.339000000,0.491000000,0.686000000
01:44:24,130719,50.635573983,-123.405565373,475.356000000,12,0.238000000,0.344000000,0.481000000
01:44:25,130719,50.635574002,-123.405565347,475.361000000,12,0.238000000,0.344000000,0.481000000
01:44:26,130719,50.635574023,-123.405565308,475.363000000,12,0.238000000,0.344000000,0.481000000
01:44:27,130719,50.635574005,-123.405565237,475.359000000,12,0.185000000,0.267000000,0.373000000
01:44:28,130719,50.635574008,-123.405565125,475.354000000,12,0.185000000,0.267000000,0.373000000
01:44:29,130719,50.635573960,-123.405565018,475.340000000,12,0.185000000,0.267000000,0.373000000
01:44:30,130719,50.635573938,-123.405565007,475.333000000,12,0.185000000,0.267000000,0.373000000
01:44:31,130719,50.635573915,-123.405564948,475.323000000,12,0.185000000,0.267000000,0.373000000
01:44:32,130719,50.635573907,-123.405564858,475.314000000,12,0.185000000,0.267000000,0.373000000
01:44:33,130719,50.635573898,-123.405564845,475.307000000,12,0.185000000,0.266000000,0.374000000
01:44:34,130719,50.635573868,-123.405564872,475.305000000,12,0.185000000,0.266000000,0.374000000
01:44:35,130719,50.635573823,-123.405564877,475.307000000,12,0.185000000,0.266000000,0.374000000
01:44:36,130719,50.635573805,-123.405564862,475.304000000,12,0.185000000,0.266000000,0.374000000
01:44:37,130719,50.635573790,-123.405564772,475.297000000,12,0.185000000,0.266000000,0.374000000
01:44:38,130719,50.635573813,-123.405564760,475.295000000,12,0.185000000,0.266000000,0.374000000
01:44:39,130719,50.635573843,-123.405564708,475.291000000,12,0.185000000,0.266000000,0.374000000
01:44:40,130719,50.635573888,-123.405564730,475.295000000,12,0.185000000,0.266000000,0.374000000
01:44:41,130719,50.635573932,-123.405564768,475.293000000,12,0.185000000,0.266000000,0.374000000
01:44:42,130719,50.635573972,-123.405564902,475.299000000,12,0.185000000,0.266000000,0.374000000
01:44:43,130719,50.635574007,-123.405565003,475.305000000,12,0.185000000,0.266000000,0.374000000
01:44:44,130719,50.635574032,-123.405565065,475.314000000,12,0.185000000,0.266000000,0.374000000
01:44:45,130719,50.635574062,-123.405565107,475.323000000,12,0.185000000,0.266000000,0.374000000
01:44:46,130719,50.635574060,-123.405565135,475.329000000,12,0.185000000,0.266000000,0.374000000
01:44:47,130719,50.635574063,-123.405565162,475.338000000,12,0.185000000,0.266000000,0.374000000
01:44:48,130719,50.635574038,-123.405565235,475.347000000,12,0.185000000,0.266000000,0.374000000
01:44:49,130719,50.635574037,-123.405565248,475.351000000,12,0.185000000,0.266000000,0.374000000
01:44:50,130719,50.635574047,-123.405565278,475.361000000,12,0.185000000,0.266000000,0.374000000
01:44:51,130719,50.635574052,-123.405565268,475.364000000,12,0.185000000,0.266000000,0.374000000
01:44:52,130719,50.635574023,-123.405565185,475.358000000,12,0.185000000,0.266000000,0.374000000
01:44:53,130719,50.635573977,-123.405565063,475.345000000,12,0.185000000,0.266000000,0.374000000
01:44:54,130719,50.635573922,-123.405564968,475.331000000,12,0.185000000,0.266000000,0.374000000
01:44:55,130719,50.635573870,-123.405564917,475.324000000,12,0.185000000,0.266000000,0.374000000
01:44:56,130719,50.635573818,-123.405564790,475.310000000,12,0.185000000,0.266000000,0.374000000
01:44:57,130719,50.635573770,-123.405564710,475.306000000,12,0.185000000,0.266000000,0.375000000
01:44:58,130719,50.635573728,-123.405564665,475.306000000,12,0.185000000,0.266000000,0.375000000
01:44:59,130719,50.635573682,-123.405564648,475.315000000,12,0.185000000,0.266000000,0.375000000
01:45:00,130719,50.635573663,-123.405564643,475.329000000,12,0.185000000,0.265000000,0.375000000
01:45:01,130719,50.635573655,-123.405564697,475.337000000,12,0.185000000,0.265000000,0.375000000
01:45:02,130719,50.635573612,-123.405564740,475.347000000,12,0.185000000,0.265000000,0.375000000
01:45:03,130719,50.635573578,-123.405564747,475.356000000,12,0.185000000,0.265000000,0.375000000
01:45:04,130719,50.635573542,-123.405564785,475.368000000,12,0.185000000,0.265000000,0.375000000
01:45:05,130719,50.635573517,-123.405564790,475.375000000,12,0.185000000,0.265000000,0.375000000
01:45:06,130719,50.635573488,-123.405564832,475.378000000,12,0.185000000,0.265000000,0.375000000
01:45:07,130719,50.635573463,-123.405564827,475.384000000,12,0.185000000,0.265000000,0.375000000
01:45:08,130719,50.635573442,-123.405564793,475.391000000,12,0.185000000,0.265000000,0.375000000
01:45:09,130719,50.635573387,-123.405564837,475.399000000,12,0.185000000,0.265000000,0.375000000
01:45:10,130719,50.635573317,-123.405564855,475.407000000,12,0.185000000,0.265000000,0.375000000
01:45:11,130719,50.635573270,-123.405564842,475.412000000,12,0.185000000,0.265000000,0.375000000
01:45:12,130719,50.635573248,-123.405564837,475.418000000,12,0.185000000,0.265000000,0.375000000
01:45:13,130719,50.635573225,-123.405564812,475.427000000,13,0.185000000,0.265000000,0.375000000
01:45:14,130719,50.635573207,-123.405564790,475.435000000,13,0.166000000,0.195000000,0.322000000
01:45:15,130719,50.635573180,-123.405564775,475.448000000,13,0.166000000,0.195000000,0.322000000
01:45:16,130719,50.635573185,-123.405564807,475.453000000,13,0.166000000,0.195000000,0.322000000
01:45:17,130719,50.635573200,-123.405564852,475.460000000,13,0.166000000,0.195000000,0.322000000
01:45:18,130719,50.635573188,-123.405564937,475.466000000,13,0.166000000,0.195000000,0.322000000
01:45:19,130719,50.635573173,-123.405565077,475.466000000,13,0.166000000,0.195000000,0.322000000
01:45:20,130719,50.635573162,-123.405565158,475.468000000,13,0.166000000,0.195000000,0.323000000
01:45:21,130719,50.635573153,-123.405565220,475.473000000,13,0.166000000,0.195000000,0.323000000
01:45:22,130719,50.635573133,-123.405565198,475.480000000,13,0.166000000,0.195000000,0.323000000
01:45:23,130719,50.635573088,-123.405565092,475.488000000,13,0.166000000,0.195000000,0.323000000
01:45:24,130719,50.635573070,-123.405565008,475.500000000,13,0.166000000,0.195000000,0.323000000
01:45:25,130719,50.635573042,-123.405564940,475.512000000,13,0.166000000,0.195000000,0.323000000
01:45:26,130719,50.635573007,-123.405564950,475.526000000,13,0.166000000,0.195000000,0.323000000
01:45:27,130719,50.635572867,-123.405565160,475.559000000,13,0.166000000,0.195000000,0.323000000
01:45:28,130719,50.635572725,-123.405565472,475.600000000,13,0.166000000,0.195000000,0.323000000
01:45:29,130719,50.635572573,-123.405565797,475.635000000,13,0.166000000,0.195000000,0.323000000
01:45:30,130719,50.635572433,-123.405566083,475.668000000,13,0.166000000,0.195000000,0.323000000
01:45:31,130719,50.635572327,-123.405566257,475.687000000,13,0.166000000,0.195000000,0.323000000
01:45:32,130719,50.635572280,-123.405566465,475.713000000,13,0.166000000,0.195000000,0.323000000
01:45:33,130719,50.635572210,-123.405566670,475.736000000,13,0.166000000,0.195000000,0.323000000
01:45:34,130719,50.635572195,-123.405566727,475.747000000,13,0.166000000,0.195000000,0.323000000
01:45:35,130719,50.635572178,-123.405566700,475.758000000,13,0.166000000,0.195000000,0.323000000
01:45:36,130719,50.635572232,-123.405566512,475.749000000,12,0.185000000,0.264000000,0.376000000
01:45:37,130719,50.635572272,-123.405566320,475.730000000,12,0.185000000,0.264000000,0.376000000
01:45:38,130719,50.635572297,-123.405566135,475.720000000,12,0.185000000,0.264000000,0.376000000
01:45:39,130719,50.635572350,-123.405565993,475.709000000,12,0.185000000,0.264000000,0.376000000
01:45:40,130719,50.635572412,-123.405565975,475.706000000,12,0.185000000,0.264000000,0.376000000
01:45:41,130719,50.635572477,-123.405565977,475.702000000,12,0.185000000,0.264000000,0.376000000
01:45:42,130719,50.635572522,-123.405565972,475.702000000,12,0.185000000,0.264000000,0.376000000
01:45:43,130719,50.635572535,-123.405565955,475.698000000,12,0.185000000,0.264000000,0.376000000
01:45:44,130719,50.635572567,-123.405565947,475.697000000,12,0.185000000,0.264000000,0.376000000
01:45:45,130719,50.635572598,-123.405565968,475.701000000,12,0.185000000,0.264000000,0.377000000
01:45:46,130719,50.635572620,-123.405565933,475.700000000,12,0.185000000,0.264000000,0.377000000
01:45:47,130719,50.635572625,-123.405565892,475.697000000,12,0.185000000,0.264000000,0.377000000
01:45:48,130719,50.635572620,-123.405565835,475.699000000,12,0.185000000,0.264000000,0.377000000
01:45:49,130719,50.635572617,-123.405565808,475.701000000,12,0.185000000,0.264000000,0.377000000
01:45:50,130719,50.635572605,-123.405565850,475.705000000,12,0.185000000,0.264000000,0.377000000
01:45:51,130719,50.635572597,-123.405565853,475.711000000,12,0.185000000,0.263000000,0.377000000
01:45:52,130719,50.635572577,-123.405565880,475.714000000,12,0.185000000,0.263000000,0.377000000
01:45:53,130719,50.635572540,-123.405565878,475.715000000,12,0.185000000,0.263000000,0.377000000
01:45:54,130719,50.635572502,-123.405565902,475.716000000,12,0.185000000,0.263000000,0.377000000
01:45:55,130719,50.635572465,-123.405565900,475.715000000,12,0.185000000,0.263000000,0.377000000
01:45:56,130719,50.635572442,-123.405565875,475.715000000,12,0.185000000,0.263000000,0.377000000
01:45:57,130719,50.635572432,-123.405565862,475.716000000,12,0.185000000,0.263000000,0.377000000
01:45:58,130719,50.635572428,-123.405565862,475.717000000,12,0.185000000,0.263000000,0.377000000
01:45:59,130719,50.635572435,-123.405565878,475.719000000,12,0.185000000,0.263000000,0.377000000
01:46:00,130719,50.635572460,-123.405565850,475.718000000,12,0.185000000,0.263000000,0.377000000
01:46:01,130719,50.635572450,-123.405565810,475.714000000,12,0.185000000,0.263000000,0.377000000
01:46:02,130719,50.635572437,-123.405565790,475.717000000,12,0.185000000,0.263000000,0.377000000
01:46:03,130719,50.635572450,-123.405565802,475.722000000,12,0.185000000,0.263000000,0.377000000
01:46:04,130719,50.635572450,-123.405565793,475.728000000,12,0.185000000,0.263000000,0.377000000
01:46:05,130719,50.635572425,-123.405565762,475.726000000,12,0.185000000,0.263000000,0.377000000
01:46:06,130719,50.635572375,-123.405565715,475.726000000,12,0.185000000,0.263000000,0.378000000
01:46:07,130719,50.635572427,-123.405565643,475.726000000,12,0.185000000,0.263000000,0.378000000
01:46:08,130719,50.635572420,-123.405565638,475.722000000,12,0.185000000,0.263000000,0.378000000
01:46:09,130719,50.635572340,-123.405565672,475.739000000,12,0.185000000,0.263000000,0.378000000
01:46:10,130719,50.635572328,-123.405565807,475.750000000,12,0.185000000,0.263000000,0.378000000
01:46:11,130719,50.635572328,-123.405565898,475.759000000,12,0.185000000,0.263000000,0.378000000
01:46:12,130719,50.635572318,-123.405565923,475.764000000,12,0.185000000,0.263000000,0.378000000
01:46:13,130719,50.635572340,-123.405565927,475.767000000,12,0.185000000,0.263000000,0.378000000
01:46:14,130719,50.635572397,-123.405565925,475.775000000,12,0.185000000,0.262000000,0.378000000
01:46:15,130719,50.635572405,-123.405565952,475.779000000,13,0.185000000,0.262000000,0.378000000
01:46:16,130719,50.635572402,-123.405565902,475.781000000,13,0.166000000,0.195000000,0.324000000
01:46:17,130719,50.635572365,-123.405565827,475.775000000,13,0.166000000,0.195000000,0.324000000
01:46:18,130719,50.635572363,-123.405565683,475.758000000,12,0.185000000,0.262000000,0.378000000
01:46:19,130719,50.635572333,-123.405565625,475.753000000,13,0.166000000,0.194000000,0.324000000
01:46:20,130719,50.635572290,-123.405565520,475.744000000,13,0.166000000,0.194000000,0.324000000
01:46:21,130719,50.635572248,-123.405565555,475.746000000,13,0.166000000,0.194000000,0.324000000
01:46:22,130719,50.635572213,-123.405565520,475.736000000,13,0.166000000,0.194000000,0.325000000
01:46:23,130719,50.635572182,-123.405565442,475.729000000,13,0.166000000,0.194000000,0.325000000
01:46:24,130719,50.635572155,-123.405565383,475.726000000,13,0.166000000,0.194000000,0.325000000
01:46:25,130719,50.635572147,-123.405565350,475.727000000,13,0.166000000,0.194000000,0.325000000
01:46:26,130719,50.635572148,-123.405565427,475.736000000,13,0.166000000,0.194000000,0.325000000
01:46:27,130719,50.635572162,-123.405565437,475.735000000,13,0.166000000,0.194000000,0.325000000
01:46:28,130719,50.635572122,-123.405565525,475.747000000,13,0.166000000,0.194000000,0.325000000
01:46:29,130719,50.635572122,-123.405565588,475.747000000,13,0.166000000,0.194000000,0.325000000
01:46:30,130719,50.635572113,-123.405565627,475.754000000,13,0.166000000,0.194000000,0.325000000
01:46:31,130719,50.635572117,-123.405565622,475.751000000,13,0.166000000,0.194000000,0.325000000
01:46:32,130719,50.635572093,-123.405565658,475.749000000,13,0.166000000,0.194000000,0.325000000
01:46:33,130719,50.635572008,-123.405565882,475.770000000,13,0.166000000,0.194000000,0.325000000
01:46:34,130719,50.635571918,-123.405566103,475.799000000,13,0.166000000,0.194000000,0.325000000
01:46:35,130719,50.635571810,-123.405566312,475.821000000,13,0.166000000,0.194000000,0.325000000
01:46:36,130719,50.635571718,-123.405566487,475.839000000,13,0.166000000,0.194000000,0.325000000
01:46:37,130719,50.635571643,-123.405566585,475.860000000,13,0.166000000,0.194000000,0.325000000
01:46:38,130719,50.635571572,-123.405566670,475.879000000,13,0.166000000,0.194000000,0.325000000
01:46:39,130719,50.635571512,-123.405566762,475.890000000,13,0.166000000,0.194000000,0.325000000
01:46:40,130719,50.635571448,-123.405566855,475.907000000,12,0.166000000,0.194000000,0.325000000
01:46:41,130719,50.635571417,-123.405566988,475.926000000,12,0.184000000,0.214000000,0.327000000
01:46:42,130719,50.635571418,-123.405567048,475.939000000,12,0.184000000,0.214000000,0.327000000
01:46:43,130719,50.635571422,-123.405567085,475.949000000,12,0.184000000,0.214000000,0.327000000
01:46:44,130719,50.635571420,-123.405567232,475.967000000,12,0.184000000,0.214000000,0.327000000
01:46:45,130719,50.635571407,-123.405567270,475.981000000,12,0.184000000,0.214000000,0.327000000
01:46:46,130719,50.635571355,-123.405567297,475.991000000,12,0.184000000,0.214000000,0.327000000
01:46:47,130719,50.635571297,-123.405567350,476.012000000,12,0.184000000,0.214000000,0.327000000
01:46:48,130719,50.635571222,-123.405567447,476.028000000,12,0.184000000,0.214000000,0.327000000
01:46:49,130719,50.635571030,-123.405567970,476.087000000,12,0.184000000,0.214000000,0.327000000
01:46:50,130719,50.635570790,-123.405568552,476.155000000,13,0.166000000,0.194000000,0.325000000
01:46:51,130719,50.635570567,-123.405569045,476.217000000,13,0.166000000,0.194000000,0.325000000
01:46:52,130719,50.635570367,-123.405569407,476.265000000,13,0.166000000,0.194000000,0.325000000
01:46:53,130719,50.635570238,-123.405569602,476.297000000,13,0.166000000,0.194000000,0.326000000
01:46:54,130719,50.635570118,-123.405569797,476.327000000,13,0.166000000,0.194000000,0.326000000
01:46:55,130719,50.635570108,-123.405569720,476.329000000,13,0.166000000,0.194000000,0.326000000
01:46:56,130719,50.635570168,-123.405569667,476.331000000,13,0.166000000,0.194000000,0.326000000
01:46:57,130719,50.635570197,-123.405569557,476.322000000,13,0.166000000,0.194000000,0.326000000
01:46:58,130719,50.635570252,-123.405569433,476.313000000,13,0.166000000,0.194000000,0.326000000
01:46:59,130719,50.635570300,-123.405569393,476.312000000,13,0.166000000,0.194000000,0.326000000
01:47:00,130719,50.635570375,-123.405569280,476.303000000,13,0.166000000,0.194000000,0.326000000
01:47:01,130719,50.635570463,-123.405569103,476.294000000,13,0.166000000,0.194000000,0.326000000
01:47:02,130719,50.635570578,-123.405569007,476.287000000,13,0.166000000,0.194000000,0.326000000
01:47:03,130719,50.635570687,-123.405569002,476.290000000,13,0.166000000,0.194000000,0.326000000
01:47:04,130719,50.635570842,-123.405568882,476.283000000,12,0.166000000,0.194000000,0.326000000
01:47:05,130719,50.635571057,-123.405568530,476.251000000,12,0.185000000,0.261000000,0.380000000
01:47:06,130719,50.635571225,-123.405568202,476.214000000,12,0.185000000,0.261000000,0.380000000
01:47:07,130719,50.635571383,-123.405567913,476.184000000,12,0.185000000,0.261000000,0.380000000
01:47:08,130719,50.635571525,-123.405567625,476.155000000,12,0.185000000,0.260000000,0.380000000
01:47:09,130719,50.635571642,-123.405567383,476.133000000,12,0.185000000,0.260000000,0.380000000
01:47:10,130719,50.635571708,-123.405567108,476.105000000,12,0.185000000,0.260000000,0.380000000
01:47:11,130719,50.635571745,-123.405566847,476.081000000,11,0.206000000,0.274000000,0.407000000
01:47:12,130719,50.635571760,-123.405566555,476.049000000,11,0.206000000,0.274000000,0.407000000
01:47:13,130719,50.635571773,-123.405566280,476.017000000,11,0.206000000,0.274000000,0.407000000
01:47:14,130719,50.635571775,-123.405566065,475.990000000,11,0.206000000,0.274000000,0.407000000
01:47:15,130719,50.635571760,-123.405565872,475.966000000,11,0.206000000,0.274000000,0.407000000
01:47:16,130719,50.635571770,-123.405565763,475.946000000,11,0.206000000,0.274000000,0.407000000
01:47:17,130719,50.635571782,-123.405565735,475.931000000,11,0.206000000,0.274000000,0.407000000
01:47:18,130719,50.635571803,-123.405565768,475.919000000,11,0.206000000,0.274000000,0.407000000
01:47:19,130719,50.635571827,-123.405565807,475.916000000,11,0.206000000,0.274000000,0.407000000
01:47:20,130719,50.635571800,-123.405565808,475.913000000,11,0.206000000,0.274000000,0.407000000
01:47:21,130719,50.635571757,-123.405565845,475.907000000,11,0.206000000,0.274000000,0.407000000
01:47:22,130719,50.635571738,-123.405565763,475.898000000,11,0.206000000,0.274000000,0.407000000
01:47:23,130719,50.635571752,-123.405565672,475.891000000,11,0.206000000,0.273000000,0.408000000
01:47:24,130719,50.635571760,-123.405565597,475.886000000,11,0.206000000,0.273000000,0.408000000
01:47:25,130719,50.635571763,-123.405565510,475.876000000,12,0.185000000,0.260000000,0.381000000
01:47:26,130719,50.635571768,-123.405565442,475.870000000,12,0.185000000,0.260000000,0.381000000
01:47:27,130719,50.635571805,-123.405565363,475.869000000,12,0.185000000,0.260000000,0.381000000
01:47:28,130719,50.635571818,-123.405565313,475.864000000,12,0.185000000,0.260000000,0.381000000
01:47:29,130719,50.635571790,-123.405565218,475.850000000,12,0.185000000,0.260000000,0.381000000
01:47:30,130719,50.635571762,-123.405565185,475.842000000,12,0.185000000,0.260000000,0.381000000
01:47:31,130719,50.635571730,-123.405565088,475.832000000,12,0.185000000,0.260000000,0.381000000
01:47:32,130719,50.635571702,-123.405565092,475.829000000,12,0.185000000,0.260000000,0.381000000
01:47:33,130719,50.635571685,-123.405565040,475.822000000,12,0.185000000,0.260000000,0.381000000
01:47:34,130719,50.635571652,-123.405564978,475.815000000,12,0.185000000,0.259000000,0.381000000
01:47:35,130719,50.635571615,-123.405565028,475.819000000,12,0.185000000,0.259000000,0.381000000
01:47:36,130719,50.635571607,-123.405565087,475.827000000,12,0.185000000,0.259000000,0.381000000
01:47:37,130719,50.635571587,-123.405565150,475.831000000,12,0.185000000,0.259000000,0.381000000
01:47:38,130719,50.635571590,-123.405565195,475.838000000,12,0.185000000,0.259000000,0.381000000
01:47:39,130719,50.635571580,-123.405565223,475.839000000,12,0.185000000,0.259000000,0.381000000
01:47:40,130719,50.635571577,-123.405565265,475.849000000,12,0.185000000,0.259000000,0.382000000
01:47:41,130719,50.635571583,-123.405565345,475.854000000,11,0.206000000,0.273000000,0.408000000
01:47:42,130719,50.635571577,-123.405565378,475.855000000,11,0.206000000,0.273000000,0.408000000
01:47:43,130719,50.635571570,-123.405565355,475.854000000,11,0.206000000,0.273000000,0.408000000
01:47:44,130719,50.635571547,-123.405565353,475.848000000,11,0.206000000,0.273000000,0.409000000
01:47:45,130719,50.635571575,-123.405565342,475.852000000,11,0.206000000,0.273000000,0.409000000
01:47:46,130719,50.635571573,-123.405565332,475.855000000,11,0.206000000,0.273000000,0.409000000
01:47:47,130719,50.635571548,-123.405565222,475.847000000,11,0.206000000,0.272000000,0.409000000
01:47:48,130719,50.635571545,-123.405565128,475.849000000,10,0.220000000,0.308000000,0.435000000
01:47:49,130719,50.635571512,-123.405565087,475.850000000,10,0.220000000,0.308000000,0.435000000
01:47:50,130719,50.635571468,-123.405565003,475.850000000,10,0.220000000,0.308000000,0.435000000
01:47:51,130719,50.635571405,-123.405564962,475.851000000,10,0.220000000,0.307000000,0.435000000
01:47:52,130719,50.635571370,-123.405564975,475.856000000,10,0.220000000,0.307000000,0.435000000
01:47:53,130719,50.635571363,-123.405565083,475.871000000,11,0.193000000,0.303000000,0.399000000
01:47:54,130719,50.635571348,-123.405565143,475.883000000,11,0.193000000,0.303000000,0.399000000
01:47:55,130719,50.635571343,-123.405565232,475.889000000,11,0.193000000,0.303000000,0.399000000
01:47:56,130719,50.635571317,-123.405565277,475.891000000,11,0.193000000,0.303000000,0.399000000
01:47:57,130719,50.635571292,-123.405565298,475.901000000,11,0.193000000,0.303000000,0.399000000
01:47:58,130719,50.635571267,-123.405565327,475.918000000,11,0.193000000,0.303000000,0.399000000
01:47:59,130719,50.635571223,-123.405565297,475.926000000,11,0.194000000,0.303000000,0.399000000
01:48:00,130719,50.635571202,-123.405565295,475.938000000,11,0.194000000,0.303000000,0.399000000
01:48:01,130719,50.635571175,-123.405565240,475.939000000,11,0.194000000,0.303000000,0.399000000
01:48:02,130719,50.635571183,-123.405565225,475.945000000,10,0.220000000,0.307000000,0.436000000
01:48:03,130719,50.635571195,-123.405565225,475.949000000,10,0.220000000,0.307000000,0.436000000
01:48:04,130719,50.635571162,-123.405565215,475.950000000,10,0.220000000,0.307000000,0.436000000
01:48:05,130719,50.635571122,-123.405565173,475.944000000,10,0.220000000,0.307000000,0.437000000
01:48:06,130719,50.635571087,-123.405565172,475.937000000,10,0.220000000,0.307000000,0.437000000
01:48:07,130719,50.635571053,-123.405565178,475.932000000,10,0.220000000,0.307000000,0.437000000
01:48:08,130719,50.635571068,-123.405565113,475.925000000,10,0.220000000,0.307000000,0.437000000
01:48:09,130719,50.635571098,-123.405565062,475.922000000,11,0.205000000,0.272000000,0.410000000
01:48:10,130719,50.635571137,-123.405565068,475.929000000,11,0.205000000,0.272000000,0.410000000
01:48:11,130719,50.635571160,-123.405565132,475.943000000,11,0.205000000,0.272000000,0.410000000
01:48:12,130719,50.635571167,-123.405565158,475.955000000,11,0.205000000,0.272000000,0.410000000
01:48:13,130719,50.635571200,-123.405565247,475.966000000,11,0.205000000,0.272000000,0.410000000
01:48:14,130719,50.635571243,-123.405565362,475.985000000,11,0.205000000,0.272000000,0.410000000
01:48:15,130719,50.635571285,-123.405565473,475.996000000,10,0.220000000,0.306000000,0.437000000
01:48:16,130719,50.635571320,-123.405565553,476.000000000,10,0.220000000,0.306000000,0.437000000
01:48:17,130719,50.635571372,-123.405565637,476.008000000,10,0.220000000,0.306000000,0.437000000
01:48:18,130719,50.635571395,-123.405565758,476.018000000,10,0.221000000,0.306000000,0.438000000
01:48:19,130719,50.635571415,-123.405565835,476.017000000,10,0.221000000,0.306000000,0.438000000
01:48:20,130719,50.635571423,-123.405565833,476.016000000,10,0.221000000,0.306000000,0.438000000
01:48:21,130719,50.635571415,-123.405565890,476.020000000,10,0.221000000,0.306000000,0.438000000
01:48:22,130719,50.635571402,-123.405565908,476.025000000,10,0.221000000,0.306000000,0.438000000
01:48:23,130719,50.635571382,-123.405565913,476.028000000,10,0.221000000,0.306000000,0.438000000
01:48:24,130719,50.635571380,-123.405565902,476.031000000,10,0.221000000,0.306000000,0.438000000
01:48:25,130719,50.635571382,-123.405565855,476.036000000,10,0.221000000,0.306000000,0.438000000
01:48:26,130719,50.635571347,-123.405565810,476.035000000,10,0.221000000,0.306000000,0.438000000
01:48:27,130719,50.635571333,-123.405565753,476.033000000,10,0.221000000,0.306000000,0.438000000
01:48:28,130719,50.635571355,-123.405565780,476.033000000,10,0.221000000,0.306000000,0.438000000
01:48:29,130719,50.635571352,-123.405565893,476.039000000,10,0.221000000,0.306000000,0.438000000
01:48:30,130719,50.635571372,-123.405566053,476.044000000,10,0.221000000,0.306000000,0.438000000
01:48:31,130719,50.635571392,-123.405566163,476.050000000,10,0.221000000,0.306000000,0.438000000
01:48:32,130719,50.635571380,-123.405566302,476.055000000,10,0.221000000,0.306000000,0.438000000
01:48:33,130719,50.635571355,-123.405566358,476.053000000,10,0.221000000,0.306000000,0.439000000
01:48:34,130719,50.635571325,-123.405566420,476.060000000,10,0.221000000,0.306000000,0.439000000
01:48:35,130719,50.635571265,-123.405566445,476.064000000,10,0.221000000,0.306000000,0.439000000
01:48:36,130719,50.635571235,-123.405566412,476.065000000,10,0.221000000,0.305000000,0.439000000
01:48:37,130719,50.635571215,-123.405566398,476.063000000,10,0.221000000,0.305000000,0.439000000
01:48:38,130719,50.635571205,-123.405566407,476.064000000,10,0.221000000,0.305000000,0.439000000
01:48:39,130719,50.635571193,-123.405566408,476.066000000,10,0.221000000,0.305000000,0.439000000
01:48:40,130719,50.635571197,-123.405566393,476.068000000,10,0.221000000,0.305000000,0.439000000
01:48:41,130719,50.635571197,-123.405566410,476.074000000,10,0.221000000,0.305000000,0.439000000
01:48:42,130719,50.635571220,-123.405566485,476.079000000,10,0.221000000,0.305000000,0.439000000
01:48:43,130719,50.635571247,-123.405566517,476.078000000,10,0.221000000,0.305000000,0.439000000
01:48:44,130719,50.635571258,-123.405566577,476.080000000,10,0.221000000,0.305000000,0.439000000
01:48:45,130719,50.635571265,-123.405566613,476.085000000,10,0.221000000,0.305000000,0.440000000
01:48:46,130719,50.635571270,-123.405566688,476.094000000,10,0.221000000,0.305000000,0.440000000
01:48:47,130719,50.635571280,-123.405566805,476.108000000,10,0.221000000,0.305000000,0.440000000
01:48:48,130719,50.635571315,-123.405566857,476.117000000,11,0.221000000,0.305000000,0.440000000
01:48:49,130719,50.635571338,-123.405566922,476.133000000,11,0.194000000,0.301000000,0.402000000
01:48:50,130719,50.635571370,-123.405566957,476.148000000,11,0.194000000,0.301000000,0.402000000
01:48:51,130719,50.635571387,-123.405566942,476.160000000,11,0.194000000,0.301000000,0.402000000
01:48:52,130719,50.635571418,-123.405566892,476.160000000,11,0.194000000,0.301000000,0.402000000
01:48:53,130719,50.635571407,-123.405566808,476.153000000,11,0.194000000,0.301000000,0.402000000
01:48:54,130719,50.635571405,-123.405566720,476.147000000,11,0.194000000,0.301000000,0.402000000
01:48:55,130719,50.635571433,-123.405566632,476.140000000,11,0.194000000,0.301000000,0.402000000
01:48:56,130719,50.635571420,-123.405566580,476.134000000,11,0.194000000,0.301000000,0.402000000
01:48:57,130719,50.635571407,-123.405566543,476.130000000,11,0.194000000,0.301000000,0.402000000
01:48:58,130719,50.635571380,-123.405566592,476.129000000,11,0.194000000,0.300000000,0.403000000
01:48:59,130719,50.635571395,-123.405566613,476.131000000,11,0.194000000,0.300000000,0.403000000
01:49:00,130719,50.635571405,-123.405566635,476.131000000,11,0.194000000,0.300000000,0.403000000
01:49:01,130719,50.635571372,-123.405566627,476.138000000,11,0.194000000,0.300000000,0.403000000
01:49:02,130719,50.635571345,-123.405566558,476.138000000,11,0.194000000,0.300000000,0.403000000
01:49:03,130719,50.635571313,-123.405566567,476.143000000,11,0.194000000,0.300000000,0.403000000
01:49:04,130719,50.635571302,-123.405566563,476.144000000,11,0.194000000,0.300000000,0.403000000
01:49:05,130719,50.635571307,-123.405566635,476.153000000,11,0.194000000,0.300000000,0.403000000
01:49:06,130719,50.635571285,-123.405566693,476.152000000,11,0.194000000,0.300000000,0.403000000
01:49:07,130719,50.635571295,-123.405566747,476.148000000,11,0.194000000,0.300000000,0.403000000
01:49:08,130719,50.635571308,-123.405566733,476.140000000,11,0.194000000,0.300000000,0.403000000
01:49:09,130719,50.635571343,-123.405566742,476.139000000,11,0.194000000,0.300000000,0.403000000
01:49:10,130719,50.635571353,-123.405566703,476.138000000,11,0.194000000,0.300000000,0.403000000
01:49:11,130719,50.635571338,-123.405566622,476.134000000,11,0.194000000,0.300000000,0.403000000
01:49:12,130719,50.635571355,-123.405566493,476.133000000,11,0.194000000,0.300000000,0.403000000
01:49:13,130719,50.635571337,-123.405566363,476.131000000,11,0.194000000,0.300000000,0.403000000
01:49:14,130719,50.635571323,-123.405566250,476.132000000,11,0.194000000,0.300000000,0.403000000
01:49:15,130719,50.635571350,-123.405566213,476.136000000,11,0.194000000,0.300000000,0.403000000
01:49:16,130719,50.635571353,-123.405566230,476.141000000,11,0.194000000,0.300000000,0.404000000
01:49:17,130719,50.635571355,-123.405566382,476.150000000,11,0.194000000,0.300000000,0.404000000
01:49:18,130719,50.635571342,-123.405566510,476.158000000,11,0.194000000,0.300000000,0.404000000
01:49:19,130719,50.635571320,-123.405566620,476.169000000,11,0.194000000,0.300000000,0.404000000
01:49:20,130719,50.635571372,-123.405566752,476.185000000,11,0.194000000,0.300000000,0.404000000
01:49:21,130719,50.635571397,-123.405566872,476.198000000,11,0.194000000,0.300000000,0.404000000
01:49:22,130719,50.635571398,-123.405566933,476.202000000,11,0.194000000,0.299000000,0.404000000
01:49:23,130719,50.635571368,-123.405566912,476.200000000,11,0.194000000,0.299000000,0.404000000
01:49:24,130719,50.635571340,-123.405566878,476.204000000,11,0.194000000,0.299000000,0.404000000
01:49:25,130719,50.635571298,-123.405566795,476.202000000,11,0.194000000,0.299000000,0.404000000
01:49:26,130719,50.635571278,-123.405566737,476.201000000,11,0.194000000,0.299000000,0.404000000
01:49:27,130719,50.635571300,-123.405566702,476.202000000,11,0.194000000,0.299000000,0.404000000
01:49:28,130719,50.635571258,-123.405566548,476.185000000,11,0.195000000,0.299000000,0.404000000
01:49:29,130719,50.635571182,-123.405566393,476.158000000,11,0.195000000,0.299000000,0.404000000
01:49:30,130719,50.635571098,-123.405566272,476.139000000,11,0.195000000,0.299000000,0.404000000
01:49:31,130719,50.635571008,-123.405566228,476.118000000,11,0.195000000,0.299000000,0.405000000
01:49:32,130719,50.635570930,-123.405566135,476.094000000,11,0.195000000,0.299000000,0.405000000
01:49:33,130719,50.635570907,-123.405566093,476.085000000,11,0.195000000,0.299000000,0.405000000
01:49:34,130719,50.635570917,-123.405566137,476.092000000,11,0.195000000,0.299000000,0.405000000
01:49:35,130719,50.635570965,-123.405566223,476.104000000,11,0.195000000,0.299000000,0.405000000
01:49:36,130719,50.635570945,-123.405566203,476.104000000,11,0.195000000,0.299000000,0.405000000
01:49:37,130719,50.635570982,-123.405566172,476.114000000,11,0.195000000,0.299000000,0.405000000
01:49:38,130719,50.635571040,-123.405566207,476.121000000,11,0.195000000,0.299000000,0.405000000
01:49:39,130719,50.635571042,-123.405566212,476.123000000,11,0.195000000,0.299000000,0.405000000
01:49:40,130719,50.635571030,-123.405566290,476.126000000,11,0.195000000,0.299000000,0.405000000
01:49:41,130719,50.635571093,-123.405566507,476.143000000,11,0.195000000,0.299000000,0.405000000
01:49:42,130719,50.635571118,-123.405566658,476.155000000,12,0.185000000,0.255000000,0.387000000
01:49:43,130719,50.635571148,-123.405566765,476.168000000,12,0.185000000,0.255000000,0.387000000
01:49:44,130719,50.635571150,-123.405566908,476.181000000,12,0.185000000,0.255000000,0.387000000
01:49:45,130719,50.635571127,-123.405566965,476.191000000,12,0.185000000,0.254000000,0.387000000
01:49:46,130719,50.635571102,-123.405567005,476.204000000,12,0.185000000,0.254000000,0.387000000
01:49:47,130719,50.635571035,-123.405566935,476.200000000,12,0.185000000,0.254000000,0.387000000
01:49:48,130719,50.635570965,-123.405566908,476.196000000,12,0.185000000,0.254000000,0.387000000
01:49:49,130719,50.635570880,-123.405566833,476.189000000,12,0.185000000,0.254000000,0.387000000
01:49:50,130719,50.635570817,-123.405566733,476.179000000,12,0.185000000,0.254000000,0.387000000
01:49:51,130719,50.635570807,-123.405566730,476.180000000,12,0.185000000,0.254000000,0.387000000
01:49:52,130719,50.635570842,-123.405566705,476.179000000,12,0.185000000,0.254000000,0.387000000
01:49:53,130719,50.635570825,-123.405566687,476.168000000,12,0.185000000,0.254000000,0.387000000
01:49:54,130719,50.635570843,-123.405566693,476.166000000,12,0.185000000,0.254000000,0.387000000
01:49:55,130719,50.635570865,-123.405566710,476.165000000,12,0.185000000,0.254000000,0.387000000
01:49:56,130719,50.635570918,-123.405566758,476.172000000,12,0.185000000,0.254000000,0.387000000
01:49:57,130719,50.635570957,-123.405566820,476.178000000,12,0.185000000,0.254000000,0.387000000
01:49:58,130719,50.635571027,-123.405566922,476.196000000,12,0.185000000,0.254000000,0.387000000
01:49:59,130719,50.635571070,-123.405566977,476.213000000,12,0.185000000,0.254000000,0.387000000
01:50:00,130719,50.635571135,-123.405566998,476.225000000,12,0.185000000,0.254000000,0.388000000
01:50:01,130719,50.635571170,-123.405567065,476.243000000,12,0.185000000,0.254000000,0.388000000
01:50:02,130719,50.635571220,-123.405567147,476.256000000,12,0.185000000,0.254000000,0.388000000
01:50:03,130719,50.635571257,-123.405567208,476.270000000,12,0.185000000,0.254000000,0.388000000
01:50:04,130719,50.635571245,-123.405567223,476.274000000,12,0.185000000,0.254000000,0.388000000
01:50:05,130719,50.635571200,-123.405567157,476.271000000,12,0.185000000,0.254000000,0.388000000
01:50:06,130719,50.635571147,-123.405567080,476.262000000,12,0.185000000,0.254000000,0.388000000
01:50:07,130719,50.635571087,-123.405567020,476.250000000,12,0.185000000,0.254000000,0.388000000
01:50:08,130719,50.635571040,-123.405566983,476.243000000,12,0.185000000,0.254000000,0.388000000
01:50:09,130719,50.635570950,-123.405566980,476.238000000,12,0.185000000,0.254000000,0.388000000
01:50:10,130719,50.635570887,-123.405566945,476.236000000,12,0.185000000,0.254000000,0.388000000
01:50:11,130719,50.635570848,-123.405566910,476.232000000,12,0.185000000,0.254000000,0.388000000
01:50:12,130719,50.635570813,-123.405566840,476.232000000,12,0.185000000,0.253000000,0.388000000
01:50:13,130719,50.635570752,-123.405566777,476.228000000,12,0.185000000,0.253000000,0.388000000
01:50:14,130719,50.635570662,-123.405566685,476.217000000,12,0.185000000,0.253000000,0.388000000
01:50:15,130719,50.635570588,-123.405566602,476.206000000,12,0.185000000,0.253000000,0.388000000
01:50:16,130719,50.635570568,-123.405566543,476.199000000,12,0.185000000,0.253000000,0.388000000
01:50:17,130719,50.635570555,-123.405566545,476.198000000,12,0.185000000,0.253000000,0.388000000
01:50:18,130719,50.635570530,-123.405566550,476.195000000,12,0.185000000,0.253000000,0.388000000
01:50:19,130719,50.635570475,-123.405566607,476.187000000,12,0.185000000,0.253000000,0.388000000
01:50:20,130719,50.635570470,-123.405566652,476.185000000,12,0.185000000,0.253000000,0.388000000
01:50:21,130719,50.635570442,-123.405566702,476.186000000,12,0.185000000,0.253000000,0.389000000
01:50:22,130719,50.635570408,-123.405566733,476.190000000,12,0.185000000,0.253000000,0.389000000
01:50:23,130719,50.635570342,-123.405566713,476.187000000,12,0.185000000,0.253000000,0.389000000
01:50:24,130719,50.635570272,-123.405566707,476.186000000,12,0.185000000,0.253000000,0.389000000
01:50:25,130719,50.635570223,-123.405566710,476.191000000,12,0.185000000,0.253000000,0.389000000
01:50:26,130719,50.635570173,-123.405566718,476.201000000,12,0.185000000,0.253000000,0.389000000
01:50:27,130719,50.635570130,-123.405566668,476.194000000,12,0.202000000,0.275000000,0.423000000
01:50:28,130719,50.635570055,-123.405566645,476.179000000,12,0.202000000,0.275000000,0.423000000
01:50:29,130719,50.635569923,-123.405566518,476.153000000,12,0.202000000,0.275000000,0.423000000
01:50:30,130719,50.635569722,-123.405566337,476.113000000,12,0.359000000,0.490000000,0.755000000
01:50:31,130719,50.635569527,-123.405566147,476.074000000,12,0.359000000,0.490000000,0.755000000
01:50:32,130719,50.635569330,-123.405565987,476.038000000,12,0.359000000,0.490000000,0.755000000
01:50:33,130719,50.635569133,-123.405565870,476.009000000,12,0.407000000,0.555000000,0.855000000
01:50:34,130719,50.635568945,-123.405565785,475.985000000,12,0.407000000,0.555000000,0.855000000
01:50:35,130719,50.635568827,-123.405565655,475.962000000,12,0.407000000,0.555000000,0.855000000
01:50:36,130719,50.635568677,-123.405565517,475.930000000,12,0.352000000,0.479000000,0.739000000
01:50:37,130719,50.635568535,-123.405565395,475.898000000,12,0.352000000,0.479000000,0.739000000
01:50:38,130719,50.635568423,-123.405565317,475.870000000,12,0.352000000,0.479000000,0.739000000
01:50:39,130719,50.635568358,-123.405565273,475.854000000,12,0.263000000,0.358000000,0.552000000
01:50:40,130719,50.635568343,-123.405565287,475.850000000,12,0.263000000,0.358000000,0.552000000
01:50:41,130719,50.635568392,-123.405565383,475.863000000,12,0.263000000,0.358000000,0.552000000
01:50:42,130719,50.635568472,-123.405565512,475.878000000,12,0.192000000,0.262000000,0.404000000
01:50:43,130719,50.635568523,-123.405565578,475.882000000,12,0.192000000,0.262000000,0.404000000
01:50:44,130719,50.635568527,-123.405565585,475.889000000,12,0.192000000,0.262000000,0.404000000
01:50:45,130719,50.635568545,-123.405565615,475.894000000,12,0.185000000,0.252000000,0.390000000
01:50:46,130719,50.635568593,-123.405565642,475.901000000,12,0.185000000,0.252000000,0.390000000
01:50:47,130719,50.635568613,-123.405565603,475.899000000,12,0.185000000,0.252000000,0.390000000
01:50:48,130719,50.635568595,-123.405565617,475.903000000,12,0.185000000,0.252000000,0.390000000
01:50:49,130719,50.635568623,-123.405565613,475.909000000,12,0.185000000,0.252000000,0.390000000
01:50:50,130719,50.635568648,-123.405565662,475.914000000,12,0.185000000,0.252000000,0.390000000
01:50:51,130719,50.635568687,-123.405565720,475.922000000,12,0.185000000,0.252000000,0.390000000
01:50:52,130719,50.635568713,-123.405565730,475.926000000,12,0.185000000,0.252000000,0.390000000
01:50:53,130719,50.635568775,-123.405565772,475.937000000,12,0.185000000,0.252000000,0.390000000
01:50:54,130719,50.635568800,-123.405565760,475.944000000,12,0.185000000,0.252000000,0.390000000
01:50:55,130719,50.635568875,-123.405565813,475.959000000,12,0.185000000,0.252000000,0.390000000
01:50:56,130719,50.635568950,-123.405565902,475.978000000,12,0.185000000,0.252000000,0.390000000
01:50:57,130719,50.635569007,-123.405565935,475.985000000,12,0.185000000,0.252000000,0.390000000
01:50:58,130719,50.635569108,-123.405566043,476.001000000,12,0.185000000,0.252000000,0.390000000
01:50:59,130719,50.635569212,-123.405566150,476.023000000,12,0.185000000,0.252000000,0.390000000
01:51:00,130719,50.635569263,-123.405566163,476.032000000,12,0.185000000,0.252000000,0.390000000
01:51:01,130719,50.635569303,-123.405566160,476.039000000,12,0.185000000,0.252000000,0.390000000
01:51:02,130719,50.635569350,-123.405566175,476.046000000,12,0.185000000,0.252000000,0.390000000
01:51:03,130719,50.635569410,-123.405566265,476.053000000,12,0.185000000,0.252000000,0.390000000
01:51:04,130719,50.635569508,-123.405566343,476.070000000,12,0.185000000,0.252000000,0.390000000
01:51:05,130719,50.635569607,-123.405566390,476.080000000,12,0.185000000,0.252000000,0.390000000
01:51:06,130719,50.635569672,-123.405566420,476.085000000,12,0.185000000,0.251000000,0.391000000
01:51:07,130719,50.635569787,-123.405566480,476.095000000,12,0.185000000,0.251000000,0.391000000
01:51:08,130719,50.635569883,-123.405566537,476.103000000,12,0.185000000,0.251000000,0.391000000
01:51:09,130719,50.635569962,-123.405566578,476.109000000,12,0.185000000,0.251000000,0.391000000
01:51:10,130719,50.635569997,-123.405566590,476.115000000,12,0.185000000,0.251000000,0.391000000
01:51:11,130719,50.635570062,-123.405566623,476.127000000,12,0.185000000,0.251000000,0.391000000
01:51:12,130719,50.635570145,-123.405566640,476.136000000,12,0.185000000,0.251000000,0.391000000
01:51:13,130719,50.635570203,-123.405566657,476.141000000,12,0.185000000,0.251000000,0.391000000
01:51:14,130719,50.635570230,-123.405566650,476.140000000,12,0.185000000,0.251000000,0.391000000
01:51:15,130719,50.635570290,-123.405566653,476.143000000,12,0.185000000,0.251000000,0.391000000
01:51:16,130719,50.635570318,-123.405566667,476.144000000,12,0.185000000,0.251000000,0.391000000
01:51:17,130719,50.635570357,-123.405566648,476.142000000,12,0.185000000,0.251000000,0.391000000
01:51:18,130719,50.635570382,-123.405566640,476.133000000,12,0.185000000,0.251000000,0.391000000
01:51:19,130719,50.635570443,-123.405566593,476.131000000,12,0.185000000,0.251000000,0.391000000
01:51:20,130719,50.635570472,-123.405566543,476.124000000,12,0.185000000,0.251000000,0.391000000
01:51:21,130719,50.635570517,-123.405566512,476.121000000,12,0.185000000,0.251000000,0.391000000
01:51:22,130719,50.635570555,-123.405566545,476.129000000,12,0.185000000,0.251000000,0.391000000
01:51:23,130719,50.635570593,-123.405566582,476.138000000,12,0.185000000,0.251000000,0.391000000
01:51:24,130719,50.635570633,-123.405566600,476.144000000,12,0.185000000,0.251000000,0.391000000
01:51:25,130719,50.635570667,-123.405566677,476.154000000,12,0.185000000,0.251000000,0.391000000
01:51:26,130719,50.635570683,-123.405566753,476.164000000,12,0.185000000,0.251000000,0.391000000
01:51:27,130719,50.635570678,-123.405566778,476.177000000,12,0.185000000,0.251000000,0.391000000
01:51:28,130719,50.635570702,-123.405566833,476.186000000,12,0.185000000,0.251000000,0.391000000
01:51:29,130719,50.635570732,-123.405566902,476.195000000,12,0.185000000,0.251000000,0.391000000
01:51:30,130719,50.635570755,-123.405566948,476.202000000,12,0.185000000,0.251000000,0.392000000
01:51:31,130719,50.635570813,-123.405566967,476.202000000,12,0.185000000,0.251000000,0.392000000
01:51:32,130719,50.635570880,-123.405566972,476.206000000,12,0.185000000,0.251000000,0.392000000
01:51:33,130719,50.635570975,-123.405566980,476.211000000,12,0.185000000,0.250000000,0.392000000
01:51:34,130719,50.635571052,-123.405566980,476.215000000,12,0.185000000,0.250000000,0.392000000
01:51:35,130719,50.635571103,-123.405566863,476.209000000,12,0.185000000,0.250000000,0.392000000
01:51:36,130719,50.635571160,-123.405566822,476.208000000,12,0.185000000,0.250000000,0.392000000
01:51:37,130719,50.635571183,-123.405566763,476.205000000,12,0.185000000,0.250000000,0.392000000
01:51:38,130719,50.635571197,-123.405566717,476.204000000,12,0.185000000,0.250000000,0.392000000
01:51:39,130719,50.635571222,-123.405566707,476.207000000,12,0.185000000,0.250000000,0.392000000
01:51:40,130719,50.635571250,-123.405566698,476.210000000,12,0.185000000,0.250000000,0.392000000
01:51:41,130719,50.635571325,-123.405566705,476.209000000,12,0.185000000,0.250000000,0.392000000
01:51:42,130719,50.635571395,-123.405566785,476.217000000,12,0.185000000,0.250000000,0.392000000
01:51:43,130719,50.635571443,-123.405566858,476.222000000,12,0.185000000,0.250000000,0.392000000
01:51:44,130719,50.635571515,-123.405566898,476.224000000,12,0.185000000,0.250000000,0.392000000
01:51:45,130719,50.635571555,-123.405566982,476.226000000,12,0.185000000,0.250000000,0.392000000
01:51:46,130719,50.635571593,-123.405566997,476.224000000,12,0.185000000,0.250000000,0.392000000
01:51:47,130719,50.635571658,-123.405566925,476.219000000,12,0.185000000,0.250000000,0.392000000
01:51:48,130719,50.635571700,-123.405566852,476.215000000,12,0.185000000,0.250000000,0.392000000
01:51:49,130719,50.635571743,-123.405566772,476.204000000,12,0.185000000,0.250000000,0.392000000
01:51:50,130719,50.635571768,-123.405566660,476.190000000,12,0.185000000,0.250000000,0.392000000
01:51:51,130719,50.635571747,-123.405566573,476.177000000,12,0.185000000,0.250000000,0.392000000
01:51:52,130719,50.635571725,-123.405566508,476.159000000,12,0.185000000,0.250000000,0.392000000
01:51:53,130719,50.635571725,-123.405566472,476.139000000,12,0.185000000,0.250000000,0.392000000
01:51:54,130719,50.635571725,-123.405566465,476.132000000,12,0.185000000,0.250000000,0.393000000
01:51:55,130719,50.635571723,-123.405566427,476.121000000,12,0.185000000,0.250000000,0.393000000
01:51:56,130719,50.635571748,-123.405566403,476.115000000,12,0.185000000,0.250000000,0.393000000
01:51:57,130719,50.635571762,-123.405566382,476.111000000,12,0.185000000,0.250000000,0.393000000
01:51:58,130719,50.635571795,-123.405566410,476.117000000,12,0.185000000,0.250000000,0.393000000
01:51:59,130719,50.635571825,-123.405566435,476.118000000,12,0.185000000,0.250000000,0.393000000
01:52:00,130719,50.635571848,-123.405566468,476.123000000,12,0.185000000,0.249000000,0.393000000
01:52:01,130719,50.635571833,-123.405566462,476.122000000,12,0.185000000,0.249000000,0.393000000
01:52:02,130719,50.635571868,-123.405566473,476.125000000,12,0.185000000,0.249000000,0.393000000
01:52:03,130719,50.635571850,-123.405566475,476.125000000,12,0.185000000,0.249000000,0.393000000
01:52:04,130719,50.635571848,-123.405566395,476.120000000,12,0.185000000,0.249000000,0.393000000
01:52:05,130719,50.635571832,-123.405566277,476.116000000,12,0.185000000,0.249000000,0.393000000
01:52:06,130719,50.635571843,-123.405566235,476.120000000,12,0.185000000,0.249000000,0.393000000
01:52:07,130719,50.635571825,-123.405566175,476.120000000,12,0.185000000,0.249000000,0.393000000
01:52:08,130719,50.635571830,-123.405566130,476.118000000,12,0.185000000,0.249000000,0.393000000
01:52:09,130719,50.635571853,-123.405566163,476.117000000,12,0.185000000,0.249000000,0.393000000
01:52:10,130719,50.635571872,-123.405566163,476.112000000,12,0.185000000,0.249000000,0.393000000
01:52:11,130719,50.635571873,-123.405566145,476.105000000,12,0.185000000,0.249000000,0.393000000
01:52:12,130719,50.635571893,-123.405566170,476.105000000,12,0.185000000,0.249000000,0.393000000
01:52:13,130719,50.635571930,-123.405566205,476.110000000,12,0.185000000,0.249000000,0.393000000
01:52:14,130719,50.635571973,-123.405566233,476.114000000,12,0.185000000,0.249000000,0.393000000
01:52:15,130719,50.635572010,-123.405566225,476.114000000,12,0.185000000,0.249000000,0.394000000
01:52:16,130719,50.635572050,-123.405566252,476.115000000,12,0.185000000,0.249000000,0.394000000
01:52:17,130719,50.635572092,-123.405566303,476.123000000,12,0.185000000,0.249000000,0.394000000
01:52:18,130719,50.635572150,-123.405566362,476.137000000,12,0.185000000,0.249000000,0.394000000
01:52:19,130719,50.635572187,-123.405566382,476.144000000,12,0.185000000,0.249000000,0.394000000
01:52:20,130719,50.635572203,-123.405566358,476.144000000,12,0.185000000,0.249000000,0.394000000
01:52:21,130719,50.635572222,-123.405566338,476.141000000,12,0.185000000,0.249000000,0.394000000
01:52:22,130719,50.635572222,-123.405566333,476.141000000,12,0.185000000,0.249000000,0.394000000
01:52:23,130719,50.635572222,-123.405566315,476.141000000,12,0.185000000,0.249000000,0.394000000
01:52:24,130719,50.635572233,-123.405566398,476.148000000,12,0.185000000,0.249000000,0.394000000
01:52:25,130719,50.635572272,-123.405566467,476.154000000,12,0.185000000,0.249000000,0.394000000
01:52:26,130719,50.635572295,-123.405566485,476.161000000,12,0.185000000,0.249000000,0.394000000
01:52:27,130719,50.635572298,-123.405566483,476.160000000,12,0.185000000,0.248000000,0.394000000
01:52:28,130719,50.635572337,-123.405566477,476.160000000,12,0.185000000,0.248000000,0.394000000
01:52:29,130719,50.635572375,-123.405566405,476.157000000,12,0.185000000,0.248000000,0.394000000
01:52:30,130719,50.635572397,-123.405566392,476.154000000,12,0.185000000,0.248000000,0.394000000
01:52:31,130719,50.635572412,-123.405566380,476.153000000,12,0.185000000,0.248000000,0.394000000
01:52:32,130719,50.635572435,-123.405566408,476.150000000,12,0.185000000,0.248000000,0.394000000
01:52:33,130719,50.635572472,-123.405566462,476.152000000,12,0.185000000,0.248000000,0.394000000
01:52:34,130719,50.635572490,-123.405566505,476.154000000,12,0.185000000,0.248000000,0.394000000
01:52:35,130719,50.635572537,-123.405566600,476.166000000,12,0.185000000,0.248000000,0.394000000
01:52:36,130719,50.635572572,-123.405566633,476.174000000,12,0.185000000,0.248000000,0.394000000
01:52:37,130719,50.635572590,-123.405566638,476.175000000,12,0.185000000,0.248000000,0.394000000
01:52:38,130719,50.635572602,-123.405566662,476.180000000,12,0.185000000,0.248000000,0.394000000
01:52:39,130719,50.635572595,-123.405566657,476.181000000,12,0.185000000,0.248000000,0.395000000
01:52:40,130719,50.635572597,-123.405566677,476.181000000,12,0.185000000,0.248000000,0.395000000
01:52:41,130719,50.635572587,-123.405566668,476.175000000,12,0.185000000,0.248000000,0.395000000
01:52:42,130719,50.635572592,-123.405566695,476.176000000,12,0.185000000,0.248000000,0.395000000
01:52:43,130719,50.635572613,-123.405566718,476.171000000,12,0.185000000,0.248000000,0.395000000
01:52:44,130719,50.635572620,-123.405566780,476.172000000,12,0.185000000,0.248000000,0.395000000
01:52:45,130719,50.635572613,-123.405566795,476.168000000,12,0.185000000,0.248000000,0.395000000
01:52:46,130719,50.635572592,-123.405566767,476.166000000,12,0.185000000,0.248000000,0.395000000
01:52:47,130719,50.635572532,-123.405566760,476.163000000,12,0.185000000,0.248000000,0.395000000
01:52:48,130719,50.635572478,-123.405566725,476.157000000,12,0.186000000,0.248000000,0.395000000
01:52:49,130719,50.635572463,-123.405566693,476.154000000,12,0.186000000,0.248000000,0.395000000
01:52:50,130719,50.635572457,-123.405566637,476.149000000,12,0.186000000,0.248000000,0.395000000
01:52:51,130719,50.635572468,-123.405566615,476.147000000,12,0.186000000,0.248000000,0.395000000
01:52:52,130719,50.635572443,-123.405566642,476.145000000,12,0.186000000,0.248000000,0.395000000
01:52:53,130719,50.635572450,-123.405566737,476.150000000,12,0.186000000,0.248000000,0.395000000
01:52:54,130719,50.635572450,-123.405566748,476.153000000,12,0.186000000,0.247000000,0.395000000
01:52:55,130719,50.635572428,-123.405566757,476.150000000,12,0.186000000,0.247000000,0.395000000
01:52:56,130719,50.635572398,-123.405566808,476.156000000,12,0.186000000,0.247000000,0.395000000
01:52:57,130719,50.635572377,-123.405566855,476.165000000,12,0.186000000,0.247000000,0.395000000
01:52:58,130719,50.635572375,-123.405566892,476.171000000,12,0.186000000,0.247000000,0.395000000
01:52:59,130719,50.635572362,-123.405566883,476.170000000,12,0.186000000,0.247000000,0.395000000
01:53:00,130719,50.635572367,-123.405566848,476.166000000,12,0.186000000,0.247000000,0.395000000
01:53:01,130719,50.635572372,-123.405566820,476.159000000,12,0.186000000,0.247000000,0.395000000
01:53:02,130719,50.635572363,-123.405566767,476.156000000,12,0.186000000,0.247000000,0.395000000
01:53:03,130719,50.635572338,-123.405566730,476.145000000,12,0.186000000,0.247000000,0.396000000
01:53:04,130719,50.635572340,-123.405566730,476.141000000,12,0.186000000,0.247000000,0.396000000
01:53:05,130719,50.635572323,-123.405566697,476.135000000,12,0.186000000,0.247000000,0.396000000
01:53:06,130719,50.635572308,-123.405566642,476.129000000,12,0.186000000,0.247000000,0.396000000
01:53:07,130719,50.635572292,-123.405566602,476.127000000,12,0.186000000,0.247000000,0.396000000
01:53:08,130719,50.635572272,-123.405566615,476.129000000,12,0.186000000,0.247000000,0.396000000
01:53:09,130719,50.635572227,-123.405566618,476.127000000,12,0.186000000,0.247000000,0.396000000
01:53:10,130719,50.635572187,-123.405566625,476.127000000,12,0.186000000,0.247000000,0.396000000
01:53:11,130719,50.635572195,-123.405566653,476.129000000,12,0.186000000,0.247000000,0.396000000
01:53:12,130719,50.635572165,-123.405566667,476.131000000,12,0.186000000,0.247000000,0.396000000
01:53:13,130719,50.635572188,-123.405566690,476.131000000,12,0.186000000,0.247000000,0.396000000
01:53:14,130719,50.635572210,-123.405566668,476.135000000,12,0.186000000,0.247000000,0.396000000
01:53:15,130719,50.635572182,-123.405566620,476.133000000,12,0.186000000,0.247000000,0.396000000
01:53:16,130719,50.635572145,-123.405566590,476.133000000,12,0.186000000,0.247000000,0.396000000
01:53:17,130719,50.635572088,-123.405566587,476.135000000,12,0.186000000,0.247000000,0.396000000
01:53:18,130719,50.635572055,-123.405566555,476.135000000,12,0.186000000,0.247000000,0.396000000
01:53:19,130719,50.635572008,-123.405566552,476.132000000,12,0.186000000,0.247000000,0.396000000
01:53:20,130719,50.635572000,-123.405566528,476.130000000,12,0.186000000,0.247000000,0.396000000
01:53:21,130719,50.635572027,-123.405566490,476.126000000,12,0.186000000,0.247000000,0.396000000
01:53:22,130719,50.635572052,-123.405566457,476.123000000,12,0.186000000,0.247000000,0.396000000
01:53:23,130719,50.635572060,-123.405566438,476.118000000,12,0.186000000,0.247000000,0.396000000
01:53:24,130719,50.635572062,-123.405566438,476.115000000,12,0.186000000,0.246000000,0.397000000
01:53:25,130719,50.635572068,-123.405566402,476.110000000,12,0.186000000,0.246000000,0.397000000
01:53:26,130719,50.635572085,-123.405566423,476.105000000,12,0.186000000,0.246000000,0.397000000
01:53:27,130719,50.635572100,-123.405566423,476.098000000,12,0.186000000,0.246000000,0.397000000
01:53:28,130719,50.635572137,-123.405566410,476.101000000,12,0.186000000,0.246000000,0.397000000
01:53:29,130719,50.635572188,-123.405566498,476.112000000,12,0.186000000,0.246000000,0.397000000
01:53:30,130719,50.635572235,-123.405566562,476.116000000,12,0.186000000,0.246000000,0.397000000
01:53:31,130719,50.635572277,-123.405566685,476.130000000,12,0.186000000,0.246000000,0.397000000
01:53:32,130719,50.635572318,-123.405566742,476.141000000,12,0.186000000,0.246000000,0.397000000
01:53:33,130719,50.635572365,-123.405566817,476.154000000,12,0.186000000,0.246000000,0.397000000
01:53:34,130719,50.635572402,-123.405566890,476.165000000,12,0.186000000,0.246000000,0.397000000
01:53:35,130719,50.635572420,-123.405566853,476.166000000,12,0.186000000,0.246000000,0.397000000
01:53:36,130719,50.635572428,-123.405566853,476.170000000,12,0.186000000,0.246000000,0.397000000
01:53:37,130719,50.635572467,-123.405566865,476.178000000,12,0.186000000,0.246000000,0.397000000
01:53:38,130719,50.635572515,-123.405566943,476.196000000,12,0.186000000,0.246000000,0.397000000
01:53:39,130719,50.635572570,-123.405566992,476.214000000,12,0.186000000,0.246000000,0.397000000
01:53:40,130719,50.635572605,-123.405567048,476.228000000,12,0.186000000,0.246000000,0.397000000
01:53:41,130719,50.635572622,-123.405567035,476.234000000,12,0.186000000,0.246000000,0.397000000
01:53:42,130719,50.635572598,-123.405567008,476.228000000,12,0.186000000,0.246000000,0.397000000
01:53:43,130719,50.635572553,-123.405566982,476.216000000,12,0.186000000,0.246000000,0.397000000
01:53:44,130719,50.635572502,-123.405566960,476.210000000,12,0.186000000,0.246000000,0.397000000
01:53:45,130719,50.635572437,-123.405566905,476.208000000,12,0.272000000,0.360000000,0.583000000
01:53:46,130719,50.635572352,-123.405566830,476.199000000,12,0.272000000,0.360000000,0.583000000
01:53:47,130719,50.635572270,-123.405566760,476.192000000,12,0.272000000,0.360000000,0.583000000
01:53:48,130719,50.635572170,-123.405566715,476.177000000,12,0.387000000,0.512000000,0.829000000
01:53:49,130719,50.635572008,-123.405566658,476.150000000,12,0.387000000,0.512000000,0.829000000
01:53:50,130719,50.635571738,-123.405566532,476.105000000,12,0.387000000,0.512000000,0.829000000
01:53:51,130719,50.635571443,-123.405566392,476.056000000,12,0.454000000,0.600000000,0.972000000
01:53:52,130719,50.635571173,-123.405566285,476.023000000,12,0.454000000,0.600000000,0.972000000
01:53:53,130719,50.635570983,-123.405566243,475.998000000,12,0.454000000,0.600000000,0.972000000
01:53:54,130719,50.635570845,-123.405566177,475.974000000,12,0.473000000,0.625000000,1.014000000
01:53:55,130719,50.635570748,-123.405566098,475.954000000,12,0.473000000,0.625000000,1.014000000
01:53:56,130719,50.635570685,-123.405566062,475.942000000,12,0.473000000,0.625000000,1.014000000
01:53:57,130719,50.635570667,-123.405566047,475.938000000,12,0.448000000,0.591000000,0.959000000
01:53:58,130719,50.635570582,-123.405565997,475.925000000,12,0.448000000,0.591000000,0.959000000
01:53:59,130719,50.635570505,-123.405565958,475.905000000,12,0.448000000,0.591000000,0.959000000
01:54:00,130719,50.635570505,-123.405565973,475.897000000,12,0.449000000,0.593000000,0.964000000
01:54:01,130719,50.635570545,-123.405566002,475.893000000,12,0.449000000,0.593000000,0.964000000
01:54:02,130719,50.635570567,-123.405566042,475.891000000,12,0.449000000,0.593000000,0.964000000
01:54:03,130719,50.635570567,-123.405566060,475.885000000,12,0.464000000,0.612000000,0.994000000
01:54:04,130719,50.635570498,-123.405566042,475.870000000,12,0.464000000,0.612000000,0.994000000
01:54:05,130719,50.635570397,-123.405566002,475.848000000,12,0.464000000,0.612000000,0.994000000
01:54:06,130719,50.635570277,-123.405565887,475.820000000,12,0.471000000,0.622000000,1.011000000
01:54:07,130719,50.635570025,-123.405565688,475.777000000,12,0.471000000,0.622000000,1.011000000
01:54:08,130719,50.635569743,-123.405565442,475.721000000,12,0.471000000,0.622000000,1.011000000
01:54:09,130719,50.635569392,-123.405565090,475.654000000,12,0.439000000,0.578000000,0.941000000
01:54:10,130719,50.635568962,-123.405564727,475.569000000,12,0.439000000,0.578000000,0.941000000
01:54:11,130719,50.635568597,-123.405564408,475.490000000,12,0.439000000,0.578000000,0.941000000
01:54:12,130719,50.635568292,-123.405564163,475.423000000,12,0.382000000,0.503000000,0.819000000
01:54:13,130719,50.635568060,-123.405563992,475.375000000,12,0.382000000,0.503000000,0.819000000
01:54:14,130719,50.635567910,-123.405563873,475.338000000,12,0.382000000,0.503000000,0.819000000
01:54:15,130719,50.635567762,-123.405563802,475.310000000,12,0.313000000,0.412000000,0.672000000
01:54:16,130719,50.635567683,-123.405563728,475.283000000,12,0.313000000,0.412000000,0.672000000
01:54:17,130719,50.635567630,-123.405563715,475.275000000,12,0.313000000,0.412000000,0.672000000
01:54:18,130719,50.635567622,-123.405563693,475.271000000,12,0.248000000,0.327000000,0.534000000
01:54:19,130719,50.635567642,-123.405563730,475.271000000,12,0.248000000,0.327000000,0.534000000
01:54:20,130719,50.635567670,-123.405563758,475.274000000,12,0.248000000,0.327000000,0.534000000
01:54:21,130719,50.635567720,-123.405563822,475.279000000,12,0.203000000,0.267000000,0.436000000
01:54:22,130719,50.635567748,-123.405563882,475.287000000,12,0.203000000,0.267000000,0.436000000
01:54:23,130719,50.635567783,-123.405563972,475.297000000,12,0.203000000,0.267000000,0.436000000
01:54:24,130719,50.635567830,-123.405564060,475.306000000,12,0.186000000,0.244000000,0.399000000
01:54:25,130719,50.635567890,-123.405564165,475.321000000,12,0.186000000,0.244000000,0.399000000
01:54:26,130719,50.635567962,-123.405564235,475.329000000,12,0.186000000,0.244000000,0.399000000
01:54:27,130719,50.635568043,-123.405564340,475.340000000,12,0.186000000,0.244000000,0.399000000
01:54:28,130719,50.635568090,-123.405564460,475.355000000,12,0.186000000,0.244000000,0.399000000
01:54:29,130719,50.635568103,-123.405564595,475.368000000,12,0.186000000,0.244000000,0.399000000
01:54:30,130719,50.635568137,-123.405564670,475.382000000,12,0.186000000,0.244000000,0.399000000
01:54:31,130719,50.635568182,-123.405564695,475.392000000,12,0.186000000,0.244000000,0.399000000
01:54:32,130719,50.635568228,-123.405564657,475.402000000,12,0.186000000,0.244000000,0.399000000
01:54:33,130719,50.635568268,-123.405564653,475.407000000,12,0.186000000,0.244000000,0.400000000
01:54:34,130719,50.635568297,-123.405564637,475.404000000,12,0.186000000,0.244000000,0.400000000
01:54:35,130719,50.635568297,-123.405564632,475.403000000,12,0.186000000,0.244000000,0.400000000
01:54:36,130719,50.635568300,-123.405564640,475.404000000,12,0.186000000,0.244000000,0.400000000
01:54:37,130719,50.635568290,-123.405564653,475.405000000,12,0.186000000,0.244000000,0.400000000
01:54:38,130719,50.635568323,-123.405564720,475.409000000,12,0.186000000,0.244000000,0.400000000
01:54:39,130719,50.635568358,-123.405564810,475.419000000,12,0.186000000,0.244000000,0.400000000
01:54:40,130719,50.635568402,-123.405564882,475.426000000,12,0.186000000,0.244000000,0.400000000
01:54:41,130719,50.635568468,-123.405565002,475.444000000,12,0.186000000,0.244000000,0.400000000
01:54:42,130719,50.635568550,-123.405565117,475.463000000,12,0.186000000,0.244000000,0.400000000
01:54:43,130719,50.635568617,-123.405565255,475.484000000,12,0.186000000,0.244000000,0.400000000
01:54:44,130719,50.635568685,-123.405565355,475.500000000,12,0.186000000,0.244000000,0.400000000
01:54:45,130719,50.635568745,-123.405565440,475.522000000,12,0.186000000,0.244000000,0.400000000
01:54:46,130719,50.635568787,-123.405565538,475.534000000,12,0.186000000,0.244000000,0.400000000
01:54:47,130719,50.635568832,-123.405565563,475.546000000,12,0.186000000,0.244000000,0.400000000
01:54:48,130719,50.635568897,-123.405565595,475.559000000,12,0.186000000,0.243000000,0.400000000
01:54:49,130719,50.635568950,-123.405565650,475.576000000,12,0.186000000,0.243000000,0.400000000
01:54:50,130719,50.635569015,-123.405565680,475.586000000,12,0.186000000,0.243000000,0.400000000
01:54:51,130719,50.635569100,-123.405565697,475.594000000,12,0.186000000,0.243000000,0.400000000
01:54:52,130719,50.635569157,-123.405565718,475.602000000,12,0.186000000,0.243000000,0.400000000
01:54:53,130719,50.635569198,-123.405565718,475.612000000,12,0.186000000,0.243000000,0.400000000
01:54:54,130719,50.635569262,-123.405565743,475.623000000,12,0.186000000,0.243000000,0.400000000
01:54:55,130719,50.635569277,-123.405565757,475.630000000,12,0.186000000,0.243000000,0.400000000
01:54:56,130719,50.635569285,-123.405565812,475.644000000,12,0.186000000,0.243000000,0.400000000
01:54:57,130719,50.635569277,-123.405565912,475.651000000,12,0.186000000,0.243000000,0.401000000
01:54:58,130719,50.635569310,-123.405565963,475.653000000,12,0.186000000,0.243000000,0.401000000
01:54:59,130719,50.635569357,-123.405566053,475.663000000,12,0.186000000,0.243000000,0.401000000
01:55:00,130719,50.635569412,-123.405566048,475.673000000,12,0.186000000,0.243000000,0.401000000
01:55:01,130719,50.635569457,-123.405566052,475.683000000,12,0.186000000,0.243000000,0.401000000
01:55:02,130719,50.635569502,-123.405566055,475.697000000,12,0.186000000,0.243000000,0.401000000
01:55:03,130719,50.635569545,-123.405566080,475.703000000,12,0.186000000,0.243000000,0.401000000
01:55:04,130719,50.635569600,-123.405566123,475.712000000,12,0.186000000,0.243000000,0.401000000
01:55:05,130719,50.635569642,-123.405566120,475.715000000,12,0.186000000,0.243000000,0.401000000
01:55:06,130719,50.635569688,-123.405566112,475.720000000,12,0.186000000,0.243000000,0.401000000
01:55:07,130719,50.635569723,-123.405566050,475.722000000,12,0.186000000,0.243000000,0.401000000
01:55:08,130719,50.635569757,-123.405566053,475.728000000,12,0.186000000,0.243000000,0.401000000
01:55:09,130719,50.635569813,-123.405566093,475.732000000,12,0.186000000,0.243000000,0.401000000
01:55:10,130719,50.635569872,-123.405566170,475.741000000,11,0.199000000,0.286000000,0.427000000
01:55:11,130719,50.635569928,-123.405566278,475.751000000,11,0.199000000,0.286000000,0.427000000
01:55:12,130719,50.635569978,-123.405566380,475.763000000,11,0.199000000,0.286000000,0.427000000
01:55:13,130719,50.635570027,-123.405566478,475.774000000,11,0.199000000,0.286000000,0.428000000
01:55:14,130719,50.635570063,-123.405566525,475.782000000,11,0.199000000,0.286000000,0.428000000
01:55:15,130719,50.635570103,-123.405566545,475.787000000,11,0.199000000,0.286000000,0.428000000
01:55:16,130719,50.635570147,-123.405566562,475.788000000,11,0.199000000,0.286000000,0.428000000
01:55:17,130719,50.635570200,-123.405566568,475.788000000,12,0.186000000,0.242000000,0.401000000
01:55:18,130719,50.635570268,-123.405566553,475.790000000,12,0.186000000,0.242000000,0.401000000
01:55:19,130719,50.635570327,-123.405566535,475.788000000,12,0.186000000,0.242000000,0.401000000
01:55:20,130719,50.635570378,-123.405566535,475.793000000,12,0.186000000,0.242000000,0.402000000
01:55:21,130719,50.635570397,-123.405566540,475.799000000,12,0.186000000,0.242000000,0.402000000
01:55:22,130719,50.635570423,-123.405566532,475.797000000,12,0.186000000,0.242000000,0.402000000
01:55:23,130719,50.635570443,-123.405566503,475.794000000,12,0.186000000,0.242000000,0.402000000
01:55:24,130719,50.635570478,-123.405566478,475.789000000,12,0.186000000,0.242000000,0.402000000
01:55:25,130719,50.635570497,-123.405566475,475.787000000,12,0.186000000,0.242000000,0.402000000
01:55:26,130719,50.635570553,-123.405566505,475.791000000,12,0.186000000,0.242000000,0.402000000
01:55:27,130719,50.635570608,-123.405566477,475.794000000,12,0.186000000,0.242000000,0.402000000
01:55:28,130719,50.635570680,-123.405566458,475.793000000,12,0.186000000,0.242000000,0.402000000
01:55:29,130719,50.635570758,-123.405566502,475.800000000,12,0.186000000,0.242000000,0.402000000
01:55:30,130719,50.635570835,-123.405566555,475.812000000,12,0.186000000,0.242000000,0.402000000
01:55:31,130719,50.635570890,-123.405566600,475.816000000,12,0.186000000,0.242000000,0.402000000
01:55:32,130719,50.635570960,-123.405566607,475.822000000,12,0.186000000,0.242000000,0.402000000
01:55:33,130719,50.635571020,-123.405566635,475.831000000,12,0.186000000,0.242000000,0.402000000
01:55:34,130719,50.635571070,-123.405566627,475.838000000,12,0.186000000,0.242000000,0.402000000
01:55:35,130719,50.635571112,-123.405566648,475.842000000,12,0.186000000,0.242000000,0.402000000
01:55:36,130719,50.635571145,-123.405566672,475.847000000,12,0.186000000,0.242000000,0.402000000
01:55:37,130719,50.635571168,-123.405566648,475.846000000,12,0.186000000,0.242000000,0.402000000
01:55:38,130719,50.635571180,-123.405566638,475.844000000,12,0.186000000,0.242000000,0.402000000
01:55:39,130719,50.635571208,-123.405566670,475.844000000,12,0.186000000,0.242000000,0.402000000
01:55:40,130719,50.635571197,-123.405566650,475.839000000,12,0.186000000,0.242000000,0.402000000
01:55:41,130719,50.635571208,-123.405566587,475.833000000,12,0.186000000,0.242000000,0.402000000
01:55:42,130719,50.635571237,-123.405566530,475.831000000,12,0.186000000,0.242000000,0.402000000
01:55:43,130719,50.635571257,-123.405566455,475.824000000,12,0.186000000,0.242000000,0.402000000
01:55:44,130719,50.635571292,-123.405566407,475.826000000,12,0.186000000,0.241000000,0.403000000
01:55:45,130719,50.635571323,-123.405566377,475.824000000,12,0.186000000,0.241000000,0.403000000
01:55:46,130719,50.635571358,-123.405566330,475.827000000,12,0.186000000,0.241000000,0.403000000
01:55:47,130719,50.635571390,-123.405566338,475.838000000,12,0.186000000,0.241000000,0.403000000
01:55:48,130719,50.635571425,-123.405566337,475.843000000,12,0.186000000,0.241000000,0.403000000
01:55:49,130719,50.635571480,-123.405566382,475.853000000,12,0.186000000,0.241000000,0.403000000
01:55:50,130719,50.635571533,-123.405566463,475.858000000,12,0.186000000,0.241000000,0.403000000
01:55:51,130719,50.635571577,-123.405566525,475.859000000,12,0.186000000,0.241000000,0.403000000
01:55:52,130719,50.635571605,-123.405566598,475.866000000,12,0.186000000,0.241000000,0.403000000
01:55:53,130719,50.635571657,-123.405566642,475.877000000,12,0.186000000,0.241000000,0.403000000
01:55:54,130719,50.635571685,-123.405566640,475.885000000,12,0.186000000,0.241000000,0.403000000
01:55:55,130719,50.635571733,-123.405566630,475.892000000,12,0.186000000,0.241000000,0.403000000
01:55:56,130719,50.635571750,-123.405566605,475.900000000,12,0.186000000,0.241000000,0.403000000
01:55:57,130719,50.635571765,-123.405566597,475.908000000,12,0.186000000,0.241000000,0.403000000
01:55:58,130719,50.635571755,-123.405566532,475.910000000,12,0.186000000,0.241000000,0.403000000
01:55:59,130719,50.635571735,-123.405566467,475.913000000,12,0.186000000,0.241000000,0.403000000
01:56:00,130719,50.635571733,-123.405566378,475.914000000,12,0.186000000,0.241000000,0.403000000
01:56:01,130719,50.635571733,-123.405566345,475.920000000,12,0.186000000,0.241000000,0.403000000
01:56:02,130719,50.635571732,-123.405566312,475.928000000,12,0.186000000,0.241000000,0.403000000
01:56:03,130719,50.635571720,-123.405566250,475.932000000,12,0.186000000,0.241000000,0.403000000
01:56:04,130719,50.635571767,-123.405566312,475.944000000,12,0.186000000,0.241000000,0.403000000
01:56:05,130719,50.635571783,-123.405566325,475.950000000,12,0.186000000,0.241000000,0.404000000
01:56:06,130719,50.635571787,-123.405566325,475.952000000,12,0.186000000,0.241000000,0.404000000
01:56:07,130719,50.635571785,-123.405566315,475.950000000,12,0.186000000,0.241000000,0.404000000
01:56:08,130719,50.635571780,-123.405566322,475.951000000,12,0.186000000,0.241000000,0.404000000
01:56:09,130719,50.635571767,-123.405566345,475.959000000,12,0.186000000,0.241000000,0.404000000
01:56:10,130719,50.635571760,-123.405566428,475.972000000,12,0.186000000,0.241000000,0.404000000
01:56:11,130719,50.635571780,-123.405566507,475.984000000,12,0.186000000,0.241000000,0.404000000
01:56:12,130719,50.635571787,-123.405566533,475.991000000,12,0.186000000,0.241000000,0.404000000
01:56:13,130719,50.635571788,-123.405566522,475.999000000,12,0.186000000,0.241000000,0.404000000
01:56:14,130719,50.635571793,-123.405566515,476.008000000,12,0.186000000,0.240000000,0.404000000
01:56:15,130719,50.635571798,-123.405566488,476.019000000,12,0.186000000,0.240000000,0.404000000
01:56:16,130719,50.635571813,-123.405566455,476.026000000,12,0.186000000,0.240000000,0.404000000
01:56:17,130719,50.635571840,-123.405566492,476.037000000,12,0.186000000,0.240000000,0.404000000
01:56:18,130719,50.635571870,-123.405566560,476.045000000,12,0.186000000,0.240000000,0.404000000
01:56:19,130719,50.635571908,-123.405566637,476.055000000,12,0.186000000,0.240000000,0.404000000
01:56:20,130719,50.635571920,-123.405566680,476.064000000,12,0.186000000,0.240000000,0.404000000
01:56:21,130719,50.635571942,-123.405566728,476.076000000,12,0.186000000,0.240000000,0.404000000
01:56:22,130719,50.635571950,-123.405566733,476.083000000,12,0.186000000,0.240000000,0.404000000
01:56:23,130719,50.635571963,-123.405566738,476.088000000,12,0.186000000,0.240000000,0.404000000
01:56:24,130719,50.635571988,-123.405566735,476.093000000,12,0.186000000,0.240000000,0.404000000
01:56:25,130719,50.635571980,-123.405566707,476.095000000,12,0.186000000,0.240000000,0.404000000
01:56:26,130719,50.635571973,-123.405566667,476.095000000,12,0.186000000,0.240000000,0.404000000
01:56:27,130719,50.635571963,-123.405566612,476.098000000,12,0.186000000,0.240000000,0.404000000
01:56:28,130719,50.635571975,-123.405566567,476.094000000,12,0.186000000,0.240000000,0.404000000
01:56:29,130719,50.635572008,-123.405566652,476.099000000,12,0.186000000,0.240000000,0.405000000
01:56:30,130719,50.635572037,-123.405566755,476.106000000,12,0.186000000,0.240000000,0.405000000
01:56:31,130719,50.635572062,-123.405566865,476.115000000,12,0.186000000,0.240000000,0.405000000
01:56:32,130719,50.635572083,-123.405566947,476.126000000,12,0.186000000,0.240000000,0.405000000
01:56:33,130719,50.635572117,-123.405566993,476.132000000,12,0.186000000,0.240000000,0.405000000
01:56:34,130719,50.635572103,-123.405567047,476.140000000,12,0.186000000,0.240000000,0.405000000
01:56:35,130719,50.635572100,-123.405567057,476.145000000,12,0.186000000,0.240000000,0.405000000
01:56:36,130719,50.635572103,-123.405567047,476.147000000,12,0.186000000,0.240000000,0.405000000
01:56:37,130719,50.635572113,-123.405567027,476.147000000,12,0.186000000,0.240000000,0.405000000
01:56:38,130719,50.635572120,-123.405566977,476.146000000,12,0.186000000,0.240000000,0.405000000
01:56:39,130719,50.635572123,-123.405566968,476.140000000,12,0.186000000,0.240000000,0.405000000
01:56:40,130719,50.635572160,-123.405567002,476.136000000,11,0.200000000,0.282000000,0.434000000
01:56:41,130719,50.635572185,-123.405567093,476.140000000,11,0.200000000,0.282000000,0.434000000
01:56:42,130719,50.635572163,-123.405567220,476.143000000,11,0.200000000,0.282000000,0.434000000
01:56:43,130719,50.635572155,-123.405567323,476.149000000,11,0.200000000,0.282000000,0.434000000
01:56:44,130719,50.635572145,-123.405567357,476.153000000,11,0.200000000,0.282000000,0.434000000
01:56:45,130719,50.635572137,-123.405567382,476.155000000,11,0.200000000,0.282000000,0.434000000
01:56:46,130719,50.635572103,-123.405567427,476.153000000,11,0.200000000,0.282000000,0.434000000
01:56:47,130719,50.635572083,-123.405567400,476.152000000,11,0.200000000,0.282000000,0.434000000
01:56:48,130719,50.635572083,-123.405567428,476.151000000,11,0.200000000,0.282000000,0.434000000
01:56:49,130719,50.635572093,-123.405567503,476.152000000,11,0.200000000,0.282000000,0.435000000
01:56:50,130719,50.635572088,-123.405567532,476.153000000,11,0.200000000,0.282000000,0.435000000
01:56:51,130719,50.635572118,-123.405567563,476.158000000,11,0.200000000,0.282000000,0.435000000
01:56:52,130719,50.635572113,-123.405567590,476.152000000,11,0.200000000,0.282000000,0.435000000
01:56:53,130719,50.635572117,-123.405567633,476.145000000,11,0.200000000,0.282000000,0.435000000
01:56:54,130719,50.635572098,-123.405567637,476.141000000,11,0.200000000,0.282000000,0.435000000
01:56:55,130719,50.635572045,-123.405567713,476.140000000,11,0.200000000,0.282000000,0.435000000
01:56:56,130719,50.635572040,-123.405567795,476.143000000,11,0.200000000,0.282000000,0.435000000
01:56:57,130719,50.635572020,-123.405567868,476.150000000,11,0.200000000,0.282000000,0.435000000
01:56:58,130719,50.635572017,-123.405567953,476.160000000,11,0.200000000,0.282000000,0.435000000
01:56:59,130719,50.635572003,-123.405567953,476.162000000,11,0.200000000,0.282000000,0.435000000
01:57:00,130719,50.635572012,-123.405567950,476.162000000,11,0.200000000,0.282000000,0.435000000
01:57:01,130719,50.635572007,-123.405567893,476.159000000,11,0.201000000,0.282000000,0.435000000
01:57:02,130719,50.635572020,-123.405567882,476.160000000,11,0.201000000,0.282000000,0.435000000
01:57:03,130719,50.635572037,-123.405567895,476.164000000,11,0.201000000,0.282000000,0.435000000
01:57:04,130719,50.635572075,-123.405567925,476.163000000,11,0.201000000,0.282000000,0.436000000
01:57:05,130719,50.635572113,-123.405567987,476.165000000,11,0.201000000,0.282000000,0.436000000
01:57:06,130719,50.635572123,-123.405567987,476.163000000,11,0.201000000,0.282000000,0.436000000
01:57:07,130719,50.635572140,-123.405568008,476.159000000,11,0.201000000,0.282000000,0.436000000
01:57:08,130719,50.635572110,-123.405568012,476.155000000,11,0.201000000,0.282000000,0.436000000
01:57:09,130719,50.635572135,-123.405568047,476.160000000,11,0.201000000,0.282000000,0.436000000
01:57:10,130719,50.635572120,-123.405568097,476.166000000,11,0.201000000,0.281000000,0.436000000
01:57:11,130719,50.635572125,-123.405568143,476.173000000,11,0.201000000,0.281000000,0.436000000
01:57:12,130719,50.635572123,-123.405568132,476.176000000,11,0.201000000,0.281000000,0.436000000
01:57:13,130719,50.635572133,-123.405568125,476.180000000,11,0.201000000,0.281000000,0.436000000
01:57:14,130719,50.635572140,-123.405568077,476.179000000,11,0.201000000,0.281000000,0.436000000
01:57:15,130719,50.635572158,-123.405568088,476.177000000,11,0.201000000,0.281000000,0.436000000
01:57:16,130719,50.635572187,-123.405568093,476.173000000,11,0.201000000,0.281000000,0.437000000
01:57:17,130719,50.635572203,-123.405568027,476.163000000,11,0.201000000,0.281000000,0.437000000
01:57:18,130719,50.635572223,-123.405567958,476.156000000,11,0.201000000,0.281000000,0.437000000
01:57:19,130719,50.635572205,-123.405567832,476.140000000,11,0.201000000,0.281000000,0.437000000
01:57:20,130719,50.635572222,-123.405567783,476.138000000,11,0.201000000,0.281000000,0.437000000
01:57:21,130719,50.635572207,-123.405567770,476.142000000,11,0.201000000,0.281000000,0.437000000
01:57:22,130719,50.635572148,-123.405567753,476.143000000,11,0.201000000,0.281000000,0.437000000
01:57:23,130719,50.635572097,-123.405567718,476.140000000,11,0.201000000,0.281000000,0.437000000
01:57:24,130719,50.635572030,-123.405567683,476.130000000,11,0.201000000,0.281000000,0.437000000
01:57:25,130719,50.635571997,-123.405567618,476.126000000,11,0.201000000,0.281000000,0.437000000
01:57:26,130719,50.635571967,-123.405567558,476.125000000,11,0.201000000,0.281000000,0.437000000
01:57:27,130719,50.635571952,-123.405567493,476.118000000,11,0.201000000,0.281000000,0.437000000
01:57:28,130719,50.635571913,-123.405567462,476.112000000,11,0.201000000,0.281000000,0.438000000
01:57:29,130719,50.635571893,-123.405567375,476.108000000,11,0.201000000,0.281000000,0.438000000
01:57:30,130719,50.635571903,-123.405567257,476.104000000,11,0.201000000,0.281000000,0.438000000
01:57:31,130719,50.635571907,-123.405567193,476.101000000,11,0.201000000,0.281000000,0.438000000
01:57:32,130719,50.635571917,-123.405567110,476.100000000,11,0.201000000,0.281000000,0.438000000
01:57:33,130719,50.635571902,-123.405567042,476.095000000,11,0.201000000,0.281000000,0.438000000
01:57:34,130719,50.635571863,-123.405567035,476.101000000,11,0.201000000,0.281000000,0.438000000
01:57:35,130719,50.635571800,-123.405567063,476.102000000,11,0.201000000,0.281000000,0.438000000
01:57:36,130719,50.635571782,-123.405567115,476.108000000,11,0.201000000,0.281000000,0.438000000
01:57:37,130719,50.635571777,-123.405567188,476.114000000,11,0.201000000,0.280000000,0.438000000
01:57:38,130719,50.635571778,-123.405567227,476.122000000,11,0.201000000,0.280000000,0.438000000
01:57:39,130719,50.635571780,-123.405567263,476.129000000,11,0.201000000,0.280000000,0.438000000
01:57:40,130719,50.635571805,-123.405567227,476.128000000,11,0.201000000,0.280000000,0.438000000
01:57:41,130719,50.635571782,-123.405567140,476.122000000,11,0.201000000,0.280000000,0.438000000
01:57:42,130719,50.635571768,-123.405567052,476.110000000,11,0.201000000,0.280000000,0.438000000
01:57:43,130719,50.635571740,-123.405566998,476.103000000,11,0.201000000,0.280000000,0.439000000
01:57:44,130719,50.635571720,-123.405566978,476.106000000,11,0.201000000,0.280000000,0.439000000
01:57:45,130719,50.635571675,-123.405566918,476.105000000,11,0.201000000,0.280000000,0.439000000
01:57:46,130719,50.635571653,-123.405566892,476.098000000,11,0.201000000,0.280000000,0.439000000
01:57:47,130719,50.635571612,-123.405566837,476.092000000,11,0.201000000,0.280000000,0.439000000
01:57:48,130719,50.635571595,-123.405566813,476.091000000,11,0.201000000,0.280000000,0.439000000
01:57:49,130719,50.635571572,-123.405566732,476.087000000,11,0.201000000,0.280000000,0.439000000
01:57:50,130719,50.635571545,-123.405566637,476.081000000,11,0.201000000,0.280000000,0.439000000
01:57:51,130719,50.635571523,-123.405566625,476.076000000,11,0.201000000,0.280000000,0.439000000
01:57:52,130719,50.635571510,-123.405566593,476.066000000,11,0.201000000,0.280000000,0.439000000
01:57:53,130719,50.635571545,-123.405566672,476.067000000,11,0.201000000,0.280000000,0.439000000
01:57:54,130719,50.635571565,-123.405566710,476.067000000,11,0.201000000,0.280000000,0.439000000
01:57:55,130719,50.635571568,-123.405566705,476.065000000,11,0.201000000,0.280000000,0.440000000
01:57:56,130719,50.635571545,-123.405566695,476.065000000,11,0.201000000,0.280000000,0.440000000
01:57:57,130719,50.635571543,-123.405566672,476.067000000,11,0.201000000,0.280000000,0.440000000
01:57:58,130719,50.635571552,-123.405566782,476.082000000,11,0.201000000,0.280000000,0.440000000
01:57:59,130719,50.635571562,-123.405566838,476.092000000,11,0.201000000,0.280000000,0.440000000
01:58:00,130719,50.635571588,-123.405566932,476.099000000,11,0.201000000,0.280000000,0.440000000
01:58:01,130719,50.635571603,-123.405566962,476.102000000,11,0.201000000,0.280000000,0.440000000
01:58:02,130719,50.635571612,-123.405566958,476.099000000,11,0.201000000,0.280000000,0.440000000
01:58:03,130719,50.635571603,-123.405566970,476.100000000,12,0.186000000,0.237000000,0.409000000
01:58:04,130719,50.635571598,-123.405566975,476.103000000,12,0.186000000,0.237000000,0.409000000
01:58:05,130719,50.635571615,-123.405566975,476.105000000,12,0.186000000,0.237000000,0.409000000
01:58:06,130719,50.635571637,-123.405566965,476.104000000,12,0.186000000,0.237000000,0.409000000
01:58:07,130719,50.635571638,-123.405566947,476.104000000,12,0.186000000,0.237000000,0.409000000
01:58:08,130719,50.635571617,-123.405566905,476.101000000,12,0.186000000,0.237000000,0.409000000
01:58:09,130719,50.635571593,-123.405566902,476.101000000,12,0.186000000,0.237000000,0.409000000
01:58:10,130719,50.635571553,-123.405566825,476.096000000,12,0.186000000,0.237000000,0.409000000
01:58:11,130719,50.635571505,-123.405566750,476.091000000,12,0.186000000,0.237000000,0.409000000
01:58:12,130719,50.635571458,-123.405566735,476.089000000,12,0.186000000,0.236000000,0.409000000
01:58:13,130719,50.635571435,-123.405566770,476.091000000,12,0.186000000,0.236000000,0.409000000
01:58:14,130719,50.635571405,-123.405566823,476.095000000,12,0.186000000,0.236000000,0.409000000
01:58:15,130719,50.635571393,-123.405566833,476.101000000,12,0.186000000,0.236000000,0.409000000
01:58:16,130719,50.635571388,-123.405566833,476.106000000,12,0.186000000,0.236000000,0.409000000
01:58:17,130719,50.635571405,-123.405566847,476.106000000,12,0.186000000,0.236000000,0.409000000
01:58:18,130719,50.635571412,-123.405566867,476.111000000,12,0.186000000,0.236000000,0.409000000
01:58:19,130719,50.635571415,-123.405566850,476.114000000,12,0.186000000,0.236000000,0.409000000
01:58:20,130719,50.635571373,-123.405566867,476.113000000,12,0.186000000,0.236000000,0.409000000
01:58:21,130719,50.635571357,-123.405566877,476.114000000,12,0.186000000,0.236000000,0.409000000
01:58:22,130719,50.635571298,-123.405566855,476.113000000,12,0.186000000,0.236000000,0.409000000
01:58:23,130719,50.635571222,-123.405566803,476.109000000,12,0.186000000,0.236000000,0.409000000
01:58:24,130719,50.635571148,-123.405566763,476.105000000,12,0.186000000,0.236000000,0.409000000
01:58:25,130719,50.635571092,-123.405566670,476.093000000,12,0.186000000,0.236000000,0.409000000
01:58:26,130719,50.635571068,-123.405566650,476.091000000,12,0.186000000,0.236000000,0.409000000
01:58:27,130719,50.635571072,-123.405566642,476.093000000,12,0.186000000,0.236000000,0.410000000
01:58:28,130719,50.635571077,-123.405566675,476.097000000,12,0.186000000,0.236000000,0.410000000
01:58:29,130719,50.635571082,-123.405566713,476.100000000,12,0.186000000,0.236000000,0.410000000
01:58:30,130719,50.635571063,-123.405566710,476.096000000,12,0.186000000,0.236000000,0.410000000
01:58:31,130719,50.635571053,-123.405566728,476.097000000,12,0.186000000,0.236000000,0.410000000
01:58:32,130719,50.635571048,-123.405566777,476.099000000,12,0.186000000,0.236000000,0.410000000
01:58:33,130719,50.635571020,-123.405566808,476.106000000,12,0.186000000,0.236000000,0.410000000
01:58:34,130719,50.635570995,-123.405566865,476.114000000,12,0.186000000,0.236000000,0.410000000
01:58:35,130719,50.635571015,-123.405566968,476.133000000,12,0.186000000,0.236000000,0.410000000
01:58:36,130719,50.635571015,-123.405567102,476.149000000,12,0.186000000,0.236000000,0.410000000
01:58:37,130719,50.635571043,-123.405567215,476.161000000,12,0.186000000,0.236000000,0.410000000
01:58:38,130719,50.635571023,-123.405567287,476.174000000,12,0.186000000,0.236000000,0.410000000
01:58:39,130719,50.635571005,-123.405567340,476.180000000,11,0.202000000,0.278000000,0.443000000
01:58:40,130719,50.635571012,-123.405567353,476.177000000,11,0.202000000,0.278000000,0.443000000
01:58:41,130719,50.635570992,-123.405567282,476.170000000,11,0.202000000,0.278000000,0.443000000
01:58:42,130719,50.635570957,-123.405567170,476.158000000,11,0.202000000,0.278000000,0.443000000
01:58:43,130719,50.635570933,-123.405567092,476.149000000,11,0.202000000,0.278000000,0.443000000
01:58:44,130719,50.635570885,-123.405567022,476.139000000,11,0.202000000,0.278000000,0.443000000
01:58:45,130719,50.635570863,-123.405567023,476.141000000,11,0.202000000,0.278000000,0.443000000
01:58:46,130719,50.635570850,-123.405567017,476.144000000,11,0.202000000,0.278000000,0.443000000
01:58:47,130719,50.635570828,-123.405567015,476.142000000,11,0.202000000,0.278000000,0.443000000
01:58:48,130719,50.635570817,-123.405567023,476.140000000,11,0.202000000,0.278000000,0.444000000
01:58:49,130719,50.635570787,-123.405567015,476.139000000,11,0.202000000,0.278000000,0.444000000
01:58:50,130719,50.635570772,-123.405567032,476.143000000,12,0.202000000,0.278000000,0.444000000
01:58:51,130719,50.635570757,-123.405567083,476.151000000,12,0.186000000,0.235000000,0.411000000
01:58:52,130719,50.635570735,-123.405567117,476.152000000,12,0.186000000,0.235000000,0.411000000
01:58:53,130719,50.635570753,-123.405567182,476.156000000,12,0.186000000,0.235000000,0.411000000
01:58:54,130719,50.635570782,-123.405567208,476.157000000,12,0.186000000,0.235000000,0.411000000
01:58:55,130719,50.635570800,-123.405567217,476.152000000,12,0.186000000,0.235000000,0.411000000
01:58:56,130719,50.635570807,-123.405567223,476.153000000,12,0.186000000,0.235000000,0.411000000
01:58:57,130719,50.635570805,-123.405567263,476.159000000,12,0.186000000,0.235000000,0.411000000
01:58:58,130719,50.635570772,-123.405567293,476.168000000,12,0.186000000,0.235000000,0.411000000
01:58:59,130719,50.635570740,-123.405567317,476.178000000,12,0.186000000,0.235000000,0.411000000
01:59:00,130719,50.635570713,-123.405567385,476.185000000,12,0.186000000,0.235000000,0.411000000
01:59:01,130719,50.635570680,-123.405567362,476.193000000,12,0.186000000,0.235000000,0.411000000
01:59:02,130719,50.635570638,-123.405567390,476.197000000,12,0.186000000,0.235000000,0.411000000
01:59:03,130719,50.635570595,-123.405567395,476.201000000,12,0.186000000,0.235000000,0.411000000
01:59:04,130719,50.635570573,-123.405567370,476.199000000,12,0.186000000,0.235000000,0.411000000
01:59:05,130719,50.635570547,-123.405567382,476.205000000,12,0.186000000,0.235000000,0.411000000
01:59:06,130719,50.635570537,-123.405567385,476.211000000,12,0.186000000,0.235000000,0.411000000
01:59:07,130719,50.635570533,-123.405567413,476.222000000,12,0.186000000,0.235000000,0.411000000
01:59:08,130719,50.635570528,-123.405567450,476.233000000,12,0.186000000,0.235000000,0.411000000
01:59:09,130719,50.635570522,-123.405567413,476.235000000,12,0.186000000,0.235000000,0.411000000
01:59:10,130719,50.635570495,-123.405567412,476.242000000,12,0.186000000,0.235000000,0.411000000
01:59:11,130719,50.635570472,-123.405567377,476.248000000,12,0.186000000,0.235000000,0.411000000
01:59:12,130719,50.635570440,-123.405567383,476.255000000,12,0.186000000,0.234000000,0.411000000
01:59:13,130719,50.635570430,-123.405567373,476.262000000,12,0.186000000,0.234000000,0.411000000
01:59:14,130719,50.635570440,-123.405567323,476.270000000,12,0.186000000,0.234000000,0.411000000
01:59:15,130719,50.635570433,-123.405567408,476.279000000,12,0.187000000,0.234000000,0.412000000
01:59:16,130719,50.635570418,-123.405567380,476.291000000,12,0.187000000,0.234000000,0.412000000
01:59:17,130719,50.635570423,-123.405567278,476.296000000,12,0.187000000,0.234000000,0.412000000
01:59:18,130719,50.635570445,-123.405567142,476.294000000,12,0.187000000,0.234000000,0.412000000
01:59:19,130719,50.635570453,-123.405567000,476.289000000,12,0.187000000,0.234000000,0.412000000
01:59:20,130719,50.635570488,-123.405566882,476.290000000,12,0.187000000,0.234000000,0.412000000
