TIME,DATE(ddMMyy),LATITUDEGGA,LONGITUDEGGA,ALTITUDEGGA,NUMBERSAT,LATERR,LONGERR,ALTERR
18:06:55,130719,50.573000600,-123.514613225,1065.032000000,12,0.192000000,0.192000000,0.468000000
18:06:56,130719,50.573000603,-123.514613183,1065.030000000,12,0.192000000,0.192000000,0.468000000
18:06:57,130719,50.573000595,-123.514613120,1065.030000000,12,0.192000000,0.192000000,0.468000000
18:06:58,130719,50.573000588,-123.514613088,1065.038000000,12,0.192000000,0.192000000,0.468000000
18:06:59,130719,50.573000578,-123.514613078,1065.038000000,12,0.192000000,0.192000000,0.468000000
18:07:00,130719,50.573000572,-123.514613070,1065.043000000,12,0.192000000,0.193000000,0.468000000
18:07:01,130719,50.573000562,-123.514613037,1065.046000000,12,0.192000000,0.193000000,0.468000000
18:07:02,130719,50.573000557,-123.514613030,1065.044000000,12,0.192000000,0.193000000,0.468000000
18:07:03,130719,50.573000565,-123.514613057,1065.042000000,12,0.192000000,0.193000000,0.468000000
18:07:04,130719,50.573000570,-123.514613068,1065.046000000,12,0.192000000,0.193000000,0.468000000
18:07:05,130719,50.573000560,-123.514613057,1065.040000000,12,0.192000000,0.193000000,0.468000000
18:07:06,130719,50.573000538,-123.514613045,1065.036000000,12,0.192000000,0.193000000,0.467000000
18:07:07,130719,50.573000530,-123.514613015,1065.034000000,12,0.192000000,0.193000000,0.467000000
18:07:08,130719,50.573000545,-123.514613000,1065.036000000,12,0.192000000,0.193000000,0.467000000
18:07:09,130719,50.573000537,-123.514613002,1065.029000000,12,0.192000000,0.193000000,0.467000000
18:07:10,130719,50.573000503,-123.514612958,1065.027000000,12,0.192000000,0.193000000,0.467000000
18:07:11,130719,50.573000468,-123.514612903,1065.026000000,12,0.192000000,0.193000000,0.467000000
18:07:12,130719,50.573000445,-123.514612855,1065.028000000,12,0.192000000,0.193000000,0.467000000
18:07:13,130719,50.573000427,-123.514612813,1065.026000000,12,0.192000000,0.193000000,0.467000000
18:07:14,130719,50.573000408,-123.514612773,1065.027000000,12,0.192000000,0.193000000,0.467000000
18:07:15,130719,50.573000385,-123.514612688,1065.031000000,12,0.192000000,0.193000000,0.467000000
18:07:16,130719,50.573000380,-123.514612628,1065.039000000,12,0.192000000,0.193000000,0.467000000
18:07:17,130719,50.573000402,-123.514612557,1065.046000000,12,0.192000000,0.193000000,0.467000000
18:07:18,130719,50.573000420,-123.514612517,1065.050000000,12,0.192000000,0.193000000,0.467000000
18:07:19,130719,50.573000450,-123.514612495,1065.055000000,12,0.192000000,0.193000000,0.467000000
18:07:20,130719,50.573000467,-123.514612487,1065.056000000,12,0.192000000,0.193000000,0.467000000
18:07:21,130719,50.573000473,-123.514612485,1065.059000000,12,0.192000000,0.193000000,0.467000000
18:07:22,130719,50.573000443,-123.514612440,1065.061000000,12,0.192000000,0.193000000,0.467000000
18:07:23,130719,50.573000405,-123.514612448,1065.055000000,12,0.192000000,0.193000000,0.467000000
18:07:24,130719,50.573000380,-123.514612440,1065.052000000,12,0.192000000,0.193000000,0.467000000
18:07:25,130719,50.573000380,-123.514612440,1065.051000000,12,0.192000000,0.193000000,0.467000000
18:07:26,130719,50.573000390,-123.514612447,1065.046000000,12,0.192000000,0.193000000,0.467000000
18:07:27,130719,50.573000387,-123.514612465,1065.045000000,12,0.192000000,0.193000000,0.467000000
18:07:28,130719,50.573000372,-123.514612462,1065.043000000,12,0.192000000,0.193000000,0.467000000
18:07:29,130719,50.573000350,-123.514612440,1065.041000000,12,0.192000000,0.193000000,0.467000000
18:07:30,130719,50.573000340,-123.514612413,1065.043000000,12,0.192000000,0.193000000,0.467000000
18:07:31,130719,50.573000367,-123.514612368,1065.053000000,12,0.192000000,0.193000000,0.467000000
18:07:32,130719,50.573000378,-123.514612327,1065.059000000,12,0.192000000,0.193000000,0.467000000
18:07:33,130719,50.573000360,-123.514612295,1065.058000000,12,0.193000000,0.193000000,0.467000000
18:07:34,130719,50.573000328,-123.514612263,1065.064000000,12,0.193000000,0.193000000,0.467000000
18:07:35,130719,50.573000293,-123.514612198,1065.068000000,12,0.193000000,0.193000000,0.467000000
18:07:36,130719,50.573000260,-123.514612128,1065.071000000,12,0.193000000,0.193000000,0.467000000
18:07:37,130719,50.573000255,-123.514612088,1065.081000000,12,0.193000000,0.193000000,0.467000000
18:07:38,130719,50.573000263,-123.514612080,1065.090000000,12,0.193000000,0.193000000,0.467000000
18:07:39,130719,50.573000263,-123.514612053,1065.097000000,12,0.193000000,0.193000000,0.467000000
18:07:40,130719,50.573000280,-123.514612055,1065.104000000,12,0.193000000,0.193000000,0.467000000
18:07:41,130719,50.573000305,-123.514612085,1065.113000000,12,0.193000000,0.193000000,0.467000000
18:07:42,130719,50.573000323,-123.514612102,1065.124000000,12,0.193000000,0.193000000,0.466000000
18:07:43,130719,50.573000338,-123.514612080,1065.135000000,12,0.193000000,0.193000000,0.466000000
18:07:44,130719,50.573000343,-123.514612062,1065.136000000,12,0.193000000,0.193000000,0.466000000
18:07:45,130719,50.573000332,-123.514612023,1065.146000000,12,0.193000000,0.193000000,0.466000000
18:07:46,130719,50.573000317,-123.514611985,1065.147000000,12,0.193000000,0.193000000,0.466000000
18:07:47,130719,50.573000295,-123.514611907,1065.159000000,12,0.193000000,0.193000000,0.466000000
18:07:48,130719,50.573000283,-123.514611857,1065.162000000,12,0.193000000,0.193000000,0.466000000
18:07:49,130719,50.573000292,-123.514611842,1065.167000000,12,0.193000000,0.193000000,0.466000000
18:07:50,130719,50.573000287,-123.514611813,1065.171000000,12,0.193000000,0.193000000,0.466000000
18:07:51,130719,50.573000295,-123.514611780,1065.172000000,12,0.193000000,0.193000000,0.466000000
18:07:52,130719,50.573000277,-123.514611735,1065.182000000,12,0.193000000,0.193000000,0.466000000
18:07:53,130719,50.573000248,-123.514611707,1065.186000000,12,0.193000000,0.193000000,0.466000000
18:07:54,130719,50.573000220,-123.514611700,1065.190000000,12,0.193000000,0.193000000,0.466000000
18:07:55,130719,50.573000175,-123.514611667,1065.198000000,12,0.193000000,0.193000000,0.466000000
18:07:56,130719,50.573000155,-123.514611652,1065.208000000,12,0.193000000,0.193000000,0.466000000
18:07:57,130719,50.573000128,-123.514611632,1065.212000000,12,0.193000000,0.193000000,0.466000000
18:07:58,130719,50.573000082,-123.514611608,1065.212000000,12,0.193000000,0.193000000,0.466000000
18:07:59,130719,50.573000045,-123.514611553,1065.218000000,12,0.193000000,0.193000000,0.466000000
18:08:00,130719,50.573000013,-123.514611530,1065.227000000,12,0.193000000,0.194000000,0.466000000
18:08:01,130719,50.573000002,-123.514611528,1065.232000000,12,0.193000000,0.194000000,0.466000000
18:08:02,130719,50.572999978,-123.514611550,1065.236000000,12,0.193000000,0.194000000,0.466000000
18:08:03,130719,50.572999978,-123.514611580,1065.245000000,12,0.193000000,0.194000000,0.466000000
18:08:04,130719,50.573000030,-123.514611600,1065.257000000,12,0.193000000,0.194000000,0.466000000
18:08:05,130719,50.573000087,-123.514611635,1065.267000000,12,0.193000000,0.194000000,0.466000000
18:08:06,130719,50.573000135,-123.514611622,1065.276000000,12,0.193000000,0.194000000,0.466000000
18:08:07,130719,50.573000152,-123.514611592,1065.286000000,12,0.193000000,0.194000000,0.466000000
18:08:08,130719,50.573000147,-123.514611563,1065.295000000,12,0.193000000,0.194000000,0.466000000
18:08:09,130719,50.573000130,-123.514611530,1065.308000000,12,0.193000000,0.194000000,0.466000000
18:08:10,130719,50.573000095,-123.514611498,1065.315000000,12,0.193000000,0.194000000,0.466000000
18:08:11,130719,50.573000060,-123.514611462,1065.315000000,12,0.193000000,0.194000000,0.466000000
18:08:12,130719,50.573000042,-123.514611453,1065.317000000,12,0.193000000,0.194000000,0.466000000
18:08:13,130719,50.573000015,-123.514611445,1065.323000000,12,0.193000000,0.194000000,0.466000000
18:08:14,130719,50.572999952,-123.514611443,1065.326000000,12,0.193000000,0.194000000,0.466000000
18:08:15,130719,50.572999895,-123.514611453,1065.326000000,12,0.193000000,0.194000000,0.465000000
18:08:16,130719,50.572999843,-123.514611420,1065.320000000,12,0.193000000,0.194000000,0.465000000
18:08:17,130719,50.572999788,-123.514611372,1065.317000000,12,0.193000000,0.194000000,0.465000000
18:08:18,130719,50.572999748,-123.514611298,1065.316000000,12,0.193000000,0.194000000,0.465000000
18:08:19,130719,50.572999717,-123.514611245,1065.311000000,12,0.193000000,0.194000000,0.465000000
18:08:20,130719,50.572999680,-123.514611180,1065.312000000,12,0.193000000,0.194000000,0.465000000
18:08:21,130719,50.572999652,-123.514611163,1065.312000000,12,0.193000000,0.194000000,0.465000000
18:08:22,130719,50.572999622,-123.514611125,1065.318000000,12,0.193000000,0.194000000,0.465000000
18:08:23,130719,50.572999603,-123.514611117,1065.318000000,12,0.193000000,0.194000000,0.465000000
18:08:24,130719,50.572999572,-123.514611093,1065.312000000,12,0.193000000,0.194000000,0.465000000
18:08:25,130719,50.572999533,-123.514611045,1065.312000000,12,0.193000000,0.194000000,0.465000000
18:08:26,130719,50.572999505,-123.514611018,1065.308000000,12,0.193000000,0.194000000,0.465000000
18:08:27,130719,50.572999472,-123.514610992,1065.307000000,12,0.193000000,0.194000000,0.465000000
18:08:28,130719,50.572999465,-123.514610983,1065.309000000,12,0.193000000,0.194000000,0.465000000
18:08:29,130719,50.572999467,-123.514611005,1065.303000000,12,0.193000000,0.194000000,0.465000000
18:08:30,130719,50.572999492,-123.514611040,1065.304000000,12,0.193000000,0.194000000,0.465000000
18:08:31,130719,50.572999512,-123.514611100,1065.302000000,12,0.193000000,0.194000000,0.465000000
18:08:32,130719,50.572999537,-123.514611167,1065.297000000,12,0.193000000,0.194000000,0.465000000
18:08:33,130719,50.572999530,-123.514611233,1065.294000000,12,0.193000000,0.194000000,0.465000000
18:08:34,130719,50.572999500,-123.514611298,1065.294000000,12,0.193000000,0.194000000,0.465000000
18:08:35,130719,50.572999500,-123.514611373,1065.295000000,12,0.193000000,0.194000000,0.465000000
18:08:36,130719,50.572999503,-123.514611428,1065.292000000,12,0.193000000,0.194000000,0.465000000
18:08:37,130719,50.572999503,-123.514611473,1065.296000000,12,0.193000000,0.194000000,0.465000000
18:08:38,130719,50.572999512,-123.514611513,1065.296000000,12,0.193000000,0.194000000,0.465000000
18:08:39,130719,50.572999535,-123.514611562,1065.297000000,12,0.193000000,0.194000000,0.465000000
18:08:40,130719,50.572999538,-123.514611562,1065.304000000,12,0.193000000,0.194000000,0.465000000
18:08:41,130719,50.572999532,-123.514611533,1065.309000000,12,0.193000000,0.194000000,0.465000000
18:08:42,130719,50.572999540,-123.514611510,1065.318000000,12,0.193000000,0.194000000,0.465000000
18:08:43,130719,50.572999557,-123.514611485,1065.322000000,12,0.193000000,0.194000000,0.465000000
18:08:44,130719,50.572999570,-123.514611470,1065.325000000,12,0.193000000,0.194000000,0.465000000
18:08:45,130719,50.572999553,-123.514611457,1065.323000000,12,0.193000000,0.194000000,0.465000000
18:08:46,130719,50.572999500,-123.514611413,1065.325000000,12,0.193000000,0.194000000,0.465000000
18:08:47,130719,50.572999503,-123.514611377,1065.321000000,12,0.193000000,0.194000000,0.465000000
18:08:48,130719,50.572999517,-123.514611342,1065.327000000,12,0.193000000,0.194000000,0.464000000
18:08:49,130719,50.572999532,-123.514611325,1065.331000000,12,0.193000000,0.194000000,0.464000000
18:08:50,130719,50.572999563,-123.514611317,1065.337000000,12,0.193000000,0.194000000,0.464000000
18:08:51,130719,50.572999580,-123.514611282,1065.346000000,12,0.193000000,0.194000000,0.464000000
18:08:52,130719,50.572999548,-123.514611252,1065.355000000,12,0.193000000,0.194000000,0.464000000
18:08:53,130719,50.572999460,-123.514611202,1065.354000000,12,0.193000000,0.194000000,0.464000000
18:08:54,130719,50.572999388,-123.514611115,1065.352000000,12,0.194000000,0.195000000,0.464000000
18:08:55,130719,50.572999337,-123.514611068,1065.349000000,12,0.194000000,0.195000000,0.464000000
18:08:56,130719,50.572999303,-123.514611038,1065.354000000,12,0.194000000,0.195000000,0.464000000
18:08:57,130719,50.572999283,-123.514611013,1065.351000000,12,0.194000000,0.195000000,0.464000000
18:08:58,130719,50.572999272,-123.514611012,1065.354000000,12,0.194000000,0.195000000,0.464000000
18:08:59,130719,50.572999245,-123.514610990,1065.355000000,12,0.194000000,0.195000000,0.464000000
18:09:00,130719,50.572999215,-123.514610977,1065.351000000,12,0.194000000,0.195000000,0.464000000
18:09:01,130719,50.572999200,-123.514610970,1065.351000000,12,0.194000000,0.195000000,0.464000000
18:09:02,130719,50.572999170,-123.514610982,1065.342000000,12,0.194000000,0.195000000,0.464000000
18:09:03,130719,50.572999150,-123.514610998,1065.340000000,12,0.194000000,0.195000000,0.464000000
18:09:04,130719,50.572999160,-123.514610997,1065.343000000,12,0.194000000,0.195000000,0.464000000
18:09:05,130719,50.572999193,-123.514610975,1065.353000000,12,0.194000000,0.195000000,0.464000000
18:09:06,130719,50.572999230,-123.514610920,1065.364000000,12,0.194000000,0.195000000,0.464000000
18:09:07,130719,50.572999267,-123.514610852,1065.370000000,12,0.194000000,0.195000000,0.464000000
18:09:08,130719,50.572999275,-123.514610790,1065.375000000,12,0.194000000,0.195000000,0.464000000
18:09:09,130719,50.572999278,-123.514610740,1065.386000000,12,0.194000000,0.195000000,0.464000000
18:09:10,130719,50.572999292,-123.514610735,1065.388000000,12,0.194000000,0.195000000,0.464000000
18:09:11,130719,50.572999258,-123.514610702,1065.386000000,12,0.194000000,0.195000000,0.464000000
18:09:12,130719,50.572999230,-123.514610662,1065.382000000,12,0.194000000,0.195000000,0.464000000
18:09:13,130719,50.572999195,-123.514610610,1065.379000000,12,0.194000000,0.195000000,0.464000000
18:09:14,130719,50.572999185,-123.514610567,1065.373000000,12,0.194000000,0.195000000,0.464000000
18:09:15,130719,50.572999178,-123.514610527,1065.375000000,12,0.194000000,0.195000000,0.464000000
18:09:16,130719,50.572999180,-123.514610462,1065.380000000,12,0.194000000,0.195000000,0.464000000
18:09:17,130719,50.572999175,-123.514610390,1065.384000000,12,0.194000000,0.195000000,0.464000000
18:09:18,130719,50.572999182,-123.514610325,1065.376000000,12,0.194000000,0.195000000,0.464000000
18:09:19,130719,50.572999175,-123.514610280,1065.372000000,12,0.194000000,0.195000000,0.464000000
18:09:20,130719,50.572999190,-123.514610240,1065.368000000,12,0.194000000,0.195000000,0.464000000
18:09:21,130719,50.572999223,-123.514610228,1065.366000000,12,0.194000000,0.195000000,0.463000000
18:09:22,130719,50.572999265,-123.514610237,1065.359000000,12,0.194000000,0.195000000,0.463000000
18:09:23,130719,50.572999277,-123.514610252,1065.354000000,12,0.194000000,0.195000000,0.463000000
18:09:24,130719,50.572999290,-123.514610258,1065.345000000,12,0.194000000,0.195000000,0.463000000
18:09:25,130719,50.572999280,-123.514610233,1065.337000000,12,0.194000000,0.195000000,0.463000000
18:09:26,130719,50.572999285,-123.514610213,1065.333000000,12,0.194000000,0.195000000,0.463000000
18:09:27,130719,50.572999302,-123.514610208,1065.324000000,12,0.194000000,0.195000000,0.463000000
18:09:28,130719,50.572999322,-123.514610188,1065.325000000,12,0.194000000,0.195000000,0.463000000
18:09:29,130719,50.572999390,-123.514610183,1065.327000000,12,0.194000000,0.195000000,0.463000000
18:09:30,130719,50.572999453,-123.514610163,1065.334000000,12,0.194000000,0.195000000,0.463000000
18:09:31,130719,50.572999512,-123.514610155,1065.337000000,12,0.194000000,0.195000000,0.463000000
18:09:32,130719,50.572999558,-123.514610158,1065.340000000,12,0.194000000,0.195000000,0.463000000
18:09:33,130719,50.572999588,-123.514610168,1065.340000000,12,0.194000000,0.195000000,0.463000000
18:09:34,130719,50.572999613,-123.514610208,1065.336000000,12,0.194000000,0.195000000,0.463000000
18:09:35,130719,50.572999622,-123.514610248,1065.325000000,12,0.194000000,0.195000000,0.463000000
18:09:36,130719,50.572999643,-123.514610288,1065.319000000,12,0.194000000,0.195000000,0.463000000
18:09:37,130719,50.572999660,-123.514610313,1065.313000000,12,0.194000000,0.195000000,0.463000000
18:09:38,130719,50.572999657,-123.514610313,1065.303000000,12,0.194000000,0.195000000,0.463000000
18:09:39,130719,50.572999640,-123.514610292,1065.300000000,12,0.194000000,0.195000000,0.463000000
18:09:40,130719,50.572999625,-123.514610283,1065.298000000,12,0.194000000,0.195000000,0.463000000
18:09:41,130719,50.572999632,-123.514610283,1065.299000000,12,0.194000000,0.195000000,0.463000000
18:09:42,130719,50.572999640,-123.514610255,1065.300000000,12,0.194000000,0.195000000,0.463000000
18:09:43,130719,50.572999657,-123.514610238,1065.300000000,12,0.194000000,0.195000000,0.463000000
18:09:44,130719,50.572999687,-123.514610232,1065.302000000,12,0.194000000,0.195000000,0.463000000
18:09:45,130719,50.572999723,-123.514610257,1065.310000000,12,0.194000000,0.196000000,0.463000000
18:09:46,130719,50.572999735,-123.514610255,1065.322000000,12,0.194000000,0.196000000,0.463000000
18:09:47,130719,50.572999722,-123.514610255,1065.325000000,12,0.194000000,0.196000000,0.463000000
18:09:48,130719,50.572999698,-123.514610238,1065.332000000,12,0.194000000,0.196000000,0.463000000
18:09:49,130719,50.572999687,-123.514610225,1065.338000000,12,0.194000000,0.196000000,0.463000000
18:09:50,130719,50.572999695,-123.514610217,1065.346000000,12,0.194000000,0.196000000,0.463000000
18:09:51,130719,50.572999735,-123.514610238,1065.351000000,12,0.194000000,0.196000000,0.462000000
18:09:52,130719,50.572999770,-123.514610265,1065.357000000,12,0.194000000,0.196000000,0.462000000
18:09:53,130719,50.572999808,-123.514610293,1065.364000000,12,0.194000000,0.196000000,0.462000000
18:09:54,130719,50.572999832,-123.514610337,1065.363000000,12,0.194000000,0.196000000,0.462000000
18:09:55,130719,50.572999850,-123.514610355,1065.371000000,12,0.194000000,0.196000000,0.462000000
18:09:56,130719,50.572999848,-123.514610355,1065.374000000,12,0.194000000,0.196000000,0.462000000
18:09:57,130719,50.572999847,-123.514610355,1065.377000000,12,0.194000000,0.196000000,0.462000000
18:09:58,130719,50.572999825,-123.514610372,1065.373000000,12,0.194000000,0.196000000,0.462000000
18:09:59,130719,50.572999800,-123.514610413,1065.364000000,12,0.194000000,0.196000000,0.462000000
18:10:00,130719,50.572999765,-123.514610473,1065.352000000,12,0.194000000,0.196000000,0.462000000
18:10:01,130719,50.572999742,-123.514610520,1065.349000000,12,0.194000000,0.196000000,0.462000000
18:10:02,130719,50.572999720,-123.514610570,1065.343000000,12,0.194000000,0.196000000,0.462000000
18:10:03,130719,50.572999703,-123.514610608,1065.343000000,12,0.194000000,0.196000000,0.462000000
18:10:04,130719,50.572999702,-123.514610632,1065.348000000,12,0.194000000,0.196000000,0.462000000
18:10:05,130719,50.572999677,-123.514610622,1065.350000000,12,0.194000000,0.196000000,0.462000000
18:10:06,130719,50.572999655,-123.514610627,1065.346000000,12,0.194000000,0.196000000,0.462000000
18:10:07,130719,50.572999623,-123.514610620,1065.339000000,12,0.194000000,0.196000000,0.462000000
18:10:08,130719,50.572999612,-123.514610638,1065.333000000,12,0.194000000,0.196000000,0.462000000
18:10:09,130719,50.572999605,-123.514610632,1065.331000000,12,0.194000000,0.196000000,0.462000000
18:10:10,130719,50.572999597,-123.514610665,1065.324000000,12,0.194000000,0.196000000,0.462000000
18:10:11,130719,50.572999587,-123.514610677,1065.317000000,12,0.194000000,0.196000000,0.462000000
18:10:12,130719,50.572999580,-123.514610638,1065.317000000,12,0.195000000,0.196000000,0.462000000
18:10:13,130719,50.572999558,-123.514610603,1065.312000000,12,0.195000000,0.196000000,0.462000000
18:10:14,130719,50.572999537,-123.514610577,1065.314000000,12,0.195000000,0.196000000,0.462000000
18:10:15,130719,50.572999505,-123.514610550,1065.315000000,12,0.195000000,0.196000000,0.462000000
18:10:16,130719,50.572999505,-123.514610570,1065.322000000,12,0.195000000,0.196000000,0.462000000
18:10:17,130719,50.572999533,-123.514610593,1065.325000000,12,0.195000000,0.196000000,0.462000000
18:10:18,130719,50.572999550,-123.514610620,1065.322000000,12,0.195000000,0.196000000,0.462000000
18:10:19,130719,50.572999540,-123.514610648,1065.318000000,12,0.195000000,0.196000000,0.462000000
18:10:20,130719,50.572999537,-123.514610687,1065.312000000,12,0.195000000,0.196000000,0.462000000
18:10:21,130719,50.572999517,-123.514610732,1065.303000000,12,0.195000000,0.196000000,0.461000000
18:10:22,130719,50.572999488,-123.514610768,1065.294000000,12,0.195000000,0.196000000,0.461000000
18:10:23,130719,50.572999452,-123.514610782,1065.285000000,12,0.195000000,0.196000000,0.461000000
18:10:24,130719,50.572999445,-123.514610773,1065.277000000,12,0.195000000,0.196000000,0.461000000
18:10:25,130719,50.572999468,-123.514610783,1065.275000000,12,0.195000000,0.196000000,0.461000000
18:10:26,130719,50.572999487,-123.514610810,1065.274000000,12,0.195000000,0.196000000,0.461000000
18:10:27,130719,50.572999515,-123.514610837,1065.270000000,12,0.195000000,0.196000000,0.461000000
18:10:28,130719,50.572999553,-123.514610872,1065.265000000,12,0.195000000,0.196000000,0.461000000
18:10:29,130719,50.572999623,-123.514610933,1065.267000000,12,0.195000000,0.196000000,0.461000000
18:10:30,130719,50.572999677,-123.514610963,1065.267000000,12,0.195000000,0.196000000,0.461000000
18:10:31,130719,50.572999723,-123.514610983,1065.271000000,12,0.195000000,0.196000000,0.461000000
18:10:32,130719,50.572999775,-123.514611030,1065.268000000,12,0.195000000,0.196000000,0.461000000
18:10:33,130719,50.572999797,-123.514611060,1065.263000000,12,0.195000000,0.196000000,0.461000000
18:10:34,130719,50.572999780,-123.514611062,1065.256000000,12,0.195000000,0.196000000,0.461000000
18:10:35,130719,50.572999745,-123.514611067,1065.246000000,12,0.195000000,0.196000000,0.461000000
18:10:36,130719,50.572999723,-123.514611078,1065.242000000,12,0.195000000,0.197000000,0.461000000
18:10:37,130719,50.572999728,-123.514611068,1065.243000000,12,0.195000000,0.197000000,0.461000000
18:10:38,130719,50.572999735,-123.514611082,1065.241000000,12,0.195000000,0.197000000,0.461000000
18:10:39,130719,50.572999720,-123.514611030,1065.248000000,12,0.195000000,0.197000000,0.461000000
18:10:40,130719,50.572999713,-123.514610990,1065.250000000,12,0.195000000,0.197000000,0.461000000
18:10:41,130719,50.572999727,-123.514610937,1065.263000000,12,0.195000000,0.197000000,0.461000000
18:10:42,130719,50.572999775,-123.514610900,1065.274000000,12,0.195000000,0.197000000,0.461000000
18:10:43,130719,50.572999808,-123.514610872,1065.288000000,12,0.195000000,0.197000000,0.461000000
18:10:44,130719,50.572999810,-123.514610853,1065.297000000,12,0.195000000,0.197000000,0.461000000
18:10:45,130719,50.572999802,-123.514610825,1065.298000000,12,0.195000000,0.197000000,0.461000000
18:10:46,130719,50.572999793,-123.514610832,1065.296000000,12,0.195000000,0.197000000,0.461000000
18:10:47,130719,50.572999772,-123.514610842,1065.289000000,12,0.195000000,0.197000000,0.461000000
18:10:48,130719,50.572999733,-123.514610828,1065.286000000,12,0.195000000,0.197000000,0.461000000
18:10:49,130719,50.572999707,-123.514610837,1065.282000000,12,0.195000000,0.197000000,0.461000000
18:10:50,130719,50.572999682,-123.514610878,1065.278000000,12,0.195000000,0.197000000,0.461000000
18:10:51,130719,50.572999693,-123.514610902,1065.280000000,12,0.195000000,0.197000000,0.461000000
18:10:52,130719,50.572999732,-123.514610920,1065.285000000,12,0.195000000,0.197000000,0.461000000
18:10:53,130719,50.572999807,-123.514610940,1065.296000000,12,0.195000000,0.197000000,0.461000000
18:10:54,130719,50.572999860,-123.514610967,1065.305000000,12,0.195000000,0.197000000,0.460000000
18:10:55,130719,50.572999895,-123.514610985,1065.313000000,12,0.195000000,0.197000000,0.460000000
18:10:56,130719,50.572999913,-123.514610972,1065.318000000,12,0.195000000,0.197000000,0.460000000
18:10:57,130719,50.572999922,-123.514610980,1065.324000000,12,0.195000000,0.197000000,0.460000000
18:10:58,130719,50.572999918,-123.514611022,1065.327000000,12,0.195000000,0.197000000,0.460000000
18:10:59,130719,50.572999923,-123.514611030,1065.332000000,12,0.195000000,0.197000000,0.460000000
18:11:00,130719,50.572999932,-123.514611020,1065.339000000,12,0.195000000,0.197000000,0.460000000
18:11:01,130719,50.572999953,-123.514611008,1065.345000000,12,0.195000000,0.197000000,0.460000000
18:11:02,130719,50.572999972,-123.514610975,1065.356000000,12,0.195000000,0.197000000,0.460000000
18:11:03,130719,50.572999985,-123.514610922,1065.371000000,12,0.195000000,0.197000000,0.460000000
18:11:04,130719,50.572999985,-123.514610853,1065.377000000,12,0.195000000,0.197000000,0.460000000
18:11:05,130719,50.572999947,-123.514610783,1065.382000000,12,0.195000000,0.197000000,0.460000000
18:11:06,130719,50.572999903,-123.514610717,1065.382000000,12,0.195000000,0.197000000,0.460000000
18:11:07,130719,50.572999863,-123.514610667,1065.381000000,12,0.195000000,0.197000000,0.460000000
18:11:08,130719,50.572999850,-123.514610663,1065.380000000,12,0.195000000,0.197000000,0.460000000
18:11:09,130719,50.572999847,-123.514610670,1065.377000000,12,0.195000000,0.197000000,0.460000000
18:11:10,130719,50.572999818,-123.514610670,1065.374000000,12,0.195000000,0.197000000,0.460000000
18:11:11,130719,50.572999783,-123.514610652,1065.367000000,12,0.195000000,0.197000000,0.460000000
18:11:12,130719,50.572999733,-123.514610600,1065.367000000,12,0.195000000,0.197000000,0.460000000
18:11:13,130719,50.572999695,-123.514610530,1065.371000000,12,0.195000000,0.197000000,0.460000000
18:11:14,130719,50.572999660,-123.514610482,1065.372000000,12,0.195000000,0.197000000,0.460000000
18:11:15,130719,50.572999633,-123.514610422,1065.377000000,12,0.195000000,0.197000000,0.460000000
18:11:16,130719,50.572999602,-123.514610368,1065.379000000,12,0.195000000,0.197000000,0.460000000
18:11:17,130719,50.572999582,-123.514610350,1065.382000000,12,0.195000000,0.197000000,0.460000000
18:11:18,130719,50.572999560,-123.514610330,1065.389000000,12,0.195000000,0.197000000,0.460000000
18:11:19,130719,50.572999550,-123.514610300,1065.392000000,12,0.195000000,0.197000000,0.460000000
18:11:20,130719,50.572999545,-123.514610297,1065.396000000,12,0.195000000,0.197000000,0.460000000
18:11:21,130719,50.572999523,-123.514610273,1065.396000000,12,0.195000000,0.197000000,0.460000000
18:11:22,130719,50.572999493,-123.514610210,1065.400000000,12,0.195000000,0.197000000,0.460000000
18:11:23,130719,50.572999490,-123.514610180,1065.406000000,12,0.195000000,0.197000000,0.460000000
18:11:24,130719,50.572999497,-123.514610147,1065.410000000,12,0.195000000,0.198000000,0.459000000
18:11:25,130719,50.572999498,-123.514610125,1065.413000000,12,0.195000000,0.198000000,0.459000000
18:11:26,130719,50.572999503,-123.514610117,1065.409000000,12,0.195000000,0.198000000,0.459000000
18:11:27,130719,50.572999493,-123.514610088,1065.408000000,12,0.195000000,0.198000000,0.459000000
18:11:28,130719,50.572999498,-123.514610087,1065.405000000,12,0.195000000,0.198000000,0.459000000
18:11:29,130719,50.572999533,-123.514610060,1065.407000000,12,0.195000000,0.198000000,0.459000000
18:11:30,130719,50.572999558,-123.514610045,1065.414000000,12,0.196000000,0.198000000,0.459000000
18:11:31,130719,50.572999570,-123.514610007,1065.424000000,12,0.196000000,0.198000000,0.459000000
18:11:32,130719,50.572999570,-123.514609947,1065.432000000,12,0.196000000,0.198000000,0.459000000
18:11:33,130719,50.572999572,-123.514609870,1065.438000000,12,0.196000000,0.198000000,0.459000000
18:11:34,130719,50.572999552,-123.514609825,1065.438000000,12,0.196000000,0.198000000,0.459000000
18:11:35,130719,50.572999505,-123.514609780,1065.430000000,12,0.196000000,0.198000000,0.459000000
18:11:36,130719,50.572999468,-123.514609737,1065.430000000,12,0.196000000,0.198000000,0.459000000
18:11:37,130719,50.572999448,-123.514609738,1065.429000000,12,0.196000000,0.198000000,0.459000000
18:11:38,130719,50.572999460,-123.514609755,1065.422000000,12,0.196000000,0.198000000,0.459000000
18:11:39,130719,50.572999462,-123.514609773,1065.418000000,12,0.196000000,0.198000000,0.459000000
18:11:40,130719,50.572999475,-123.514609802,1065.415000000,12,0.196000000,0.198000000,0.459000000
18:11:41,130719,50.572999507,-123.514609808,1065.416000000,12,0.196000000,0.198000000,0.459000000
18:11:42,130719,50.572999538,-123.514609812,1065.419000000,12,0.196000000,0.198000000,0.459000000
18:11:43,130719,50.572999547,-123.514609795,1065.422000000,12,0.196000000,0.198000000,0.459000000
18:11:44,130719,50.572999542,-123.514609793,1065.417000000,12,0.196000000,0.198000000,0.459000000
18:11:45,130719,50.572999540,-123.514609762,1065.413000000,12,0.196000000,0.198000000,0.459000000
18:11:46,130719,50.572999522,-123.514609708,1065.406000000,12,0.196000000,0.198000000,0.459000000
18:11:47,130719,50.572999468,-123.514609647,1065.395000000,12,0.196000000,0.198000000,0.459000000
18:11:48,130719,50.572999422,-123.514609608,1065.380000000,12,0.196000000,0.198000000,0.459000000
18:11:49,130719,50.572999375,-123.514609578,1065.361000000,12,0.196000000,0.198000000,0.459000000
18:11:50,130719,50.572999350,-123.514609543,1065.356000000,12,0.196000000,0.198000000,0.459000000
18:11:51,130719,50.572999343,-123.514609510,1065.348000000,12,0.196000000,0.198000000,0.458000000
18:11:52,130719,50.572999367,-123.514609490,1065.345000000,12,0.196000000,0.198000000,0.458000000
18:11:53,130719,50.572999382,-123.514609492,1065.339000000,12,0.196000000,0.198000000,0.458000000
18:11:54,130719,50.572999380,-123.514609495,1065.335000000,12,0.196000000,0.198000000,0.458000000
18:11:55,130719,50.572999388,-123.514609510,1065.329000000,12,0.196000000,0.198000000,0.458000000
18:11:56,130719,50.572999415,-123.514609560,1065.325000000,12,0.196000000,0.198000000,0.458000000
18:11:57,130719,50.572999465,-123.514609600,1065.323000000,12,0.196000000,0.198000000,0.458000000
18:11:58,130719,50.572999515,-123.514609648,1065.311000000,12,0.196000000,0.198000000,0.458000000
18:11:59,130719,50.572999568,-123.514609727,1065.302000000,12,0.196000000,0.198000000,0.458000000
18:12:00,130719,50.572999633,-123.514609800,1065.299000000,12,0.196000000,0.198000000,0.458000000
18:12:01,130719,50.572999675,-123.514609837,1065.299000000,12,0.196000000,0.198000000,0.458000000
18:12:02,130719,50.572999703,-123.514609860,1065.294000000,12,0.196000000,0.198000000,0.458000000
18:12:03,130719,50.572999712,-123.514609888,1065.292000000,12,0.196000000,0.198000000,0.458000000
18:12:04,130719,50.572999727,-123.514609908,1065.294000000,12,0.196000000,0.198000000,0.458000000
18:12:05,130719,50.572999738,-123.514609937,1065.300000000,12,0.196000000,0.198000000,0.458000000
18:12:06,130719,50.572999748,-123.514609935,1065.302000000,12,0.196000000,0.198000000,0.458000000
18:12:07,130719,50.572999767,-123.514609960,1065.302000000,12,0.196000000,0.198000000,0.458000000
18:12:08,130719,50.572999772,-123.514609938,1065.311000000,12,0.196000000,0.198000000,0.458000000
18:12:09,130719,50.572999783,-123.514609957,1065.311000000,12,0.196000000,0.198000000,0.458000000
18:12:10,130719,50.572999778,-123.514609970,1065.309000000,12,0.196000000,0.198000000,0.458000000
18:12:11,130719,50.572999762,-123.514609983,1065.305000000,12,0.196000000,0.198000000,0.458000000
18:12:12,130719,50.572999715,-123.514609973,1065.301000000,12,0.196000000,0.199000000,0.458000000
18:12:13,130719,50.572999672,-123.514609977,1065.291000000,12,0.196000000,0.199000000,0.458000000
18:12:14,130719,50.572999647,-123.514609983,1065.283000000,12,0.196000000,0.199000000,0.458000000
18:12:15,130719,50.572999638,-123.514610007,1065.286000000,12,0.196000000,0.199000000,0.458000000
18:12:16,130719,50.572999642,-123.514610022,1065.289000000,12,0.196000000,0.199000000,0.458000000
18:12:17,130719,50.572999655,-123.514610002,1065.301000000,12,0.196000000,0.199000000,0.458000000
18:12:18,130719,50.572999690,-123.514609960,1065.311000000,12,0.196000000,0.199000000,0.458000000
18:12:19,130719,50.572999710,-123.514609915,1065.324000000,12,0.196000000,0.199000000,0.458000000
18:12:20,130719,50.572999733,-123.514609880,1065.336000000,12,0.196000000,0.199000000,0.458000000
18:12:21,130719,50.572999735,-123.514609823,1065.349000000,12,0.196000000,0.199000000,0.457000000
18:12:22,130719,50.572999738,-123.514609827,1065.348000000,12,0.196000000,0.199000000,0.457000000
18:12:23,130719,50.572999747,-123.514609820,1065.351000000,12,0.196000000,0.199000000,0.457000000
18:12:24,130719,50.572999730,-123.514609802,1065.348000000,12,0.196000000,0.199000000,0.457000000
18:12:25,130719,50.572999712,-123.514609790,1065.344000000,12,0.196000000,0.199000000,0.457000000
18:12:26,130719,50.572999705,-123.514609778,1065.338000000,12,0.196000000,0.199000000,0.457000000
18:12:27,130719,50.572999698,-123.514609762,1065.336000000,12,0.196000000,0.199000000,0.457000000
18:12:28,130719,50.572999683,-123.514609758,1065.336000000,12,0.196000000,0.199000000,0.457000000
18:12:29,130719,50.572999658,-123.514609728,1065.338000000,12,0.196000000,0.199000000,0.457000000
18:12:30,130719,50.572999642,-123.514609732,1065.336000000,12,0.196000000,0.199000000,0.457000000
18:12:31,130719,50.572999618,-123.514609725,1065.333000000,12,0.196000000,0.199000000,0.457000000
18:12:32,130719,50.572999628,-123.514609743,1065.333000000,12,0.196000000,0.199000000,0.457000000
18:12:33,130719,50.572999635,-123.514609762,1065.334000000,12,0.196000000,0.199000000,0.457000000
18:12:34,130719,50.572999643,-123.514609777,1065.332000000,12,0.196000000,0.199000000,0.457000000
18:12:35,130719,50.572999672,-123.514609798,1065.335000000,12,0.196000000,0.199000000,0.457000000
18:12:36,130719,50.572999668,-123.514609825,1065.335000000,12,0.196000000,0.199000000,0.457000000
18:12:37,130719,50.572999662,-123.514609842,1065.340000000,12,0.196000000,0.199000000,0.457000000
18:12:38,130719,50.572999678,-123.514609867,1065.341000000,12,0.196000000,0.199000000,0.457000000
18:12:39,130719,50.572999712,-123.514609888,1065.345000000,12,0.196000000,0.199000000,0.457000000
18:12:40,130719,50.572999730,-123.514609907,1065.348000000,12,0.196000000,0.199000000,0.457000000
18:12:41,130719,50.572999663,-123.514609855,1065.345000000,12,0.196000000,0.199000000,0.457000000
18:12:42,130719,50.572999607,-123.514609817,1065.346000000,12,0.197000000,0.199000000,0.457000000
18:12:43,130719,50.572999570,-123.514609755,1065.344000000,12,0.197000000,0.199000000,0.457000000
18:12:44,130719,50.572999545,-123.514609722,1065.347000000,12,0.197000000,0.199000000,0.457000000
18:12:45,130719,50.572999517,-123.514609678,1065.352000000,12,0.197000000,0.199000000,0.457000000
18:12:46,130719,50.572999490,-123.514609628,1065.350000000,12,0.197000000,0.199000000,0.457000000
18:12:47,130719,50.572999495,-123.514609570,1065.356000000,12,0.197000000,0.199000000,0.457000000
18:12:48,130719,50.572999510,-123.514609503,1065.358000000,12,0.197000000,0.199000000,0.456000000
18:12:49,130719,50.572999483,-123.514609407,1065.362000000,12,0.197000000,0.199000000,0.456000000
18:12:50,130719,50.572999475,-123.514609320,1065.375000000,12,0.197000000,0.199000000,0.456000000
18:12:51,130719,50.572999468,-123.514609228,1065.386000000,12,0.197000000,0.199000000,0.456000000
18:12:52,130719,50.572999473,-123.514609173,1065.396000000,12,0.197000000,0.199000000,0.456000000
18:12:53,130719,50.572999517,-123.514609143,1065.410000000,12,0.197000000,0.199000000,0.456000000
18:12:54,130719,50.572999537,-123.514609118,1065.421000000,12,0.197000000,0.199000000,0.456000000
18:12:55,130719,50.572999550,-123.514609138,1065.428000000,12,0.197000000,0.199000000,0.456000000
18:12:56,130719,50.572999562,-123.514609143,1065.437000000,12,0.197000000,0.199000000,0.456000000
18:12:57,130719,50.572999577,-123.514609127,1065.444000000,12,0.197000000,0.200000000,0.456000000
18:12:58,130719,50.572999600,-123.514609132,1065.445000000,12,0.197000000,0.200000000,0.456000000
18:12:59,130719,50.572999630,-123.514609145,1065.446000000,12,0.197000000,0.200000000,0.456000000
18:13:00,130719,50.572999680,-123.514609118,1065.452000000,12,0.197000000,0.200000000,0.456000000
18:13:01,130719,50.572999722,-123.514609138,1065.452000000,12,0.197000000,0.200000000,0.456000000
18:13:02,130719,50.572999760,-123.514609153,1065.453000000,12,0.197000000,0.200000000,0.456000000
18:13:03,130719,50.572999810,-123.514609202,1065.449000000,12,0.197000000,0.200000000,0.456000000
18:13:04,130719,50.572999858,-123.514609255,1065.443000000,12,0.197000000,0.200000000,0.456000000
18:13:05,130719,50.572999855,-123.514609275,1065.443000000,12,0.197000000,0.200000000,0.456000000
18:13:06,130719,50.572999837,-123.514609265,1065.440000000,12,0.197000000,0.200000000,0.456000000
18:13:07,130719,50.572999797,-123.514609253,1065.438000000,12,0.197000000,0.200000000,0.456000000
18:13:08,130719,50.572999753,-123.514609218,1065.434000000,12,0.197000000,0.200000000,0.456000000
18:13:09,130719,50.572999712,-123.514609188,1065.432000000,12,0.197000000,0.200000000,0.456000000
18:13:10,130719,50.572999682,-123.514609157,1065.427000000,12,0.197000000,0.200000000,0.456000000
18:13:11,130719,50.572999682,-123.514609133,1065.425000000,12,0.197000000,0.200000000,0.456000000
18:13:12,130719,50.572999688,-123.514609100,1065.427000000,12,0.197000000,0.200000000,0.456000000
18:13:13,130719,50.572999710,-123.514609075,1065.428000000,12,0.197000000,0.200000000,0.456000000
18:13:14,130719,50.572999737,-123.514609045,1065.430000000,12,0.197000000,0.200000000,0.456000000
18:13:15,130719,50.572999763,-123.514609043,1065.429000000,12,0.197000000,0.200000000,0.456000000
18:13:16,130719,50.572999803,-123.514609030,1065.428000000,12,0.197000000,0.200000000,0.456000000
18:13:17,130719,50.572999808,-123.514609012,1065.428000000,12,0.197000000,0.200000000,0.456000000
18:13:18,130719,50.572999810,-123.514609007,1065.424000000,12,0.197000000,0.200000000,0.455000000
18:13:19,130719,50.572999805,-123.514609002,1065.418000000,12,0.197000000,0.200000000,0.455000000
18:13:20,130719,50.572999783,-123.514609012,1065.416000000,12,0.197000000,0.200000000,0.455000000
18:13:21,130719,50.572999792,-123.514609028,1065.414000000,12,0.197000000,0.200000000,0.455000000
18:13:22,130719,50.572999798,-123.514609037,1065.411000000,12,0.197000000,0.200000000,0.455000000
18:13:23,130719,50.572999818,-123.514609055,1065.402000000,12,0.197000000,0.200000000,0.455000000
18:13:24,130719,50.572999848,-123.514609055,1065.391000000,12,0.197000000,0.200000000,0.455000000
18:13:25,130719,50.572999847,-123.514609043,1065.377000000,12,0.197000000,0.200000000,0.455000000
18:13:26,130719,50.572999838,-123.514609033,1065.372000000,12,0.197000000,0.200000000,0.455000000
18:13:27,130719,50.572999875,-123.514609033,1065.371000000,12,0.197000000,0.200000000,0.455000000
18:13:28,130719,50.572999903,-123.514609040,1065.373000000,12,0.197000000,0.200000000,0.455000000
18:13:29,130719,50.572999967,-123.514609053,1065.382000000,12,0.197000000,0.200000000,0.455000000
18:13:30,130719,50.573000010,-123.514609045,1065.383000000,12,0.197000000,0.200000000,0.455000000
18:13:31,130719,50.573000033,-123.514609028,1065.376000000,12,0.197000000,0.200000000,0.455000000
18:13:32,130719,50.573000035,-123.514608988,1065.374000000,12,0.197000000,0.200000000,0.455000000
18:13:33,130719,50.573000027,-123.514608925,1065.372000000,12,0.197000000,0.200000000,0.455000000
18:13:34,130719,50.573000003,-123.514608833,1065.374000000,12,0.197000000,0.200000000,0.455000000
18:13:35,130719,50.572999980,-123.514608730,1065.380000000,12,0.197000000,0.200000000,0.455000000
18:13:36,130719,50.572999952,-123.514608648,1065.379000000,12,0.197000000,0.200000000,0.455000000
18:13:37,130719,50.572999937,-123.514608563,1065.380000000,12,0.197000000,0.200000000,0.455000000
18:13:38,130719,50.572999933,-123.514608507,1065.378000000,12,0.197000000,0.200000000,0.455000000
18:13:39,130719,50.572999885,-123.514608452,1065.367000000,12,0.197000000,0.200000000,0.455000000
18:13:40,130719,50.572999845,-123.514608420,1065.363000000,12,0.197000000,0.200000000,0.455000000
18:13:41,130719,50.572999850,-123.514608413,1065.358000000,12,0.197000000,0.200000000,0.455000000
18:13:42,130719,50.572999858,-123.514608383,1065.354000000,12,0.197000000,0.201000000,0.455000000
18:13:43,130719,50.572999867,-123.514608377,1065.354000000,12,0.197000000,0.201000000,0.455000000
18:13:44,130719,50.572999890,-123.514608385,1065.348000000,12,0.197000000,0.201000000,0.455000000
18:13:45,130719,50.572999930,-123.514608428,1065.351000000,12,0.197000000,0.201000000,0.454000000
18:13:46,130719,50.572999953,-123.514608452,1065.352000000,12,0.197000000,0.201000000,0.454000000
18:13:47,130719,50.572999953,-123.514608470,1065.350000000,12,0.197000000,0.201000000,0.454000000
18:13:48,130719,50.572999958,-123.514608470,1065.342000000,12,0.197000000,0.201000000,0.454000000
18:13:49,130719,50.572999935,-123.514608448,1065.334000000,12,0.197000000,0.201000000,0.454000000
18:13:50,130719,50.572999915,-123.514608422,1065.330000000,12,0.197000000,0.201000000,0.454000000
18:13:51,130719,50.572999902,-123.514608417,1065.319000000,12,0.197000000,0.201000000,0.454000000
18:13:52,130719,50.572999895,-123.514608402,1065.311000000,12,0.197000000,0.201000000,0.454000000
18:13:53,130719,50.572999845,-123.514608393,1065.299000000,12,0.197000000,0.201000000,0.454000000
18:13:54,130719,50.572999795,-123.514608382,1065.294000000,12,0.198000000,0.201000000,0.454000000
18:13:55,130719,50.572999735,-123.514608353,1065.285000000,12,0.198000000,0.201000000,0.454000000
18:13:56,130719,50.572999683,-123.514608372,1065.272000000,12,0.198000000,0.201000000,0.454000000
18:13:57,130719,50.572999643,-123.514608395,1065.257000000,12,0.198000000,0.201000000,0.454000000
18:13:58,130719,50.572999648,-123.514608433,1065.253000000,12,0.198000000,0.201000000,0.454000000
18:13:59,130719,50.572999662,-123.514608485,1065.248000000,12,0.198000000,0.201000000,0.454000000
18:14:00,130719,50.572999693,-123.514608542,1065.245000000,12,0.198000000,0.201000000,0.454000000
18:14:01,130719,50.572999728,-123.514608585,1065.242000000,12,0.198000000,0.201000000,0.454000000
18:14:02,130719,50.572999780,-123.514608625,1065.241000000,12,0.198000000,0.201000000,0.454000000
18:14:03,130719,50.572999832,-123.514608657,1065.241000000,12,0.198000000,0.201000000,0.454000000
18:14:04,130719,50.572999867,-123.514608712,1065.241000000,12,0.198000000,0.201000000,0.454000000
18:14:05,130719,50.572999937,-123.514608763,1065.245000000,12,0.198000000,0.201000000,0.454000000
18:14:06,130719,50.573000000,-123.514608790,1065.257000000,12,0.198000000,0.201000000,0.454000000
18:14:07,130719,50.573000050,-123.514608788,1065.262000000,12,0.198000000,0.201000000,0.454000000
18:14:08,130719,50.573000082,-123.514608788,1065.266000000,12,0.198000000,0.201000000,0.454000000
18:14:09,130719,50.573000108,-123.514608785,1065.275000000,12,0.198000000,0.201000000,0.454000000
18:14:10,130719,50.573000117,-123.514608788,1065.285000000,12,0.198000000,0.201000000,0.454000000
18:14:11,130719,50.573000110,-123.514608812,1065.289000000,12,0.198000000,0.201000000,0.454000000
18:14:12,130719,50.573000078,-123.514608792,1065.291000000,12,0.198000000,0.201000000,0.453000000
18:14:13,130719,50.573000057,-123.514608803,1065.286000000,12,0.198000000,0.201000000,0.453000000
18:14:14,130719,50.573000077,-123.514608848,1065.278000000,12,0.198000000,0.201000000,0.453000000
18:14:15,130719,50.573000085,-123.514608880,1065.279000000,12,0.198000000,0.201000000,0.453000000
18:14:16,130719,50.573000100,-123.514608907,1065.276000000,12,0.198000000,0.201000000,0.453000000
18:14:17,130719,50.573000083,-123.514608897,1065.270000000,12,0.198000000,0.201000000,0.453000000
18:14:18,130719,50.573000050,-123.514608893,1065.271000000,12,0.198000000,0.201000000,0.453000000
18:14:19,130719,50.573000025,-123.514608910,1065.265000000,12,0.198000000,0.201000000,0.453000000
18:14:20,130719,50.573000020,-123.514608952,1065.257000000,12,0.198000000,0.201000000,0.453000000
18:14:21,130719,50.572999985,-123.514608978,1065.249000000,12,0.198000000,0.201000000,0.453000000
18:14:22,130719,50.572999950,-123.514608988,1065.244000000,12,0.198000000,0.201000000,0.453000000
18:14:23,130719,50.572999978,-123.514609040,1065.244000000,12,0.198000000,0.201000000,0.453000000
18:14:24,130719,50.572999990,-123.514609062,1065.242000000,12,0.198000000,0.201000000,0.453000000
18:14:25,130719,50.573000010,-123.514609070,1065.248000000,12,0.198000000,0.201000000,0.453000000
18:14:26,130719,50.573000017,-123.514609073,1065.253000000,12,0.198000000,0.201000000,0.453000000
18:14:27,130719,50.573000032,-123.514609087,1065.252000000,12,0.198000000,0.202000000,0.453000000
18:14:28,130719,50.572999983,-123.514609095,1065.243000000,12,0.198000000,0.202000000,0.453000000
18:14:29,130719,50.572999917,-123.514609083,1065.227000000,12,0.198000000,0.202000000,0.453000000
18:14:30,130719,50.572999860,-123.514609048,1065.222000000,12,0.198000000,0.202000000,0.453000000
18:14:31,130719,50.572999810,-123.514609027,1065.214000000,12,0.198000000,0.202000000,0.453000000
18:14:32,130719,50.572999770,-123.514609010,1065.211000000,12,0.198000000,0.202000000,0.453000000
18:14:33,130719,50.572999755,-123.514608985,1065.211000000,12,0.198000000,0.202000000,0.453000000
18:14:34,130719,50.572999745,-123.514608980,1065.209000000,12,0.198000000,0.202000000,0.453000000
18:14:35,130719,50.572999778,-123.514608973,1065.216000000,12,0.198000000,0.202000000,0.453000000
18:14:36,130719,50.572999817,-123.514608977,1065.221000000,12,0.198000000,0.202000000,0.453000000
18:14:37,130719,50.572999863,-123.514608995,1065.224000000,12,0.198000000,0.202000000,0.453000000
18:14:38,130719,50.572999915,-123.514609008,1065.233000000,12,0.198000000,0.202000000,0.453000000
18:14:39,130719,50.572999948,-123.514608972,1065.238000000,12,0.198000000,0.202000000,0.453000000
18:14:40,130719,50.572999952,-123.514608940,1065.231000000,12,0.198000000,0.202000000,0.453000000
18:14:41,130719,50.572999972,-123.514608943,1065.236000000,12,0.198000000,0.202000000,0.453000000
18:14:42,130719,50.572999973,-123.514608907,1065.237000000,12,0.198000000,0.202000000,0.452000000
18:14:43,130719,50.572999980,-123.514608868,1065.241000000,12,0.198000000,0.202000000,0.452000000
18:14:44,130719,50.572999972,-123.514608780,1065.248000000,12,0.198000000,0.202000000,0.452000000
18:14:45,130719,50.572999993,-123.514608718,1065.253000000,12,0.198000000,0.202000000,0.452000000
18:14:46,130719,50.573000012,-123.514608662,1065.262000000,12,0.198000000,0.202000000,0.452000000
18:14:47,130719,50.572999982,-123.514608583,1065.265000000,12,0.198000000,0.202000000,0.452000000
18:14:48,130719,50.572999945,-123.514608532,1065.267000000,12,0.198000000,0.202000000,0.452000000
18:14:49,130719,50.572999910,-123.514608488,1065.263000000,12,0.198000000,0.202000000,0.452000000
18:14:50,130719,50.572999887,-123.514608452,1065.262000000,12,0.198000000,0.202000000,0.452000000
18:14:51,130719,50.572999858,-123.514608437,1065.250000000,12,0.198000000,0.202000000,0.452000000
18:14:52,130719,50.572999855,-123.514608440,1065.250000000,12,0.198000000,0.202000000,0.452000000
18:14:53,130719,50.572999890,-123.514608472,1065.248000000,12,0.198000000,0.202000000,0.452000000
18:14:54,130719,50.572999917,-123.514608500,1065.248000000,12,0.198000000,0.202000000,0.452000000
18:14:55,130719,50.572999953,-123.514608555,1065.248000000,12,0.198000000,0.202000000,0.452000000
18:14:56,130719,50.572999968,-123.514608575,1065.251000000,12,0.198000000,0.202000000,0.452000000
18:14:57,130719,50.572999992,-123.514608562,1065.253000000,12,0.198000000,0.202000000,0.452000000
18:14:58,130719,50.572999988,-123.514608575,1065.247000000,12,0.198000000,0.202000000,0.452000000
18:14:59,130719,50.573000002,-123.514608572,1065.248000000,12,0.198000000,0.202000000,0.452000000
18:15:00,130719,50.573000015,-123.514608572,1065.246000000,12,0.199000000,0.202000000,0.452000000
18:15:01,130719,50.572999978,-123.514608557,1065.250000000,12,0.199000000,0.202000000,0.452000000
18:15:02,130719,50.572999952,-123.514608567,1065.253000000,12,0.199000000,0.202000000,0.452000000
18:15:03,130719,50.572999927,-123.514608572,1065.254000000,12,0.199000000,0.202000000,0.452000000
18:15:04,130719,50.572999903,-123.514608545,1065.251000000,12,0.199000000,0.202000000,0.452000000
18:15:05,130719,50.572999865,-123.514608525,1065.247000000,12,0.199000000,0.202000000,0.452000000
18:15:06,130719,50.572999847,-123.514608502,1065.245000000,12,0.199000000,0.202000000,0.452000000
18:15:07,130719,50.572999825,-123.514608453,1065.244000000,12,0.199000000,0.202000000,0.452000000
18:15:08,130719,50.572999813,-123.514608453,1065.246000000,12,0.199000000,0.202000000,0.452000000
18:15:09,130719,50.572999780,-123.514608450,1065.246000000,12,0.199000000,0.203000000,0.451000000
18:15:10,130719,50.572999767,-123.514608430,1065.251000000,12,0.199000000,0.203000000,0.451000000
18:15:11,130719,50.572999800,-123.514608472,1065.257000000,12,0.199000000,0.203000000,0.451000000
18:15:12,130719,50.572999855,-123.514608522,1065.257000000,12,0.199000000,0.203000000,0.451000000
18:15:13,130719,50.572999900,-123.514608557,1065.262000000,12,0.199000000,0.203000000,0.451000000
18:15:14,130719,50.572999945,-123.514608578,1065.271000000,12,0.199000000,0.203000000,0.451000000
18:15:15,130719,50.572999972,-123.514608613,1065.271000000,12,0.199000000,0.203000000,0.451000000
18:15:16,130719,50.572999973,-123.514608612,1065.269000000,12,0.199000000,0.203000000,0.451000000
18:15:17,130719,50.572999932,-123.514608585,1065.266000000,12,0.199000000,0.203000000,0.451000000
18:15:18,130719,50.572999925,-123.514608572,1065.265000000,12,0.199000000,0.203000000,0.451000000
18:15:19,130719,50.572999890,-123.514608522,1065.267000000,12,0.199000000,0.203000000,0.451000000
18:15:20,130719,50.572999823,-123.514608410,1065.266000000,12,0.199000000,0.203000000,0.451000000
18:15:21,130719,50.572999777,-123.514608300,1065.261000000,12,0.199000000,0.203000000,0.451000000
18:15:22,130719,50.572999775,-123.514608232,1065.261000000,12,0.199000000,0.203000000,0.451000000
18:15:23,130719,50.572999800,-123.514608170,1065.265000000,12,0.199000000,0.203000000,0.451000000
18:15:24,130719,50.572999813,-123.514608130,1065.271000000,12,0.199000000,0.203000000,0.451000000
18:15:25,130719,50.572999807,-123.514608078,1065.278000000,12,0.199000000,0.203000000,0.451000000
18:15:26,130719,50.572999807,-123.514608065,1065.281000000,12,0.199000000,0.203000000,0.451000000
18:15:27,130719,50.572999782,-123.514608073,1065.280000000,12,0.199000000,0.203000000,0.451000000
18:15:28,130719,50.572999730,-123.514608093,1065.287000000,12,0.199000000,0.203000000,0.451000000
18:15:29,130719,50.572999688,-123.514608072,1065.280000000,12,0.199000000,0.203000000,0.451000000
18:15:30,130719,50.572999663,-123.514608035,1065.270000000,12,0.199000000,0.203000000,0.451000000
18:15:31,130719,50.572999655,-123.514608033,1065.269000000,12,0.199000000,0.203000000,0.451000000
18:15:32,130719,50.572999650,-123.514608010,1065.269000000,12,0.199000000,0.203000000,0.451000000
18:15:33,130719,50.572999663,-123.514608010,1065.268000000,12,0.199000000,0.203000000,0.451000000
18:15:34,130719,50.572999710,-123.514608062,1065.263000000,12,0.199000000,0.203000000,0.451000000
18:15:35,130719,50.572999753,-123.514608080,1065.262000000,12,0.199000000,0.203000000,0.451000000
18:15:36,130719,50.572999775,-123.514608127,1065.262000000,12,0.199000000,0.203000000,0.450000000
18:15:37,130719,50.572999797,-123.514608145,1065.258000000,12,0.199000000,0.203000000,0.450000000
18:15:38,130719,50.572999813,-123.514608185,1065.256000000,12,0.199000000,0.203000000,0.450000000
18:15:39,130719,50.572999815,-123.514608193,1065.252000000,12,0.199000000,0.203000000,0.450000000
18:15:40,130719,50.572999860,-123.514608247,1065.250000000,12,0.199000000,0.203000000,0.450000000
18:15:41,130719,50.572999867,-123.514608287,1065.248000000,12,0.199000000,0.203000000,0.450000000
18:15:42,130719,50.572999865,-123.514608298,1065.244000000,12,0.199000000,0.203000000,0.450000000
18:15:43,130719,50.572999855,-123.514608317,1065.240000000,12,0.199000000,0.203000000,0.450000000
18:15:44,130719,50.572999825,-123.514608323,1065.245000000,12,0.199000000,0.203000000,0.450000000
18:15:45,130719,50.572999843,-123.514608332,1065.244000000,12,0.199000000,0.203000000,0.450000000
18:15:46,130719,50.572999852,-123.514608372,1065.239000000,12,0.199000000,0.203000000,0.450000000
18:15:47,130719,50.572999858,-123.514608393,1065.239000000,12,0.199000000,0.203000000,0.450000000
18:15:48,130719,50.572999848,-123.514608418,1065.236000000,12,0.199000000,0.203000000,0.450000000
18:15:49,130719,50.572999840,-123.514608443,1065.227000000,12,0.199000000,0.203000000,0.450000000
18:15:50,130719,50.572999823,-123.514608475,1065.219000000,12,0.199000000,0.203000000,0.450000000
18:15:51,130719,50.572999782,-123.514608497,1065.207000000,12,0.199000000,0.204000000,0.450000000
18:15:52,130719,50.572999748,-123.514608493,1065.205000000,12,0.199000000,0.204000000,0.450000000
18:15:53,130719,50.572999778,-123.514608522,1065.204000000,12,0.199000000,0.204000000,0.450000000
18:15:54,130719,50.572999782,-123.514608593,1065.202000000,12,0.199000000,0.204000000,0.450000000
18:15:55,130719,50.572999795,-123.514608630,1065.200000000,12,0.199000000,0.204000000,0.450000000
18:15:56,130719,50.572999793,-123.514608650,1065.198000000,12,0.199000000,0.204000000,0.450000000
18:15:57,130719,50.572999775,-123.514608625,1065.191000000,12,0.199000000,0.204000000,0.450000000
18:15:58,130719,50.572999788,-123.514608620,1065.188000000,12,0.199000000,0.204000000,0.450000000
18:15:59,130719,50.572999795,-123.514608588,1065.187000000,12,0.199000000,0.204000000,0.450000000
18:16:00,130719,50.572999813,-123.514608572,1065.189000000,12,0.199000000,0.204000000,0.450000000
18:16:01,130719,50.572999825,-123.514608562,1065.180000000,12,0.199000000,0.204000000,0.450000000
18:16:02,130719,50.572999807,-123.514608523,1065.171000000,12,0.199000000,0.204000000,0.450000000
18:16:03,130719,50.572999772,-123.514608500,1065.163000000,12,0.199000000,0.204000000,0.449000000
18:16:04,130719,50.572999768,-123.514608512,1065.153000000,12,0.199000000,0.204000000,0.449000000
18:16:05,130719,50.572999757,-123.514608522,1065.146000000,12,0.199000000,0.204000000,0.449000000
18:16:06,130719,50.572999763,-123.514608572,1065.137000000,12,0.199000000,0.204000000,0.449000000
18:16:07,130719,50.572999745,-123.514608562,1065.133000000,12,0.199000000,0.204000000,0.449000000
18:16:08,130719,50.572999730,-123.514608553,1065.125000000,12,0.199000000,0.204000000,0.449000000
18:16:09,130719,50.572999742,-123.514608532,1065.123000000,12,0.200000000,0.204000000,0.449000000
18:16:10,130719,50.572999773,-123.514608530,1065.128000000,12,0.200000000,0.204000000,0.449000000
18:16:11,130719,50.572999807,-123.514608523,1065.132000000,12,0.200000000,0.204000000,0.449000000
18:16:12,130719,50.572999863,-123.514608548,1065.139000000,12,0.200000000,0.204000000,0.449000000
18:16:13,130719,50.572999902,-123.514608573,1065.136000000,12,0.200000000,0.204000000,0.449000000
18:16:14,130719,50.572999945,-123.514608602,1065.139000000,12,0.200000000,0.204000000,0.449000000
18:16:15,130719,50.572999982,-123.514608643,1065.132000000,12,0.200000000,0.204000000,0.449000000
18:16:16,130719,50.573000005,-123.514608643,1065.127000000,12,0.200000000,0.204000000,0.449000000
18:16:17,130719,50.573000020,-123.514608602,1065.128000000,12,0.200000000,0.204000000,0.449000000
18:16:18,130719,50.573000007,-123.514608528,1065.127000000,12,0.200000000,0.204000000,0.449000000
18:16:19,130719,50.572999973,-123.514608453,1065.130000000,12,0.200000000,0.204000000,0.449000000
18:16:20,130719,50.572999928,-123.514608402,1065.130000000,12,0.200000000,0.204000000,0.449000000
18:16:21,130719,50.572999937,-123.514608358,1065.122000000,12,0.200000000,0.204000000,0.449000000
18:16:22,130719,50.572999948,-123.514608355,1065.116000000,12,0.200000000,0.204000000,0.449000000
18:16:23,130719,50.572999912,-123.514608355,1065.105000000,12,0.200000000,0.204000000,0.449000000
18:16:24,130719,50.572999878,-123.514608325,1065.104000000,12,0.200000000,0.204000000,0.449000000
18:16:25,130719,50.572999837,-123.514608320,1065.095000000,12,0.200000000,0.204000000,0.449000000
18:16:26,130719,50.572999803,-123.514608313,1065.091000000,12,0.200000000,0.204000000,0.449000000
18:16:27,130719,50.572999808,-123.514608350,1065.084000000,12,0.200000000,0.204000000,0.448000000
18:16:28,130719,50.572999807,-123.514608377,1065.089000000,12,0.200000000,0.204000000,0.448000000
18:16:29,130719,50.572999855,-123.514608400,1065.089000000,12,0.200000000,0.204000000,0.448000000
18:16:30,130719,50.572999857,-123.514608365,1065.095000000,12,0.200000000,0.204000000,0.448000000
18:16:31,130719,50.572999872,-123.514608340,1065.097000000,12,0.200000000,0.204000000,0.448000000
18:16:32,130719,50.572999895,-123.514608310,1065.105000000,12,0.200000000,0.204000000,0.448000000
18:16:33,130719,50.572999925,-123.514608313,1065.118000000,12,0.200000000,0.205000000,0.448000000
18:16:34,130719,50.572999965,-123.514608300,1065.129000000,12,0.200000000,0.205000000,0.448000000
18:16:35,130719,50.572999975,-123.514608310,1065.139000000,12,0.200000000,0.205000000,0.448000000
18:16:36,130719,50.572999972,-123.514608288,1065.146000000,12,0.200000000,0.205000000,0.448000000
18:16:37,130719,50.572999953,-123.514608242,1065.151000000,12,0.200000000,0.205000000,0.448000000
18:16:38,130719,50.572999930,-123.514608213,1065.154000000,12,0.200000000,0.205000000,0.448000000
18:16:39,130719,50.572999923,-123.514608175,1065.158000000,12,0.200000000,0.205000000,0.448000000
18:16:40,130719,50.572999900,-123.514608148,1065.163000000,12,0.200000000,0.205000000,0.448000000
18:16:41,130719,50.572999867,-123.514608132,1065.163000000,12,0.200000000,0.205000000,0.448000000
18:16:42,130719,50.572999802,-123.514608067,1065.157000000,12,0.200000000,0.205000000,0.448000000
18:16:43,130719,50.572999737,-123.514608035,1065.156000000,12,0.200000000,0.205000000,0.448000000
18:16:44,130719,50.572999687,-123.514608023,1065.151000000,12,0.200000000,0.205000000,0.448000000
18:16:45,130719,50.572999687,-123.514608060,1065.152000000,12,0.200000000,0.205000000,0.448000000
18:16:46,130719,50.572999710,-123.514608092,1065.152000000,12,0.200000000,0.205000000,0.448000000
18:16:47,130719,50.572999762,-123.514608128,1065.156000000,12,0.200000000,0.205000000,0.448000000
18:16:48,130719,50.572999782,-123.514608158,1065.163000000,12,0.200000000,0.205000000,0.448000000
18:16:49,130719,50.572999817,-123.514608173,1065.170000000,12,0.200000000,0.205000000,0.448000000
18:16:50,130719,50.572999838,-123.514608170,1065.174000000,12,0.200000000,0.205000000,0.448000000
18:16:51,130719,50.572999873,-123.514608190,1065.172000000,12,0.200000000,0.205000000,0.448000000
18:16:52,130719,50.572999858,-123.514608173,1065.175000000,12,0.200000000,0.205000000,0.448000000
18:16:53,130719,50.572999845,-123.514608185,1065.177000000,12,0.200000000,0.205000000,0.448000000
18:16:54,130719,50.572999840,-123.514608200,1065.179000000,12,0.200000000,0.205000000,0.447000000
18:16:55,130719,50.572999838,-123.514608203,1065.181000000,12,0.200000000,0.205000000,0.447000000
18:16:56,130719,50.572999812,-123.514608205,1065.187000000,12,0.200000000,0.205000000,0.447000000
18:16:57,130719,50.572999827,-123.514608197,1065.190000000,12,0.200000000,0.205000000,0.447000000
18:16:58,130719,50.572999867,-123.514608243,1065.188000000,12,0.200000000,0.205000000,0.447000000
18:16:59,130719,50.572999895,-123.514608243,1065.191000000,12,0.200000000,0.205000000,0.447000000
18:17:00,130719,50.572999892,-123.514608258,1065.197000000,12,0.200000000,0.205000000,0.447000000
18:17:01,130719,50.572999928,-123.514608252,1065.209000000,12,0.200000000,0.205000000,0.447000000
18:17:02,130719,50.572999952,-123.514608268,1065.211000000,12,0.200000000,0.205000000,0.447000000
18:17:03,130719,50.572999963,-123.514608262,1065.217000000,12,0.200000000,0.205000000,0.447000000
18:17:04,130719,50.572999955,-123.514608283,1065.222000000,12,0.200000000,0.205000000,0.447000000
18:17:05,130719,50.572999905,-123.514608283,1065.212000000,12,0.200000000,0.205000000,0.447000000
18:17:06,130719,50.572999843,-123.514608275,1065.209000000,12,0.200000000,0.205000000,0.447000000
18:17:07,130719,50.572999783,-123.514608313,1065.204000000,12,0.200000000,0.205000000,0.447000000
18:17:08,130719,50.572999717,-123.514608297,1065.198000000,12,0.200000000,0.205000000,0.447000000
18:17:09,130719,50.572999620,-123.514608243,1065.194000000,12,0.200000000,0.205000000,0.447000000
18:17:10,130719,50.572999587,-123.514608237,1065.186000000,12,0.200000000,0.205000000,0.447000000
18:17:11,130719,50.572999572,-123.514608240,1065.197000000,12,0.200000000,0.205000000,0.447000000
18:17:12,130719,50.572999560,-123.514608210,1065.202000000,12,0.201000000,0.206000000,0.447000000
18:17:13,130719,50.572999555,-123.514608150,1065.205000000,12,0.201000000,0.206000000,0.447000000
18:17:14,130719,50.572999553,-123.514608153,1065.211000000,12,0.201000000,0.206000000,0.447000000
18:17:15,130719,50.572999562,-123.514608175,1065.216000000,12,0.201000000,0.206000000,0.447000000
18:17:16,130719,50.572999543,-123.514608177,1065.217000000,12,0.201000000,0.206000000,0.447000000
18:17:17,130719,50.572999478,-123.514608175,1065.221000000,12,0.201000000,0.206000000,0.447000000
18:17:18,130719,50.572999442,-123.514608133,1065.209000000,12,0.201000000,0.206000000,0.447000000
18:17:19,130719,50.572999418,-123.514608115,1065.205000000,12,0.201000000,0.206000000,0.447000000
18:17:20,130719,50.572999423,-123.514608153,1065.200000000,12,0.201000000,0.206000000,0.447000000
18:17:21,130719,50.572999417,-123.514608145,1065.197000000,12,0.201000000,0.206000000,0.446000000
18:17:22,130719,50.572999435,-123.514608170,1065.199000000,12,0.201000000,0.206000000,0.446000000
18:17:23,130719,50.572999468,-123.514608212,1065.200000000,12,0.201000000,0.206000000,0.446000000
18:17:24,130719,50.572999497,-123.514608188,1065.212000000,12,0.201000000,0.206000000,0.446000000
18:17:25,130719,50.572999543,-123.514608203,1065.207000000,12,0.201000000,0.206000000,0.446000000
18:17:26,130719,50.572999577,-123.514608253,1065.206000000,12,0.201000000,0.206000000,0.446000000
18:17:27,130719,50.572999603,-123.514608318,1065.213000000,12,0.201000000,0.206000000,0.446000000
18:17:28,130719,50.572999647,-123.514608325,1065.213000000,12,0.201000000,0.206000000,0.446000000
18:17:29,130719,50.572999658,-123.514608305,1065.216000000,12,0.201000000,0.206000000,0.446000000
18:17:30,130719,50.572999672,-123.514608297,1065.211000000,12,0.201000000,0.206000000,0.446000000
18:17:31,130719,50.572999697,-123.514608290,1065.214000000,12,0.201000000,0.206000000,0.446000000
18:17:32,130719,50.572999707,-123.514608272,1065.218000000,12,0.201000000,0.206000000,0.446000000
18:17:33,130719,50.572999708,-123.514608252,1065.224000000,12,0.201000000,0.206000000,0.446000000
18:17:34,130719,50.572999720,-123.514608268,1065.227000000,12,0.201000000,0.206000000,0.446000000
18:17:35,130719,50.572999720,-123.514608270,1065.236000000,12,0.201000000,0.206000000,0.446000000
18:17:36,130719,50.572999718,-123.514608242,1065.240000000,12,0.201000000,0.206000000,0.446000000
18:17:37,130719,50.572999725,-123.514608253,1065.246000000,12,0.201000000,0.206000000,0.446000000
18:17:38,130719,50.572999755,-123.514608255,1065.245000000,12,0.201000000,0.206000000,0.446000000
18:17:39,130719,50.572999762,-123.514608230,1065.245000000,12,0.201000000,0.206000000,0.446000000
18:17:40,130719,50.572999767,-123.514608203,1065.247000000,12,0.201000000,0.206000000,0.446000000
18:17:41,130719,50.572999757,-123.514608187,1065.248000000,12,0.201000000,0.206000000,0.446000000
18:17:42,130719,50.572999743,-123.514608188,1065.245000000,12,0.201000000,0.206000000,0.446000000
18:17:43,130719,50.572999743,-123.514608207,1065.243000000,12,0.201000000,0.206000000,0.446000000
18:17:44,130719,50.572999767,-123.514608215,1065.244000000,12,0.201000000,0.206000000,0.446000000
18:17:45,130719,50.572999828,-123.514608255,1065.254000000,12,0.201000000,0.206000000,0.446000000
18:17:46,130719,50.572999862,-123.514608285,1065.254000000,12,0.201000000,0.206000000,0.446000000
18:17:47,130719,50.572999868,-123.514608288,1065.261000000,12,0.201000000,0.206000000,0.446000000
18:17:48,130719,50.572999872,-123.514608240,1065.271000000,12,0.201000000,0.206000000,0.445000000
18:17:49,130719,50.572999880,-123.514608202,1065.274000000,12,0.201000000,0.206000000,0.445000000
18:17:50,130719,50.572999913,-123.514608185,1065.288000000,12,0.201000000,0.206000000,0.445000000
18:17:51,130719,50.572999980,-123.514608177,1065.291000000,12,0.201000000,0.206000000,0.445000000
18:17:52,130719,50.573000037,-123.514608232,1065.289000000,12,0.201000000,0.206000000,0.445000000
18:17:53,130719,50.573000047,-123.514608210,1065.292000000,12,0.201000000,0.206000000,0.445000000
18:17:54,130719,50.573000017,-123.514608200,1065.287000000,12,0.201000000,0.207000000,0.445000000
18:17:55,130719,50.573000002,-123.514608192,1065.284000000,12,0.201000000,0.207000000,0.445000000
18:17:56,130719,50.573000005,-123.514608188,1065.278000000,12,0.201000000,0.207000000,0.445000000
18:17:57,130719,50.573000022,-123.514608173,1065.281000000,12,0.201000000,0.207000000,0.445000000
18:17:58,130719,50.573000027,-123.514608183,1065.278000000,12,0.201000000,0.207000000,0.445000000
18:17:59,130719,50.573000045,-123.514608183,1065.276000000,12,0.201000000,0.207000000,0.445000000
18:18:00,130719,50.573000057,-123.514608170,1065.279000000,12,0.201000000,0.207000000,0.445000000
18:18:01,130719,50.573000035,-123.514608133,1065.282000000,13,0.201000000,0.207000000,0.445000000
18:18:02,130719,50.573000042,-123.514608188,1065.279000000,13,0.179000000,0.166000000,0.400000000
18:18:03,130719,50.573000050,-123.514608180,1065.278000000,13,0.179000000,0.166000000,0.400000000
18:18:04,130719,50.573000048,-123.514608178,1065.276000000,13,0.179000000,0.166000000,0.400000000
18:18:05,130719,50.573000068,-123.514608168,1065.287000000,13,0.179000000,0.166000000,0.400000000
18:18:06,130719,50.573000108,-123.514608215,1065.299000000,13,0.179000000,0.166000000,0.400000000
18:18:07,130719,50.573000123,-123.514608238,1065.301000000,13,0.179000000,0.166000000,0.400000000
18:18:08,130719,50.573000120,-123.514608258,1065.308000000,13,0.179000000,0.166000000,0.400000000
18:18:09,130719,50.573000090,-123.514608270,1065.308000000,13,0.179000000,0.166000000,0.400000000
18:18:10,130719,50.573000107,-123.514608302,1065.304000000,13,0.179000000,0.166000000,0.400000000
18:18:11,130719,50.573000138,-123.514608363,1065.303000000,13,0.179000000,0.166000000,0.400000000
18:18:12,130719,50.573000135,-123.514608362,1065.308000000,13,0.179000000,0.166000000,0.400000000
18:18:13,130719,50.573000110,-123.514608397,1065.308000000,13,0.179000000,0.166000000,0.400000000
18:18:14,130719,50.573000095,-123.514608418,1065.307000000,13,0.179000000,0.166000000,0.400000000
18:18:15,130719,50.573000092,-123.514608438,1065.305000000,13,0.179000000,0.166000000,0.400000000
18:18:16,130719,50.573000098,-123.514608485,1065.300000000,13,0.179000000,0.166000000,0.400000000
18:18:17,130719,50.573000077,-123.514608475,1065.289000000,13,0.179000000,0.166000000,0.400000000
18:18:18,130719,50.573000032,-123.514608482,1065.279000000,13,0.179000000,0.166000000,0.400000000
18:18:19,130719,50.572999998,-123.514608422,1065.272000000,13,0.179000000,0.166000000,0.400000000
18:18:20,130719,50.572999968,-123.514608405,1065.267000000,13,0.179000000,0.166000000,0.400000000
18:18:21,130719,50.572999938,-123.514608348,1065.266000000,13,0.179000000,0.166000000,0.400000000
18:18:22,130719,50.572999917,-123.514608340,1065.264000000,13,0.179000000,0.166000000,0.400000000
18:18:23,130719,50.572999917,-123.514608303,1065.259000000,13,0.179000000,0.166000000,0.400000000
18:18:24,130719,50.572999918,-123.514608300,1065.262000000,13,0.179000000,0.166000000,0.400000000
18:18:25,130719,50.572999907,-123.514608267,1065.258000000,13,0.179000000,0.166000000,0.400000000
18:18:26,130719,50.572999905,-123.514608265,1065.256000000,13,0.179000000,0.166000000,0.400000000
18:18:27,130719,50.572999895,-123.514608253,1065.253000000,13,0.179000000,0.166000000,0.400000000
18:18:28,130719,50.572999890,-123.514608240,1065.243000000,13,0.179000000,0.166000000,0.400000000
18:18:29,130719,50.572999877,-123.514608195,1065.232000000,13,0.179000000,0.166000000,0.399000000
18:18:30,130719,50.572999897,-123.514608167,1065.227000000,13,0.179000000,0.166000000,0.399000000
18:18:31,130719,50.572999897,-123.514608155,1065.223000000,13,0.179000000,0.166000000,0.399000000
18:18:32,130719,50.572999872,-123.514608165,1065.221000000,13,0.179000000,0.166000000,0.399000000
18:18:33,130719,50.572999850,-123.514608170,1065.220000000,13,0.179000000,0.166000000,0.399000000
18:18:34,130719,50.572999827,-123.514608178,1065.224000000,13,0.179000000,0.166000000,0.399000000
18:18:35,130719,50.572999785,-123.514608180,1065.229000000,13,0.179000000,0.166000000,0.399000000
18:18:36,130719,50.572999747,-123.514608185,1065.221000000,13,0.179000000,0.166000000,0.399000000
18:18:37,130719,50.572999710,-123.514608202,1065.214000000,13,0.179000000,0.166000000,0.399000000
18:18:38,130719,50.572999672,-123.514608165,1065.213000000,13,0.179000000,0.166000000,0.399000000
18:18:39,130719,50.572999648,-123.514608182,1065.212000000,13,0.179000000,0.166000000,0.399000000
18:18:40,130719,50.572999620,-123.514608202,1065.203000000,13,0.179000000,0.166000000,0.399000000
18:18:41,130719,50.572999575,-123.514608180,1065.195000000,13,0.179000000,0.166000000,0.399000000
18:18:42,130719,50.572999535,-123.514608140,1065.193000000,13,0.179000000,0.166000000,0.399000000
18:18:43,130719,50.572999553,-123.514608168,1065.187000000,13,0.179000000,0.166000000,0.399000000
18:18:44,130719,50.572999558,-123.514608195,1065.183000000,13,0.179000000,0.166000000,0.399000000
18:18:45,130719,50.572999545,-123.514608210,1065.182000000,13,0.179000000,0.166000000,0.399000000
18:18:46,130719,50.572999563,-123.514608215,1065.186000000,13,0.179000000,0.166000000,0.399000000
18:18:47,130719,50.572999612,-123.514608202,1065.191000000,13,0.179000000,0.166000000,0.399000000
18:18:48,130719,50.572999647,-123.514608207,1065.202000000,13,0.179000000,0.166000000,0.399000000
18:18:49,130719,50.572999682,-123.514608245,1065.204000000,13,0.179000000,0.166000000,0.399000000
18:18:50,130719,50.572999692,-123.514608245,1065.212000000,13,0.179000000,0.166000000,0.399000000
18:18:51,130719,50.572999692,-123.514608243,1065.210000000,13,0.179000000,0.166000000,0.399000000
18:18:52,130719,50.572999673,-123.514608225,1065.205000000,13,0.179000000,0.166000000,0.399000000
18:18:53,130719,50.572999640,-123.514608215,1065.205000000,13,0.179000000,0.166000000,0.399000000
18:18:54,130719,50.572999618,-123.514608232,1065.199000000,13,0.179000000,0.166000000,0.399000000
18:18:55,130719,50.572999593,-123.514608222,1065.200000000,13,0.179000000,0.166000000,0.399000000
18:18:56,130719,50.572999557,-123.514608213,1065.201000000,13,0.180000000,0.166000000,0.399000000
18:18:57,130719,50.572999535,-123.514608228,1065.198000000,13,0.180000000,0.166000000,0.399000000
18:18:58,130719,50.572999548,-123.514608253,1065.199000000,13,0.180000000,0.166000000,0.399000000
18:18:59,130719,50.572999593,-123.514608267,1065.199000000,13,0.180000000,0.166000000,0.398000000
18:19:00,130719,50.572999637,-123.514608308,1065.208000000,13,0.180000000,0.166000000,0.398000000
18:19:01,130719,50.572999700,-123.514608335,1065.214000000,13,0.180000000,0.166000000,0.398000000
18:19:02,130719,50.572999708,-123.514608350,1065.225000000,13,0.180000000,0.166000000,0.398000000
18:19:03,130719,50.572999738,-123.514608365,1065.228000000,13,0.180000000,0.166000000,0.398000000
18:19:04,130719,50.572999752,-123.514608338,1065.235000000,13,0.180000000,0.166000000,0.398000000
18:19:05,130719,50.572999782,-123.514608283,1065.246000000,13,0.180000000,0.166000000,0.398000000
18:19:06,130719,50.572999820,-123.514608227,1065.258000000,13,0.180000000,0.166000000,0.398000000
18:19:07,130719,50.572999825,-123.514608167,1065.263000000,13,0.180000000,0.166000000,0.398000000
18:19:08,130719,50.572999810,-123.514608082,1065.275000000,13,0.180000000,0.166000000,0.398000000
18:19:09,130719,50.572999815,-123.514608053,1065.281000000,13,0.180000000,0.166000000,0.398000000
18:19:10,130719,50.572999825,-123.514608027,1065.284000000,13,0.180000000,0.166000000,0.398000000
18:19:11,130719,50.572999812,-123.514607982,1065.290000000,13,0.180000000,0.166000000,0.398000000
18:19:12,130719,50.572999815,-123.514607958,1065.298000000,13,0.180000000,0.166000000,0.398000000
18:19:13,130719,50.572999803,-123.514607930,1065.302000000,13,0.180000000,0.166000000,0.398000000
18:19:14,130719,50.572999825,-123.514607892,1065.309000000,13,0.180000000,0.167000000,0.398000000
18:19:15,130719,50.572999820,-123.514607868,1065.312000000,13,0.180000000,0.167000000,0.398000000
18:19:16,130719,50.572999822,-123.514607848,1065.317000000,13,0.180000000,0.167000000,0.398000000
18:19:17,130719,50.572999853,-123.514607868,1065.326000000,13,0.180000000,0.167000000,0.398000000
18:19:18,130719,50.572999873,-123.514607900,1065.327000000,13,0.180000000,0.167000000,0.398000000
18:19:19,130719,50.572999918,-123.514607932,1065.332000000,13,0.180000000,0.167000000,0.398000000
18:19:20,130719,50.572999943,-123.514607992,1065.346000000,13,0.180000000,0.167000000,0.398000000
18:19:21,130719,50.572999963,-123.514608020,1065.349000000,13,0.180000000,0.167000000,0.398000000
18:19:22,130719,50.572999960,-123.514608012,1065.357000000,13,0.180000000,0.167000000,0.398000000
18:19:23,130719,50.572999958,-123.514608015,1065.359000000,13,0.180000000,0.167000000,0.398000000
18:19:24,130719,50.572999965,-123.514608025,1065.366000000,13,0.180000000,0.167000000,0.398000000
18:19:25,130719,50.572999997,-123.514608028,1065.381000000,13,0.180000000,0.167000000,0.398000000
18:19:26,130719,50.573000027,-123.514608052,1065.388000000,13,0.180000000,0.167000000,0.398000000
18:19:27,130719,50.573000038,-123.514608072,1065.392000000,13,0.180000000,0.167000000,0.398000000
18:19:28,130719,50.573000005,-123.514608062,1065.395000000,13,0.180000000,0.167000000,0.398000000
18:19:29,130719,50.572999945,-123.514608043,1065.391000000,13,0.180000000,0.167000000,0.398000000
18:19:30,130719,50.572999880,-123.514608023,1065.386000000,13,0.180000000,0.167000000,0.398000000
18:19:31,130719,50.572999837,-123.514608007,1065.388000000,13,0.180000000,0.167000000,0.398000000
18:19:32,130719,50.572999808,-123.514608020,1065.390000000,13,0.180000000,0.167000000,0.397000000
18:19:33,130719,50.572999785,-123.514608015,1065.392000000,13,0.180000000,0.167000000,0.397000000
18:19:34,130719,50.572999747,-123.514607958,1065.389000000,13,0.180000000,0.167000000,0.397000000
18:19:35,130719,50.572999680,-123.514607898,1065.381000000,13,0.180000000,0.167000000,0.397000000
18:19:36,130719,50.572999607,-123.514607810,1065.378000000,13,0.180000000,0.167000000,0.397000000
18:19:37,130719,50.572999533,-123.514607760,1065.371000000,13,0.180000000,0.167000000,0.397000000
18:19:38,130719,50.572999470,-123.514607725,1065.369000000,13,0.180000000,0.167000000,0.397000000
18:19:39,130719,50.572999417,-123.514607688,1065.372000000,13,0.180000000,0.167000000,0.397000000
18:19:40,130719,50.572999385,-123.514607640,1065.376000000,13,0.180000000,0.167000000,0.397000000
18:19:41,130719,50.572999417,-123.514607638,1065.380000000,13,0.180000000,0.167000000,0.397000000
18:19:42,130719,50.572999415,-123.514607623,1065.389000000,13,0.180000000,0.167000000,0.397000000
18:19:43,130719,50.572999397,-123.514607582,1065.392000000,13,0.180000000,0.167000000,0.397000000
18:19:44,130719,50.572999380,-123.514607553,1065.395000000,13,0.180000000,0.167000000,0.397000000
18:19:45,130719,50.572999368,-123.514607528,1065.399000000,13,0.180000000,0.167000000,0.397000000
18:19:46,130719,50.572999360,-123.514607515,1065.400000000,13,0.180000000,0.167000000,0.397000000
18:19:47,130719,50.572999367,-123.514607485,1065.404000000,13,0.180000000,0.167000000,0.397000000
18:19:48,130719,50.572999403,-123.514607462,1065.403000000,13,0.180000000,0.167000000,0.397000000
18:19:49,130719,50.572999427,-123.514607433,1065.409000000,13,0.180000000,0.167000000,0.397000000
18:19:50,130719,50.572999430,-123.514607407,1065.412000000,13,0.180000000,0.167000000,0.397000000
18:19:51,130719,50.572999403,-123.514607397,1065.415000000,13,0.180000000,0.167000000,0.397000000
18:19:52,130719,50.572999363,-123.514607387,1065.412000000,13,0.180000000,0.167000000,0.397000000
18:19:53,130719,50.572999317,-123.514607370,1065.406000000,13,0.180000000,0.167000000,0.397000000
18:19:54,130719,50.572999278,-123.514607368,1065.402000000,13,0.180000000,0.167000000,0.397000000
18:19:55,130719,50.572999247,-123.514607353,1065.398000000,13,0.180000000,0.167000000,0.397000000
18:19:56,130719,50.572999210,-123.514607358,1065.390000000,13,0.180000000,0.167000000,0.397000000
18:19:57,130719,50.572999172,-123.514607367,1065.376000000,13,0.180000000,0.167000000,0.397000000
18:19:58,130719,50.572999163,-123.514607362,1065.369000000,13,0.180000000,0.167000000,0.397000000
18:19:59,130719,50.572999177,-123.514607388,1065.366000000,13,0.180000000,0.167000000,0.397000000
18:20:00,130719,50.572999195,-123.514607362,1065.366000000,13,0.180000000,0.167000000,0.397000000
18:20:01,130719,50.572999235,-123.514607363,1065.364000000,13,0.180000000,0.167000000,0.397000000
18:20:02,130719,50.572999257,-123.514607332,1065.361000000,13,0.180000000,0.167000000,0.397000000
18:20:03,130719,50.572999295,-123.514607323,1065.364000000,13,0.180000000,0.167000000,0.397000000
18:20:04,130719,50.572999270,-123.514607298,1065.363000000,13,0.180000000,0.167000000,0.397000000
18:20:05,130719,50.572999288,-123.514607277,1065.362000000,13,0.180000000,0.167000000,0.396000000
18:20:06,130719,50.572999255,-123.514607237,1065.361000000,13,0.180000000,0.167000000,0.396000000
18:20:07,130719,50.572999292,-123.514607233,1065.361000000,13,0.180000000,0.167000000,0.396000000
18:20:08,130719,50.572999300,-123.514607258,1065.356000000,13,0.180000000,0.167000000,0.396000000
18:20:09,130719,50.572999238,-123.514607238,1065.353000000,13,0.180000000,0.167000000,0.396000000
18:20:10,130719,50.572999185,-123.514607185,1065.346000000,13,0.180000000,0.167000000,0.396000000
18:20:11,130719,50.572999157,-123.514607138,1065.342000000,13,0.180000000,0.167000000,0.396000000
18:20:12,130719,50.572999138,-123.514607120,1065.340000000,13,0.180000000,0.167000000,0.396000000
18:20:13,130719,50.572999157,-123.514607113,1065.342000000,13,0.180000000,0.167000000,0.396000000
18:20:14,130719,50.572999160,-123.514607138,1065.338000000,13,0.180000000,0.167000000,0.396000000
18:20:15,130719,50.572999152,-123.514607142,1065.335000000,13,0.180000000,0.167000000,0.396000000
18:20:16,130719,50.572999140,-123.514607162,1065.330000000,13,0.180000000,0.167000000,0.396000000
18:20:17,130719,50.572999145,-123.514607175,1065.331000000,13,0.180000000,0.167000000,0.396000000
18:20:18,130719,50.572999143,-123.514607177,1065.331000000,13,0.180000000,0.167000000,0.396000000
18:20:19,130719,50.572999177,-123.514607177,1065.332000000,13,0.180000000,0.167000000,0.396000000
18:20:20,130719,50.572999212,-123.514607195,1065.334000000,13,0.180000000,0.167000000,0.396000000
18:20:21,130719,50.572999217,-123.514607182,1065.338000000,13,0.180000000,0.167000000,0.396000000
18:20:22,130719,50.572999200,-123.514607202,1065.336000000,13,0.180000000,0.167000000,0.396000000
18:20:23,130719,50.572999200,-123.514607213,1065.333000000,13,0.180000000,0.167000000,0.396000000
18:20:24,130719,50.572999203,-123.514607230,1065.331000000,13,0.180000000,0.167000000,0.396000000
18:20:25,130719,50.572999198,-123.514607202,1065.331000000,13,0.180000000,0.167000000,0.396000000
18:20:26,130719,50.572999207,-123.514607175,1065.335000000,13,0.180000000,0.167000000,0.396000000
18:20:27,130719,50.572999225,-123.514607198,1065.331000000,13,0.180000000,0.167000000,0.396000000
18:20:28,130719,50.572999280,-123.514607225,1065.334000000,13,0.180000000,0.167000000,0.396000000
18:20:29,130719,50.572999365,-123.514607292,1065.338000000,13,0.180000000,0.167000000,0.396000000
18:20:30,130719,50.572999398,-123.514607328,1065.341000000,13,0.180000000,0.167000000,0.396000000
18:20:31,130719,50.572999397,-123.514607367,1065.340000000,13,0.180000000,0.167000000,0.396000000
18:20:32,130719,50.572999408,-123.514607365,1065.347000000,13,0.180000000,0.168000000,0.396000000
18:20:33,130719,50.572999405,-123.514607377,1065.349000000,13,0.180000000,0.168000000,0.396000000
18:20:34,130719,50.572999377,-123.514607387,1065.348000000,13,0.180000000,0.168000000,0.396000000
