TIME,DATE(ddMMyy),LATITUDEGGA,LONGITUDEGGA,ALTITUDEGGA,NUMBERSAT,LATERR,LONGERR,ALTERR
18:16:53,160719,50.571367465,-123.514331137,972.667000000,13,0.196000000,0.169000000,0.356000000
18:16:54,160719,50.571367463,-123.514331132,972.676000000,13,0.196000000,0.169000000,0.356000000
18:16:55,160719,50.571367455,-123.514331167,972.684000000,13,0.196000000,0.169000000,0.356000000
18:16:56,160719,50.571367437,-123.514331223,972.691000000,13,0.196000000,0.169000000,0.356000000
18:16:57,160719,50.571367438,-123.514331272,972.694000000,13,0.196000000,0.169000000,0.356000000
18:16:58,160719,50.571367422,-123.514331300,972.706000000,13,0.196000000,0.169000000,0.356000000
18:16:59,160719,50.571367442,-123.514331408,972.709000000,13,0.196000000,0.169000000,0.356000000
18:17:00,160719,50.571367492,-123.514331488,972.712000000,13,0.196000000,0.169000000,0.356000000
18:17:01,160719,50.571367543,-123.514331503,972.719000000,13,0.196000000,0.169000000,0.356000000
18:17:02,160719,50.571367570,-123.514331530,972.726000000,13,0.196000000,0.169000000,0.356000000
18:17:03,160719,50.571367607,-123.514331577,972.725000000,13,0.196000000,0.169000000,0.356000000
18:17:04,160719,50.571367662,-123.514331645,972.727000000,13,0.196000000,0.169000000,0.356000000
18:17:05,160719,50.571367715,-123.514331667,972.731000000,13,0.196000000,0.169000000,0.356000000
18:17:06,160719,50.571367788,-123.514331708,972.735000000,13,0.196000000,0.169000000,0.356000000
18:17:07,160719,50.571367790,-123.514331692,972.740000000,13,0.196000000,0.169000000,0.356000000
18:17:08,160719,50.571367803,-123.514331732,972.741000000,13,0.196000000,0.169000000,0.356000000
18:17:09,160719,50.571367852,-123.514331775,972.739000000,13,0.196000000,0.169000000,0.356000000
18:17:10,160719,50.571367857,-123.514331793,972.735000000,13,0.196000000,0.169000000,0.356000000
18:17:11,160719,50.571367840,-123.514331778,972.736000000,13,0.196000000,0.169000000,0.355000000
18:17:12,160719,50.571367892,-123.514331880,972.732000000,13,0.196000000,0.169000000,0.355000000
18:17:13,160719,50.571367973,-123.514331937,972.728000000,13,0.196000000,0.169000000,0.355000000
18:17:14,160719,50.571368050,-123.514332007,972.724000000,13,0.196000000,0.169000000,0.355000000
18:17:15,160719,50.571368087,-123.514331990,972.735000000,14,0.195000000,0.149000000,0.303000000
18:17:16,160719,50.571368120,-123.514331928,972.750000000,14,0.195000000,0.149000000,0.303000000
18:17:17,160719,50.571368163,-123.514331888,972.760000000,14,0.195000000,0.149000000,0.303000000
18:17:18,160719,50.571368192,-123.514331835,972.775000000,14,0.195000000,0.149000000,0.303000000
18:17:19,160719,50.571368223,-123.514331847,972.779000000,14,0.195000000,0.149000000,0.303000000
18:17:20,160719,50.571368245,-123.514331830,972.786000000,14,0.195000000,0.149000000,0.303000000
18:17:21,160719,50.571368320,-123.514331897,972.787000000,14,0.195000000,0.149000000,0.303000000
18:17:22,160719,50.571368370,-123.514331905,972.789000000,14,0.195000000,0.149000000,0.303000000
18:17:23,160719,50.571368403,-123.514331895,972.786000000,14,0.195000000,0.149000000,0.303000000
18:17:24,160719,50.571368453,-123.514331907,972.782000000,14,0.195000000,0.149000000,0.303000000
18:17:25,160719,50.571368530,-123.514331913,972.779000000,14,0.195000000,0.149000000,0.303000000
18:17:26,160719,50.571368612,-123.514331918,972.775000000,14,0.195000000,0.149000000,0.303000000
18:17:27,160719,50.571368712,-123.514331968,972.776000000,14,0.195000000,0.149000000,0.303000000
18:17:28,160719,50.571368753,-123.514331965,972.776000000,14,0.195000000,0.149000000,0.303000000
18:17:29,160719,50.571368803,-123.514332012,972.770000000,14,0.195000000,0.149000000,0.303000000
18:17:30,160719,50.571368827,-123.514331995,972.764000000,14,0.195000000,0.149000000,0.303000000
18:17:31,160719,50.571368853,-123.514332040,972.757000000,14,0.195000000,0.149000000,0.303000000
18:17:32,160719,50.571368868,-123.514332078,972.754000000,14,0.195000000,0.149000000,0.303000000
18:17:33,160719,50.571368883,-123.514332110,972.752000000,14,0.195000000,0.149000000,0.303000000
18:17:34,160719,50.571368938,-123.514332160,972.748000000,14,0.195000000,0.149000000,0.303000000
18:17:35,160719,50.571369007,-123.514332233,972.749000000,14,0.195000000,0.149000000,0.303000000
18:17:36,160719,50.571369083,-123.514332265,972.747000000,14,0.195000000,0.149000000,0.303000000
18:17:37,160719,50.571369187,-123.514332325,972.747000000,14,0.195000000,0.149000000,0.303000000
18:17:38,160719,50.571369277,-123.514332372,972.744000000,14,0.195000000,0.149000000,0.303000000
18:17:39,160719,50.571369372,-123.514332425,972.741000000,14,0.195000000,0.149000000,0.303000000
18:17:40,160719,50.571369433,-123.514332447,972.744000000,14,0.195000000,0.149000000,0.303000000
18:17:41,160719,50.571369465,-123.514332505,972.737000000,14,0.195000000,0.149000000,0.303000000
18:17:42,160719,50.571369498,-123.514332622,972.731000000,14,0.195000000,0.149000000,0.303000000
18:17:43,160719,50.571369510,-123.514332713,972.724000000,14,0.195000000,0.149000000,0.303000000
18:17:44,160719,50.571369482,-123.514332792,972.714000000,14,0.195000000,0.149000000,0.303000000
18:17:45,160719,50.571369468,-123.514332907,972.700000000,14,0.195000000,0.149000000,0.303000000
18:17:46,160719,50.571369440,-123.514333002,972.690000000,14,0.195000000,0.149000000,0.303000000
18:17:47,160719,50.571369415,-123.514333102,972.679000000,14,0.195000000,0.149000000,0.303000000
18:17:48,160719,50.571369408,-123.514333162,972.671000000,14,0.195000000,0.149000000,0.303000000
18:17:49,160719,50.571369422,-123.514333210,972.663000000,14,0.195000000,0.149000000,0.303000000
18:17:50,160719,50.571369432,-123.514333248,972.651000000,14,0.195000000,0.149000000,0.303000000
18:17:51,160719,50.571369457,-123.514333315,972.647000000,14,0.195000000,0.149000000,0.303000000
18:17:52,160719,50.571369467,-123.514333342,972.641000000,14,0.195000000,0.149000000,0.303000000
18:17:53,160719,50.571369460,-123.514333323,972.638000000,14,0.195000000,0.149000000,0.303000000
18:17:54,160719,50.571369450,-123.514333327,972.634000000,14,0.195000000,0.149000000,0.303000000
18:17:55,160719,50.571369445,-123.514333380,972.631000000,14,0.195000000,0.149000000,0.303000000
18:17:56,160719,50.571369437,-123.514333412,972.629000000,14,0.195000000,0.149000000,0.303000000
18:17:57,160719,50.571369413,-123.514333442,972.628000000,14,0.195000000,0.149000000,0.303000000
18:17:58,160719,50.571369398,-123.514333492,972.628000000,14,0.195000000,0.149000000,0.303000000
18:17:59,160719,50.571369375,-123.514333538,972.627000000,14,0.195000000,0.149000000,0.303000000
18:18:00,160719,50.571369417,-123.514333617,972.624000000,14,0.195000000,0.149000000,0.303000000
18:18:01,160719,50.571369465,-123.514333670,972.619000000,14,0.195000000,0.149000000,0.303000000
18:18:02,160719,50.571369482,-123.514333712,972.617000000,14,0.195000000,0.149000000,0.303000000
18:18:03,160719,50.571369473,-123.514333780,972.608000000,14,0.195000000,0.149000000,0.303000000
18:18:04,160719,50.571369452,-123.514333798,972.607000000,14,0.195000000,0.149000000,0.303000000
18:18:05,160719,50.571369433,-123.514333850,972.603000000,14,0.195000000,0.149000000,0.303000000
18:18:06,160719,50.571369395,-123.514333893,972.602000000,14,0.195000000,0.149000000,0.303000000
18:18:07,160719,50.571369342,-123.514333900,972.603000000,14,0.195000000,0.149000000,0.303000000
18:18:08,160719,50.571369322,-123.514333897,972.610000000,14,0.195000000,0.149000000,0.303000000
18:18:09,160719,50.571369283,-123.514333867,972.615000000,14,0.195000000,0.149000000,0.303000000
18:18:10,160719,50.571369260,-123.514333850,972.620000000,14,0.195000000,0.149000000,0.303000000
18:18:11,160719,50.571369260,-123.514333837,972.628000000,14,0.195000000,0.149000000,0.303000000
18:18:12,160719,50.571369257,-123.514333802,972.643000000,14,0.195000000,0.149000000,0.303000000
18:18:13,160719,50.571369265,-123.514333783,972.655000000,14,0.195000000,0.149000000,0.303000000
18:18:14,160719,50.571369248,-123.514333768,972.662000000,14,0.195000000,0.149000000,0.303000000
18:18:15,160719,50.571369228,-123.514333740,972.678000000,14,0.195000000,0.149000000,0.303000000
18:18:16,160719,50.571369215,-123.514333705,972.682000000,14,0.195000000,0.149000000,0.303000000
18:18:17,160719,50.571369205,-123.514333688,972.693000000,14,0.195000000,0.149000000,0.303000000
18:18:18,160719,50.571369205,-123.514333682,972.703000000,14,0.195000000,0.149000000,0.303000000
18:18:19,160719,50.571369190,-123.514333675,972.707000000,14,0.195000000,0.149000000,0.303000000
18:18:20,160719,50.571369167,-123.514333658,972.713000000,14,0.195000000,0.149000000,0.303000000
18:18:21,160719,50.571369152,-123.514333632,972.721000000,14,0.195000000,0.149000000,0.303000000
18:18:22,160719,50.571369143,-123.514333637,972.732000000,14,0.195000000,0.149000000,0.303000000
18:18:23,160719,50.571369110,-123.514333618,972.738000000,14,0.195000000,0.149000000,0.303000000
18:18:24,160719,50.571369083,-123.514333597,972.738000000,14,0.195000000,0.149000000,0.303000000
18:18:25,160719,50.571369093,-123.514333600,972.737000000,14,0.195000000,0.149000000,0.303000000
18:18:26,160719,50.571369098,-123.514333600,972.735000000,14,0.195000000,0.149000000,0.303000000
18:18:27,160719,50.571369098,-123.514333608,972.736000000,14,0.195000000,0.149000000,0.303000000
18:18:28,160719,50.571369088,-123.514333618,972.740000000,14,0.195000000,0.149000000,0.303000000
18:18:29,160719,50.571369057,-123.514333608,972.745000000,14,0.195000000,0.149000000,0.303000000
18:18:30,160719,50.571369013,-123.514333603,972.746000000,14,0.195000000,0.149000000,0.303000000
18:18:31,160719,50.571368942,-123.514333583,972.746000000,14,0.195000000,0.149000000,0.303000000
18:18:32,160719,50.571368875,-123.514333570,972.746000000,14,0.195000000,0.149000000,0.303000000
18:18:33,160719,50.571368815,-123.514333568,972.748000000,14,0.195000000,0.149000000,0.303000000
18:18:34,160719,50.571368763,-123.514333573,972.749000000,14,0.195000000,0.149000000,0.303000000
18:18:35,160719,50.571368738,-123.514333592,972.748000000,14,0.195000000,0.149000000,0.303000000
18:18:36,160719,50.571368708,-123.514333588,972.750000000,14,0.195000000,0.149000000,0.303000000
18:18:37,160719,50.571368687,-123.514333565,972.749000000,14,0.195000000,0.149000000,0.303000000
18:18:38,160719,50.571368660,-123.514333563,972.751000000,14,0.195000000,0.149000000,0.303000000
18:18:39,160719,50.571368655,-123.514333567,972.749000000,14,0.195000000,0.149000000,0.303000000
18:18:40,160719,50.571368657,-123.514333575,972.751000000,14,0.195000000,0.149000000,0.303000000
18:18:41,160719,50.571368650,-123.514333552,972.745000000,14,0.195000000,0.149000000,0.303000000
18:18:42,160719,50.571368628,-123.514333518,972.741000000,14,0.196000000,0.149000000,0.303000000
18:18:43,160719,50.571368643,-123.514333532,972.742000000,14,0.196000000,0.149000000,0.303000000
18:18:44,160719,50.571368660,-123.514333572,972.746000000,14,0.196000000,0.149000000,0.303000000
18:18:45,160719,50.571368663,-123.514333605,972.747000000,14,0.196000000,0.149000000,0.303000000
18:18:46,160719,50.571368640,-123.514333632,972.749000000,14,0.196000000,0.149000000,0.303000000
18:18:47,160719,50.571368622,-123.514333652,972.748000000,14,0.196000000,0.149000000,0.303000000
18:18:48,160719,50.571368620,-123.514333652,972.747000000,14,0.196000000,0.149000000,0.303000000
18:18:49,160719,50.571368622,-123.514333692,972.746000000,14,0.196000000,0.149000000,0.303000000
18:18:50,160719,50.571368645,-123.514333702,972.743000000,14,0.196000000,0.149000000,0.303000000
18:18:51,160719,50.571368652,-123.514333708,972.739000000,14,0.196000000,0.149000000,0.303000000
18:18:52,160719,50.571368697,-123.514333727,972.738000000,14,0.196000000,0.149000000,0.303000000
18:18:53,160719,50.571368740,-123.514333745,972.738000000,14,0.196000000,0.149000000,0.303000000
18:18:54,160719,50.571368752,-123.514333750,972.739000000,14,0.196000000,0.149000000,0.303000000
18:18:55,160719,50.571368695,-123.514333750,972.738000000,14,0.196000000,0.149000000,0.303000000
18:18:56,160719,50.571368638,-123.514333715,972.740000000,14,0.196000000,0.149000000,0.303000000
18:18:57,160719,50.571368585,-123.514333698,972.738000000,14,0.196000000,0.149000000,0.303000000
18:18:58,160719,50.571368577,-123.514333697,972.734000000,14,0.196000000,0.149000000,0.303000000
18:18:59,160719,50.571368535,-123.514333662,972.729000000,14,0.196000000,0.149000000,0.303000000
18:19:00,160719,50.571368528,-123.514333618,972.724000000,14,0.196000000,0.149000000,0.303000000
18:19:01,160719,50.571368530,-123.514333580,972.717000000,14,0.196000000,0.149000000,0.303000000
18:19:02,160719,50.571368545,-123.514333563,972.712000000,14,0.196000000,0.149000000,0.303000000
18:19:03,160719,50.571368530,-123.514333540,972.708000000,14,0.196000000,0.149000000,0.303000000
18:19:04,160719,50.571368538,-123.514333515,972.704000000,14,0.196000000,0.149000000,0.303000000
18:19:05,160719,50.571368533,-123.514333472,972.699000000,14,0.196000000,0.149000000,0.303000000
18:19:06,160719,50.571368535,-123.514333428,972.696000000,14,0.196000000,0.149000000,0.303000000
18:19:07,160719,50.571368522,-123.514333402,972.693000000,14,0.196000000,0.149000000,0.303000000
18:19:08,160719,50.571368543,-123.514333358,972.693000000,14,0.196000000,0.149000000,0.303000000
18:19:09,160719,50.571368540,-123.514333318,972.695000000,14,0.196000000,0.149000000,0.303000000
18:19:10,160719,50.571368523,-123.514333263,972.688000000,14,0.196000000,0.149000000,0.303000000
18:19:11,160719,50.571368495,-123.514333252,972.686000000,14,0.196000000,0.149000000,0.303000000
18:19:12,160719,50.571368475,-123.514333255,972.681000000,14,0.196000000,0.149000000,0.303000000
18:19:13,160719,50.571368460,-123.514333255,972.673000000,14,0.196000000,0.149000000,0.303000000
18:19:14,160719,50.571368418,-123.514333238,972.665000000,14,0.196000000,0.149000000,0.303000000
18:19:15,160719,50.571368358,-123.514333182,972.654000000,14,0.196000000,0.148000000,0.303000000
18:19:16,160719,50.571368337,-123.514333148,972.645000000,14,0.196000000,0.148000000,0.303000000
18:19:17,160719,50.571368310,-123.514333100,972.645000000,14,0.196000000,0.148000000,0.303000000
18:19:18,160719,50.571368315,-123.514333048,972.638000000,14,0.196000000,0.148000000,0.303000000
18:19:19,160719,50.571368325,-123.514333007,972.631000000,14,0.196000000,0.148000000,0.303000000
18:19:20,160719,50.571368307,-123.514332968,972.624000000,14,0.196000000,0.148000000,0.303000000
18:19:21,160719,50.571368295,-123.514332923,972.625000000,14,0.196000000,0.148000000,0.303000000
18:19:22,160719,50.571368285,-123.514332902,972.621000000,14,0.196000000,0.148000000,0.303000000
18:19:23,160719,50.571368288,-123.514332905,972.616000000,14,0.196000000,0.148000000,0.303000000
18:19:24,160719,50.571368257,-123.514332878,972.618000000,14,0.196000000,0.148000000,0.303000000
18:19:25,160719,50.571368200,-123.514332815,972.619000000,14,0.196000000,0.148000000,0.303000000
18:19:26,160719,50.571368195,-123.514332792,972.610000000,14,0.196000000,0.148000000,0.303000000
18:19:27,160719,50.571368180,-123.514332747,972.608000000,14,0.196000000,0.148000000,0.303000000
18:19:28,160719,50.571368187,-123.514332713,972.606000000,14,0.196000000,0.148000000,0.303000000
18:19:29,160719,50.571368172,-123.514332653,972.600000000,14,0.196000000,0.148000000,0.303000000
18:19:30,160719,50.571368177,-123.514332675,972.588000000,14,0.196000000,0.148000000,0.303000000
18:19:31,160719,50.571368225,-123.514332657,972.588000000,14,0.196000000,0.148000000,0.303000000
18:19:32,160719,50.571368288,-123.514332627,972.591000000,14,0.196000000,0.148000000,0.303000000
18:19:33,160719,50.571368310,-123.514332560,972.597000000,14,0.196000000,0.148000000,0.303000000
18:19:34,160719,50.571368318,-123.514332520,972.603000000,14,0.196000000,0.148000000,0.303000000
18:19:35,160719,50.571368340,-123.514332485,972.605000000,14,0.196000000,0.148000000,0.303000000
18:19:36,160719,50.571368347,-123.514332455,972.608000000,14,0.196000000,0.148000000,0.302000000
18:19:37,160719,50.571368340,-123.514332422,972.613000000,14,0.196000000,0.148000000,0.302000000
18:19:38,160719,50.571368358,-123.514332432,972.612000000,14,0.196000000,0.148000000,0.302000000
18:19:39,160719,50.571368358,-123.514332400,972.616000000,14,0.196000000,0.148000000,0.302000000
18:19:40,160719,50.571368360,-123.514332388,972.620000000,14,0.196000000,0.148000000,0.302000000
18:19:41,160719,50.571368370,-123.514332377,972.620000000,14,0.196000000,0.148000000,0.302000000
18:19:42,160719,50.571368402,-123.514332358,972.621000000,14,0.196000000,0.148000000,0.302000000
18:19:43,160719,50.571368440,-123.514332387,972.615000000,14,0.196000000,0.148000000,0.302000000
18:19:44,160719,50.571368472,-123.514332412,972.615000000,14,0.196000000,0.148000000,0.302000000
18:19:45,160719,50.571368493,-123.514332445,972.609000000,14,0.196000000,0.148000000,0.302000000
18:19:46,160719,50.571368505,-123.514332495,972.603000000,14,0.196000000,0.148000000,0.302000000
18:19:47,160719,50.571368510,-123.514332548,972.594000000,14,0.196000000,0.148000000,0.302000000
18:19:48,160719,50.571368518,-123.514332567,972.589000000,14,0.196000000,0.148000000,0.302000000
18:19:49,160719,50.571368553,-123.514332587,972.584000000,14,0.196000000,0.148000000,0.302000000
18:19:50,160719,50.571368585,-123.514332588,972.587000000,14,0.196000000,0.148000000,0.302000000
18:19:51,160719,50.571368602,-123.514332612,972.583000000,14,0.196000000,0.148000000,0.302000000
18:19:52,160719,50.571368587,-123.514332627,972.584000000,14,0.196000000,0.148000000,0.302000000
18:19:53,160719,50.571368578,-123.514332657,972.581000000,14,0.196000000,0.148000000,0.302000000
18:19:54,160719,50.571368587,-123.514332650,972.582000000,14,0.196000000,0.148000000,0.302000000
18:19:55,160719,50.571368585,-123.514332648,972.583000000,14,0.196000000,0.148000000,0.302000000
18:19:56,160719,50.571368577,-123.514332633,972.586000000,14,0.196000000,0.148000000,0.302000000
18:19:57,160719,50.571368587,-123.514332670,972.587000000,14,0.196000000,0.148000000,0.302000000
18:19:58,160719,50.571368552,-123.514332693,972.583000000,14,0.196000000,0.148000000,0.302000000
18:19:59,160719,50.571368515,-123.514332715,972.581000000,14,0.196000000,0.148000000,0.302000000
18:20:00,160719,50.571368510,-123.514332740,972.580000000,14,0.196000000,0.148000000,0.302000000
18:20:01,160719,50.571368550,-123.514332775,972.578000000,14,0.196000000,0.148000000,0.302000000
18:20:02,160719,50.571368575,-123.514332823,972.574000000,14,0.196000000,0.148000000,0.302000000
18:20:03,160719,50.571368600,-123.514332825,972.576000000,14,0.196000000,0.148000000,0.302000000
18:20:04,160719,50.571368612,-123.514332840,972.575000000,14,0.196000000,0.148000000,0.302000000
18:20:05,160719,50.571368618,-123.514332825,972.577000000,14,0.196000000,0.148000000,0.302000000
18:20:06,160719,50.571368620,-123.514332843,972.576000000,14,0.196000000,0.148000000,0.302000000
18:20:07,160719,50.571368627,-123.514332843,972.579000000,14,0.196000000,0.148000000,0.302000000
18:20:08,160719,50.571368640,-123.514332832,972.586000000,14,0.196000000,0.148000000,0.302000000
18:20:09,160719,50.571368623,-123.514332840,972.587000000,14,0.196000000,0.148000000,0.302000000
18:20:10,160719,50.571368593,-123.514332828,972.585000000,14,0.196000000,0.148000000,0.302000000
18:20:11,160719,50.571368582,-123.514332832,972.588000000,14,0.196000000,0.148000000,0.302000000
18:20:12,160719,50.571368607,-123.514332820,972.591000000,15,0.190000000,0.139000000,0.273000000
18:20:13,160719,50.571368630,-123.514332845,972.592000000,15,0.190000000,0.139000000,0.273000000
18:20:14,160719,50.571368655,-123.514332890,972.588000000,14,0.196000000,0.148000000,0.302000000
18:20:15,160719,50.571368662,-123.514332925,972.585000000,15,0.190000000,0.139000000,0.273000000
18:20:16,160719,50.571368692,-123.514332962,972.580000000,15,0.190000000,0.139000000,0.273000000
18:20:17,160719,50.571368698,-123.514332952,972.576000000,15,0.190000000,0.139000000,0.273000000
18:20:18,160719,50.571368692,-123.514332983,972.573000000,15,0.190000000,0.140000000,0.273000000
18:20:19,160719,50.571368688,-123.514333000,972.572000000,15,0.190000000,0.140000000,0.273000000
18:20:20,160719,50.571368675,-123.514333010,972.568000000,15,0.190000000,0.140000000,0.273000000
18:20:21,160719,50.571368672,-123.514332977,972.570000000,15,0.190000000,0.140000000,0.274000000
18:20:22,160719,50.571368678,-123.514332982,972.568000000,15,0.190000000,0.140000000,0.274000000
18:20:23,160719,50.571368677,-123.514332983,972.564000000,15,0.190000000,0.140000000,0.274000000
18:20:24,160719,50.571368630,-123.514332975,972.566000000,15,0.190000000,0.140000000,0.274000000
18:20:25,160719,50.571368577,-123.514332965,972.561000000,15,0.190000000,0.140000000,0.274000000
18:20:26,160719,50.571368528,-123.514332995,972.553000000,15,0.190000000,0.140000000,0.274000000
18:20:27,160719,50.571368493,-123.514332993,972.549000000,15,0.190000000,0.140000000,0.274000000
18:20:28,160719,50.571368462,-123.514333023,972.543000000,15,0.190000000,0.140000000,0.274000000
18:20:29,160719,50.571368422,-123.514333033,972.541000000,15,0.190000000,0.140000000,0.274000000
18:20:30,160719,50.571368428,-123.514333048,972.543000000,15,0.190000000,0.140000000,0.274000000
18:20:31,160719,50.571368457,-123.514333045,972.547000000,15,0.190000000,0.140000000,0.274000000
18:20:32,160719,50.571368480,-123.514333043,972.553000000,15,0.190000000,0.140000000,0.274000000
18:20:33,160719,50.571368497,-123.514333032,972.556000000,15,0.190000000,0.140000000,0.274000000
18:20:34,160719,50.571368490,-123.514332982,972.557000000,15,0.190000000,0.140000000,0.274000000
18:20:35,160719,50.571368520,-123.514332973,972.558000000,15,0.190000000,0.140000000,0.274000000
18:20:36,160719,50.571368567,-123.514332977,972.561000000,15,0.190000000,0.140000000,0.274000000
18:20:37,160719,50.571368585,-123.514332982,972.560000000,15,0.190000000,0.140000000,0.274000000
18:20:38,160719,50.571368595,-123.514332993,972.557000000,15,0.190000000,0.140000000,0.274000000
18:20:39,160719,50.571368607,-123.514332975,972.555000000,15,0.190000000,0.140000000,0.274000000
18:20:40,160719,50.571368643,-123.514332975,972.554000000,15,0.190000000,0.140000000,0.274000000
18:20:41,160719,50.571368655,-123.514332968,972.556000000,15,0.190000000,0.140000000,0.274000000
18:20:42,160719,50.571368665,-123.514332968,972.560000000,15,0.190000000,0.140000000,0.274000000
18:20:43,160719,50.571368663,-123.514332990,972.561000000,15,0.190000000,0.140000000,0.274000000
18:20:44,160719,50.571368655,-123.514333013,972.565000000,15,0.190000000,0.140000000,0.274000000
18:20:45,160719,50.571368638,-123.514333008,972.568000000,15,0.190000000,0.140000000,0.274000000
18:20:46,160719,50.571368622,-123.514333008,972.570000000,15,0.190000000,0.140000000,0.274000000
18:20:47,160719,50.571368632,-123.514333003,972.573000000,15,0.190000000,0.140000000,0.274000000
18:20:48,160719,50.571368652,-123.514333007,972.578000000,15,0.190000000,0.140000000,0.274000000
18:20:49,160719,50.571368667,-123.514332990,972.581000000,15,0.190000000,0.140000000,0.274000000
18:20:50,160719,50.571368678,-123.514333023,972.577000000,15,0.190000000,0.140000000,0.274000000
18:20:51,160719,50.571368667,-123.514333005,972.577000000,15,0.190000000,0.140000000,0.274000000
18:20:52,160719,50.571368632,-123.514332913,972.588000000,15,0.190000000,0.140000000,0.274000000
18:20:53,160719,50.571368632,-123.514332933,972.589000000,15,0.190000000,0.140000000,0.274000000
18:20:54,160719,50.571368643,-123.514332957,972.590000000,15,0.190000000,0.140000000,0.274000000
18:20:55,160719,50.571368625,-123.514332977,972.595000000,15,0.190000000,0.140000000,0.274000000
18:20:56,160719,50.571368612,-123.514333017,972.606000000,15,0.190000000,0.140000000,0.274000000
18:20:57,160719,50.571368593,-123.514333047,972.610000000,15,0.190000000,0.140000000,0.274000000
18:20:58,160719,50.571368595,-123.514333062,972.617000000,15,0.190000000,0.140000000,0.274000000
18:20:59,160719,50.571368587,-123.514333087,972.620000000,15,0.190000000,0.140000000,0.274000000
18:21:00,160719,50.571368562,-123.514333107,972.624000000,15,0.190000000,0.140000000,0.274000000
18:21:01,160719,50.571368505,-123.514333138,972.621000000,15,0.190000000,0.140000000,0.274000000
18:21:02,160719,50.571368445,-123.514333168,972.619000000,15,0.190000000,0.140000000,0.274000000
18:21:03,160719,50.571368387,-123.514333182,972.619000000,15,0.190000000,0.140000000,0.274000000
18:21:04,160719,50.571368368,-123.514333215,972.617000000,15,0.190000000,0.140000000,0.274000000
18:21:05,160719,50.571368363,-123.514333230,972.616000000,15,0.190000000,0.140000000,0.274000000
18:21:06,160719,50.571368313,-123.514333255,972.617000000,15,0.190000000,0.140000000,0.274000000
18:21:07,160719,50.571368242,-123.514333267,972.620000000,15,0.190000000,0.140000000,0.274000000
18:21:08,160719,50.571368177,-123.514333315,972.620000000,15,0.190000000,0.140000000,0.274000000
18:21:09,160719,50.571368147,-123.514333372,972.621000000,15,0.190000000,0.140000000,0.274000000
18:21:10,160719,50.571368112,-123.514333425,972.623000000,15,0.190000000,0.140000000,0.274000000
18:21:11,160719,50.571368080,-123.514333477,972.622000000,14,0.190000000,0.140000000,0.274000000
18:21:12,160719,50.571368035,-123.514333480,972.623000000,14,0.192000000,0.167000000,0.321000000
18:21:13,160719,50.571368047,-123.514333478,972.629000000,14,0.192000000,0.167000000,0.321000000
18:21:14,160719,50.571368077,-123.514333500,972.635000000,14,0.192000000,0.167000000,0.321000000
18:21:15,160719,50.571368103,-123.514333498,972.642000000,14,0.192000000,0.167000000,0.321000000
18:21:16,160719,50.571368112,-123.514333495,972.644000000,14,0.192000000,0.167000000,0.321000000
18:21:17,160719,50.571368110,-123.514333480,972.646000000,14,0.192000000,0.167000000,0.321000000
18:21:18,160719,50.571368098,-123.514333480,972.644000000,14,0.192000000,0.167000000,0.321000000
18:21:19,160719,50.571368093,-123.514333493,972.641000000,14,0.192000000,0.167000000,0.321000000
18:21:20,160719,50.571368052,-123.514333508,972.639000000,14,0.192000000,0.167000000,0.321000000
18:21:21,160719,50.571368013,-123.514333508,972.639000000,14,0.192000000,0.167000000,0.321000000
18:21:22,160719,50.571367990,-123.514333502,972.636000000,15,0.190000000,0.140000000,0.274000000
18:21:23,160719,50.571367955,-123.514333510,972.634000000,15,0.190000000,0.140000000,0.274000000
18:21:24,160719,50.571367915,-123.514333503,972.632000000,14,0.192000000,0.167000000,0.321000000
18:21:25,160719,50.571367893,-123.514333517,972.628000000,15,0.190000000,0.140000000,0.274000000
18:21:26,160719,50.571367858,-123.514333513,972.629000000,15,0.190000000,0.140000000,0.274000000
18:21:27,160719,50.571367807,-123.514333488,972.630000000,14,0.192000000,0.167000000,0.321000000
18:21:28,160719,50.571367762,-123.514333478,972.627000000,15,0.192000000,0.167000000,0.321000000
18:21:29,160719,50.571367727,-123.514333457,972.629000000,15,0.190000000,0.140000000,0.274000000
18:21:30,160719,50.571367735,-123.514333432,972.633000000,14,0.192000000,0.167000000,0.321000000
18:21:31,160719,50.571367748,-123.514333412,972.639000000,15,0.190000000,0.140000000,0.274000000
18:21:32,160719,50.571367780,-123.514333393,972.640000000,14,0.190000000,0.140000000,0.274000000
18:21:33,160719,50.571367783,-123.514333387,972.638000000,15,0.192000000,0.168000000,0.321000000
18:21:34,160719,50.571367788,-123.514333353,972.641000000,15,0.190000000,0.140000000,0.274000000
18:21:35,160719,50.571367785,-123.514333310,972.643000000,15,0.190000000,0.140000000,0.274000000
18:21:36,160719,50.571367790,-123.514333313,972.646000000,15,0.190000000,0.140000000,0.274000000
18:21:37,160719,50.571367787,-123.514333288,972.646000000,15,0.190000000,0.140000000,0.274000000
18:21:38,160719,50.571367788,-123.514333250,972.648000000,15,0.190000000,0.140000000,0.274000000
18:21:39,160719,50.571367800,-123.514333220,972.650000000,15,0.190000000,0.140000000,0.274000000
18:21:40,160719,50.571367813,-123.514333190,972.653000000,15,0.190000000,0.140000000,0.274000000
18:21:41,160719,50.571367845,-123.514333155,972.658000000,15,0.190000000,0.140000000,0.274000000
18:21:42,160719,50.571367868,-123.514333123,972.663000000,15,0.190000000,0.140000000,0.274000000
18:21:43,160719,50.571367855,-123.514333112,972.666000000,15,0.190000000,0.140000000,0.274000000
18:21:44,160719,50.571367835,-123.514333103,972.669000000,15,0.190000000,0.140000000,0.274000000
18:21:45,160719,50.571367837,-123.514333095,972.671000000,15,0.190000000,0.140000000,0.274000000
18:21:46,160719,50.571367820,-123.514333103,972.674000000,15,0.190000000,0.140000000,0.274000000
18:21:47,160719,50.571367808,-123.514333093,972.673000000,15,0.190000000,0.140000000,0.274000000
18:21:48,160719,50.571367780,-123.514333130,972.673000000,15,0.190000000,0.140000000,0.274000000
18:21:49,160719,50.571367727,-123.514333107,972.676000000,15,0.190000000,0.140000000,0.274000000
18:21:50,160719,50.571367698,-123.514333122,972.672000000,15,0.190000000,0.140000000,0.274000000
18:21:51,160719,50.571367687,-123.514333097,972.671000000,15,0.190000000,0.140000000,0.274000000
18:21:52,160719,50.571367673,-123.514333072,972.671000000,15,0.190000000,0.140000000,0.274000000
18:21:53,160719,50.571367672,-123.514333068,972.671000000,15,0.190000000,0.140000000,0.274000000
18:21:54,160719,50.571367680,-123.514333070,972.673000000,15,0.190000000,0.140000000,0.274000000
18:21:55,160719,50.571367718,-123.514333067,972.674000000,15,0.190000000,0.140000000,0.274000000
18:21:56,160719,50.571367750,-123.514333058,972.672000000,15,0.190000000,0.140000000,0.274000000
18:21:57,160719,50.571367753,-123.514333038,972.672000000,15,0.190000000,0.140000000,0.274000000
18:21:58,160719,50.571367760,-123.514332982,972.675000000,15,0.190000000,0.140000000,0.274000000
18:21:59,160719,50.571367752,-123.514332958,972.676000000,15,0.190000000,0.140000000,0.274000000
18:22:00,160719,50.571367750,-123.514332920,972.679000000,15,0.190000000,0.140000000,0.274000000
18:22:01,160719,50.571367778,-123.514332910,972.681000000,15,0.190000000,0.140000000,0.274000000
18:22:02,160719,50.571367780,-123.514332897,972.682000000,15,0.190000000,0.140000000,0.274000000
18:22:03,160719,50.571367780,-123.514332863,972.684000000,15,0.190000000,0.140000000,0.274000000
18:22:04,160719,50.571367767,-123.514332855,972.682000000,15,0.190000000,0.140000000,0.274000000
18:22:05,160719,50.571367760,-123.514332845,972.682000000,15,0.190000000,0.140000000,0.274000000
18:22:06,160719,50.571367740,-123.514332832,972.682000000,15,0.190000000,0.140000000,0.274000000
18:22:07,160719,50.571367723,-123.514332848,972.680000000,15,0.191000000,0.140000000,0.274000000
18:22:08,160719,50.571367702,-123.514332830,972.677000000,15,0.191000000,0.140000000,0.274000000
18:22:09,160719,50.571367682,-123.514332822,972.673000000,15,0.191000000,0.140000000,0.274000000
18:22:10,160719,50.571367643,-123.514332812,972.669000000,15,0.191000000,0.140000000,0.274000000
18:22:11,160719,50.571367603,-123.514332810,972.668000000,15,0.191000000,0.140000000,0.274000000
18:22:12,160719,50.571367567,-123.514332830,972.667000000,15,0.191000000,0.140000000,0.274000000
18:22:13,160719,50.571367558,-123.514332820,972.665000000,15,0.191000000,0.140000000,0.274000000
18:22:14,160719,50.571367555,-123.514332805,972.663000000,15,0.191000000,0.140000000,0.274000000
18:22:15,160719,50.571367525,-123.514332788,972.659000000,15,0.191000000,0.140000000,0.274000000
18:22:16,160719,50.571367498,-123.514332777,972.655000000,15,0.191000000,0.140000000,0.275000000
18:22:17,160719,50.571367490,-123.514332767,972.652000000,15,0.191000000,0.140000000,0.275000000
18:22:18,160719,50.571367510,-123.514332777,972.652000000,15,0.191000000,0.140000000,0.275000000
18:22:19,160719,50.571367523,-123.514332773,972.648000000,15,0.191000000,0.140000000,0.275000000
18:22:20,160719,50.571367530,-123.514332770,972.648000000,15,0.191000000,0.140000000,0.275000000
18:22:21,160719,50.571367533,-123.514332770,972.643000000,15,0.191000000,0.140000000,0.275000000
18:22:22,160719,50.571367543,-123.514332730,972.644000000,15,0.191000000,0.140000000,0.275000000
18:22:23,160719,50.571367560,-123.514332735,972.646000000,15,0.191000000,0.140000000,0.275000000
18:22:24,160719,50.571367590,-123.514332732,972.647000000,15,0.191000000,0.140000000,0.275000000
18:22:25,160719,50.571367618,-123.514332722,972.643000000,15,0.191000000,0.140000000,0.275000000
18:22:26,160719,50.571367637,-123.514332723,972.641000000,15,0.191000000,0.140000000,0.275000000
18:22:27,160719,50.571367668,-123.514332722,972.639000000,15,0.191000000,0.140000000,0.275000000
18:22:28,160719,50.571367697,-123.514332735,972.642000000,15,0.191000000,0.140000000,0.275000000
18:22:29,160719,50.571367708,-123.514332752,972.641000000,15,0.191000000,0.140000000,0.275000000
18:22:30,160719,50.571367690,-123.514332773,972.638000000,15,0.191000000,0.140000000,0.275000000
18:22:31,160719,50.571367625,-123.514332782,972.634000000,15,0.191000000,0.140000000,0.275000000
18:22:32,160719,50.571367568,-123.514332768,972.629000000,15,0.191000000,0.140000000,0.275000000
18:22:33,160719,50.571367517,-123.514332783,972.624000000,15,0.191000000,0.140000000,0.275000000
18:22:34,160719,50.571367468,-123.514332792,972.619000000,15,0.191000000,0.140000000,0.275000000
18:22:35,160719,50.571367442,-123.514332832,972.619000000,14,0.192000000,0.169000000,0.322000000
18:22:36,160719,50.571367420,-123.514332843,972.615000000,14,0.192000000,0.169000000,0.322000000
18:22:37,160719,50.571367395,-123.514332813,972.617000000,14,0.192000000,0.169000000,0.322000000
18:22:38,160719,50.571367395,-123.514332812,972.616000000,14,0.192000000,0.169000000,0.322000000
18:22:39,160719,50.571367390,-123.514332808,972.614000000,14,0.192000000,0.169000000,0.322000000
18:22:40,160719,50.571367378,-123.514332803,972.613000000,14,0.192000000,0.169000000,0.322000000
18:22:41,160719,50.571367370,-123.514332822,972.611000000,14,0.192000000,0.169000000,0.322000000
18:22:42,160719,50.571367413,-123.514332862,972.608000000,14,0.192000000,0.169000000,0.322000000
18:22:43,160719,50.571367450,-123.514332883,972.606000000,14,0.192000000,0.169000000,0.322000000
18:22:44,160719,50.571367468,-123.514332928,972.601000000,14,0.192000000,0.169000000,0.322000000
18:22:45,160719,50.571367493,-123.514332945,972.605000000,14,0.192000000,0.169000000,0.322000000
18:22:46,160719,50.571367520,-123.514332965,972.604000000,14,0.192000000,0.169000000,0.322000000
18:22:47,160719,50.571367525,-123.514332985,972.602000000,13,0.200000000,0.173000000,0.352000000
18:22:48,160719,50.571367523,-123.514333010,972.603000000,13,0.200000000,0.173000000,0.352000000
18:22:49,160719,50.571367483,-123.514333028,972.601000000,13,0.200000000,0.173000000,0.352000000
18:22:50,160719,50.571367488,-123.514333053,972.598000000,13,0.200000000,0.173000000,0.352000000
18:22:51,160719,50.571367467,-123.514333087,972.595000000,13,0.200000000,0.173000000,0.352000000
18:22:52,160719,50.571367435,-123.514333093,972.595000000,14,0.192000000,0.169000000,0.322000000
18:22:53,160719,50.571367437,-123.514333100,972.593000000,14,0.192000000,0.169000000,0.322000000
18:22:54,160719,50.571367420,-123.514333128,972.592000000,13,0.200000000,0.173000000,0.352000000
18:22:55,160719,50.571367407,-123.514333143,972.591000000,14,0.192000000,0.169000000,0.322000000
18:22:56,160719,50.571367408,-123.514333145,972.595000000,14,0.192000000,0.169000000,0.322000000
18:22:57,160719,50.571367423,-123.514333165,972.594000000,14,0.192000000,0.169000000,0.322000000
18:22:58,160719,50.571367420,-123.514333172,972.590000000,14,0.192000000,0.169000000,0.322000000
18:22:59,160719,50.571367413,-123.514333157,972.590000000,15,0.191000000,0.141000000,0.275000000
18:23:00,160719,50.571367420,-123.514333168,972.591000000,15,0.191000000,0.141000000,0.275000000
18:23:01,160719,50.571367442,-123.514333165,972.591000000,15,0.191000000,0.141000000,0.275000000
18:23:02,160719,50.571367457,-123.514333145,972.596000000,15,0.191000000,0.141000000,0.275000000
18:23:03,160719,50.571367465,-123.514333155,972.597000000,15,0.191000000,0.141000000,0.275000000
18:23:04,160719,50.571367483,-123.514333142,972.599000000,15,0.191000000,0.141000000,0.275000000
18:23:05,160719,50.571367495,-123.514333140,972.602000000,15,0.191000000,0.141000000,0.275000000
18:23:06,160719,50.571367507,-123.514333168,972.602000000,15,0.191000000,0.141000000,0.275000000
18:23:07,160719,50.571367502,-123.514333177,972.597000000,15,0.191000000,0.141000000,0.275000000
18:23:08,160719,50.571367480,-123.514333202,972.599000000,15,0.191000000,0.141000000,0.275000000
18:23:09,160719,50.571367458,-123.514333222,972.598000000,15,0.191000000,0.141000000,0.275000000
18:23:10,160719,50.571367475,-123.514333288,972.597000000,15,0.191000000,0.141000000,0.275000000
18:23:11,160719,50.571367492,-123.514333312,972.597000000,15,0.191000000,0.141000000,0.275000000
18:23:12,160719,50.571367505,-123.514333327,972.600000000,15,0.191000000,0.141000000,0.275000000
18:23:13,160719,50.571367510,-123.514333333,972.604000000,14,0.198000000,0.148000000,0.301000000
18:23:14,160719,50.571367538,-123.514333367,972.608000000,14,0.198000000,0.148000000,0.301000000
18:23:15,160719,50.571367578,-123.514333393,972.613000000,14,0.198000000,0.148000000,0.301000000
18:23:16,160719,50.571367633,-123.514333448,972.610000000,14,0.198000000,0.148000000,0.301000000
18:23:17,160719,50.571367650,-123.514333490,972.608000000,14,0.198000000,0.148000000,0.301000000
18:23:18,160719,50.571367658,-123.514333513,972.608000000,14,0.198000000,0.148000000,0.301000000
18:23:19,160719,50.571367658,-123.514333533,972.608000000,14,0.198000000,0.148000000,0.301000000
18:23:20,160719,50.571367667,-123.514333565,972.607000000,14,0.198000000,0.148000000,0.301000000
18:23:21,160719,50.571367663,-123.514333618,972.601000000,14,0.198000000,0.148000000,0.301000000
18:23:22,160719,50.571367630,-123.514333630,972.601000000,14,0.198000000,0.148000000,0.301000000
18:23:23,160719,50.571367630,-123.514333658,972.596000000,14,0.198000000,0.148000000,0.301000000
18:23:24,160719,50.571367612,-123.514333663,972.594000000,14,0.198000000,0.148000000,0.301000000
18:23:25,160719,50.571367617,-123.514333667,972.591000000,14,0.198000000,0.148000000,0.301000000
18:23:26,160719,50.571367590,-123.514333648,972.591000000,14,0.198000000,0.148000000,0.301000000
18:23:27,160719,50.571367585,-123.514333675,972.590000000,14,0.198000000,0.148000000,0.301000000
18:23:28,160719,50.571367600,-123.514333697,972.589000000,14,0.198000000,0.148000000,0.301000000
18:23:29,160719,50.571367618,-123.514333732,972.586000000,14,0.198000000,0.148000000,0.301000000
18:23:30,160719,50.571367608,-123.514333752,972.585000000,14,0.198000000,0.148000000,0.301000000
18:23:31,160719,50.571367593,-123.514333752,972.583000000,14,0.198000000,0.148000000,0.301000000
18:23:32,160719,50.571367600,-123.514333787,972.581000000,14,0.198000000,0.148000000,0.301000000
18:23:33,160719,50.571367608,-123.514333792,972.584000000,14,0.198000000,0.148000000,0.301000000
18:23:34,160719,50.571367650,-123.514333800,972.586000000,14,0.198000000,0.148000000,0.301000000
18:23:35,160719,50.571367665,-123.514333800,972.582000000,14,0.198000000,0.148000000,0.301000000
18:23:36,160719,50.571367647,-123.514333740,972.575000000,14,0.198000000,0.148000000,0.301000000
18:23:37,160719,50.571367642,-123.514333707,972.578000000,14,0.198000000,0.148000000,0.301000000
18:23:38,160719,50.571367662,-123.514333703,972.583000000,14,0.198000000,0.148000000,0.301000000
18:23:39,160719,50.571367690,-123.514333695,972.584000000,14,0.198000000,0.148000000,0.301000000
18:23:40,160719,50.571367687,-123.514333753,972.582000000,14,0.198000000,0.148000000,0.301000000
18:23:41,160719,50.571367707,-123.514333813,972.583000000,14,0.198000000,0.148000000,0.301000000
18:23:42,160719,50.571367707,-123.514333840,972.587000000,14,0.198000000,0.148000000,0.301000000
18:23:43,160719,50.571367662,-123.514333845,972.587000000,14,0.198000000,0.148000000,0.301000000
18:23:44,160719,50.571367613,-123.514333860,972.584000000,14,0.198000000,0.148000000,0.301000000
18:23:45,160719,50.571367565,-123.514333885,972.583000000,14,0.198000000,0.148000000,0.301000000
18:23:46,160719,50.571367525,-123.514333920,972.582000000,14,0.198000000,0.148000000,0.301000000
18:23:47,160719,50.571367487,-123.514333943,972.578000000,14,0.198000000,0.148000000,0.301000000
18:23:48,160719,50.571367458,-123.514333913,972.578000000,14,0.198000000,0.148000000,0.301000000
18:23:49,160719,50.571367457,-123.514333905,972.577000000,14,0.198000000,0.148000000,0.301000000
18:23:50,160719,50.571367470,-123.514333885,972.578000000,14,0.198000000,0.148000000,0.301000000
18:23:51,160719,50.571367503,-123.514333882,972.579000000,14,0.198000000,0.148000000,0.301000000
18:23:52,160719,50.571367517,-123.514333872,972.580000000,14,0.198000000,0.148000000,0.301000000
18:23:53,160719,50.571367515,-123.514333853,972.582000000,14,0.198000000,0.148000000,0.301000000
18:23:54,160719,50.571367530,-123.514333850,972.583000000,14,0.198000000,0.148000000,0.301000000
18:23:55,160719,50.571367575,-123.514333842,972.582000000,14,0.198000000,0.148000000,0.301000000
18:23:56,160719,50.571367630,-123.514333840,972.587000000,14,0.198000000,0.148000000,0.301000000
18:23:57,160719,50.571367660,-123.514333830,972.593000000,14,0.198000000,0.148000000,0.301000000
18:23:58,160719,50.571367710,-123.514333835,972.594000000,14,0.198000000,0.148000000,0.301000000
18:23:59,160719,50.571367752,-123.514333795,972.598000000,14,0.198000000,0.148000000,0.301000000
18:24:00,160719,50.571367753,-123.514333757,972.598000000,15,0.191000000,0.141000000,0.275000000
18:24:01,160719,50.571367733,-123.514333723,972.599000000,15,0.191000000,0.141000000,0.275000000
18:24:02,160719,50.571367715,-123.514333672,972.600000000,15,0.191000000,0.141000000,0.275000000
18:24:03,160719,50.571367707,-123.514333642,972.603000000,14,0.198000000,0.148000000,0.301000000
18:24:04,160719,50.571367718,-123.514333618,972.604000000,15,0.191000000,0.141000000,0.275000000
18:24:05,160719,50.571367738,-123.514333627,972.608000000,15,0.191000000,0.141000000,0.275000000
18:24:06,160719,50.571367737,-123.514333610,972.609000000,14,0.198000000,0.148000000,0.301000000
18:24:07,160719,50.571367732,-123.514333577,972.611000000,15,0.191000000,0.141000000,0.275000000
18:24:08,160719,50.571367742,-123.514333588,972.611000000,14,0.198000000,0.148000000,0.301000000
18:24:09,160719,50.571367725,-123.514333560,972.619000000,15,0.191000000,0.141000000,0.275000000
18:24:10,160719,50.571367733,-123.514333562,972.620000000,15,0.191000000,0.141000000,0.275000000
18:24:11,160719,50.571367717,-123.514333533,972.623000000,15,0.191000000,0.141000000,0.275000000
18:24:12,160719,50.571367712,-123.514333538,972.623000000,15,0.191000000,0.141000000,0.275000000
18:24:13,160719,50.571367717,-123.514333515,972.624000000,15,0.191000000,0.141000000,0.275000000
18:24:14,160719,50.571367718,-123.514333480,972.624000000,15,0.191000000,0.141000000,0.275000000
18:24:15,160719,50.571367737,-123.514333462,972.623000000,15,0.191000000,0.141000000,0.275000000
18:24:16,160719,50.571367753,-123.514333427,972.627000000,15,0.191000000,0.141000000,0.275000000
18:24:17,160719,50.571367783,-123.514333420,972.624000000,15,0.191000000,0.141000000,0.275000000
18:24:18,160719,50.571367803,-123.514333423,972.623000000,15,0.191000000,0.141000000,0.275000000
18:24:19,160719,50.571367815,-123.514333430,972.620000000,15,0.191000000,0.141000000,0.275000000
18:24:20,160719,50.571367798,-123.514333445,972.619000000,15,0.191000000,0.141000000,0.275000000
18:24:21,160719,50.571367808,-123.514333457,972.614000000,15,0.191000000,0.141000000,0.275000000
18:24:22,160719,50.571367798,-123.514333475,972.612000000,15,0.191000000,0.141000000,0.275000000
18:24:23,160719,50.571367793,-123.514333477,972.609000000,15,0.191000000,0.141000000,0.275000000
18:24:24,160719,50.571367780,-123.514333448,972.610000000,15,0.191000000,0.141000000,0.276000000
18:24:25,160719,50.571367768,-123.514333390,972.611000000,15,0.191000000,0.141000000,0.276000000
18:24:26,160719,50.571367792,-123.514333372,972.615000000,15,0.191000000,0.141000000,0.276000000
18:24:27,160719,50.571367827,-123.514333363,972.621000000,15,0.191000000,0.141000000,0.276000000
18:24:28,160719,50.571367852,-123.514333385,972.622000000,15,0.191000000,0.141000000,0.276000000
18:24:29,160719,50.571367860,-123.514333342,972.626000000,15,0.191000000,0.141000000,0.276000000
18:24:30,160719,50.571367860,-123.514333348,972.628000000,15,0.191000000,0.141000000,0.276000000
18:24:31,160719,50.571367873,-123.514333385,972.623000000,15,0.191000000,0.141000000,0.276000000
18:24:32,160719,50.571367862,-123.514333395,972.619000000,15,0.191000000,0.141000000,0.276000000
18:24:33,160719,50.571367823,-123.514333395,972.616000000,15,0.191000000,0.141000000,0.276000000
18:24:34,160719,50.571367787,-123.514333405,972.613000000,15,0.191000000,0.141000000,0.276000000
18:24:35,160719,50.571367778,-123.514333410,972.611000000,15,0.191000000,0.141000000,0.276000000
18:24:36,160719,50.571367818,-123.514333390,972.617000000,15,0.191000000,0.141000000,0.276000000
18:24:37,160719,50.571367898,-123.514333397,972.624000000,15,0.191000000,0.141000000,0.276000000
18:24:38,160719,50.571367970,-123.514333410,972.628000000,15,0.191000000,0.141000000,0.276000000
18:24:39,160719,50.571368000,-123.514333402,972.629000000,15,0.191000000,0.141000000,0.276000000
18:24:40,160719,50.571368025,-123.514333392,972.629000000,15,0.191000000,0.141000000,0.276000000
18:24:41,160719,50.571368062,-123.514333397,972.632000000,15,0.191000000,0.141000000,0.276000000
18:24:42,160719,50.571368110,-123.514333410,972.637000000,15,0.191000000,0.141000000,0.276000000
18:24:43,160719,50.571368132,-123.514333402,972.638000000,15,0.191000000,0.141000000,0.276000000
18:24:44,160719,50.571368118,-123.514333390,972.638000000,15,0.191000000,0.141000000,0.276000000
18:24:45,160719,50.571368110,-123.514333380,972.635000000,15,0.191000000,0.141000000,0.276000000
18:24:46,160719,50.571368115,-123.514333385,972.633000000,15,0.191000000,0.141000000,0.276000000
18:24:47,160719,50.571368122,-123.514333363,972.635000000,15,0.191000000,0.141000000,0.276000000
18:24:48,160719,50.571368127,-123.514333355,972.636000000,14,0.199000000,0.148000000,0.301000000
18:24:49,160719,50.571368115,-123.514333305,972.635000000,14,0.199000000,0.148000000,0.301000000
18:24:50,160719,50.571368108,-123.514333323,972.632000000,13,0.202000000,0.174000000,0.351000000
18:24:51,160719,50.571368100,-123.514333297,972.631000000,13,0.202000000,0.174000000,0.351000000
18:24:52,160719,50.571368102,-123.514333303,972.632000000,13,0.202000000,0.174000000,0.351000000
18:24:53,160719,50.571368122,-123.514333315,972.633000000,13,0.202000000,0.175000000,0.351000000
18:24:54,160719,50.571368118,-123.514333333,972.630000000,13,0.202000000,0.175000000,0.351000000
18:24:55,160719,50.571368087,-123.514333382,972.630000000,13,0.202000000,0.175000000,0.351000000
18:24:56,160719,50.571368090,-123.514333385,972.627000000,13,0.202000000,0.175000000,0.351000000
18:24:57,160719,50.571368087,-123.514333405,972.622000000,13,0.202000000,0.175000000,0.351000000
18:24:58,160719,50.571368103,-123.514333402,972.620000000,13,0.202000000,0.175000000,0.351000000
18:24:59,160719,50.571368115,-123.514333408,972.617000000,13,0.202000000,0.175000000,0.351000000
18:25:00,160719,50.571368128,-123.514333420,972.618000000,13,0.202000000,0.175000000,0.351000000
18:25:01,160719,50.571368142,-123.514333410,972.616000000,13,0.202000000,0.175000000,0.351000000
18:25:02,160719,50.571368163,-123.514333415,972.618000000,13,0.202000000,0.175000000,0.351000000
18:25:03,160719,50.571368188,-123.514333408,972.616000000,13,0.202000000,0.175000000,0.351000000
18:25:04,160719,50.571368203,-123.514333410,972.617000000,13,0.202000000,0.175000000,0.351000000
18:25:05,160719,50.571368200,-123.514333433,972.616000000,13,0.202000000,0.175000000,0.351000000
18:25:06,160719,50.571368195,-123.514333447,972.620000000,13,0.202000000,0.175000000,0.351000000
18:25:07,160719,50.571368208,-123.514333430,972.619000000,13,0.202000000,0.175000000,0.351000000
18:25:08,160719,50.571368205,-123.514333438,972.621000000,13,0.202000000,0.175000000,0.351000000
18:25:09,160719,50.571368182,-123.514333432,972.620000000,13,0.202000000,0.175000000,0.351000000
18:25:10,160719,50.571368147,-123.514333417,972.618000000,13,0.202000000,0.175000000,0.351000000
18:25:11,160719,50.571368132,-123.514333410,972.615000000,13,0.202000000,0.175000000,0.351000000
18:25:12,160719,50.571368062,-123.514333403,972.613000000,13,0.202000000,0.175000000,0.351000000
18:25:13,160719,50.571368005,-123.514333387,972.608000000,14,0.193000000,0.171000000,0.323000000
18:25:14,160719,50.571367932,-123.514333377,972.601000000,14,0.193000000,0.171000000,0.323000000
18:25:15,160719,50.571367848,-123.514333362,972.597000000,13,0.202000000,0.175000000,0.351000000
18:25:16,160719,50.571367798,-123.514333373,972.587000000,14,0.194000000,0.171000000,0.323000000
18:25:17,160719,50.571367758,-123.514333405,972.583000000,13,0.202000000,0.175000000,0.351000000
18:25:18,160719,50.571367743,-123.514333448,972.579000000,14,0.194000000,0.171000000,0.323000000
18:25:19,160719,50.571367738,-123.514333488,972.573000000,14,0.194000000,0.171000000,0.323000000
18:25:20,160719,50.571367703,-123.514333522,972.564000000,14,0.194000000,0.171000000,0.323000000
18:25:21,160719,50.571367678,-123.514333540,972.554000000,14,0.194000000,0.171000000,0.323000000
18:25:22,160719,50.571367647,-123.514333553,972.550000000,14,0.194000000,0.171000000,0.323000000
18:25:23,160719,50.571367617,-123.514333558,972.547000000,14,0.194000000,0.171000000,0.323000000
18:25:24,160719,50.571367620,-123.514333522,972.549000000,14,0.194000000,0.171000000,0.323000000
18:25:25,160719,50.571367655,-123.514333500,972.547000000,14,0.194000000,0.171000000,0.323000000
18:25:26,160719,50.571367690,-123.514333470,972.550000000,14,0.194000000,0.171000000,0.323000000
18:25:27,160719,50.571367708,-123.514333435,972.553000000,14,0.194000000,0.171000000,0.323000000
18:25:28,160719,50.571367718,-123.514333430,972.554000000,14,0.194000000,0.171000000,0.323000000
18:25:29,160719,50.571367738,-123.514333430,972.556000000,14,0.194000000,0.171000000,0.323000000
18:25:30,160719,50.571367727,-123.514333450,972.558000000,14,0.194000000,0.172000000,0.323000000
18:25:31,160719,50.571367703,-123.514333470,972.555000000,14,0.194000000,0.172000000,0.323000000
18:25:32,160719,50.571367640,-123.514333495,972.550000000,14,0.194000000,0.172000000,0.323000000
18:25:33,160719,50.571367588,-123.514333517,972.546000000,14,0.194000000,0.172000000,0.323000000
18:25:34,160719,50.571367547,-123.514333517,972.544000000,14,0.194000000,0.172000000,0.323000000
18:25:35,160719,50.571367525,-123.514333503,972.542000000,14,0.194000000,0.172000000,0.323000000
18:25:36,160719,50.571367538,-123.514333480,972.545000000,14,0.194000000,0.172000000,0.323000000
18:25:37,160719,50.571367560,-123.514333445,972.547000000,14,0.194000000,0.172000000,0.323000000
18:25:38,160719,50.571367600,-123.514333393,972.552000000,14,0.194000000,0.172000000,0.323000000
18:25:39,160719,50.571367642,-123.514333373,972.555000000,14,0.194000000,0.172000000,0.323000000
18:25:40,160719,50.571367668,-123.514333348,972.561000000,14,0.194000000,0.172000000,0.323000000
18:25:41,160719,50.571367690,-123.514333348,972.564000000,14,0.194000000,0.172000000,0.323000000
18:25:42,160719,50.571367735,-123.514333347,972.568000000,14,0.194000000,0.172000000,0.323000000
18:25:43,160719,50.571367785,-123.514333347,972.569000000,14,0.194000000,0.172000000,0.323000000
18:25:44,160719,50.571367808,-123.514333338,972.573000000,14,0.194000000,0.172000000,0.323000000
18:25:45,160719,50.571367808,-123.514333342,972.572000000,14,0.194000000,0.172000000,0.323000000
18:25:46,160719,50.571367798,-123.514333345,972.572000000,14,0.194000000,0.172000000,0.323000000
18:25:47,160719,50.571367820,-123.514333343,972.576000000,14,0.194000000,0.172000000,0.323000000
18:25:48,160719,50.571367805,-123.514333357,972.578000000,14,0.194000000,0.172000000,0.323000000
18:25:49,160719,50.571367782,-123.514333335,972.576000000,14,0.194000000,0.172000000,0.323000000
18:25:50,160719,50.571367780,-123.514333347,972.579000000,14,0.194000000,0.172000000,0.323000000
18:25:51,160719,50.571367785,-123.514333347,972.581000000,14,0.194000000,0.172000000,0.323000000
18:25:52,160719,50.571367788,-123.514333357,972.582000000,14,0.194000000,0.172000000,0.323000000
18:25:53,160719,50.571367785,-123.514333362,972.584000000,14,0.194000000,0.172000000,0.323000000
18:25:54,160719,50.571367772,-123.514333358,972.589000000,14,0.194000000,0.172000000,0.323000000
18:25:55,160719,50.571367782,-123.514333360,972.587000000,14,0.194000000,0.172000000,0.323000000
18:25:56,160719,50.571367772,-123.514333380,972.589000000,14,0.194000000,0.172000000,0.323000000
18:25:57,160719,50.571367772,-123.514333403,972.588000000,14,0.194000000,0.172000000,0.323000000
18:25:58,160719,50.571367768,-123.514333410,972.587000000,14,0.194000000,0.172000000,0.323000000
18:25:59,160719,50.571367770,-123.514333430,972.585000000,14,0.194000000,0.172000000,0.323000000
18:26:00,160719,50.571367783,-123.514333412,972.584000000,14,0.194000000,0.172000000,0.323000000
18:26:01,160719,50.571367823,-123.514333428,972.583000000,14,0.194000000,0.172000000,0.323000000
18:26:02,160719,50.571367850,-123.514333425,972.583000000,14,0.194000000,0.172000000,0.323000000
18:26:03,160719,50.571367863,-123.514333402,972.581000000,14,0.194000000,0.172000000,0.323000000
18:26:04,160719,50.571367863,-123.514333398,972.578000000,14,0.194000000,0.172000000,0.323000000
18:26:05,160719,50.571367883,-123.514333395,972.576000000,14,0.194000000,0.172000000,0.323000000
18:26:06,160719,50.571367918,-123.514333412,972.575000000,14,0.194000000,0.172000000,0.323000000
18:26:07,160719,50.571367935,-123.514333405,972.570000000,14,0.194000000,0.172000000,0.323000000
18:26:08,160719,50.571367965,-123.514333377,972.568000000,14,0.194000000,0.172000000,0.323000000
18:26:09,160719,50.571367958,-123.514333375,972.565000000,14,0.194000000,0.172000000,0.323000000
18:26:10,160719,50.571368000,-123.514333410,972.560000000,14,0.194000000,0.172000000,0.323000000
18:26:11,160719,50.571368022,-123.514333440,972.557000000,14,0.194000000,0.172000000,0.323000000
18:26:12,160719,50.571368047,-123.514333452,972.560000000,15,0.191000000,0.142000000,0.276000000
18:26:13,160719,50.571368025,-123.514333437,972.563000000,15,0.191000000,0.142000000,0.276000000
18:26:14,160719,50.571368030,-123.514333415,972.562000000,15,0.191000000,0.142000000,0.276000000
18:26:15,160719,50.571368030,-123.514333385,972.564000000,15,0.191000000,0.142000000,0.276000000
18:26:16,160719,50.571368042,-123.514333363,972.567000000,15,0.191000000,0.142000000,0.276000000
18:26:17,160719,50.571368040,-123.514333338,972.574000000,15,0.191000000,0.142000000,0.276000000
18:26:18,160719,50.571368042,-123.514333348,972.576000000,15,0.191000000,0.142000000,0.276000000
18:26:19,160719,50.571368062,-123.514333323,972.581000000,15,0.191000000,0.142000000,0.276000000
18:26:20,160719,50.571368072,-123.514333330,972.582000000,15,0.191000000,0.142000000,0.276000000
18:26:21,160719,50.571368083,-123.514333320,972.582000000,15,0.191000000,0.142000000,0.276000000
18:26:22,160719,50.571368067,-123.514333310,972.584000000,15,0.191000000,0.142000000,0.276000000
18:26:23,160719,50.571368060,-123.514333298,972.584000000,15,0.191000000,0.142000000,0.276000000
18:26:24,160719,50.571368088,-123.514333293,972.588000000,15,0.192000000,0.142000000,0.276000000
18:26:25,160719,50.571368128,-123.514333253,972.589000000,15,0.192000000,0.142000000,0.276000000
18:26:26,160719,50.571368157,-123.514333237,972.589000000,15,0.192000000,0.142000000,0.276000000
18:26:27,160719,50.571368163,-123.514333218,972.587000000,15,0.192000000,0.142000000,0.276000000
18:26:28,160719,50.571368175,-123.514333210,972.587000000,15,0.192000000,0.142000000,0.276000000
18:26:29,160719,50.571368193,-123.514333220,972.586000000,15,0.192000000,0.142000000,0.276000000
18:26:30,160719,50.571368188,-123.514333253,972.584000000,15,0.192000000,0.142000000,0.276000000
18:26:31,160719,50.571368162,-123.514333260,972.579000000,15,0.192000000,0.142000000,0.276000000
18:26:32,160719,50.571368140,-123.514333288,972.577000000,15,0.192000000,0.142000000,0.276000000
18:26:33,160719,50.571368142,-123.514333293,972.578000000,15,0.192000000,0.142000000,0.276000000
18:26:34,160719,50.571368160,-123.514333287,972.579000000,15,0.192000000,0.142000000,0.276000000
18:26:35,160719,50.571368133,-123.514333277,972.577000000,15,0.192000000,0.142000000,0.276000000
18:26:36,160719,50.571368100,-123.514333270,972.575000000,15,0.192000000,0.142000000,0.276000000
18:26:37,160719,50.571368078,-123.514333260,972.572000000,15,0.192000000,0.142000000,0.276000000
18:26:38,160719,50.571368048,-123.514333243,972.566000000,15,0.192000000,0.142000000,0.276000000
18:26:39,160719,50.571368028,-123.514333230,972.561000000,14,0.194000000,0.173000000,0.323000000
18:26:40,160719,50.571368012,-123.514333248,972.561000000,14,0.194000000,0.173000000,0.323000000
18:26:41,160719,50.571368015,-123.514333255,972.560000000,14,0.194000000,0.173000000,0.323000000
18:26:42,160719,50.571368007,-123.514333273,972.558000000,14,0.194000000,0.173000000,0.323000000
18:26:43,160719,50.571367995,-123.514333280,972.554000000,13,0.203000000,0.176000000,0.350000000
18:26:44,160719,50.571367980,-123.514333288,972.551000000,13,0.203000000,0.176000000,0.350000000
18:26:45,160719,50.571367977,-123.514333288,972.549000000,13,0.203000000,0.176000000,0.350000000
18:26:46,160719,50.571367975,-123.514333288,972.549000000,13,0.203000000,0.176000000,0.350000000
18:26:47,160719,50.571367965,-123.514333283,972.547000000,13,0.203000000,0.176000000,0.350000000
18:26:48,160719,50.571367933,-123.514333275,972.547000000,13,0.203000000,0.176000000,0.350000000
18:26:49,160719,50.571367912,-123.514333250,972.543000000,13,0.203000000,0.176000000,0.350000000
18:26:50,160719,50.571367895,-123.514333220,972.544000000,13,0.203000000,0.176000000,0.350000000
18:26:51,160719,50.571367900,-123.514333182,972.545000000,13,0.203000000,0.176000000,0.350000000
18:26:52,160719,50.571367890,-123.514333155,972.545000000,13,0.203000000,0.176000000,0.350000000
18:26:53,160719,50.571367875,-123.514333148,972.543000000,13,0.203000000,0.176000000,0.350000000
18:26:54,160719,50.571367892,-123.514333113,972.545000000,13,0.203000000,0.176000000,0.350000000
18:26:55,160719,50.571367917,-123.514333088,972.548000000,13,0.203000000,0.176000000,0.350000000
18:26:56,160719,50.571367943,-123.514333083,972.549000000,14,0.203000000,0.176000000,0.350000000
18:26:57,160719,50.571367963,-123.514333063,972.553000000,13,0.203000000,0.176000000,0.350000000
18:26:58,160719,50.571367965,-123.514333070,972.551000000,14,0.200000000,0.149000000,0.300000000
18:26:59,160719,50.571367957,-123.514333038,972.554000000,14,0.200000000,0.149000000,0.300000000
18:27:00,160719,50.571367942,-123.514333032,972.553000000,14,0.200000000,0.149000000,0.300000000
18:27:01,160719,50.571367923,-123.514333010,972.552000000,14,0.200000000,0.149000000,0.300000000
18:27:02,160719,50.571367922,-123.514333013,972.549000000,14,0.200000000,0.149000000,0.300000000
18:27:03,160719,50.571367887,-123.514332983,972.547000000,14,0.200000000,0.149000000,0.300000000
18:27:04,160719,50.571367863,-123.514332990,972.544000000,14,0.200000000,0.149000000,0.300000000
18:27:05,160719,50.571367867,-123.514332972,972.545000000,14,0.200000000,0.149000000,0.300000000
18:27:06,160719,50.571367870,-123.514332975,972.548000000,14,0.200000000,0.149000000,0.300000000
18:27:07,160719,50.571367850,-123.514332945,972.552000000,14,0.200000000,0.149000000,0.300000000
18:27:08,160719,50.571367807,-123.514332933,972.551000000,14,0.200000000,0.149000000,0.300000000
18:27:09,160719,50.571367778,-123.514332903,972.553000000,14,0.200000000,0.149000000,0.300000000
18:27:10,160719,50.571367738,-123.514332893,972.553000000,14,0.200000000,0.149000000,0.300000000
18:27:11,160719,50.571367732,-123.514332872,972.552000000,14,0.200000000,0.149000000,0.300000000
18:27:12,160719,50.571367735,-123.514332847,972.555000000,14,0.200000000,0.149000000,0.300000000
18:27:13,160719,50.571367768,-123.514332815,972.555000000,14,0.200000000,0.149000000,0.300000000
18:27:14,160719,50.571367790,-123.514332808,972.554000000,14,0.200000000,0.149000000,0.300000000
18:27:15,160719,50.571367823,-123.514332773,972.554000000,14,0.200000000,0.149000000,0.300000000
18:27:16,160719,50.571367877,-123.514332742,972.558000000,14,0.200000000,0.149000000,0.300000000
18:27:17,160719,50.571367925,-123.514332720,972.561000000,14,0.200000000,0.149000000,0.300000000
18:27:18,160719,50.571367970,-123.514332708,972.563000000,14,0.200000000,0.149000000,0.300000000
18:27:19,160719,50.571368002,-123.514332677,972.567000000,14,0.200000000,0.149000000,0.300000000
18:27:20,160719,50.571368023,-123.514332670,972.568000000,14,0.200000000,0.149000000,0.300000000
18:27:21,160719,50.571368045,-123.514332683,972.568000000,13,0.204000000,0.177000000,0.350000000
18:27:22,160719,50.571368035,-123.514332678,972.569000000,13,0.204000000,0.177000000,0.350000000
18:27:23,160719,50.571368032,-123.514332643,972.568000000,13,0.204000000,0.177000000,0.350000000
18:27:24,160719,50.571367995,-123.514332633,972.569000000,13,0.204000000,0.177000000,0.350000000
18:27:25,160719,50.571367962,-123.514332592,972.567000000,13,0.204000000,0.177000000,0.350000000
18:27:26,160719,50.571367950,-123.514332552,972.564000000,13,0.204000000,0.177000000,0.350000000
18:27:27,160719,50.571367925,-123.514332505,972.562000000,13,0.204000000,0.177000000,0.350000000
18:27:28,160719,50.571367910,-123.514332493,972.558000000,13,0.204000000,0.177000000,0.350000000
18:27:29,160719,50.571367885,-123.514332477,972.555000000,13,0.204000000,0.177000000,0.350000000
18:27:30,160719,50.571367873,-123.514332470,972.552000000,13,0.204000000,0.177000000,0.350000000
18:27:31,160719,50.571367887,-123.514332467,972.547000000,13,0.204000000,0.177000000,0.350000000
18:27:32,160719,50.571367910,-123.514332470,972.548000000,13,0.204000000,0.177000000,0.350000000
18:27:33,160719,50.571367913,-123.514332485,972.545000000,13,0.204000000,0.177000000,0.350000000
18:27:34,160719,50.571367925,-123.514332487,972.547000000,13,0.204000000,0.177000000,0.350000000
18:27:35,160719,50.571367935,-123.514332485,972.545000000,13,0.204000000,0.177000000,0.350000000
18:27:36,160719,50.571367930,-123.514332470,972.542000000,13,0.204000000,0.177000000,0.350000000
18:27:37,160719,50.571367922,-123.514332423,972.544000000,13,0.204000000,0.177000000,0.350000000
18:27:38,160719,50.571367920,-123.514332403,972.537000000,13,0.204000000,0.177000000,0.350000000
18:27:39,160719,50.571367925,-123.514332393,972.530000000,13,0.204000000,0.177000000,0.350000000
18:27:40,160719,50.571367922,-123.514332370,972.526000000,14,0.195000000,0.174000000,0.323000000
18:27:41,160719,50.571367918,-123.514332345,972.520000000,14,0.195000000,0.174000000,0.323000000
18:27:42,160719,50.571367920,-123.514332345,972.519000000,14,0.195000000,0.174000000,0.323000000
18:27:43,160719,50.571367933,-123.514332335,972.516000000,14,0.195000000,0.174000000,0.323000000
18:27:44,160719,50.571367930,-123.514332308,972.512000000,14,0.195000000,0.174000000,0.323000000
18:27:45,160719,50.571367907,-123.514332298,972.508000000,14,0.195000000,0.174000000,0.323000000
18:27:46,160719,50.571367898,-123.514332315,972.506000000,14,0.195000000,0.174000000,0.323000000
18:27:47,160719,50.571367890,-123.514332285,972.505000000,14,0.195000000,0.174000000,0.323000000
18:27:48,160719,50.571367890,-123.514332252,972.504000000,14,0.195000000,0.174000000,0.323000000
18:27:49,160719,50.571367912,-123.514332228,972.501000000,14,0.195000000,0.174000000,0.323000000
18:27:50,160719,50.571367920,-123.514332192,972.495000000,15,0.192000000,0.143000000,0.277000000
18:27:51,160719,50.571367955,-123.514332187,972.491000000,15,0.192000000,0.143000000,0.277000000
18:27:52,160719,50.571367962,-123.514332158,972.487000000,15,0.192000000,0.143000000,0.277000000
18:27:53,160719,50.571367977,-123.514332142,972.490000000,15,0.192000000,0.143000000,0.277000000
18:27:54,160719,50.571367998,-123.514332125,972.489000000,15,0.192000000,0.143000000,0.277000000
18:27:55,160719,50.571368037,-123.514332135,972.483000000,15,0.192000000,0.143000000,0.277000000
18:27:56,160719,50.571368057,-123.514332143,972.479000000,15,0.192000000,0.143000000,0.277000000
18:27:57,160719,50.571368077,-123.514332177,972.475000000,15,0.192000000,0.143000000,0.277000000
18:27:58,160719,50.571368050,-123.514332213,972.472000000,15,0.192000000,0.143000000,0.277000000
18:27:59,160719,50.571368018,-123.514332222,972.469000000,15,0.192000000,0.143000000,0.277000000
18:28:00,160719,50.571367982,-123.514332243,972.466000000,15,0.192000000,0.143000000,0.277000000
18:28:01,160719,50.571367963,-123.514332265,972.459000000,14,0.200000000,0.149000000,0.300000000
18:28:02,160719,50.571367932,-123.514332278,972.454000000,14,0.200000000,0.149000000,0.300000000
18:28:03,160719,50.571367877,-123.514332307,972.450000000,14,0.200000000,0.149000000,0.300000000
18:28:04,160719,50.571367838,-123.514332290,972.446000000,14,0.200000000,0.149000000,0.300000000
18:28:05,160719,50.571367842,-123.514332322,972.438000000,14,0.200000000,0.149000000,0.300000000
18:28:06,160719,50.571367857,-123.514332367,972.430000000,14,0.200000000,0.149000000,0.300000000
18:28:07,160719,50.571367863,-123.514332392,972.425000000,14,0.200000000,0.149000000,0.300000000
18:28:08,160719,50.571367860,-123.514332435,972.421000000,14,0.200000000,0.149000000,0.300000000
18:28:09,160719,50.571367882,-123.514332455,972.416000000,14,0.200000000,0.149000000,0.300000000
18:28:10,160719,50.571367902,-123.514332482,972.414000000,14,0.200000000,0.149000000,0.300000000
18:28:11,160719,50.571367913,-123.514332488,972.412000000,14,0.200000000,0.149000000,0.300000000
18:28:12,160719,50.571367922,-123.514332470,972.411000000,14,0.200000000,0.149000000,0.300000000
18:28:13,160719,50.571367958,-123.514332480,972.409000000,14,0.200000000,0.149000000,0.300000000
18:28:14,160719,50.571368007,-123.514332503,972.405000000,14,0.200000000,0.149000000,0.300000000
18:28:15,160719,50.571368055,-123.514332490,972.402000000,14,0.200000000,0.149000000,0.300000000
18:28:16,160719,50.571368088,-123.514332505,972.400000000,14,0.200000000,0.149000000,0.300000000
18:28:17,160719,50.571368125,-123.514332497,972.399000000,14,0.200000000,0.149000000,0.300000000
18:28:18,160719,50.571368145,-123.514332513,972.396000000,14,0.200000000,0.149000000,0.300000000
18:28:19,160719,50.571368130,-123.514332505,972.397000000,14,0.200000000,0.149000000,0.300000000
18:28:20,160719,50.571368123,-123.514332498,972.396000000,14,0.200000000,0.149000000,0.300000000
18:28:21,160719,50.571368127,-123.514332517,972.398000000,14,0.200000000,0.149000000,0.300000000
18:28:22,160719,50.571368122,-123.514332525,972.397000000,14,0.201000000,0.149000000,0.300000000
18:28:23,160719,50.571368115,-123.514332530,972.395000000,14,0.201000000,0.149000000,0.300000000
18:28:24,160719,50.571368108,-123.514332560,972.394000000,14,0.201000000,0.149000000,0.300000000
18:28:25,160719,50.571368128,-123.514332560,972.397000000,14,0.201000000,0.149000000,0.300000000
18:28:26,160719,50.571368148,-123.514332587,972.394000000,14,0.201000000,0.149000000,0.300000000
18:28:27,160719,50.571368170,-123.514332590,972.392000000,14,0.201000000,0.149000000,0.300000000
18:28:28,160719,50.571368170,-123.514332593,972.391000000,14,0.201000000,0.149000000,0.300000000
18:28:29,160719,50.571368185,-123.514332610,972.392000000,14,0.201000000,0.149000000,0.300000000
18:28:30,160719,50.571368192,-123.514332632,972.389000000,14,0.201000000,0.149000000,0.300000000
18:28:31,160719,50.571368193,-123.514332650,972.389000000,14,0.201000000,0.149000000,0.300000000
18:28:32,160719,50.571368190,-123.514332658,972.392000000,14,0.201000000,0.149000000,0.300000000
18:28:33,160719,50.571368223,-123.514332653,972.390000000,14,0.201000000,0.149000000,0.300000000
18:28:34,160719,50.571368240,-123.514332648,972.393000000,14,0.201000000,0.149000000,0.300000000
18:28:35,160719,50.571368243,-123.514332678,972.395000000,14,0.201000000,0.149000000,0.300000000
18:28:36,160719,50.571368243,-123.514332660,972.396000000,14,0.201000000,0.149000000,0.300000000
18:28:37,160719,50.571368235,-123.514332645,972.395000000,14,0.201000000,0.149000000,0.300000000
18:28:38,160719,50.571368245,-123.514332637,972.399000000,14,0.201000000,0.149000000,0.300000000
18:28:39,160719,50.571368262,-123.514332672,972.396000000,14,0.201000000,0.149000000,0.300000000
18:28:40,160719,50.571368272,-123.514332718,972.395000000,14,0.201000000,0.149000000,0.300000000
18:28:41,160719,50.571368240,-123.514332733,972.394000000,14,0.201000000,0.149000000,0.300000000
18:28:42,160719,50.571368230,-123.514332772,972.385000000,14,0.201000000,0.149000000,0.300000000
18:28:43,160719,50.571368222,-123.514332802,972.384000000,14,0.201000000,0.149000000,0.300000000
18:28:44,160719,50.571368240,-123.514332863,972.381000000,14,0.201000000,0.149000000,0.300000000
18:28:45,160719,50.571368243,-123.514332870,972.380000000,14,0.201000000,0.149000000,0.300000000
18:28:46,160719,50.571368247,-123.514332900,972.378000000,14,0.201000000,0.149000000,0.300000000
18:28:47,160719,50.571368228,-123.514332915,972.376000000,14,0.201000000,0.149000000,0.300000000
18:28:48,160719,50.571368222,-123.514332925,972.374000000,14,0.201000000,0.149000000,0.300000000
18:28:49,160719,50.571368243,-123.514332957,972.368000000,14,0.201000000,0.149000000,0.300000000
18:28:50,160719,50.571368228,-123.514332942,972.372000000,14,0.201000000,0.149000000,0.300000000
18:28:51,160719,50.571368218,-123.514332933,972.372000000,14,0.201000000,0.149000000,0.300000000
18:28:52,160719,50.571368205,-123.514332930,972.378000000,14,0.201000000,0.149000000,0.300000000
18:28:53,160719,50.571368218,-123.514332917,972.379000000,14,0.201000000,0.149000000,0.300000000
18:28:54,160719,50.571368218,-123.514332905,972.379000000,14,0.201000000,0.149000000,0.300000000
18:28:55,160719,50.571368207,-123.514332905,972.380000000,14,0.201000000,0.149000000,0.300000000
18:28:56,160719,50.571368190,-123.514332918,972.384000000,14,0.201000000,0.149000000,0.300000000
18:28:57,160719,50.571368182,-123.514332930,972.385000000,14,0.201000000,0.149000000,0.300000000
18:28:58,160719,50.571368165,-123.514332918,972.386000000,14,0.201000000,0.149000000,0.300000000
18:28:59,160719,50.571368142,-123.514332902,972.387000000,14,0.201000000,0.149000000,0.300000000
18:29:00,160719,50.571368143,-123.514332900,972.391000000,14,0.201000000,0.149000000,0.300000000
18:29:01,160719,50.571368165,-123.514332887,972.390000000,14,0.201000000,0.149000000,0.300000000
18:29:02,160719,50.571368170,-123.514332875,972.390000000,14,0.201000000,0.149000000,0.300000000
18:29:03,160719,50.571368162,-123.514332863,972.390000000,14,0.201000000,0.149000000,0.300000000
18:29:04,160719,50.571368183,-123.514332847,972.389000000,14,0.201000000,0.149000000,0.300000000
18:29:05,160719,50.571368207,-123.514332865,972.391000000,14,0.201000000,0.149000000,0.300000000
18:29:06,160719,50.571368203,-123.514332878,972.395000000,14,0.201000000,0.149000000,0.300000000
18:29:07,160719,50.571368177,-123.514332893,972.395000000,15,0.192000000,0.143000000,0.277000000
18:29:08,160719,50.571368153,-123.514332883,972.398000000,14,0.192000000,0.143000000,0.277000000
18:29:09,160719,50.571368170,-123.514332883,972.405000000,15,0.201000000,0.149000000,0.300000000
18:29:10,160719,50.571368163,-123.514332907,972.410000000,15,0.192000000,0.143000000,0.277000000
18:29:11,160719,50.571368133,-123.514332900,972.413000000,15,0.192000000,0.143000000,0.277000000
18:29:12,160719,50.571368120,-123.514332875,972.413000000,15,0.192000000,0.143000000,0.277000000
18:29:13,160719,50.571368100,-123.514332852,972.412000000,15,0.192000000,0.143000000,0.277000000
18:29:14,160719,50.571368130,-123.514332837,972.411000000,15,0.192000000,0.143000000,0.277000000
18:29:15,160719,50.571368127,-123.514332823,972.413000000,15,0.192000000,0.143000000,0.277000000
18:29:16,160719,50.571368123,-123.514332808,972.418000000,15,0.192000000,0.143000000,0.277000000
18:29:17,160719,50.571368142,-123.514332795,972.423000000,15,0.192000000,0.143000000,0.277000000
18:29:18,160719,50.571368152,-123.514332793,972.427000000,15,0.192000000,0.143000000,0.277000000
18:29:19,160719,50.571368140,-123.514332782,972.429000000,15,0.192000000,0.143000000,0.277000000
18:29:20,160719,50.571368113,-123.514332770,972.432000000,15,0.192000000,0.143000000,0.277000000
18:29:21,160719,50.571368092,-123.514332768,972.435000000,15,0.192000000,0.143000000,0.277000000
18:29:22,160719,50.571368092,-123.514332770,972.441000000,15,0.192000000,0.144000000,0.277000000
18:29:23,160719,50.571368072,-123.514332740,972.446000000,15,0.192000000,0.144000000,0.277000000
18:29:24,160719,50.571368058,-123.514332702,972.451000000,15,0.192000000,0.144000000,0.277000000
18:29:25,160719,50.571368052,-123.514332677,972.452000000,15,0.192000000,0.144000000,0.277000000
18:29:26,160719,50.571368067,-123.514332665,972.454000000,15,0.192000000,0.144000000,0.277000000
18:29:27,160719,50.571368075,-123.514332660,972.455000000,15,0.192000000,0.144000000,0.277000000
18:29:28,160719,50.571368085,-123.514332650,972.460000000,15,0.192000000,0.144000000,0.277000000
18:29:29,160719,50.571368095,-123.514332643,972.463000000,15,0.192000000,0.144000000,0.277000000
18:29:30,160719,50.571368102,-123.514332632,972.462000000,15,0.192000000,0.144000000,0.277000000
18:29:31,160719,50.571368082,-123.514332617,972.468000000,15,0.192000000,0.144000000,0.277000000
18:29:32,160719,50.571368068,-123.514332610,972.474000000,15,0.192000000,0.144000000,0.277000000
18:29:33,160719,50.571368035,-123.514332610,972.481000000,15,0.192000000,0.144000000,0.277000000
18:29:34,160719,50.571368010,-123.514332582,972.485000000,15,0.192000000,0.144000000,0.278000000
18:29:35,160719,50.571368003,-123.514332568,972.490000000,15,0.192000000,0.144000000,0.278000000
18:29:36,160719,50.571368013,-123.514332553,972.494000000,15,0.192000000,0.144000000,0.278000000
18:29:37,160719,50.571368032,-123.514332533,972.498000000,15,0.192000000,0.144000000,0.278000000
18:29:38,160719,50.571368052,-123.514332522,972.501000000,15,0.192000000,0.144000000,0.278000000
18:29:39,160719,50.571368090,-123.514332528,972.502000000,15,0.192000000,0.144000000,0.278000000
18:29:40,160719,50.571368133,-123.514332538,972.504000000,15,0.192000000,0.144000000,0.278000000
18:29:41,160719,50.571368177,-123.514332542,972.507000000,15,0.192000000,0.144000000,0.278000000
18:29:42,160719,50.571368185,-123.514332532,972.512000000,15,0.192000000,0.144000000,0.278000000
18:29:43,160719,50.571368175,-123.514332513,972.514000000,15,0.192000000,0.144000000,0.278000000
18:29:44,160719,50.571368140,-123.514332495,972.519000000,15,0.192000000,0.144000000,0.278000000
18:29:45,160719,50.571368142,-123.514332475,972.524000000,15,0.192000000,0.144000000,0.278000000
18:29:46,160719,50.571368137,-123.514332488,972.527000000,15,0.192000000,0.144000000,0.278000000
18:29:47,160719,50.571368125,-123.514332468,972.527000000,15,0.192000000,0.144000000,0.278000000
18:29:48,160719,50.571368047,-123.514332428,972.529000000,15,0.192000000,0.144000000,0.278000000
18:29:49,160719,50.571367985,-123.514332420,972.529000000,15,0.192000000,0.144000000,0.278000000
18:29:50,160719,50.571367948,-123.514332390,972.528000000,15,0.192000000,0.144000000,0.278000000
18:29:51,160719,50.571367897,-123.514332397,972.527000000,15,0.192000000,0.144000000,0.278000000
18:29:52,160719,50.571367855,-123.514332378,972.530000000,15,0.192000000,0.144000000,0.278000000
18:29:53,160719,50.571367828,-123.514332358,972.528000000,15,0.192000000,0.144000000,0.278000000
18:29:54,160719,50.571367822,-123.514332378,972.527000000,15,0.192000000,0.144000000,0.278000000
18:29:55,160719,50.571367840,-123.514332380,972.529000000,15,0.192000000,0.144000000,0.278000000
18:29:56,160719,50.571367842,-123.514332387,972.534000000,15,0.192000000,0.144000000,0.278000000
18:29:57,160719,50.571367835,-123.514332390,972.537000000,15,0.192000000,0.144000000,0.278000000
18:29:58,160719,50.571367853,-123.514332393,972.536000000,15,0.192000000,0.144000000,0.278000000
18:29:59,160719,50.571367868,-123.514332370,972.539000000,15,0.192000000,0.144000000,0.278000000
18:30:00,160719,50.571367890,-123.514332357,972.544000000,15,0.192000000,0.144000000,0.278000000
18:30:01,160719,50.571367905,-123.514332300,972.546000000,15,0.192000000,0.144000000,0.278000000
18:30:02,160719,50.571367908,-123.514332257,972.546000000,15,0.192000000,0.144000000,0.278000000
18:30:03,160719,50.571367928,-123.514332213,972.548000000,15,0.192000000,0.144000000,0.278000000
18:30:04,160719,50.571367945,-123.514332188,972.547000000,15,0.192000000,0.144000000,0.278000000
18:30:05,160719,50.571367958,-123.514332172,972.545000000,15,0.192000000,0.144000000,0.278000000
18:30:06,160719,50.571367972,-123.514332163,972.546000000,15,0.192000000,0.144000000,0.278000000
18:30:07,160719,50.571367977,-123.514332163,972.549000000,15,0.192000000,0.144000000,0.278000000
18:30:08,160719,50.571367965,-123.514332148,972.552000000,15,0.192000000,0.144000000,0.278000000
18:30:09,160719,50.571367963,-123.514332140,972.553000000,15,0.192000000,0.144000000,0.278000000
18:30:10,160719,50.571367992,-123.514332148,972.553000000,15,0.192000000,0.144000000,0.278000000
18:30:11,160719,50.571368002,-123.514332165,972.549000000,15,0.192000000,0.144000000,0.278000000
18:30:12,160719,50.571367952,-123.514332157,972.547000000,15,0.192000000,0.144000000,0.278000000
18:30:13,160719,50.571367930,-123.514332158,972.548000000,15,0.192000000,0.144000000,0.278000000
18:30:14,160719,50.571367932,-123.514332145,972.546000000,15,0.192000000,0.144000000,0.278000000
18:30:15,160719,50.571367920,-123.514332142,972.543000000,15,0.192000000,0.144000000,0.278000000
18:30:16,160719,50.571367900,-123.514332110,972.542000000,15,0.192000000,0.144000000,0.278000000
18:30:17,160719,50.571367883,-123.514332095,972.543000000,15,0.192000000,0.144000000,0.278000000
18:30:18,160719,50.571367888,-123.514332107,972.544000000,15,0.192000000,0.144000000,0.278000000
18:30:19,160719,50.571367907,-123.514332102,972.543000000,14,0.202000000,0.149000000,0.300000000
18:30:20,160719,50.571367900,-123.514332082,972.547000000,14,0.202000000,0.149000000,0.300000000
18:30:21,160719,50.571367870,-123.514332078,972.550000000,14,0.202000000,0.149000000,0.300000000
18:30:22,160719,50.571367865,-123.514332073,972.552000000,14,0.202000000,0.149000000,0.300000000
18:30:23,160719,50.571367852,-123.514332093,972.556000000,14,0.202000000,0.149000000,0.300000000
18:30:24,160719,50.571367832,-123.514332098,972.558000000,14,0.202000000,0.149000000,0.300000000
18:30:25,160719,50.571367820,-123.514332075,972.557000000,14,0.202000000,0.149000000,0.299000000
18:30:26,160719,50.571367792,-123.514332050,972.558000000,14,0.202000000,0.149000000,0.299000000
18:30:27,160719,50.571367768,-123.514332032,972.559000000,14,0.202000000,0.149000000,0.299000000
18:30:28,160719,50.571367777,-123.514332003,972.559000000,14,0.202000000,0.149000000,0.299000000
18:30:29,160719,50.571367802,-123.514332005,972.556000000,14,0.202000000,0.149000000,0.299000000
18:30:30,160719,50.571367815,-123.514331995,972.559000000,14,0.202000000,0.149000000,0.299000000
18:30:31,160719,50.571367830,-123.514331997,972.564000000,14,0.202000000,0.149000000,0.299000000
18:30:32,160719,50.571367850,-123.514331982,972.570000000,14,0.202000000,0.149000000,0.299000000
18:30:33,160719,50.571367852,-123.514332002,972.573000000,14,0.202000000,0.149000000,0.299000000
18:30:34,160719,50.571367863,-123.514332035,972.573000000,14,0.202000000,0.149000000,0.299000000
18:30:35,160719,50.571367848,-123.514332025,972.573000000,14,0.202000000,0.149000000,0.299000000
18:30:36,160719,50.571367822,-123.514332022,972.574000000,14,0.202000000,0.149000000,0.299000000
18:30:37,160719,50.571367812,-123.514332008,972.576000000,14,0.202000000,0.149000000,0.299000000
18:30:38,160719,50.571367817,-123.514332017,972.576000000,14,0.202000000,0.149000000,0.299000000
18:30:39,160719,50.571367820,-123.514332020,972.574000000,14,0.202000000,0.149000000,0.299000000
18:30:40,160719,50.571367813,-123.514332033,972.573000000,14,0.202000000,0.149000000,0.299000000
18:30:41,160719,50.571367825,-123.514332028,972.573000000,14,0.202000000,0.149000000,0.299000000
18:30:42,160719,50.571367850,-123.514332032,972.571000000,14,0.202000000,0.149000000,0.299000000
18:30:43,160719,50.571367858,-123.514332033,972.571000000,14,0.202000000,0.149000000,0.299000000
18:30:44,160719,50.571367877,-123.514332027,972.574000000,14,0.202000000,0.149000000,0.299000000
18:30:45,160719,50.571367885,-123.514332018,972.580000000,14,0.202000000,0.149000000,0.299000000
18:30:46,160719,50.571367925,-123.514332022,972.582000000,14,0.202000000,0.149000000,0.299000000
18:30:47,160719,50.571367930,-123.514332000,972.584000000,14,0.202000000,0.149000000,0.299000000
18:30:48,160719,50.571367918,-123.514331983,972.585000000,14,0.202000000,0.149000000,0.299000000
18:30:49,160719,50.571367893,-123.514331985,972.588000000,14,0.202000000,0.149000000,0.299000000
18:30:50,160719,50.571367878,-123.514331955,972.591000000,14,0.202000000,0.149000000,0.299000000
18:30:51,160719,50.571367882,-123.514331945,972.593000000,14,0.202000000,0.149000000,0.299000000
18:30:52,160719,50.571367912,-123.514331938,972.596000000,14,0.202000000,0.149000000,0.299000000
18:30:53,160719,50.571367923,-123.514331933,972.595000000,14,0.202000000,0.149000000,0.299000000
18:30:54,160719,50.571367952,-123.514331917,972.601000000,14,0.202000000,0.149000000,0.299000000
18:30:55,160719,50.571367955,-123.514331928,972.604000000,14,0.202000000,0.149000000,0.299000000
18:30:56,160719,50.571367967,-123.514331942,972.604000000,14,0.202000000,0.149000000,0.299000000
18:30:57,160719,50.571367960,-123.514331947,972.603000000,14,0.202000000,0.149000000,0.299000000
18:30:58,160719,50.571367925,-123.514331955,972.605000000,14,0.202000000,0.149000000,0.299000000
18:30:59,160719,50.571367922,-123.514331948,972.606000000,14,0.202000000,0.149000000,0.299000000
18:31:00,160719,50.571367928,-123.514331958,972.604000000,14,0.202000000,0.149000000,0.299000000
18:31:01,160719,50.571367962,-123.514331953,972.605000000,14,0.202000000,0.149000000,0.299000000
18:31:02,160719,50.571367978,-123.514331972,972.605000000,14,0.202000000,0.149000000,0.299000000
18:31:03,160719,50.571368003,-123.514331957,972.606000000,14,0.202000000,0.149000000,0.299000000
18:31:04,160719,50.571368025,-123.514331945,972.606000000,14,0.202000000,0.149000000,0.299000000
18:31:05,160719,50.571368032,-123.514331930,972.609000000,14,0.202000000,0.149000000,0.299000000
18:31:06,160719,50.571368025,-123.514331895,972.613000000,14,0.202000000,0.149000000,0.299000000
18:31:07,160719,50.571368012,-123.514331902,972.614000000,14,0.202000000,0.149000000,0.299000000
18:31:08,160719,50.571367997,-123.514331908,972.618000000,14,0.202000000,0.149000000,0.299000000
18:31:09,160719,50.571368007,-123.514331932,972.620000000,14,0.202000000,0.149000000,0.299000000
18:31:10,160719,50.571367977,-123.514331940,972.624000000,14,0.202000000,0.149000000,0.299000000
18:31:11,160719,50.571367923,-123.514331928,972.627000000,14,0.202000000,0.149000000,0.299000000
18:31:12,160719,50.571367883,-123.514331900,972.631000000,14,0.202000000,0.149000000,0.299000000
18:31:13,160719,50.571367873,-123.514331890,972.630000000,14,0.202000000,0.149000000,0.299000000
18:31:14,160719,50.571367895,-123.514331905,972.628000000,14,0.202000000,0.149000000,0.299000000
18:31:15,160719,50.571367882,-123.514331878,972.631000000,14,0.202000000,0.149000000,0.299000000
18:31:16,160719,50.571367887,-123.514331878,972.631000000,14,0.202000000,0.149000000,0.299000000
18:31:17,160719,50.571367888,-123.514331853,972.632000000,14,0.202000000,0.149000000,0.299000000
