TIME,DATE(ddMMyy),LATITUDEGGA,LONGITUDEGGA,ALTITUDEGGA,NUMBERSAT,LATERR,LONGERR,ALTERR
20:16:16,160719,50.572232813,-123.511492213,932.016000000,14,0.219000000,0.152000000,0.564000000
20:16:17,160719,50.572232850,-123.511492248,932.010000000,14,0.219000000,0.152000000,0.564000000
20:16:18,160719,50.572232838,-123.511492268,932.012000000,14,0.219000000,0.152000000,0.564000000
20:16:19,160719,50.572232813,-123.511492295,932.008000000,14,0.219000000,0.152000000,0.564000000
20:16:20,160719,50.572232900,-123.511492488,931.965000000,14,0.219000000,0.152000000,0.564000000
20:16:21,160719,50.572232752,-123.511492575,931.981000000,14,0.219000000,0.152000000,0.564000000
20:16:22,160719,50.572232760,-123.511492582,931.974000000,14,0.219000000,0.152000000,0.564000000
20:16:23,160719,50.572232725,-123.511492647,931.955000000,14,0.219000000,0.152000000,0.564000000
20:16:24,160719,50.572232790,-123.511492683,931.923000000,14,0.219000000,0.152000000,0.565000000
20:16:25,160719,50.572232758,-123.511492770,931.910000000,14,0.219000000,0.152000000,0.565000000
20:16:26,160719,50.572232722,-123.511492825,931.897000000,14,0.219000000,0.152000000,0.565000000
20:16:27,160719,50.572232670,-123.511492882,931.889000000,14,0.219000000,0.152000000,0.565000000
20:16:28,160719,50.572232683,-123.511492898,931.863000000,14,0.219000000,0.152000000,0.565000000
20:16:29,160719,50.572232655,-123.511492970,931.853000000,14,0.219000000,0.152000000,0.565000000
20:16:30,160719,50.572232650,-123.511492972,931.846000000,14,0.219000000,0.152000000,0.565000000
20:16:31,160719,50.572232648,-123.511492975,931.823000000,14,0.219000000,0.152000000,0.565000000
20:16:32,160719,50.572232647,-123.511492993,931.815000000,14,0.219000000,0.152000000,0.565000000
20:16:33,160719,50.572232660,-123.511493028,931.800000000,14,0.219000000,0.152000000,0.565000000
20:16:34,160719,50.572232670,-123.511493047,931.793000000,14,0.219000000,0.152000000,0.565000000
20:16:35,160719,50.572232673,-123.511493058,931.787000000,14,0.219000000,0.152000000,0.565000000
20:16:36,160719,50.572232728,-123.511492995,931.790000000,14,0.219000000,0.152000000,0.565000000
20:16:37,160719,50.572232792,-123.511492953,931.776000000,14,0.219000000,0.152000000,0.565000000
20:16:38,160719,50.572232833,-123.511492938,931.774000000,14,0.219000000,0.152000000,0.565000000
20:16:39,160719,50.572232888,-123.511492915,931.766000000,14,0.219000000,0.152000000,0.566000000
20:16:40,160719,50.572232928,-123.511492905,931.760000000,14,0.219000000,0.152000000,0.566000000
20:16:41,160719,50.572232980,-123.511492900,931.753000000,14,0.219000000,0.152000000,0.566000000
20:16:42,160719,50.572233002,-123.511492898,931.755000000,14,0.219000000,0.152000000,0.566000000
20:16:43,160719,50.572233028,-123.511492872,931.754000000,14,0.219000000,0.152000000,0.566000000
20:16:44,160719,50.572233068,-123.511492828,931.752000000,14,0.219000000,0.152000000,0.566000000
20:16:45,160719,50.572233067,-123.511492797,931.742000000,14,0.219000000,0.152000000,0.566000000
20:16:46,160719,50.572233070,-123.511492792,931.740000000,14,0.219000000,0.152000000,0.566000000
20:16:47,160719,50.572233078,-123.511492803,931.734000000,14,0.219000000,0.152000000,0.566000000
20:16:48,160719,50.572233075,-123.511492828,931.730000000,14,0.219000000,0.152000000,0.566000000
20:16:49,160719,50.572233102,-123.511492850,931.718000000,14,0.219000000,0.152000000,0.566000000
20:16:50,160719,50.572233115,-123.511492872,931.708000000,14,0.219000000,0.152000000,0.566000000
20:16:51,160719,50.572233125,-123.511492887,931.692000000,14,0.219000000,0.152000000,0.566000000
20:16:52,160719,50.572233123,-123.511492908,931.675000000,14,0.219000000,0.152000000,0.566000000
20:16:53,160719,50.572233133,-123.511492932,931.672000000,14,0.219000000,0.152000000,0.566000000
20:16:54,160719,50.572233128,-123.511492933,931.673000000,14,0.219000000,0.152000000,0.567000000
20:16:55,160719,50.572233113,-123.511492910,931.690000000,14,0.219000000,0.152000000,0.567000000
20:16:56,160719,50.572233108,-123.511492897,931.694000000,14,0.219000000,0.152000000,0.567000000
20:16:57,160719,50.572233110,-123.511492868,931.688000000,14,0.219000000,0.153000000,0.567000000
20:16:58,160719,50.572233118,-123.511492847,931.684000000,14,0.219000000,0.153000000,0.567000000
20:16:59,160719,50.572233138,-123.511492858,931.682000000,14,0.219000000,0.153000000,0.567000000
20:17:00,160719,50.572233158,-123.511492863,931.684000000,14,0.219000000,0.153000000,0.567000000
20:17:01,160719,50.572233173,-123.511492858,931.695000000,14,0.219000000,0.153000000,0.567000000
20:17:02,160719,50.572233180,-123.511492833,931.705000000,14,0.219000000,0.153000000,0.567000000
20:17:03,160719,50.572233153,-123.511492820,931.713000000,14,0.219000000,0.153000000,0.567000000
20:17:04,160719,50.572233128,-123.511492822,931.718000000,14,0.219000000,0.153000000,0.567000000
20:17:05,160719,50.572233098,-123.511492837,931.716000000,14,0.219000000,0.153000000,0.567000000
20:17:06,160719,50.572233062,-123.511492848,931.710000000,14,0.219000000,0.153000000,0.568000000
20:17:07,160719,50.572233007,-123.511492855,931.707000000,14,0.219000000,0.153000000,0.568000000
20:17:08,160719,50.572232952,-123.511492860,931.706000000,14,0.219000000,0.153000000,0.568000000
20:17:09,160719,50.572232893,-123.511492870,931.700000000,14,0.219000000,0.153000000,0.568000000
20:17:10,160719,50.572232818,-123.511492875,931.701000000,14,0.219000000,0.153000000,0.568000000
20:17:11,160719,50.572232770,-123.511492897,931.701000000,14,0.219000000,0.153000000,0.568000000
20:17:12,160719,50.572232727,-123.511492910,931.701000000,14,0.219000000,0.153000000,0.568000000
20:17:13,160719,50.572232707,-123.511492912,931.699000000,14,0.219000000,0.153000000,0.568000000
20:17:14,160719,50.572232697,-123.511492940,931.693000000,14,0.219000000,0.153000000,0.568000000
20:17:15,160719,50.572232673,-123.511492952,931.690000000,14,0.218000000,0.153000000,0.568000000
20:17:16,160719,50.572232657,-123.511492982,931.689000000,14,0.218000000,0.153000000,0.568000000
20:17:17,160719,50.572232648,-123.511492970,931.695000000,14,0.218000000,0.153000000,0.568000000
20:17:18,160719,50.572232645,-123.511492975,931.705000000,14,0.218000000,0.153000000,0.568000000
20:17:19,160719,50.572232675,-123.511492957,931.717000000,14,0.218000000,0.153000000,0.568000000
20:17:20,160719,50.572232690,-123.511492950,931.721000000,14,0.218000000,0.153000000,0.568000000
20:17:21,160719,50.572232705,-123.511492935,931.723000000,14,0.218000000,0.153000000,0.569000000
20:17:22,160719,50.572232702,-123.511492937,931.725000000,14,0.218000000,0.153000000,0.569000000
20:17:23,160719,50.572232712,-123.511492930,931.727000000,14,0.218000000,0.153000000,0.569000000
20:17:24,160719,50.572232685,-123.511492978,931.732000000,14,0.218000000,0.153000000,0.569000000
20:17:25,160719,50.572232660,-123.511493017,931.730000000,14,0.218000000,0.153000000,0.569000000
20:17:26,160719,50.572232657,-123.511493035,931.725000000,14,0.218000000,0.153000000,0.569000000
20:17:27,160719,50.572232633,-123.511493017,931.741000000,14,0.218000000,0.153000000,0.569000000
20:17:28,160719,50.572232638,-123.511492823,931.683000000,14,0.218000000,0.153000000,0.569000000
20:17:29,160719,50.572232772,-123.511492733,931.699000000,13,0.221000000,0.191000000,0.659000000
20:17:30,160719,50.572232915,-123.511492872,931.700000000,12,0.238000000,0.215000000,0.699000000
20:17:31,160719,50.572233068,-123.511492968,931.665000000,12,0.238000000,0.215000000,0.699000000
20:17:32,160719,50.572233037,-123.511493623,931.605000000,12,0.238000000,0.215000000,0.699000000
20:17:33,160719,50.572233067,-123.511493647,931.593000000,12,0.238000000,0.215000000,0.699000000
20:17:34,160719,50.572233132,-123.511493652,931.596000000,12,0.238000000,0.215000000,0.699000000
20:17:35,160719,50.572233147,-123.511493703,931.594000000,12,0.238000000,0.215000000,0.699000000
20:17:36,160719,50.572233192,-123.511493715,931.580000000,12,0.238000000,0.215000000,0.699000000
20:17:37,160719,50.572233285,-123.511493753,931.575000000,12,0.238000000,0.215000000,0.700000000
20:17:38,160719,50.572233468,-123.511493847,931.554000000,12,0.238000000,0.215000000,0.700000000
20:17:39,160719,50.572233532,-123.511494012,931.512000000,13,0.221000000,0.191000000,0.659000000
20:17:40,160719,50.572233712,-123.511494057,931.492000000,13,0.221000000,0.191000000,0.659000000
20:17:41,160719,50.572233843,-123.511494080,931.478000000,13,0.221000000,0.191000000,0.659000000
20:17:42,160719,50.572233997,-123.511494052,931.467000000,13,0.221000000,0.191000000,0.659000000
20:17:43,160719,50.572234128,-123.511494138,931.456000000,13,0.221000000,0.191000000,0.659000000
20:17:44,160719,50.572233990,-123.511494407,931.427000000,13,0.221000000,0.191000000,0.659000000
20:17:45,160719,50.572233840,-123.511494618,931.387000000,13,0.221000000,0.191000000,0.659000000
20:17:46,160719,50.572233667,-123.511494475,931.376000000,13,0.221000000,0.191000000,0.659000000
20:17:47,160719,50.572233483,-123.511494178,931.387000000,13,0.221000000,0.191000000,0.659000000
20:17:48,160719,50.572233573,-123.511494482,931.295000000,13,0.221000000,0.191000000,0.659000000
20:17:49,160719,50.572233495,-123.511494570,931.263000000,14,0.218000000,0.153000000,0.570000000
20:17:50,160719,50.572233533,-123.511494697,931.259000000,14,0.218000000,0.153000000,0.570000000
20:17:51,160719,50.572233637,-123.511494922,931.205000000,14,0.218000000,0.153000000,0.570000000
20:17:52,160719,50.572233503,-123.511494832,931.182000000,14,0.218000000,0.153000000,0.570000000
20:17:53,160719,50.572233465,-123.511494813,931.164000000,14,0.218000000,0.153000000,0.570000000
20:17:54,160719,50.572233397,-123.511494695,931.164000000,14,0.218000000,0.153000000,0.570000000
20:17:55,160719,50.572233392,-123.511494652,931.161000000,14,0.218000000,0.153000000,0.571000000
20:17:56,160719,50.572233398,-123.511494635,931.158000000,14,0.218000000,0.153000000,0.571000000
20:17:57,160719,50.572233382,-123.511494588,931.157000000,14,0.218000000,0.153000000,0.571000000
20:17:58,160719,50.572233293,-123.511494475,931.163000000,14,0.218000000,0.153000000,0.571000000
20:17:59,160719,50.572233400,-123.511494637,931.140000000,14,0.218000000,0.153000000,0.571000000
20:18:00,160719,50.572233368,-123.511494605,931.147000000,14,0.218000000,0.153000000,0.571000000
20:18:01,160719,50.572233365,-123.511494592,931.151000000,14,0.218000000,0.153000000,0.571000000
20:18:02,160719,50.572233372,-123.511494565,931.157000000,14,0.218000000,0.153000000,0.571000000
20:18:03,160719,50.572233422,-123.511494507,931.161000000,14,0.218000000,0.153000000,0.571000000
20:18:04,160719,50.572233448,-123.511494447,931.173000000,14,0.218000000,0.153000000,0.571000000
20:18:05,160719,50.572233467,-123.511494380,931.177000000,14,0.218000000,0.153000000,0.571000000
20:18:06,160719,50.572233472,-123.511494390,931.175000000,14,0.218000000,0.153000000,0.571000000
20:18:07,160719,50.572233375,-123.511494277,931.179000000,14,0.218000000,0.153000000,0.571000000
20:18:08,160719,50.572233350,-123.511494268,931.174000000,14,0.218000000,0.153000000,0.571000000
20:18:09,160719,50.572233360,-123.511494280,931.170000000,14,0.218000000,0.153000000,0.571000000
20:18:10,160719,50.572233392,-123.511494342,931.153000000,14,0.218000000,0.154000000,0.572000000
20:18:11,160719,50.572233317,-123.511494298,931.162000000,14,0.218000000,0.154000000,0.572000000
20:18:12,160719,50.572233312,-123.511494293,931.163000000,14,0.218000000,0.154000000,0.572000000
20:18:13,160719,50.572233348,-123.511493987,931.176000000,14,0.218000000,0.154000000,0.572000000
20:18:14,160719,50.572233322,-123.511493998,931.180000000,14,0.218000000,0.154000000,0.572000000
20:18:15,160719,50.572233108,-123.511493903,931.209000000,14,0.218000000,0.154000000,0.572000000
20:18:16,160719,50.572232917,-123.511493758,931.178000000,7,2.237000000,1.271000000,5.261000000
20:18:17,160719,50.572233033,-123.511494098,931.025000000,7,2.274000000,1.491000000,5.845000000
20:18:18,160719,50.572233123,-123.511494307,930.922000000,7,2.274000000,1.491000000,5.845000000
20:18:19,160719,50.572233327,-123.511494593,930.778000000,7,2.847000000,1.867000000,7.320000000
20:18:20,160719,50.572232333,-123.511494008,930.611000000,4,109.402000000,3.863000000,16.923000000
20:18:21,160719,50.572233102,-123.511494665,930.375000000,6,3.694000000,3.307000000,11.049000000
20:18:22,160719,50.572233820,-123.511495300,930.256000000,6,3.694000000,3.307000000,11.049000000
20:18:23,160719,50.572233708,-123.511495720,930.176000000,6,3.300000000,2.954000000,9.869000000
20:18:24,160719,50.572231948,-123.511486733,932.784000000,14,1.762000000,1.242000000,4.627000000
20:18:25,160719,50.572232073,-123.511485603,932.823000000,14,1.762000000,1.242000000,4.627000000
20:18:26,160719,50.572231717,-123.511484465,932.928000000,14,1.762000000,1.242000000,4.627000000
20:18:27,160719,50.572232220,-123.511483892,932.889000000,14,1.216000000,0.858000000,3.194000000
20:18:28,160719,50.572232588,-123.511483438,932.902000000,14,1.216000000,0.858000000,3.194000000
20:18:29,160719,50.572232877,-123.511483103,932.886000000,14,1.216000000,0.858000000,3.194000000
20:18:30,160719,50.572233055,-123.511482955,932.823000000,14,0.846000000,0.597000000,2.222000000
20:18:31,160719,50.572233267,-123.511482887,932.722000000,14,0.846000000,0.597000000,2.222000000
20:18:32,160719,50.572233482,-123.511482840,932.627000000,14,0.846000000,0.597000000,2.222000000
20:18:33,160719,50.572233707,-123.511482788,932.550000000,14,0.598000000,0.422000000,1.572000000
20:18:34,160719,50.572233880,-123.511482750,932.479000000,14,0.598000000,0.422000000,1.572000000
20:18:35,160719,50.572234007,-123.511482723,932.433000000,14,0.598000000,0.422000000,1.572000000
20:18:36,160719,50.572234090,-123.511482700,932.408000000,14,0.429000000,0.303000000,1.129000000
20:18:37,160719,50.572234107,-123.511482648,932.393000000,14,0.429000000,0.303000000,1.129000000
20:18:38,160719,50.572234102,-123.511482605,932.380000000,14,0.429000000,0.303000000,1.129000000
20:18:39,160719,50.572234083,-123.511482595,932.364000000,14,0.307000000,0.217000000,0.808000000
20:18:40,160719,50.572234057,-123.511482613,932.353000000,14,0.307000000,0.217000000,0.808000000
20:18:41,160719,50.572234025,-123.511482653,932.350000000,14,0.307000000,0.217000000,0.808000000
20:18:42,160719,50.572233997,-123.511482720,932.340000000,14,0.222000000,0.157000000,0.584000000
20:18:43,160719,50.572234052,-123.511482750,932.339000000,14,0.222000000,0.157000000,0.584000000
20:18:44,160719,50.572234023,-123.511482722,932.338000000,14,0.222000000,0.157000000,0.584000000
20:18:45,160719,50.572234063,-123.511482833,932.321000000,14,0.218000000,0.154000000,0.574000000
20:18:46,160719,50.572234055,-123.511482837,932.321000000,14,0.218000000,0.154000000,0.574000000
20:18:47,160719,50.572234028,-123.511482792,932.340000000,14,0.218000000,0.154000000,0.574000000
20:18:48,160719,50.572234087,-123.511482987,932.303000000,14,0.218000000,0.154000000,0.574000000
20:18:49,160719,50.572234020,-123.511482968,932.317000000,14,0.218000000,0.154000000,0.574000000
20:18:50,160719,50.572234112,-123.511483170,932.306000000,14,0.218000000,0.154000000,0.574000000
20:18:51,160719,50.572234092,-123.511483210,932.310000000,14,0.218000000,0.154000000,0.574000000
20:18:52,160719,50.572234063,-123.511483242,932.316000000,14,0.218000000,0.154000000,0.574000000
20:18:53,160719,50.572234002,-123.511483192,932.331000000,14,0.218000000,0.154000000,0.574000000
20:18:54,160719,50.572233943,-123.511483242,932.329000000,14,0.218000000,0.154000000,0.574000000
20:18:55,160719,50.572233862,-123.511483260,932.340000000,14,0.218000000,0.154000000,0.574000000
20:18:56,160719,50.572233792,-123.511483273,932.344000000,14,0.218000000,0.154000000,0.574000000
20:18:57,160719,50.572235877,-123.511488815,930.554000000,7,2.275000000,1.496000000,5.872000000
20:18:58,160719,50.572238363,-123.511495735,928.555000000,7,2.275000000,1.496000000,5.872000000
20:18:59,160719,50.572240403,-123.511501575,926.993000000,7,2.275000000,1.496000000,5.872000000
20:19:00,160719,50.572242152,-123.511506558,925.767000000,7,3.663000000,2.408000000,9.454000000
20:19:01,160719,50.572243722,-123.511510970,924.772000000,7,3.663000000,2.408000000,9.454000000
20:19:02,160719,50.572245025,-123.511514920,923.942000000,7,3.663000000,2.408000000,9.454000000
20:19:03,160719,50.572246282,-123.511518558,923.226000000,7,3.991000000,2.625000000,10.305000000
20:19:04,160719,50.572247518,-123.511521845,922.580000000,7,3.991000000,2.625000000,10.305000000
20:19:05,160719,50.572248413,-123.511524195,922.113000000,7,3.991000000,2.625000000,10.305000000
20:19:06,160719,50.572249120,-123.511526763,921.714000000,7,3.986000000,2.622000000,10.295000000
20:19:07,160719,50.572249935,-123.511529092,921.363000000,8,3.956000000,2.602000000,10.218000000
20:19:08,160719,50.572234775,-123.511479847,932.633000000,14,2.423000000,1.812000000,6.443000000
20:19:09,160719,50.572234200,-123.511479725,932.677000000,14,2.299000000,1.630000000,6.073000000
20:19:10,160719,50.572233712,-123.511480098,932.724000000,14,1.871000000,1.327000000,4.942000000
20:19:11,160719,50.572233388,-123.511480378,932.760000000,14,1.871000000,1.327000000,4.942000000
20:19:12,160719,50.572233570,-123.511481090,932.642000000,14,1.871000000,1.327000000,4.942000000
20:19:13,160719,50.572233673,-123.511481448,932.522000000,14,1.287000000,0.913000000,3.400000000
20:19:14,160719,50.572233735,-123.511481850,932.430000000,13,1.140000000,0.988000000,3.408000000
20:19:15,160719,50.572233713,-123.511482187,932.387000000,13,1.140000000,0.988000000,3.408000000
20:19:16,160719,50.572233655,-123.511482360,932.409000000,13,1.140000000,0.988000000,3.408000000
20:19:17,160719,50.572233585,-123.511482447,932.442000000,13,0.784000000,0.680000000,2.344000000
20:19:18,160719,50.572233517,-123.511482505,932.470000000,13,0.784000000,0.680000000,2.344000000
20:19:19,160719,50.572233428,-123.511482603,932.493000000,13,0.784000000,0.680000000,2.344000000
20:19:20,160719,50.572233328,-123.511482715,932.504000000,13,0.542000000,0.470000000,1.620000000
20:19:21,160719,50.572233190,-123.511482828,932.512000000,13,0.542000000,0.470000000,1.620000000
20:19:22,160719,50.572233078,-123.511483068,932.504000000,13,0.542000000,0.470000000,1.620000000
20:19:23,160719,50.572232908,-123.511483113,932.496000000,13,0.389000000,0.337000000,1.164000000
20:19:24,160719,50.572232847,-123.511483298,932.473000000,13,0.389000000,0.337000000,1.164000000
20:19:25,160719,50.572232785,-123.511483380,932.444000000,13,0.389000000,0.337000000,1.164000000
20:19:26,160719,50.572232748,-123.511483478,932.398000000,13,0.300000000,0.260000000,0.897000000
20:19:27,160719,50.572232730,-123.511483597,932.352000000,13,0.300000000,0.260000000,0.897000000
20:19:28,160719,50.572232720,-123.511483653,932.320000000,13,0.300000000,0.260000000,0.897000000
20:19:29,160719,50.572232712,-123.511483677,932.281000000,13,0.247000000,0.214000000,0.739000000
20:19:30,160719,50.572232707,-123.511483715,932.236000000,13,0.247000000,0.214000000,0.739000000
20:19:31,160719,50.572232712,-123.511483748,932.196000000,13,0.247000000,0.214000000,0.739000000
20:19:32,160719,50.572232690,-123.511483743,932.168000000,13,0.224000000,0.195000000,0.671000000
20:19:33,160719,50.572232658,-123.511483778,932.137000000,13,0.224000000,0.195000000,0.671000000
20:19:34,160719,50.572232590,-123.511483770,932.116000000,13,0.224000000,0.195000000,0.671000000
20:19:35,160719,50.572232545,-123.511483803,932.090000000,13,0.221000000,0.192000000,0.661000000
20:19:36,160719,50.572232515,-123.511483805,932.058000000,13,0.221000000,0.192000000,0.661000000
20:19:37,160719,50.572232493,-123.511483827,932.025000000,13,0.221000000,0.192000000,0.661000000
20:19:38,160719,50.572232458,-123.511483830,931.998000000,13,0.221000000,0.192000000,0.661000000
20:19:39,160719,50.572232455,-123.511483845,931.972000000,13,0.221000000,0.192000000,0.661000000
20:19:40,160719,50.572232445,-123.511483833,931.961000000,13,0.221000000,0.192000000,0.661000000
20:19:41,160719,50.572232427,-123.511483798,931.957000000,13,0.221000000,0.192000000,0.661000000
20:19:42,160719,50.572232415,-123.511483775,931.948000000,13,0.221000000,0.192000000,0.661000000
20:19:43,160719,50.572232417,-123.511483783,931.933000000,13,0.221000000,0.192000000,0.661000000
20:19:44,160719,50.572232442,-123.511483803,931.916000000,13,0.221000000,0.192000000,0.661000000
20:19:45,160719,50.572232482,-123.511483833,931.897000000,13,0.221000000,0.192000000,0.661000000
20:19:46,160719,50.572232530,-123.511483837,931.882000000,13,0.221000000,0.192000000,0.661000000
20:19:47,160719,50.572232588,-123.511483812,931.870000000,13,0.221000000,0.192000000,0.661000000
20:19:48,160719,50.572232652,-123.511483777,931.865000000,13,0.221000000,0.192000000,0.661000000
20:19:49,160719,50.572232715,-123.511483750,931.876000000,13,0.221000000,0.192000000,0.661000000
20:19:50,160719,50.572232775,-123.511483770,931.876000000,13,0.221000000,0.192000000,0.661000000
20:19:51,160719,50.572232875,-123.511483790,931.866000000,13,0.221000000,0.192000000,0.661000000
20:19:52,160719,50.572232937,-123.511483815,931.869000000,13,0.221000000,0.192000000,0.661000000
20:19:53,160719,50.572233008,-123.511483777,931.876000000,14,0.221000000,0.192000000,0.661000000
20:19:54,160719,50.572233067,-123.511483802,931.866000000,14,0.217000000,0.155000000,0.577000000
20:19:55,160719,50.572233107,-123.511483850,931.852000000,14,0.217000000,0.155000000,0.577000000
20:19:56,160719,50.572233168,-123.511483937,931.833000000,14,0.217000000,0.155000000,0.577000000
20:19:57,160719,50.572233225,-123.511483978,931.817000000,14,0.217000000,0.155000000,0.577000000
20:19:58,160719,50.572233223,-123.511483910,931.813000000,14,0.217000000,0.155000000,0.577000000
20:19:59,160719,50.572233325,-123.511483993,931.797000000,14,0.217000000,0.155000000,0.577000000
20:20:00,160719,50.572233395,-123.511484068,931.785000000,14,0.217000000,0.155000000,0.577000000
20:20:01,160719,50.572233453,-123.511484113,931.783000000,14,0.217000000,0.155000000,0.577000000
20:20:02,160719,50.572233497,-123.511484162,931.769000000,14,0.217000000,0.155000000,0.577000000
20:20:03,160719,50.572233565,-123.511484187,931.775000000,14,0.217000000,0.155000000,0.577000000
20:20:04,160719,50.572233620,-123.511484213,931.762000000,14,0.217000000,0.155000000,0.577000000
20:20:05,160719,50.572233677,-123.511484238,931.756000000,14,0.217000000,0.155000000,0.577000000
20:20:06,160719,50.572233747,-123.511484288,931.748000000,14,0.227000000,0.162000000,0.604000000
20:20:07,160719,50.572233805,-123.511484312,931.744000000,14,0.227000000,0.162000000,0.604000000
20:20:08,160719,50.572233880,-123.511484332,931.737000000,14,0.227000000,0.162000000,0.604000000
20:20:09,160719,50.572233955,-123.511484338,931.734000000,14,0.247000000,0.176000000,0.656000000
20:20:10,160719,50.572234010,-123.511484340,931.729000000,14,0.247000000,0.176000000,0.656000000
20:20:11,160719,50.572234090,-123.511484345,931.730000000,14,0.247000000,0.176000000,0.656000000
20:20:12,160719,50.572234148,-123.511484353,931.728000000,14,0.264000000,0.188000000,0.702000000
20:20:13,160719,50.572234190,-123.511484375,931.720000000,14,0.264000000,0.188000000,0.702000000
20:20:14,160719,50.572234203,-123.511484413,931.708000000,14,0.264000000,0.188000000,0.702000000
20:20:15,160719,50.572234237,-123.511484467,931.695000000,14,0.280000000,0.200000000,0.746000000
20:20:16,160719,50.572234265,-123.511484512,931.683000000,14,0.280000000,0.200000000,0.746000000
20:20:17,160719,50.572234320,-123.511484540,931.672000000,14,0.280000000,0.200000000,0.746000000
20:20:18,160719,50.572234355,-123.511484577,931.666000000,14,0.297000000,0.213000000,0.792000000
20:20:19,160719,50.572234403,-123.511484567,931.662000000,14,0.297000000,0.213000000,0.792000000
20:20:20,160719,50.572234433,-123.511484573,931.665000000,14,0.297000000,0.213000000,0.792000000
20:20:21,160719,50.572234477,-123.511484560,931.660000000,14,0.309000000,0.221000000,0.823000000
20:20:22,160719,50.572234520,-123.511484583,931.652000000,14,0.309000000,0.221000000,0.823000000
20:20:23,160719,50.572234557,-123.511484602,931.645000000,14,0.309000000,0.221000000,0.823000000
20:20:24,160719,50.572234580,-123.511484668,931.631000000,14,0.317000000,0.227000000,0.844000000
20:20:25,160719,50.572234553,-123.511484742,931.615000000,14,0.317000000,0.227000000,0.844000000
20:20:26,160719,50.572234563,-123.511484892,931.579000000,14,0.317000000,0.227000000,0.844000000
20:20:27,160719,50.572234627,-123.511484972,931.542000000,14,0.325000000,0.232000000,0.865000000
20:20:28,160719,50.572234660,-123.511485072,931.500000000,14,0.325000000,0.232000000,0.865000000
20:20:29,160719,50.572234662,-123.511485153,931.468000000,14,0.325000000,0.232000000,0.865000000
20:20:30,160719,50.572234658,-123.511485258,931.438000000,14,0.330000000,0.236000000,0.879000000
20:20:31,160719,50.572234675,-123.511485290,931.418000000,14,0.330000000,0.236000000,0.879000000
20:20:32,160719,50.572234670,-123.511485320,931.394000000,14,0.330000000,0.236000000,0.879000000
20:20:33,160719,50.572234685,-123.511485315,931.364000000,14,0.329000000,0.235000000,0.876000000
20:20:34,160719,50.572234727,-123.511485377,931.331000000,14,0.329000000,0.235000000,0.876000000
20:20:35,160719,50.572234753,-123.511485415,931.313000000,14,0.329000000,0.235000000,0.876000000
20:20:36,160719,50.572234768,-123.511485447,931.289000000,14,0.327000000,0.235000000,0.873000000
20:20:37,160719,50.572234780,-123.511485482,931.282000000,14,0.327000000,0.235000000,0.873000000
20:20:38,160719,50.572234782,-123.511485500,931.265000000,14,0.327000000,0.235000000,0.873000000
20:20:39,160719,50.572234743,-123.511485413,931.271000000,14,0.324000000,0.232000000,0.864000000
20:20:40,160719,50.572234712,-123.511485363,931.265000000,14,0.324000000,0.232000000,0.864000000
20:20:41,160719,50.572234763,-123.511485518,931.234000000,14,0.324000000,0.232000000,0.864000000
20:20:42,160719,50.572234798,-123.511485532,931.195000000,14,0.316000000,0.227000000,0.844000000
20:20:43,160719,50.572234775,-123.511485517,931.206000000,14,0.316000000,0.227000000,0.844000000
20:20:44,160719,50.572234700,-123.511485490,931.265000000,14,0.316000000,0.227000000,0.844000000
20:20:45,160719,50.572234588,-123.511485547,931.306000000,14,0.312000000,0.224000000,0.832000000
20:20:46,160719,50.572234615,-123.511485593,931.278000000,14,0.312000000,0.224000000,0.832000000
20:20:47,160719,50.572234598,-123.511485412,931.282000000,14,0.312000000,0.224000000,0.832000000
20:20:48,160719,50.572234572,-123.511485312,931.276000000,14,0.306000000,0.220000000,0.817000000
20:20:49,160719,50.572234632,-123.511485377,931.229000000,14,0.306000000,0.220000000,0.817000000
20:20:50,160719,50.572234700,-123.511485518,931.195000000,14,0.306000000,0.220000000,0.817000000
20:20:51,160719,50.572234770,-123.511485667,931.155000000,14,0.294000000,0.211000000,0.784000000
20:20:52,160719,50.572234733,-123.511485572,931.127000000,14,0.294000000,0.211000000,0.784000000
20:20:53,160719,50.572234828,-123.511485727,931.081000000,14,0.294000000,0.211000000,0.784000000
20:20:54,160719,50.572234815,-123.511485787,931.041000000,14,0.286000000,0.205000000,0.765000000
20:20:55,160719,50.572234808,-123.511485723,931.018000000,14,0.286000000,0.205000000,0.765000000
20:20:56,160719,50.572234730,-123.511485535,931.026000000,14,0.286000000,0.205000000,0.765000000
20:20:57,160719,50.572234828,-123.511485628,931.001000000,14,0.280000000,0.201000000,0.748000000
20:20:58,160719,50.572234855,-123.511485553,931.000000000,14,0.280000000,0.201000000,0.748000000
20:20:59,160719,50.572234900,-123.511485517,930.989000000,14,0.280000000,0.201000000,0.748000000
20:21:00,160719,50.572234955,-123.511485442,930.998000000,14,0.271000000,0.195000000,0.725000000
20:21:01,160719,50.572234993,-123.511485377,931.009000000,14,0.271000000,0.195000000,0.725000000
20:21:02,160719,50.572235008,-123.511485328,931.014000000,14,0.271000000,0.195000000,0.725000000
20:21:03,160719,50.572235040,-123.511485260,931.022000000,14,0.266000000,0.191000000,0.710000000
20:21:04,160719,50.572235040,-123.511485165,931.038000000,14,0.266000000,0.191000000,0.710000000
20:21:05,160719,50.572235068,-123.511485140,931.047000000,14,0.266000000,0.191000000,0.710000000
20:21:06,160719,50.572235037,-123.511485072,931.052000000,14,0.263000000,0.189000000,0.705000000
20:21:07,160719,50.572235015,-123.511485075,931.032000000,14,0.263000000,0.189000000,0.705000000
20:21:08,160719,50.572235032,-123.511485093,931.025000000,14,0.263000000,0.189000000,0.705000000
20:21:09,160719,50.572234988,-123.511484950,931.028000000,14,0.263000000,0.189000000,0.704000000
20:21:10,160719,50.572234967,-123.511484873,931.026000000,14,0.263000000,0.189000000,0.704000000
20:21:11,160719,50.572234950,-123.511484822,931.025000000,14,0.263000000,0.189000000,0.704000000
20:21:12,160719,50.572234900,-123.511484775,931.032000000,14,0.261000000,0.188000000,0.698000000
20:21:13,160719,50.572234865,-123.511484755,931.049000000,14,0.261000000,0.188000000,0.698000000
20:21:14,160719,50.572234773,-123.511484710,931.058000000,14,0.261000000,0.188000000,0.698000000
20:21:15,160719,50.572234700,-123.511484718,931.058000000,14,0.256000000,0.184000000,0.685000000
20:21:16,160719,50.572234643,-123.511484723,931.058000000,14,0.256000000,0.184000000,0.685000000
20:21:17,160719,50.572234602,-123.511484713,931.054000000,14,0.256000000,0.184000000,0.685000000
20:21:18,160719,50.572234588,-123.511484708,931.042000000,14,0.251000000,0.181000000,0.673000000
20:21:19,160719,50.572234623,-123.511484670,931.046000000,14,0.251000000,0.181000000,0.673000000
20:21:20,160719,50.572234657,-123.511484632,931.056000000,14,0.251000000,0.181000000,0.673000000
20:21:21,160719,50.572234705,-123.511484582,931.070000000,14,0.246000000,0.177000000,0.660000000
20:21:22,160719,50.572234717,-123.511484507,931.091000000,14,0.246000000,0.177000000,0.660000000
20:21:23,160719,50.572234723,-123.511484438,931.114000000,14,0.246000000,0.177000000,0.660000000
20:21:24,160719,50.572234718,-123.511484353,931.141000000,14,0.240000000,0.173000000,0.643000000
20:21:25,160719,50.572234712,-123.511484260,931.170000000,14,0.240000000,0.173000000,0.643000000
20:21:26,160719,50.572234687,-123.511484170,931.190000000,14,0.240000000,0.173000000,0.643000000
20:21:27,160719,50.572234657,-123.511484105,931.202000000,14,0.233000000,0.168000000,0.626000000
20:21:28,160719,50.572234657,-123.511484062,931.215000000,14,0.233000000,0.168000000,0.626000000
20:21:29,160719,50.572234648,-123.511484038,931.223000000,14,0.233000000,0.168000000,0.626000000
20:21:30,160719,50.572234653,-123.511484022,931.227000000,14,0.227000000,0.163000000,0.607000000
20:21:31,160719,50.572234595,-123.511484003,931.231000000,14,0.227000000,0.163000000,0.607000000
20:21:32,160719,50.572234548,-123.511483968,931.236000000,14,0.227000000,0.163000000,0.607000000
20:21:33,160719,50.572234522,-123.511483927,931.240000000,14,0.217000000,0.156000000,0.581000000
20:21:34,160719,50.572234543,-123.511483840,931.253000000,14,0.217000000,0.156000000,0.581000000
20:21:35,160719,50.572234558,-123.511483800,931.264000000,14,0.217000000,0.156000000,0.581000000
20:21:36,160719,50.572234545,-123.511483810,931.268000000,14,0.217000000,0.156000000,0.581000000
20:21:37,160719,50.572234568,-123.511483760,931.292000000,14,0.217000000,0.156000000,0.581000000
20:21:38,160719,50.572234657,-123.511483612,931.324000000,14,0.217000000,0.156000000,0.581000000
20:21:39,160719,50.572234728,-123.511483450,931.358000000,14,0.217000000,0.156000000,0.581000000
20:21:40,160719,50.572234802,-123.511483300,931.394000000,14,0.217000000,0.156000000,0.581000000
20:21:41,160719,50.572234863,-123.511483155,931.429000000,14,0.217000000,0.156000000,0.581000000
20:21:42,160719,50.572234888,-123.511483100,931.443000000,14,0.217000000,0.156000000,0.581000000
20:21:43,160719,50.572234867,-123.511483085,931.462000000,14,0.217000000,0.156000000,0.581000000
20:21:44,160719,50.572234943,-123.511482945,931.474000000,14,0.217000000,0.156000000,0.581000000
20:21:45,160719,50.572234920,-123.511482935,931.482000000,14,0.217000000,0.156000000,0.581000000
20:21:46,160719,50.572234903,-123.511482927,931.501000000,14,0.217000000,0.156000000,0.581000000
20:21:47,160719,50.572234888,-123.511482923,931.516000000,14,0.217000000,0.156000000,0.581000000
20:21:48,160719,50.572234907,-123.511482915,931.534000000,14,0.217000000,0.156000000,0.581000000
20:21:49,160719,50.572234907,-123.511482930,931.550000000,14,0.217000000,0.156000000,0.581000000
20:21:50,160719,50.572234888,-123.511482938,931.569000000,14,0.217000000,0.156000000,0.581000000
20:21:51,160719,50.572234848,-123.511482920,931.596000000,14,0.216000000,0.156000000,0.581000000
20:21:52,160719,50.572234825,-123.511482883,931.617000000,14,0.216000000,0.156000000,0.581000000
20:21:53,160719,50.572234788,-123.511482858,931.634000000,14,0.216000000,0.156000000,0.581000000
20:21:54,160719,50.572234800,-123.511482862,931.650000000,14,0.216000000,0.156000000,0.581000000
20:21:55,160719,50.572234848,-123.511482757,931.677000000,14,0.216000000,0.156000000,0.581000000
20:21:56,160719,50.572234908,-123.511482690,931.682000000,14,0.216000000,0.156000000,0.581000000
20:21:57,160719,50.572234918,-123.511482743,931.709000000,14,0.216000000,0.156000000,0.581000000
20:21:58,160719,50.572234898,-123.511482668,931.728000000,14,0.216000000,0.156000000,0.581000000
20:21:59,160719,50.572234892,-123.511482592,931.753000000,14,0.216000000,0.156000000,0.581000000
20:22:00,160719,50.572234872,-123.511482512,931.782000000,14,0.216000000,0.156000000,0.582000000
20:22:01,160719,50.572234863,-123.511482425,931.814000000,14,0.216000000,0.156000000,0.582000000
20:22:02,160719,50.572234845,-123.511482333,931.847000000,14,0.216000000,0.156000000,0.582000000
20:22:03,160719,50.572234815,-123.511482262,931.882000000,14,0.216000000,0.157000000,0.582000000
20:22:04,160719,50.572234802,-123.511482200,931.910000000,14,0.216000000,0.157000000,0.582000000
20:22:05,160719,50.572234785,-123.511482145,931.946000000,14,0.216000000,0.157000000,0.582000000
20:22:06,160719,50.572234750,-123.511482120,931.967000000,14,0.216000000,0.157000000,0.582000000
20:22:07,160719,50.572234712,-123.511482088,931.984000000,14,0.216000000,0.157000000,0.582000000
20:22:08,160719,50.572234680,-123.511482038,931.999000000,14,0.216000000,0.157000000,0.582000000
20:22:09,160719,50.572234660,-123.511481995,932.012000000,14,0.216000000,0.157000000,0.582000000
20:22:10,160719,50.572234645,-123.511481923,932.030000000,14,0.216000000,0.157000000,0.582000000
20:22:11,160719,50.572234602,-123.511481862,932.049000000,14,0.216000000,0.157000000,0.582000000
20:22:12,160719,50.572234590,-123.511481870,932.061000000,14,0.216000000,0.157000000,0.582000000
20:22:13,160719,50.572234548,-123.511481847,932.084000000,14,0.216000000,0.157000000,0.582000000
20:22:14,160719,50.572234545,-123.511481883,932.091000000,14,0.216000000,0.157000000,0.582000000
20:22:15,160719,50.572234538,-123.511481892,932.114000000,14,0.216000000,0.157000000,0.582000000
20:22:16,160719,50.572234527,-123.511481903,932.134000000,14,0.216000000,0.157000000,0.582000000
20:22:17,160719,50.572234507,-123.511481845,932.156000000,14,0.216000000,0.157000000,0.582000000
20:22:18,160719,50.572234505,-123.511481810,932.171000000,14,0.216000000,0.157000000,0.582000000
20:22:19,160719,50.572234518,-123.511481767,932.187000000,14,0.216000000,0.157000000,0.582000000
20:22:20,160719,50.572234520,-123.511481748,932.204000000,14,0.216000000,0.157000000,0.582000000
20:22:21,160719,50.572234480,-123.511481730,932.219000000,14,0.216000000,0.157000000,0.582000000
20:22:22,160719,50.572234427,-123.511481668,932.246000000,14,0.216000000,0.157000000,0.582000000
20:22:23,160719,50.572234460,-123.511481552,932.283000000,14,0.216000000,0.157000000,0.582000000
20:22:24,160719,50.572234572,-123.511481422,932.313000000,14,0.216000000,0.157000000,0.582000000
20:22:25,160719,50.572234718,-123.511481350,932.349000000,14,0.216000000,0.157000000,0.582000000
20:22:26,160719,50.572234713,-123.511481372,932.356000000,14,0.216000000,0.157000000,0.582000000
20:22:27,160719,50.572234673,-123.511481430,932.366000000,14,0.216000000,0.157000000,0.582000000
20:22:28,160719,50.572234673,-123.511481502,932.344000000,14,0.216000000,0.157000000,0.582000000
20:22:29,160719,50.572234522,-123.511481428,932.338000000,14,0.216000000,0.157000000,0.582000000
20:22:30,160719,50.572234410,-123.511481145,932.364000000,14,0.216000000,0.157000000,0.582000000
20:22:31,160719,50.572234287,-123.511481292,932.388000000,14,0.216000000,0.157000000,0.582000000
20:22:32,160719,50.572234247,-123.511481402,932.429000000,14,0.216000000,0.157000000,0.582000000
20:22:33,160719,50.572234192,-123.511481385,932.486000000,14,0.216000000,0.157000000,0.582000000
20:22:34,160719,50.572233993,-123.511481403,932.519000000,14,0.216000000,0.157000000,0.582000000
20:22:35,160719,50.572233795,-123.511481407,932.555000000,14,0.216000000,0.157000000,0.582000000
20:22:36,160719,50.572233555,-123.511481617,932.541000000,14,0.222000000,0.161000000,0.597000000
20:22:37,160719,50.572233688,-123.511481767,932.535000000,14,0.222000000,0.161000000,0.597000000
20:22:38,160719,50.572233807,-123.511481787,932.481000000,14,0.222000000,0.161000000,0.597000000
20:22:39,160719,50.572233853,-123.511481898,932.442000000,14,0.227000000,0.165000000,0.612000000
20:22:40,160719,50.572233922,-123.511481998,932.416000000,14,0.227000000,0.165000000,0.612000000
20:22:41,160719,50.572233987,-123.511482108,932.393000000,14,0.227000000,0.165000000,0.612000000
20:22:42,160719,50.572234055,-123.511482175,932.373000000,14,0.227000000,0.165000000,0.612000000
20:22:43,160719,50.572234137,-123.511482158,932.374000000,14,0.226000000,0.164000000,0.609000000
20:22:44,160719,50.572234172,-123.511482187,932.368000000,14,0.226000000,0.164000000,0.609000000
20:22:45,160719,50.572234117,-123.511481952,932.386000000,14,0.226000000,0.164000000,0.609000000
20:22:46,160719,50.572234228,-123.511482085,932.365000000,14,0.221000000,0.161000000,0.597000000
20:22:47,160719,50.572234127,-123.511481982,932.371000000,14,0.221000000,0.161000000,0.597000000
20:22:48,160719,50.572234250,-123.511482243,932.365000000,14,0.221000000,0.161000000,0.597000000
20:22:49,160719,50.572234327,-123.511482113,932.376000000,14,0.216000000,0.157000000,0.583000000
20:22:50,160719,50.572234350,-123.511482020,932.393000000,14,0.216000000,0.157000000,0.583000000
20:22:51,160719,50.572234415,-123.511481843,932.407000000,14,0.216000000,0.157000000,0.583000000
20:22:52,160719,50.572234545,-123.511481692,932.406000000,14,0.216000000,0.157000000,0.583000000
20:22:53,160719,50.572234468,-123.511481815,932.394000000,14,0.216000000,0.157000000,0.583000000
20:22:54,160719,50.572234318,-123.511481830,932.383000000,14,0.216000000,0.157000000,0.583000000
20:22:55,160719,50.572234243,-123.511481947,932.360000000,14,0.216000000,0.157000000,0.583000000
20:22:56,160719,50.572234202,-123.511482068,932.338000000,14,0.216000000,0.157000000,0.583000000
20:22:57,160719,50.572234142,-123.511482133,932.320000000,14,0.216000000,0.157000000,0.583000000
20:22:58,160719,50.572234042,-123.511482148,932.306000000,14,0.216000000,0.157000000,0.583000000
20:22:59,160719,50.572233972,-123.511482148,932.293000000,14,0.216000000,0.157000000,0.583000000
20:23:00,160719,50.572233957,-123.511482258,932.292000000,14,0.216000000,0.157000000,0.583000000
20:23:01,160719,50.572233930,-123.511482260,932.293000000,14,0.216000000,0.157000000,0.583000000
20:23:02,160719,50.572233920,-123.511482225,932.298000000,14,0.216000000,0.157000000,0.583000000
20:23:03,160719,50.572233888,-123.511482160,932.293000000,14,0.216000000,0.157000000,0.583000000
20:23:04,160719,50.572233885,-123.511482090,932.293000000,14,0.216000000,0.157000000,0.583000000
20:23:05,160719,50.572233868,-123.511482030,932.288000000,14,0.216000000,0.157000000,0.583000000
20:23:06,160719,50.572233852,-123.511481982,932.291000000,14,0.216000000,0.157000000,0.583000000
20:23:07,160719,50.572233878,-123.511481922,932.301000000,14,0.216000000,0.157000000,0.583000000
20:23:08,160719,50.572233875,-123.511481833,932.321000000,14,0.216000000,0.157000000,0.583000000
20:23:09,160719,50.572233888,-123.511481745,932.339000000,14,0.216000000,0.157000000,0.583000000
20:23:10,160719,50.572233905,-123.511481657,932.364000000,14,0.216000000,0.157000000,0.583000000
20:23:11,160719,50.572233890,-123.511481563,932.386000000,14,0.216000000,0.157000000,0.583000000
20:23:12,160719,50.572233893,-123.511481428,932.417000000,14,0.216000000,0.157000000,0.583000000
20:23:13,160719,50.572233877,-123.511481325,932.440000000,14,0.216000000,0.157000000,0.583000000
20:23:14,160719,50.572233848,-123.511481250,932.459000000,14,0.216000000,0.157000000,0.583000000
20:23:15,160719,50.572233832,-123.511481142,932.482000000,14,0.216000000,0.157000000,0.583000000
20:23:16,160719,50.572233805,-123.511481198,932.494000000,14,0.216000000,0.157000000,0.583000000
20:23:17,160719,50.572233803,-123.511481205,932.503000000,14,0.216000000,0.157000000,0.583000000
20:23:18,160719,50.572233862,-123.511481120,932.527000000,14,0.216000000,0.157000000,0.583000000
20:23:19,160719,50.572233893,-123.511481015,932.534000000,14,0.216000000,0.157000000,0.583000000
20:23:20,160719,50.572233945,-123.511480915,932.543000000,14,0.216000000,0.157000000,0.583000000
20:23:21,160719,50.572233950,-123.511480897,932.534000000,14,0.216000000,0.157000000,0.583000000
20:23:22,160719,50.572233948,-123.511480863,932.533000000,14,0.216000000,0.157000000,0.583000000
20:23:23,160719,50.572233895,-123.511480712,932.547000000,14,0.216000000,0.157000000,0.583000000
20:23:24,160719,50.572233957,-123.511480692,932.552000000,14,0.216000000,0.157000000,0.583000000
20:23:25,160719,50.572233978,-123.511480633,932.564000000,14,0.216000000,0.158000000,0.583000000
20:23:26,160719,50.572234007,-123.511480593,932.572000000,14,0.216000000,0.158000000,0.583000000
20:23:27,160719,50.572234067,-123.511480590,932.565000000,14,0.216000000,0.158000000,0.583000000
20:23:28,160719,50.572234092,-123.511480542,932.572000000,14,0.216000000,0.158000000,0.583000000
20:23:29,160719,50.572234085,-123.511480548,932.572000000,14,0.216000000,0.158000000,0.583000000
20:23:30,160719,50.572234072,-123.511480500,932.584000000,14,0.216000000,0.158000000,0.583000000
20:23:31,160719,50.572234018,-123.511480612,932.585000000,14,0.216000000,0.158000000,0.583000000
20:23:32,160719,50.572233958,-123.511480667,932.592000000,14,0.216000000,0.158000000,0.583000000
20:23:33,160719,50.572233920,-123.511480702,932.591000000,14,0.216000000,0.158000000,0.583000000
20:23:34,160719,50.572233932,-123.511480638,932.610000000,14,0.216000000,0.158000000,0.583000000
20:23:35,160719,50.572233963,-123.511480542,932.625000000,14,0.216000000,0.158000000,0.583000000
20:23:36,160719,50.572233975,-123.511480580,932.623000000,14,0.216000000,0.158000000,0.583000000
20:23:37,160719,50.572233915,-123.511480673,932.607000000,14,0.216000000,0.158000000,0.583000000
20:23:38,160719,50.572233890,-123.511480782,932.590000000,14,0.216000000,0.158000000,0.583000000
20:23:39,160719,50.572233870,-123.511480850,932.579000000,14,0.216000000,0.158000000,0.583000000
20:23:40,160719,50.572233862,-123.511480887,932.572000000,14,0.216000000,0.158000000,0.584000000
20:23:41,160719,50.572233822,-123.511480917,932.566000000,14,0.216000000,0.158000000,0.584000000
20:23:42,160719,50.572233785,-123.511480943,932.572000000,14,0.216000000,0.158000000,0.584000000
20:23:43,160719,50.572233782,-123.511480977,932.570000000,14,0.216000000,0.158000000,0.584000000
20:23:44,160719,50.572233743,-123.511481033,932.570000000,14,0.216000000,0.158000000,0.584000000
20:23:45,160719,50.572233738,-123.511481072,932.568000000,14,0.216000000,0.158000000,0.584000000
20:23:46,160719,50.572233720,-123.511481070,932.570000000,14,0.216000000,0.158000000,0.584000000
20:23:47,160719,50.572233702,-123.511481092,932.575000000,14,0.216000000,0.158000000,0.584000000
20:23:48,160719,50.572233698,-123.511481098,932.581000000,14,0.216000000,0.158000000,0.584000000
20:23:49,160719,50.572233680,-123.511481105,932.582000000,14,0.216000000,0.158000000,0.584000000
20:23:50,160719,50.572233642,-123.511481140,932.575000000,14,0.216000000,0.158000000,0.584000000
20:23:51,160719,50.572233630,-123.511481182,932.567000000,14,0.216000000,0.158000000,0.584000000
20:23:52,160719,50.572233608,-123.511481253,932.554000000,14,0.216000000,0.158000000,0.584000000
20:23:53,160719,50.572233563,-123.511481258,932.560000000,14,0.216000000,0.158000000,0.584000000
20:23:54,160719,50.572233537,-123.511481250,932.569000000,14,0.216000000,0.158000000,0.584000000
20:23:55,160719,50.572233545,-123.511481198,932.588000000,14,0.216000000,0.158000000,0.584000000
20:23:56,160719,50.572233557,-123.511481172,932.609000000,14,0.216000000,0.158000000,0.584000000
20:23:57,160719,50.572233563,-123.511481140,932.625000000,14,0.216000000,0.158000000,0.584000000
20:23:58,160719,50.572233580,-123.511481117,932.637000000,14,0.216000000,0.158000000,0.584000000
20:23:59,160719,50.572233540,-123.511481175,932.655000000,14,0.216000000,0.158000000,0.584000000
20:24:00,160719,50.572233532,-123.511481140,932.657000000,14,0.216000000,0.158000000,0.584000000
20:24:01,160719,50.572233498,-123.511481165,932.650000000,14,0.216000000,0.158000000,0.584000000
20:24:02,160719,50.572233440,-123.511481202,932.645000000,14,0.216000000,0.158000000,0.584000000
20:24:03,160719,50.572233378,-123.511481178,932.637000000,14,0.216000000,0.158000000,0.584000000
20:24:04,160719,50.572233198,-123.511480938,932.648000000,14,0.216000000,0.158000000,0.584000000
20:24:05,160719,50.572233073,-123.511480695,932.638000000,14,0.216000000,0.158000000,0.584000000
20:24:06,160719,50.572232963,-123.511480637,932.665000000,14,0.216000000,0.158000000,0.584000000
20:24:07,160719,50.572232850,-123.511480580,932.695000000,14,0.216000000,0.158000000,0.584000000
20:24:08,160719,50.572232810,-123.511480508,932.732000000,13,0.221000000,0.193000000,0.655000000
20:24:09,160719,50.572232743,-123.511480467,932.760000000,13,0.221000000,0.193000000,0.655000000
20:24:10,160719,50.572232653,-123.511480422,932.794000000,13,0.221000000,0.193000000,0.655000000
20:24:11,160719,50.572232573,-123.511480340,932.828000000,13,0.221000000,0.193000000,0.655000000
20:24:12,160719,50.572232353,-123.511480000,932.893000000,13,0.221000000,0.193000000,0.655000000
20:24:13,160719,50.572232415,-123.511480075,932.918000000,13,0.221000000,0.193000000,0.655000000
20:24:14,160719,50.572232483,-123.511479985,932.906000000,13,0.221000000,0.193000000,0.655000000
20:24:15,160719,50.572232800,-123.511480478,932.859000000,13,0.221000000,0.193000000,0.655000000
20:24:16,160719,50.572232982,-123.511480613,932.826000000,13,0.221000000,0.193000000,0.655000000
20:24:17,160719,50.572232963,-123.511480712,932.826000000,13,0.221000000,0.193000000,0.655000000
20:24:18,160719,50.572233098,-123.511480708,932.800000000,14,0.221000000,0.193000000,0.655000000
20:24:19,160719,50.572233123,-123.511480718,932.796000000,14,0.216000000,0.158000000,0.584000000
20:24:20,160719,50.572233190,-123.511480707,932.802000000,14,0.216000000,0.158000000,0.584000000
20:24:21,160719,50.572233250,-123.511480703,932.792000000,14,0.216000000,0.158000000,0.584000000
20:24:22,160719,50.572233302,-123.511480705,932.786000000,14,0.216000000,0.158000000,0.584000000
20:24:23,160719,50.572233355,-123.511480707,932.771000000,14,0.216000000,0.158000000,0.584000000
20:24:24,160719,50.572233380,-123.511480752,932.750000000,14,0.216000000,0.158000000,0.584000000
20:24:25,160719,50.572233423,-123.511480815,932.725000000,14,0.216000000,0.158000000,0.584000000
20:24:26,160719,50.572233458,-123.511480880,932.703000000,14,0.216000000,0.158000000,0.584000000
20:24:27,160719,50.572233510,-123.511480940,932.687000000,14,0.216000000,0.158000000,0.584000000
20:24:28,160719,50.572233518,-123.511480997,932.671000000,14,0.216000000,0.158000000,0.584000000
20:24:29,160719,50.572233533,-123.511481038,932.664000000,14,0.216000000,0.158000000,0.584000000
20:24:30,160719,50.572233547,-123.511481072,932.658000000,14,0.216000000,0.158000000,0.584000000
20:24:31,160719,50.572233542,-123.511481108,932.654000000,14,0.215000000,0.158000000,0.584000000
20:24:32,160719,50.572233542,-123.511481165,932.641000000,14,0.215000000,0.158000000,0.584000000
20:24:33,160719,50.572233553,-123.511481217,932.631000000,14,0.215000000,0.158000000,0.584000000
20:24:34,160719,50.572233567,-123.511481287,932.614000000,14,0.215000000,0.158000000,0.584000000
20:24:35,160719,50.572233580,-123.511481362,932.597000000,14,0.215000000,0.158000000,0.584000000
20:24:36,160719,50.572233615,-123.511481432,932.577000000,14,0.215000000,0.158000000,0.584000000
20:24:37,160719,50.572233682,-123.511481490,932.564000000,14,0.215000000,0.158000000,0.584000000
20:24:38,160719,50.572233715,-123.511481537,932.549000000,14,0.215000000,0.158000000,0.584000000
20:24:39,160719,50.572233733,-123.511481597,932.533000000,14,0.215000000,0.158000000,0.584000000
20:24:40,160719,50.572233748,-123.511481628,932.526000000,14,0.215000000,0.158000000,0.584000000
20:24:41,160719,50.572233762,-123.511481675,932.524000000,14,0.215000000,0.158000000,0.584000000
20:24:42,160719,50.572233768,-123.511481680,932.527000000,14,0.215000000,0.158000000,0.584000000
20:24:43,160719,50.572233797,-123.511481663,932.532000000,14,0.215000000,0.158000000,0.584000000
20:24:44,160719,50.572233817,-123.511481657,932.538000000,14,0.215000000,0.158000000,0.584000000
20:24:45,160719,50.572233845,-123.511481668,932.537000000,14,0.215000000,0.158000000,0.584000000
20:24:46,160719,50.572233852,-123.511481697,932.536000000,14,0.215000000,0.158000000,0.584000000
20:24:47,160719,50.572233857,-123.511481730,932.525000000,14,0.215000000,0.158000000,0.584000000
20:24:48,160719,50.572233870,-123.511481752,932.514000000,14,0.215000000,0.158000000,0.584000000
20:24:49,160719,50.572233838,-123.511481798,932.498000000,14,0.215000000,0.159000000,0.584000000
20:24:50,160719,50.572233808,-123.511481858,932.481000000,14,0.215000000,0.159000000,0.584000000
20:24:51,160719,50.572233793,-123.511481923,932.466000000,14,0.215000000,0.159000000,0.584000000
20:24:52,160719,50.572233750,-123.511481965,932.458000000,14,0.215000000,0.159000000,0.584000000
20:24:53,160719,50.572233718,-123.511482000,932.443000000,14,0.215000000,0.159000000,0.584000000
20:24:54,160719,50.572233690,-123.511482033,932.436000000,14,0.215000000,0.159000000,0.584000000
20:24:55,160719,50.572233685,-123.511482092,932.415000000,14,0.215000000,0.159000000,0.584000000
20:24:56,160719,50.572233677,-123.511482153,932.404000000,14,0.215000000,0.159000000,0.584000000
20:24:57,160719,50.572233660,-123.511482222,932.392000000,14,0.215000000,0.159000000,0.584000000
20:24:58,160719,50.572233662,-123.511482277,932.388000000,14,0.215000000,0.159000000,0.584000000
20:24:59,160719,50.572233665,-123.511482317,932.382000000,14,0.215000000,0.159000000,0.584000000
20:25:00,160719,50.572233692,-123.511482358,932.372000000,14,0.215000000,0.159000000,0.584000000
20:25:01,160719,50.572233772,-123.511482367,932.368000000,14,0.215000000,0.159000000,0.584000000
20:25:02,160719,50.572233823,-123.511482343,932.384000000,14,0.215000000,0.159000000,0.584000000
