TIME,DATE(ddMMyy),LATITUDEGGA,LONGITUDEGGA,ALTITUDEGGA,NUMBERSAT,LATERR,LONGERR,ALTERR
18:33:37,220719,50.594612413,-123.501251373,1876.337000000,19,0.154000000,0.139000000,0.270000000
18:33:38,220719,50.594612400,-123.501251370,1876.327000000,19,0.154000000,0.139000000,0.270000000
18:33:39,220719,50.594612365,-123.501251368,1876.315000000,19,0.154000000,0.139000000,0.270000000
18:33:40,220719,50.594612338,-123.501251375,1876.308000000,18,0.194000000,0.140000000,0.326000000
18:33:41,220719,50.594612305,-123.501251370,1876.293000000,18,0.194000000,0.140000000,0.326000000
18:33:42,220719,50.594612308,-123.501251383,1876.287000000,18,0.194000000,0.140000000,0.326000000
18:33:43,220719,50.594612297,-123.501251382,1876.275000000,18,0.194000000,0.140000000,0.326000000
18:33:44,220719,50.594612277,-123.501251358,1876.265000000,18,0.194000000,0.140000000,0.326000000
18:33:45,220719,50.594612263,-123.501251343,1876.260000000,18,0.194000000,0.140000000,0.326000000
18:33:46,220719,50.594612277,-123.501251333,1876.261000000,18,0.194000000,0.140000000,0.326000000
18:33:47,220719,50.594612253,-123.501251330,1876.260000000,18,0.194000000,0.140000000,0.326000000
18:33:48,220719,50.594612238,-123.501251312,1876.252000000,18,0.194000000,0.140000000,0.326000000
18:33:49,220719,50.594612197,-123.501251325,1876.244000000,18,0.193000000,0.140000000,0.326000000
18:33:50,220719,50.594612190,-123.501251328,1876.240000000,18,0.193000000,0.140000000,0.326000000
18:33:51,220719,50.594612245,-123.501251353,1876.248000000,18,0.193000000,0.140000000,0.326000000
18:33:52,220719,50.594612257,-123.501251388,1876.250000000,18,0.193000000,0.140000000,0.326000000
18:33:53,220719,50.594612265,-123.501251428,1876.256000000,18,0.193000000,0.140000000,0.326000000
18:33:54,220719,50.594612253,-123.501251452,1876.260000000,18,0.193000000,0.140000000,0.326000000
18:33:55,220719,50.594612257,-123.501251447,1876.260000000,18,0.193000000,0.140000000,0.326000000
18:33:56,220719,50.594612245,-123.501251457,1876.259000000,18,0.193000000,0.140000000,0.326000000
18:33:57,220719,50.594612218,-123.501251463,1876.264000000,18,0.193000000,0.140000000,0.326000000
18:33:58,220719,50.594612243,-123.501251425,1876.263000000,18,0.193000000,0.140000000,0.326000000
18:33:59,220719,50.594612220,-123.501251437,1876.255000000,18,0.193000000,0.140000000,0.326000000
18:34:00,220719,50.594612238,-123.501251422,1876.250000000,18,0.193000000,0.140000000,0.326000000
18:34:01,220719,50.594612238,-123.501251410,1876.241000000,18,0.193000000,0.140000000,0.326000000
18:34:02,220719,50.594612253,-123.501251442,1876.229000000,18,0.193000000,0.140000000,0.326000000
18:34:03,220719,50.594612245,-123.501251400,1876.231000000,18,0.193000000,0.140000000,0.326000000
18:34:04,220719,50.594612237,-123.501251442,1876.242000000,18,0.193000000,0.140000000,0.326000000
18:34:05,220719,50.594612193,-123.501251492,1876.246000000,18,0.193000000,0.140000000,0.326000000
18:34:06,220719,50.594612228,-123.501251422,1876.250000000,18,0.193000000,0.140000000,0.326000000
18:34:07,220719,50.594612260,-123.501251345,1876.248000000,18,0.193000000,0.140000000,0.326000000
18:34:08,220719,50.594612263,-123.501251303,1876.250000000,18,0.193000000,0.140000000,0.326000000
18:34:09,220719,50.594612238,-123.501251303,1876.254000000,18,0.193000000,0.140000000,0.326000000
18:34:10,220719,50.594612208,-123.501251308,1876.255000000,18,0.193000000,0.140000000,0.326000000
18:34:11,220719,50.594612168,-123.501251305,1876.253000000,18,0.193000000,0.140000000,0.326000000
18:34:12,220719,50.594612150,-123.501251302,1876.252000000,18,0.193000000,0.140000000,0.326000000
18:34:13,220719,50.594612143,-123.501251252,1876.250000000,18,0.193000000,0.140000000,0.326000000
18:34:14,220719,50.594612147,-123.501251235,1876.246000000,18,0.193000000,0.140000000,0.326000000
18:34:15,220719,50.594612145,-123.501251220,1876.245000000,18,0.193000000,0.140000000,0.326000000
18:34:16,220719,50.594612147,-123.501251192,1876.247000000,18,0.193000000,0.140000000,0.326000000
18:34:17,220719,50.594612155,-123.501251162,1876.248000000,18,0.193000000,0.140000000,0.326000000
18:34:18,220719,50.594612172,-123.501251128,1876.253000000,18,0.193000000,0.140000000,0.326000000
18:34:19,220719,50.594612168,-123.501251108,1876.255000000,18,0.193000000,0.140000000,0.326000000
18:34:20,220719,50.594612208,-123.501251083,1876.264000000,18,0.193000000,0.140000000,0.326000000
18:34:21,220719,50.594612240,-123.501251053,1876.265000000,18,0.193000000,0.140000000,0.326000000
18:34:22,220719,50.594612275,-123.501251025,1876.268000000,18,0.193000000,0.140000000,0.326000000
18:34:23,220719,50.594612313,-123.501251010,1876.273000000,18,0.193000000,0.140000000,0.326000000
18:34:24,220719,50.594612285,-123.501251025,1876.272000000,18,0.193000000,0.140000000,0.326000000
18:34:25,220719,50.594612283,-123.501251035,1876.276000000,18,0.193000000,0.140000000,0.326000000
18:34:26,220719,50.594612218,-123.501251025,1876.271000000,18,0.193000000,0.140000000,0.326000000
18:34:27,220719,50.594612137,-123.501251012,1876.260000000,18,0.193000000,0.140000000,0.326000000
18:34:28,220719,50.594612103,-123.501251055,1876.261000000,18,0.193000000,0.140000000,0.326000000
18:34:29,220719,50.594612020,-123.501251038,1876.255000000,18,0.193000000,0.140000000,0.326000000
18:34:30,220719,50.594611950,-123.501251028,1876.255000000,18,0.193000000,0.140000000,0.326000000
18:34:31,220719,50.594611870,-123.501251020,1876.258000000,18,0.193000000,0.140000000,0.326000000
18:34:32,220719,50.594611810,-123.501250977,1876.263000000,18,0.193000000,0.140000000,0.326000000
18:34:33,220719,50.594611765,-123.501250970,1876.266000000,18,0.193000000,0.140000000,0.326000000
18:34:34,220719,50.594611755,-123.501250972,1876.259000000,18,0.193000000,0.140000000,0.326000000
18:34:35,220719,50.594611730,-123.501250962,1876.259000000,18,0.193000000,0.140000000,0.326000000
18:34:36,220719,50.594611693,-123.501250988,1876.257000000,18,0.193000000,0.140000000,0.326000000
18:34:37,220719,50.594611672,-123.501250978,1876.252000000,18,0.192000000,0.140000000,0.326000000
18:34:38,220719,50.594611668,-123.501250968,1876.255000000,18,0.192000000,0.140000000,0.326000000
18:34:39,220719,50.594611675,-123.501250980,1876.256000000,18,0.192000000,0.140000000,0.326000000
18:34:40,220719,50.594611700,-123.501251023,1876.261000000,18,0.192000000,0.140000000,0.326000000
18:34:41,220719,50.594611717,-123.501251020,1876.265000000,18,0.192000000,0.140000000,0.326000000
18:34:42,220719,50.594611748,-123.501251007,1876.272000000,18,0.192000000,0.140000000,0.326000000
18:34:43,220719,50.594611778,-123.501251013,1876.275000000,18,0.192000000,0.140000000,0.326000000
18:34:44,220719,50.594611768,-123.501251018,1876.274000000,18,0.192000000,0.140000000,0.326000000
18:34:45,220719,50.594611762,-123.501250988,1876.273000000,18,0.192000000,0.140000000,0.326000000
18:34:46,220719,50.594611758,-123.501250987,1876.280000000,18,0.192000000,0.140000000,0.326000000
18:34:47,220719,50.594611745,-123.501250992,1876.280000000,18,0.192000000,0.140000000,0.326000000
18:34:48,220719,50.594611762,-123.501250980,1876.287000000,18,0.192000000,0.140000000,0.326000000
18:34:49,220719,50.594611737,-123.501250950,1876.290000000,18,0.192000000,0.140000000,0.326000000
18:34:50,220719,50.594611725,-123.501250988,1876.291000000,18,0.192000000,0.140000000,0.326000000
18:34:51,220719,50.594611708,-123.501251010,1876.291000000,18,0.192000000,0.140000000,0.326000000
18:34:52,220719,50.594611695,-123.501251003,1876.291000000,18,0.192000000,0.140000000,0.326000000
18:34:53,220719,50.594611672,-123.501250980,1876.282000000,18,0.192000000,0.140000000,0.326000000
18:34:54,220719,50.594611628,-123.501250927,1876.281000000,18,0.192000000,0.140000000,0.326000000
18:34:55,220719,50.594611623,-123.501250940,1876.280000000,18,0.192000000,0.140000000,0.326000000
18:34:56,220719,50.594611635,-123.501250942,1876.273000000,18,0.192000000,0.140000000,0.326000000
18:34:57,220719,50.594611642,-123.501250913,1876.275000000,18,0.192000000,0.140000000,0.326000000
18:34:58,220719,50.594611643,-123.501250907,1876.272000000,18,0.192000000,0.140000000,0.326000000
18:34:59,220719,50.594611648,-123.501250878,1876.272000000,18,0.192000000,0.140000000,0.326000000
18:35:00,220719,50.594611648,-123.501250928,1876.276000000,18,0.192000000,0.140000000,0.326000000
18:35:01,220719,50.594611622,-123.501250922,1876.278000000,18,0.192000000,0.140000000,0.326000000
18:35:02,220719,50.594611627,-123.501250922,1876.279000000,18,0.192000000,0.140000000,0.326000000
18:35:03,220719,50.594611665,-123.501250937,1876.284000000,18,0.192000000,0.140000000,0.326000000
18:35:04,220719,50.594611682,-123.501250953,1876.286000000,18,0.192000000,0.140000000,0.326000000
18:35:05,220719,50.594611700,-123.501250937,1876.286000000,18,0.192000000,0.140000000,0.326000000
18:35:06,220719,50.594611697,-123.501250915,1876.288000000,18,0.192000000,0.140000000,0.326000000
18:35:07,220719,50.594611690,-123.501250907,1876.289000000,18,0.192000000,0.140000000,0.326000000
18:35:08,220719,50.594611690,-123.501250907,1876.291000000,18,0.192000000,0.140000000,0.326000000
18:35:09,220719,50.594611713,-123.501250898,1876.298000000,18,0.192000000,0.140000000,0.326000000
18:35:10,220719,50.594611727,-123.501250922,1876.303000000,18,0.192000000,0.140000000,0.326000000
18:35:11,220719,50.594611735,-123.501250943,1876.308000000,18,0.192000000,0.140000000,0.326000000
18:35:12,220719,50.594611725,-123.501250942,1876.313000000,18,0.192000000,0.140000000,0.326000000
18:35:13,220719,50.594611733,-123.501250955,1876.313000000,18,0.192000000,0.140000000,0.326000000
18:35:14,220719,50.594611725,-123.501250955,1876.308000000,18,0.192000000,0.140000000,0.326000000
18:35:15,220719,50.594611705,-123.501250933,1876.308000000,18,0.192000000,0.140000000,0.326000000
18:35:16,220719,50.594611682,-123.501250932,1876.302000000,18,0.192000000,0.140000000,0.326000000
18:35:17,220719,50.594611665,-123.501250923,1876.296000000,18,0.192000000,0.140000000,0.326000000
18:35:18,220719,50.594611670,-123.501250927,1876.289000000,18,0.192000000,0.140000000,0.326000000
18:35:19,220719,50.594611648,-123.501250923,1876.280000000,18,0.192000000,0.140000000,0.326000000
18:35:20,220719,50.594611660,-123.501250918,1876.279000000,18,0.192000000,0.140000000,0.326000000
18:35:21,220719,50.594611638,-123.501250837,1876.294000000,18,0.192000000,0.140000000,0.326000000
18:35:22,220719,50.594611640,-123.501250678,1876.302000000,18,0.191000000,0.140000000,0.326000000
18:35:23,220719,50.594611753,-123.501250962,1876.278000000,18,0.191000000,0.140000000,0.326000000
18:35:24,220719,50.594611813,-123.501250978,1876.264000000,18,0.191000000,0.140000000,0.326000000
18:35:25,220719,50.594611842,-123.501250955,1876.255000000,18,0.191000000,0.140000000,0.326000000
18:35:26,220719,50.594611870,-123.501250940,1876.252000000,18,0.191000000,0.140000000,0.326000000
18:35:27,220719,50.594611922,-123.501250915,1876.251000000,18,0.191000000,0.140000000,0.326000000
18:35:28,220719,50.594611960,-123.501250863,1876.248000000,18,0.191000000,0.140000000,0.326000000
18:35:29,220719,50.594611983,-123.501250820,1876.244000000,18,0.191000000,0.140000000,0.326000000
18:35:30,220719,50.594611980,-123.501250788,1876.245000000,18,0.191000000,0.140000000,0.326000000
18:35:31,220719,50.594611963,-123.501250780,1876.241000000,18,0.191000000,0.140000000,0.326000000
18:35:32,220719,50.594611953,-123.501250752,1876.243000000,18,0.191000000,0.140000000,0.326000000
18:35:33,220719,50.594611928,-123.501250707,1876.239000000,18,0.191000000,0.140000000,0.326000000
18:35:34,220719,50.594611907,-123.501250673,1876.231000000,18,0.191000000,0.140000000,0.326000000
18:35:35,220719,50.594611842,-123.501250650,1876.226000000,18,0.191000000,0.140000000,0.326000000
18:35:36,220719,50.594611813,-123.501250625,1876.221000000,18,0.191000000,0.140000000,0.326000000
18:35:37,220719,50.594611785,-123.501250637,1876.215000000,18,0.191000000,0.140000000,0.326000000
18:35:38,220719,50.594611778,-123.501250657,1876.218000000,18,0.191000000,0.140000000,0.326000000
18:35:39,220719,50.594611762,-123.501250662,1876.221000000,18,0.191000000,0.140000000,0.326000000
18:35:40,220719,50.594611768,-123.501250658,1876.223000000,18,0.191000000,0.140000000,0.326000000
18:35:41,220719,50.594611790,-123.501250665,1876.225000000,18,0.191000000,0.140000000,0.326000000
18:35:42,220719,50.594611798,-123.501250673,1876.228000000,18,0.191000000,0.140000000,0.326000000
18:35:43,220719,50.594611813,-123.501250652,1876.230000000,18,0.191000000,0.140000000,0.326000000
18:35:44,220719,50.594611818,-123.501250670,1876.235000000,18,0.191000000,0.140000000,0.326000000
18:35:45,220719,50.594611858,-123.501250690,1876.251000000,18,0.191000000,0.140000000,0.326000000
18:35:46,220719,50.594611857,-123.501250680,1876.259000000,18,0.191000000,0.140000000,0.326000000
18:35:47,220719,50.594611867,-123.501250698,1876.267000000,18,0.191000000,0.140000000,0.326000000
18:35:48,220719,50.594611883,-123.501250723,1876.276000000,18,0.191000000,0.140000000,0.326000000
18:35:49,220719,50.594611888,-123.501250708,1876.283000000,18,0.191000000,0.140000000,0.326000000
18:35:50,220719,50.594611857,-123.501250730,1876.283000000,18,0.191000000,0.140000000,0.326000000
18:35:51,220719,50.594611833,-123.501250747,1876.286000000,18,0.191000000,0.140000000,0.326000000
18:35:52,220719,50.594611808,-123.501250768,1876.288000000,18,0.191000000,0.140000000,0.326000000
18:35:53,220719,50.594611780,-123.501250768,1876.287000000,18,0.191000000,0.140000000,0.326000000
18:35:54,220719,50.594611785,-123.501250778,1876.294000000,18,0.191000000,0.140000000,0.326000000
18:35:55,220719,50.594611778,-123.501250803,1876.291000000,18,0.191000000,0.140000000,0.326000000
18:35:56,220719,50.594611757,-123.501250788,1876.284000000,18,0.191000000,0.140000000,0.326000000
18:35:57,220719,50.594611730,-123.501250807,1876.290000000,18,0.191000000,0.140000000,0.326000000
18:35:58,220719,50.594611740,-123.501250773,1876.289000000,18,0.191000000,0.140000000,0.326000000
18:35:59,220719,50.594611720,-123.501250788,1876.288000000,18,0.191000000,0.140000000,0.326000000
18:36:00,220719,50.594611722,-123.501250822,1876.293000000,18,0.191000000,0.140000000,0.326000000
18:36:01,220719,50.594611713,-123.501250822,1876.295000000,18,0.191000000,0.140000000,0.326000000
18:36:02,220719,50.594611735,-123.501250858,1876.305000000,18,0.191000000,0.140000000,0.326000000
18:36:03,220719,50.594611733,-123.501250877,1876.310000000,18,0.191000000,0.140000000,0.326000000
18:36:04,220719,50.594611703,-123.501250932,1876.302000000,18,0.191000000,0.140000000,0.326000000
18:36:05,220719,50.594611700,-123.501250942,1876.300000000,18,0.191000000,0.140000000,0.326000000
18:36:06,220719,50.594611685,-123.501250952,1876.299000000,18,0.191000000,0.140000000,0.326000000
18:36:07,220719,50.594611675,-123.501250970,1876.295000000,18,0.191000000,0.140000000,0.326000000
18:36:08,220719,50.594611590,-123.501251145,1876.278000000,18,0.191000000,0.140000000,0.326000000
18:36:09,220719,50.594611582,-123.501251122,1876.291000000,18,0.191000000,0.140000000,0.326000000
18:36:10,220719,50.594611602,-123.501251142,1876.301000000,18,0.190000000,0.140000000,0.326000000
18:36:11,220719,50.594611628,-123.501250953,1876.329000000,18,0.190000000,0.140000000,0.326000000
18:36:12,220719,50.594611740,-123.501250873,1876.347000000,18,0.190000000,0.140000000,0.326000000
18:36:13,220719,50.594611843,-123.501250700,1876.374000000,18,0.190000000,0.140000000,0.326000000
18:36:14,220719,50.594611947,-123.501250510,1876.405000000,18,0.190000000,0.140000000,0.326000000
18:36:15,220719,50.594611998,-123.501250367,1876.423000000,18,0.190000000,0.140000000,0.326000000
18:36:16,220719,50.594612080,-123.501250213,1876.444000000,18,0.190000000,0.140000000,0.326000000
18:36:17,220719,50.594612117,-123.501250125,1876.446000000,18,0.190000000,0.140000000,0.326000000
18:36:18,220719,50.594612137,-123.501250015,1876.454000000,18,0.190000000,0.140000000,0.326000000
18:36:19,220719,50.594612093,-123.501249948,1876.454000000,18,0.190000000,0.140000000,0.326000000
18:36:20,220719,50.594612085,-123.501249913,1876.455000000,18,0.190000000,0.140000000,0.326000000
18:36:21,220719,50.594612080,-123.501249865,1876.458000000,18,0.190000000,0.140000000,0.326000000
18:36:22,220719,50.594612120,-123.501249832,1876.461000000,18,0.190000000,0.140000000,0.326000000
18:36:23,220719,50.594612157,-123.501249835,1876.465000000,18,0.190000000,0.140000000,0.326000000
18:36:24,220719,50.594612100,-123.501249865,1876.477000000,18,0.190000000,0.140000000,0.326000000
18:36:25,220719,50.594612092,-123.501249832,1876.485000000,18,0.190000000,0.140000000,0.326000000
18:36:26,220719,50.594612108,-123.501249822,1876.489000000,18,0.190000000,0.140000000,0.326000000
18:36:27,220719,50.594612173,-123.501249767,1876.493000000,18,0.190000000,0.140000000,0.326000000
18:36:28,220719,50.594612220,-123.501249823,1876.497000000,18,0.190000000,0.140000000,0.326000000
18:36:29,220719,50.594612253,-123.501249832,1876.506000000,18,0.190000000,0.140000000,0.326000000
18:36:30,220719,50.594612245,-123.501249813,1876.504000000,18,0.190000000,0.140000000,0.326000000
18:36:31,220719,50.594612262,-123.501249863,1876.513000000,18,0.190000000,0.140000000,0.326000000
18:36:32,220719,50.594612268,-123.501249900,1876.510000000,18,0.190000000,0.140000000,0.326000000
18:36:33,220719,50.594612257,-123.501249952,1876.512000000,18,0.190000000,0.140000000,0.326000000
18:36:34,220719,50.594612182,-123.501249907,1876.503000000,18,0.190000000,0.140000000,0.325000000
18:36:35,220719,50.594612188,-123.501249917,1876.509000000,18,0.190000000,0.140000000,0.325000000
18:36:36,220719,50.594612203,-123.501249918,1876.507000000,18,0.190000000,0.140000000,0.325000000
18:36:37,220719,50.594612230,-123.501249888,1876.509000000,18,0.190000000,0.140000000,0.325000000
18:36:38,220719,50.594612252,-123.501249870,1876.515000000,18,0.190000000,0.140000000,0.325000000
18:36:39,220719,50.594612248,-123.501249883,1876.513000000,18,0.190000000,0.140000000,0.325000000
18:36:40,220719,50.594612202,-123.501249875,1876.502000000,18,0.190000000,0.140000000,0.325000000
18:36:41,220719,50.594612200,-123.501249802,1876.512000000,18,0.190000000,0.140000000,0.325000000
18:36:42,220719,50.594612207,-123.501249825,1876.512000000,18,0.190000000,0.140000000,0.325000000
18:36:43,220719,50.594612190,-123.501249817,1876.505000000,18,0.190000000,0.140000000,0.325000000
18:36:44,220719,50.594612220,-123.501249835,1876.510000000,18,0.190000000,0.140000000,0.325000000
18:36:45,220719,50.594612227,-123.501249797,1876.518000000,18,0.190000000,0.140000000,0.325000000
18:36:46,220719,50.594612258,-123.501249802,1876.515000000,18,0.190000000,0.140000000,0.325000000
18:36:47,220719,50.594612217,-123.501249755,1876.512000000,18,0.190000000,0.140000000,0.325000000
18:36:48,220719,50.594612237,-123.501249773,1876.510000000,18,0.190000000,0.140000000,0.325000000
18:36:49,220719,50.594612252,-123.501249773,1876.504000000,18,0.190000000,0.140000000,0.325000000
18:36:50,220719,50.594612250,-123.501249788,1876.500000000,18,0.190000000,0.140000000,0.325000000
18:36:51,220719,50.594612303,-123.501249797,1876.501000000,18,0.190000000,0.140000000,0.325000000
18:36:52,220719,50.594612317,-123.501249883,1876.496000000,18,0.190000000,0.140000000,0.325000000
18:36:53,220719,50.594612243,-123.501249872,1876.500000000,18,0.190000000,0.140000000,0.325000000
18:36:54,220719,50.594612242,-123.501249917,1876.501000000,18,0.190000000,0.140000000,0.325000000
18:36:55,220719,50.594612225,-123.501249908,1876.496000000,18,0.189000000,0.140000000,0.325000000
18:36:56,220719,50.594612218,-123.501249883,1876.488000000,17,0.195000000,0.161000000,0.371000000
18:36:57,220719,50.594612247,-123.501249882,1876.490000000,17,0.195000000,0.161000000,0.371000000
18:36:58,220719,50.594612242,-123.501249880,1876.492000000,17,0.195000000,0.161000000,0.371000000
18:36:59,220719,50.594612228,-123.501249838,1876.476000000,17,0.195000000,0.161000000,0.371000000
18:37:00,220719,50.594612262,-123.501249860,1876.454000000,17,0.195000000,0.161000000,0.371000000
18:37:01,220719,50.594612260,-123.501249875,1876.425000000,17,0.195000000,0.161000000,0.371000000
18:37:02,220719,50.594612218,-123.501249952,1876.395000000,17,0.195000000,0.161000000,0.371000000
18:37:03,220719,50.594612153,-123.501250012,1876.373000000,17,0.195000000,0.161000000,0.371000000
18:37:04,220719,50.594612137,-123.501250003,1876.363000000,17,0.195000000,0.161000000,0.371000000
18:37:05,220719,50.594612100,-123.501249902,1876.365000000,17,0.194000000,0.161000000,0.371000000
18:37:06,220719,50.594612042,-123.501249907,1876.374000000,17,0.194000000,0.161000000,0.371000000
18:37:07,220719,50.594611988,-123.501249975,1876.372000000,17,0.194000000,0.161000000,0.371000000
18:37:08,220719,50.594611893,-123.501249922,1876.359000000,17,0.194000000,0.161000000,0.371000000
18:37:09,220719,50.594611792,-123.501249848,1876.351000000,17,0.194000000,0.161000000,0.371000000
18:37:10,220719,50.594611712,-123.501249790,1876.347000000,17,0.194000000,0.161000000,0.371000000
18:37:11,220719,50.594611635,-123.501249732,1876.346000000,17,0.194000000,0.161000000,0.371000000
18:37:12,220719,50.594611593,-123.501249752,1876.340000000,17,0.194000000,0.161000000,0.371000000
18:37:13,220719,50.594611550,-123.501249695,1876.335000000,17,0.194000000,0.161000000,0.371000000
18:37:14,220719,50.594611633,-123.501249978,1876.332000000,17,0.194000000,0.161000000,0.371000000
18:37:15,220719,50.594611708,-123.501250012,1876.338000000,17,0.194000000,0.161000000,0.371000000
18:37:16,220719,50.594611792,-123.501249982,1876.352000000,17,0.194000000,0.161000000,0.371000000
18:37:17,220719,50.594611920,-123.501249933,1876.371000000,17,0.194000000,0.161000000,0.371000000
18:37:18,220719,50.594612022,-123.501249932,1876.384000000,17,0.194000000,0.161000000,0.371000000
18:37:19,220719,50.594612005,-123.501249897,1876.390000000,17,0.194000000,0.161000000,0.371000000
18:37:20,220719,50.594612060,-123.501249895,1876.399000000,17,0.194000000,0.161000000,0.371000000
18:37:21,220719,50.594612057,-123.501249852,1876.394000000,17,0.194000000,0.161000000,0.371000000
18:37:22,220719,50.594612088,-123.501249893,1876.395000000,17,0.194000000,0.161000000,0.371000000
18:37:23,220719,50.594612057,-123.501250060,1876.394000000,17,0.194000000,0.161000000,0.371000000
18:37:24,220719,50.594612012,-123.501250165,1876.398000000,17,0.194000000,0.161000000,0.371000000
18:37:25,220719,50.594612053,-123.501250118,1876.408000000,17,0.194000000,0.161000000,0.371000000
18:37:26,220719,50.594612075,-123.501250162,1876.419000000,17,0.194000000,0.161000000,0.371000000
18:37:27,220719,50.594611972,-123.501250123,1876.410000000,17,0.194000000,0.161000000,0.371000000
18:37:28,220719,50.594611997,-123.501250115,1876.411000000,17,0.194000000,0.161000000,0.371000000
18:37:29,220719,50.594612018,-123.501250112,1876.414000000,17,0.194000000,0.161000000,0.371000000
18:37:30,220719,50.594612020,-123.501250122,1876.418000000,17,0.194000000,0.161000000,0.371000000
18:37:31,220719,50.594612045,-123.501250133,1876.420000000,17,0.194000000,0.161000000,0.371000000
18:37:32,220719,50.594612027,-123.501250133,1876.411000000,17,0.194000000,0.161000000,0.371000000
18:37:33,220719,50.594612020,-123.501250132,1876.408000000,17,0.194000000,0.161000000,0.371000000
18:37:34,220719,50.594611982,-123.501250155,1876.403000000,17,0.194000000,0.161000000,0.371000000
18:37:35,220719,50.594611950,-123.501250168,1876.396000000,17,0.194000000,0.161000000,0.371000000
18:37:36,220719,50.594611933,-123.501250173,1876.394000000,17,0.194000000,0.161000000,0.371000000
18:37:37,220719,50.594611935,-123.501250170,1876.386000000,17,0.194000000,0.161000000,0.371000000
18:37:38,220719,50.594611887,-123.501250200,1876.377000000,17,0.194000000,0.161000000,0.371000000
18:37:39,220719,50.594611868,-123.501250220,1876.375000000,17,0.194000000,0.161000000,0.371000000
18:37:40,220719,50.594611903,-123.501250230,1876.374000000,17,0.194000000,0.161000000,0.371000000
18:37:41,220719,50.594611923,-123.501250235,1876.372000000,17,0.194000000,0.161000000,0.371000000
18:37:42,220719,50.594611893,-123.501250203,1876.365000000,17,0.194000000,0.161000000,0.371000000
18:37:43,220719,50.594611878,-123.501250188,1876.365000000,17,0.194000000,0.161000000,0.371000000
18:37:44,220719,50.594611880,-123.501250200,1876.364000000,17,0.194000000,0.161000000,0.371000000
18:37:45,220719,50.594611883,-123.501250253,1876.369000000,17,0.194000000,0.161000000,0.371000000
18:37:46,220719,50.594611908,-123.501250305,1876.373000000,17,0.194000000,0.161000000,0.371000000
18:37:47,220719,50.594611930,-123.501250330,1876.377000000,17,0.194000000,0.161000000,0.371000000
18:37:48,220719,50.594611963,-123.501250343,1876.377000000,17,0.194000000,0.161000000,0.371000000
18:37:49,220719,50.594611990,-123.501250370,1876.378000000,17,0.194000000,0.161000000,0.371000000
18:37:50,220719,50.594611990,-123.501250360,1876.379000000,17,0.193000000,0.161000000,0.371000000
18:37:51,220719,50.594611998,-123.501250348,1876.374000000,17,0.193000000,0.161000000,0.371000000
18:37:52,220719,50.594611988,-123.501250320,1876.371000000,17,0.193000000,0.161000000,0.371000000
18:37:53,220719,50.594611957,-123.501250327,1876.366000000,17,0.193000000,0.161000000,0.371000000
18:37:54,220719,50.594611890,-123.501250320,1876.362000000,17,0.193000000,0.161000000,0.371000000
18:37:55,220719,50.594611912,-123.501250370,1876.367000000,17,0.193000000,0.161000000,0.371000000
18:37:56,220719,50.594611912,-123.501250382,1876.366000000,17,0.193000000,0.161000000,0.372000000
18:37:57,220719,50.594611882,-123.501250363,1876.360000000,17,0.193000000,0.161000000,0.372000000
18:37:58,220719,50.594611855,-123.501250360,1876.353000000,17,0.193000000,0.161000000,0.372000000
18:37:59,220719,50.594611840,-123.501250387,1876.351000000,17,0.193000000,0.161000000,0.372000000
18:38:00,220719,50.594611827,-123.501250445,1876.350000000,17,0.193000000,0.161000000,0.372000000
18:38:01,220719,50.594611808,-123.501250447,1876.349000000,17,0.193000000,0.161000000,0.372000000
18:38:02,220719,50.594611822,-123.501250438,1876.350000000,17,0.193000000,0.161000000,0.372000000
18:38:03,220719,50.594611835,-123.501250472,1876.351000000,17,0.193000000,0.161000000,0.372000000
18:38:04,220719,50.594611823,-123.501250492,1876.350000000,17,0.193000000,0.161000000,0.372000000
18:38:05,220719,50.594611768,-123.501250467,1876.344000000,17,0.193000000,0.161000000,0.372000000
18:38:06,220719,50.594611748,-123.501250450,1876.341000000,17,0.193000000,0.161000000,0.372000000
18:38:07,220719,50.594611730,-123.501250425,1876.335000000,17,0.193000000,0.161000000,0.372000000
18:38:08,220719,50.594611752,-123.501250432,1876.335000000,17,0.193000000,0.161000000,0.372000000
18:38:09,220719,50.594611768,-123.501250438,1876.340000000,17,0.193000000,0.161000000,0.372000000
18:38:10,220719,50.594611777,-123.501250447,1876.344000000,17,0.193000000,0.161000000,0.372000000
18:38:11,220719,50.594611783,-123.501250408,1876.346000000,17,0.193000000,0.161000000,0.372000000
18:38:12,220719,50.594611820,-123.501250460,1876.351000000,17,0.193000000,0.161000000,0.372000000
18:38:13,220719,50.594611873,-123.501250485,1876.354000000,17,0.193000000,0.161000000,0.372000000
18:38:14,220719,50.594611917,-123.501250462,1876.360000000,17,0.193000000,0.161000000,0.372000000
18:38:15,220719,50.594611925,-123.501250482,1876.358000000,17,0.193000000,0.161000000,0.372000000
18:38:16,220719,50.594611920,-123.501250470,1876.355000000,17,0.193000000,0.161000000,0.372000000
18:38:17,220719,50.594611935,-123.501250475,1876.355000000,17,0.193000000,0.161000000,0.372000000
18:38:18,220719,50.594611942,-123.501250502,1876.362000000,17,0.193000000,0.161000000,0.372000000
18:38:19,220719,50.594611978,-123.501250515,1876.367000000,17,0.193000000,0.161000000,0.372000000
18:38:20,220719,50.594611963,-123.501250493,1876.366000000,17,0.193000000,0.161000000,0.372000000
18:38:21,220719,50.594611927,-123.501250473,1876.357000000,17,0.193000000,0.161000000,0.372000000
18:38:22,220719,50.594611848,-123.501250450,1876.351000000,17,0.193000000,0.161000000,0.372000000
18:38:23,220719,50.594611805,-123.501250472,1876.346000000,17,0.193000000,0.161000000,0.372000000
18:38:24,220719,50.594611765,-123.501250445,1876.333000000,17,0.193000000,0.161000000,0.372000000
18:38:25,220719,50.594611707,-123.501250452,1876.324000000,17,0.193000000,0.161000000,0.372000000
18:38:26,220719,50.594611657,-123.501250457,1876.316000000,17,0.193000000,0.161000000,0.372000000
18:38:27,220719,50.594611643,-123.501250415,1876.311000000,17,0.193000000,0.161000000,0.372000000
18:38:28,220719,50.594611582,-123.501250405,1876.306000000,17,0.193000000,0.161000000,0.372000000
18:38:29,220719,50.594611543,-123.501250387,1876.301000000,17,0.193000000,0.161000000,0.372000000
18:38:30,220719,50.594611537,-123.501250388,1876.297000000,17,0.193000000,0.161000000,0.372000000
18:38:31,220719,50.594611528,-123.501250382,1876.297000000,17,0.193000000,0.161000000,0.372000000
18:38:32,220719,50.594611533,-123.501250342,1876.292000000,17,0.193000000,0.161000000,0.372000000
18:38:33,220719,50.594611528,-123.501250327,1876.293000000,17,0.193000000,0.161000000,0.372000000
18:38:34,220719,50.594611497,-123.501250312,1876.290000000,17,0.193000000,0.161000000,0.372000000
18:38:35,220719,50.594611513,-123.501250320,1876.293000000,17,0.192000000,0.161000000,0.372000000
18:38:36,220719,50.594611545,-123.501250322,1876.297000000,17,0.192000000,0.161000000,0.372000000
18:38:37,220719,50.594611557,-123.501250360,1876.300000000,17,0.192000000,0.161000000,0.372000000
18:38:38,220719,50.594611582,-123.501250378,1876.302000000,17,0.192000000,0.161000000,0.372000000
18:38:39,220719,50.594611598,-123.501250400,1876.303000000,17,0.192000000,0.161000000,0.372000000
18:38:40,220719,50.594611600,-123.501250427,1876.308000000,17,0.192000000,0.161000000,0.372000000
18:38:41,220719,50.594611638,-123.501250442,1876.320000000,17,0.192000000,0.161000000,0.372000000
18:38:42,220719,50.594611683,-123.501250447,1876.323000000,17,0.192000000,0.161000000,0.372000000
18:38:43,220719,50.594611673,-123.501250387,1876.326000000,17,0.192000000,0.161000000,0.372000000
18:38:44,220719,50.594611657,-123.501250392,1876.325000000,17,0.192000000,0.161000000,0.372000000
18:38:45,220719,50.594611625,-123.501250362,1876.323000000,17,0.192000000,0.161000000,0.372000000
18:38:46,220719,50.594611603,-123.501250368,1876.324000000,17,0.192000000,0.161000000,0.372000000
18:38:47,220719,50.594611598,-123.501250377,1876.320000000,17,0.192000000,0.161000000,0.372000000
18:38:48,220719,50.594611577,-123.501250387,1876.319000000,17,0.192000000,0.161000000,0.372000000
18:38:49,220719,50.594611538,-123.501250395,1876.321000000,17,0.192000000,0.161000000,0.372000000
18:38:50,220719,50.594611530,-123.501250405,1876.324000000,17,0.192000000,0.161000000,0.372000000
18:38:51,220719,50.594611532,-123.501250402,1876.327000000,17,0.192000000,0.161000000,0.372000000
18:38:52,220719,50.594611528,-123.501250390,1876.331000000,17,0.192000000,0.161000000,0.372000000
18:38:53,220719,50.594611523,-123.501250367,1876.334000000,17,0.192000000,0.161000000,0.372000000
18:38:54,220719,50.594611520,-123.501250355,1876.334000000,17,0.192000000,0.161000000,0.372000000
18:38:55,220719,50.594611483,-123.501250372,1876.329000000,17,0.192000000,0.161000000,0.372000000
18:38:56,220719,50.594611442,-123.501250362,1876.326000000,17,0.192000000,0.161000000,0.372000000
18:38:57,220719,50.594611412,-123.501250312,1876.318000000,17,0.192000000,0.161000000,0.372000000
18:38:58,220719,50.594611363,-123.501250318,1876.313000000,17,0.192000000,0.161000000,0.372000000
18:38:59,220719,50.594611345,-123.501250332,1876.310000000,17,0.192000000,0.161000000,0.372000000
18:39:00,220719,50.594611300,-123.501250362,1876.313000000,17,0.192000000,0.161000000,0.372000000
18:39:01,220719,50.594611290,-123.501250392,1876.309000000,17,0.192000000,0.161000000,0.372000000
18:39:02,220719,50.594611313,-123.501250362,1876.312000000,17,0.192000000,0.161000000,0.372000000
18:39:03,220719,50.594611323,-123.501250392,1876.317000000,17,0.192000000,0.161000000,0.372000000
18:39:04,220719,50.594611312,-123.501250350,1876.311000000,17,0.192000000,0.161000000,0.372000000
18:39:05,220719,50.594611293,-123.501250365,1876.315000000,17,0.192000000,0.161000000,0.372000000
18:39:06,220719,50.594611285,-123.501250353,1876.309000000,17,0.192000000,0.161000000,0.372000000
18:39:07,220719,50.594611248,-123.501250337,1876.309000000,17,0.192000000,0.161000000,0.372000000
18:39:08,220719,50.594611217,-123.501250330,1876.312000000,17,0.192000000,0.161000000,0.372000000
18:39:09,220719,50.594611233,-123.501250303,1876.314000000,17,0.192000000,0.161000000,0.372000000
18:39:10,220719,50.594611220,-123.501250292,1876.315000000,17,0.192000000,0.161000000,0.372000000
18:39:11,220719,50.594611218,-123.501250288,1876.313000000,17,0.192000000,0.161000000,0.372000000
18:39:12,220719,50.594611225,-123.501250283,1876.315000000,17,0.192000000,0.161000000,0.372000000
18:39:13,220719,50.594611243,-123.501250307,1876.315000000,17,0.192000000,0.161000000,0.372000000
18:39:14,220719,50.594611235,-123.501250300,1876.317000000,17,0.192000000,0.161000000,0.372000000
18:39:15,220719,50.594611202,-123.501250313,1876.317000000,17,0.192000000,0.161000000,0.372000000
18:39:16,220719,50.594611180,-123.501250320,1876.314000000,17,0.192000000,0.161000000,0.372000000
18:39:17,220719,50.594611135,-123.501250297,1876.308000000,17,0.192000000,0.161000000,0.372000000
18:39:18,220719,50.594611088,-123.501250278,1876.303000000,17,0.192000000,0.161000000,0.372000000
18:39:19,220719,50.594611030,-123.501250272,1876.299000000,17,0.192000000,0.161000000,0.372000000
18:39:20,220719,50.594610990,-123.501250248,1876.291000000,17,0.191000000,0.161000000,0.372000000
18:39:21,220719,50.594610958,-123.501250255,1876.290000000,17,0.191000000,0.161000000,0.372000000
18:39:22,220719,50.594610947,-123.501250273,1876.290000000,17,0.191000000,0.161000000,0.372000000
18:39:23,220719,50.594610972,-123.501250292,1876.289000000,18,0.191000000,0.161000000,0.372000000
18:39:24,220719,50.594610998,-123.501250322,1876.293000000,18,0.153000000,0.152000000,0.297000000
18:39:25,220719,50.594610950,-123.501250295,1876.283000000,18,0.153000000,0.152000000,0.297000000
18:39:26,220719,50.594610943,-123.501250305,1876.277000000,18,0.153000000,0.152000000,0.297000000
18:39:27,220719,50.594610927,-123.501250333,1876.278000000,18,0.153000000,0.152000000,0.297000000
18:39:28,220719,50.594610938,-123.501250360,1876.282000000,18,0.153000000,0.152000000,0.297000000
18:39:29,220719,50.594610938,-123.501250343,1876.281000000,18,0.153000000,0.152000000,0.297000000
18:39:30,220719,50.594610958,-123.501250350,1876.278000000,18,0.153000000,0.152000000,0.297000000
18:39:31,220719,50.594610942,-123.501250335,1876.276000000,18,0.153000000,0.152000000,0.297000000
18:39:32,220719,50.594610940,-123.501250328,1876.274000000,18,0.153000000,0.152000000,0.297000000
18:39:33,220719,50.594610848,-123.501250307,1876.262000000,18,0.153000000,0.152000000,0.297000000
18:39:34,220719,50.594610767,-123.501250290,1876.255000000,18,0.153000000,0.152000000,0.297000000
18:39:35,220719,50.594610780,-123.501250307,1876.254000000,18,0.153000000,0.152000000,0.297000000
18:39:36,220719,50.594610795,-123.501250290,1876.259000000,18,0.153000000,0.152000000,0.297000000
18:39:37,220719,50.594610882,-123.501250370,1876.274000000,18,0.153000000,0.152000000,0.297000000
18:39:38,220719,50.594610938,-123.501250373,1876.273000000,18,0.153000000,0.152000000,0.297000000
18:39:39,220719,50.594610962,-123.501250413,1876.271000000,18,0.153000000,0.152000000,0.298000000
18:39:40,220719,50.594610988,-123.501250458,1876.262000000,18,0.153000000,0.152000000,0.298000000
18:39:41,220719,50.594610965,-123.501250512,1876.260000000,18,0.153000000,0.152000000,0.298000000
18:39:42,220719,50.594610978,-123.501250533,1876.264000000,18,0.153000000,0.152000000,0.298000000
18:39:43,220719,50.594610998,-123.501250488,1876.263000000,18,0.153000000,0.152000000,0.298000000
18:39:44,220719,50.594611028,-123.501250438,1876.255000000,18,0.153000000,0.152000000,0.298000000
18:39:45,220719,50.594611037,-123.501250377,1876.252000000,18,0.153000000,0.152000000,0.298000000
18:39:46,220719,50.594611155,-123.501250387,1876.263000000,18,0.153000000,0.152000000,0.298000000
18:39:47,220719,50.594611217,-123.501250397,1876.278000000,18,0.153000000,0.152000000,0.298000000
18:39:48,220719,50.594611262,-123.501250367,1876.284000000,18,0.153000000,0.152000000,0.298000000
18:39:49,220719,50.594611272,-123.501250362,1876.289000000,18,0.153000000,0.152000000,0.298000000
18:39:50,220719,50.594611272,-123.501250357,1876.293000000,18,0.153000000,0.152000000,0.298000000
18:39:51,220719,50.594611368,-123.501250465,1876.294000000,18,0.153000000,0.152000000,0.298000000
18:39:52,220719,50.594611393,-123.501250448,1876.300000000,18,0.153000000,0.152000000,0.298000000
18:39:53,220719,50.594611412,-123.501250513,1876.307000000,18,0.153000000,0.152000000,0.298000000
18:39:54,220719,50.594611420,-123.501250593,1876.311000000,18,0.153000000,0.152000000,0.298000000
18:39:55,220719,50.594611435,-123.501250595,1876.313000000,18,0.153000000,0.152000000,0.298000000
18:39:56,220719,50.594611455,-123.501250643,1876.315000000,18,0.153000000,0.152000000,0.298000000
18:39:57,220719,50.594611463,-123.501250668,1876.318000000,18,0.153000000,0.152000000,0.298000000
18:39:58,220719,50.594611462,-123.501250682,1876.316000000,18,0.153000000,0.152000000,0.298000000
18:39:59,220719,50.594611438,-123.501250663,1876.323000000,18,0.153000000,0.152000000,0.298000000
18:40:00,220719,50.594611397,-123.501250712,1876.318000000,18,0.153000000,0.152000000,0.298000000
18:40:01,220719,50.594611347,-123.501250788,1876.319000000,18,0.153000000,0.152000000,0.298000000
18:40:02,220719,50.594611350,-123.501250848,1876.317000000,18,0.153000000,0.152000000,0.298000000
18:40:03,220719,50.594611363,-123.501250833,1876.317000000,18,0.153000000,0.152000000,0.298000000
18:40:04,220719,50.594611345,-123.501250845,1876.317000000,18,0.153000000,0.152000000,0.298000000
18:40:05,220719,50.594611327,-123.501250870,1876.315000000,18,0.153000000,0.152000000,0.298000000
18:40:06,220719,50.594611338,-123.501250868,1876.304000000,18,0.153000000,0.152000000,0.299000000
18:40:07,220719,50.594611330,-123.501250848,1876.303000000,18,0.153000000,0.152000000,0.299000000
18:40:08,220719,50.594611325,-123.501250878,1876.304000000,18,0.153000000,0.152000000,0.299000000
18:40:09,220719,50.594611360,-123.501250865,1876.304000000,18,0.153000000,0.152000000,0.299000000
18:40:10,220719,50.594611348,-123.501250898,1876.306000000,18,0.153000000,0.152000000,0.299000000
18:40:11,220719,50.594611363,-123.501250860,1876.308000000,18,0.153000000,0.152000000,0.299000000
18:40:12,220719,50.594611388,-123.501250808,1876.309000000,18,0.153000000,0.152000000,0.299000000
18:40:13,220719,50.594611410,-123.501250727,1876.312000000,18,0.153000000,0.152000000,0.299000000
18:40:14,220719,50.594611417,-123.501250703,1876.313000000,18,0.153000000,0.152000000,0.299000000
18:40:15,220719,50.594611402,-123.501250645,1876.315000000,18,0.153000000,0.152000000,0.299000000
18:40:16,220719,50.594611412,-123.501250622,1876.316000000,18,0.153000000,0.152000000,0.299000000
18:40:17,220719,50.594611373,-123.501250578,1876.317000000,18,0.153000000,0.152000000,0.299000000
18:40:18,220719,50.594611407,-123.501250578,1876.315000000,18,0.153000000,0.152000000,0.299000000
18:40:19,220719,50.594611410,-123.501250545,1876.316000000,18,0.153000000,0.152000000,0.299000000
18:40:20,220719,50.594611395,-123.501250520,1876.314000000,18,0.153000000,0.152000000,0.299000000
18:40:21,220719,50.594611423,-123.501250490,1876.316000000,18,0.153000000,0.152000000,0.299000000
18:40:22,220719,50.594611442,-123.501250458,1876.318000000,18,0.153000000,0.152000000,0.299000000
18:40:23,220719,50.594611452,-123.501250427,1876.317000000,18,0.153000000,0.152000000,0.299000000
18:40:24,220719,50.594611472,-123.501250385,1876.315000000,18,0.153000000,0.152000000,0.299000000
18:40:25,220719,50.594611470,-123.501250397,1876.317000000,18,0.153000000,0.152000000,0.299000000
18:40:26,220719,50.594611463,-123.501250390,1876.315000000,18,0.153000000,0.152000000,0.299000000
18:40:27,220719,50.594611455,-123.501250348,1876.312000000,18,0.153000000,0.152000000,0.299000000
18:40:28,220719,50.594611445,-123.501250327,1876.313000000,18,0.153000000,0.152000000,0.299000000
18:40:29,220719,50.594611408,-123.501250353,1876.311000000,18,0.153000000,0.152000000,0.299000000
18:40:30,220719,50.594611387,-123.501250300,1876.300000000,18,0.153000000,0.152000000,0.299000000
18:40:31,220719,50.594611367,-123.501250370,1876.286000000,18,0.153000000,0.152000000,0.299000000
18:40:32,220719,50.594611315,-123.501250490,1876.277000000,17,0.154000000,0.172000000,0.316000000
18:40:33,220719,50.594611322,-123.501250543,1876.281000000,17,0.154000000,0.172000000,0.316000000
18:40:34,220719,50.594611365,-123.501250662,1876.265000000,17,0.154000000,0.172000000,0.316000000
18:40:35,220719,50.594611412,-123.501250777,1876.262000000,17,0.154000000,0.172000000,0.316000000
18:40:36,220719,50.594611440,-123.501250848,1876.251000000,18,0.153000000,0.152000000,0.300000000
18:40:37,220719,50.594611458,-123.501250883,1876.245000000,18,0.153000000,0.152000000,0.300000000
18:40:38,220719,50.594611488,-123.501250938,1876.240000000,18,0.153000000,0.152000000,0.300000000
18:40:39,220719,50.594611497,-123.501251000,1876.238000000,18,0.153000000,0.152000000,0.300000000
18:40:40,220719,50.594611500,-123.501251045,1876.231000000,18,0.153000000,0.152000000,0.300000000
18:40:41,220719,50.594611488,-123.501251097,1876.225000000,18,0.153000000,0.152000000,0.300000000
18:40:42,220719,50.594611458,-123.501251083,1876.218000000,18,0.153000000,0.152000000,0.300000000
18:40:43,220719,50.594611462,-123.501251083,1876.216000000,18,0.153000000,0.152000000,0.300000000
18:40:44,220719,50.594611467,-123.501251120,1876.212000000,18,0.153000000,0.152000000,0.300000000
18:40:45,220719,50.594611467,-123.501251140,1876.206000000,18,0.153000000,0.152000000,0.300000000
18:40:46,220719,50.594611467,-123.501251143,1876.203000000,18,0.153000000,0.152000000,0.300000000
18:40:47,220719,50.594611483,-123.501251112,1876.194000000,18,0.153000000,0.152000000,0.300000000
18:40:48,220719,50.594611455,-123.501251048,1876.191000000,18,0.152000000,0.152000000,0.300000000
18:40:49,220719,50.594611432,-123.501251070,1876.193000000,18,0.152000000,0.152000000,0.300000000
18:40:50,220719,50.594611445,-123.501251087,1876.196000000,18,0.152000000,0.152000000,0.300000000
18:40:51,220719,50.594611448,-123.501251100,1876.195000000,18,0.152000000,0.152000000,0.300000000
18:40:52,220719,50.594611443,-123.501251098,1876.196000000,18,0.152000000,0.152000000,0.300000000
18:40:53,220719,50.594611455,-123.501251068,1876.199000000,18,0.152000000,0.152000000,0.300000000
18:40:54,220719,50.594611455,-123.501251072,1876.198000000,18,0.152000000,0.152000000,0.300000000
18:40:55,220719,50.594611473,-123.501251088,1876.196000000,18,0.152000000,0.152000000,0.300000000
18:40:56,220719,50.594611478,-123.501251073,1876.197000000,18,0.152000000,0.152000000,0.300000000
18:40:57,220719,50.594611470,-123.501251073,1876.198000000,18,0.152000000,0.152000000,0.300000000
18:40:58,220719,50.594611458,-123.501251083,1876.199000000,18,0.152000000,0.152000000,0.300000000
18:40:59,220719,50.594611463,-123.501251088,1876.199000000,18,0.152000000,0.152000000,0.300000000
18:41:00,220719,50.594611477,-123.501251085,1876.201000000,18,0.152000000,0.152000000,0.301000000
18:41:01,220719,50.594611487,-123.501251080,1876.199000000,18,0.152000000,0.152000000,0.301000000
18:41:02,220719,50.594611495,-123.501251080,1876.199000000,18,0.152000000,0.152000000,0.301000000
18:41:03,220719,50.594611508,-123.501251090,1876.203000000,18,0.152000000,0.152000000,0.301000000
18:41:04,220719,50.594611513,-123.501251113,1876.207000000,18,0.152000000,0.152000000,0.301000000
18:41:05,220719,50.594611523,-123.501251143,1876.212000000,18,0.152000000,0.152000000,0.301000000
18:41:06,220719,50.594611530,-123.501251162,1876.215000000,18,0.152000000,0.152000000,0.301000000
18:41:07,220719,50.594611542,-123.501251167,1876.216000000,18,0.152000000,0.152000000,0.301000000
18:41:08,220719,50.594611547,-123.501251182,1876.221000000,18,0.152000000,0.152000000,0.301000000
18:41:09,220719,50.594611532,-123.501251225,1876.220000000,18,0.152000000,0.152000000,0.301000000
18:41:10,220719,50.594611530,-123.501251207,1876.222000000,18,0.152000000,0.152000000,0.301000000
18:41:11,220719,50.594611540,-123.501251185,1876.222000000,18,0.152000000,0.152000000,0.301000000
18:41:12,220719,50.594611525,-123.501251193,1876.225000000,18,0.152000000,0.152000000,0.301000000
18:41:13,220719,50.594611508,-123.501251192,1876.227000000,18,0.152000000,0.152000000,0.301000000
18:41:14,220719,50.594611502,-123.501251195,1876.228000000,18,0.152000000,0.152000000,0.301000000
18:41:15,220719,50.594611542,-123.501251202,1876.232000000,18,0.152000000,0.152000000,0.301000000
18:41:16,220719,50.594611530,-123.501251205,1876.235000000,18,0.152000000,0.152000000,0.301000000
18:41:17,220719,50.594611540,-123.501251208,1876.232000000,18,0.152000000,0.152000000,0.301000000
18:41:18,220719,50.594611588,-123.501251193,1876.237000000,18,0.152000000,0.152000000,0.301000000
18:41:19,220719,50.594611617,-123.501251183,1876.232000000,18,0.152000000,0.152000000,0.301000000
18:41:20,220719,50.594611637,-123.501251190,1876.232000000,18,0.152000000,0.152000000,0.301000000
18:41:21,220719,50.594611640,-123.501251143,1876.232000000,18,0.152000000,0.152000000,0.301000000
18:41:22,220719,50.594611657,-123.501251000,1876.248000000,18,0.152000000,0.152000000,0.301000000
18:41:23,220719,50.594611575,-123.501251133,1876.256000000,18,0.152000000,0.152000000,0.301000000
18:41:24,220719,50.594611552,-123.501251083,1876.252000000,18,0.152000000,0.152000000,0.301000000
18:41:25,220719,50.594611547,-123.501251042,1876.252000000,18,0.152000000,0.152000000,0.301000000
18:41:26,220719,50.594611523,-123.501250980,1876.246000000,18,0.152000000,0.152000000,0.301000000
18:41:27,220719,50.594611505,-123.501250973,1876.241000000,18,0.152000000,0.152000000,0.302000000
18:41:28,220719,50.594611458,-123.501250985,1876.240000000,18,0.152000000,0.152000000,0.302000000
18:41:29,220719,50.594611403,-123.501250982,1876.242000000,18,0.152000000,0.152000000,0.302000000
18:41:30,220719,50.594611355,-123.501250975,1876.238000000,18,0.152000000,0.152000000,0.302000000
18:41:31,220719,50.594611318,-123.501250978,1876.236000000,18,0.152000000,0.152000000,0.302000000
18:41:32,220719,50.594611302,-123.501250953,1876.227000000,18,0.152000000,0.152000000,0.302000000
18:41:33,220719,50.594611332,-123.501250875,1876.213000000,18,0.152000000,0.152000000,0.302000000
18:41:34,220719,50.594611342,-123.501250978,1876.214000000,18,0.152000000,0.152000000,0.302000000
18:41:35,220719,50.594611385,-123.501251000,1876.226000000,18,0.152000000,0.152000000,0.302000000
18:41:36,220719,50.594611413,-123.501251042,1876.235000000,18,0.152000000,0.152000000,0.302000000
18:41:37,220719,50.594611425,-123.501251135,1876.238000000,18,0.152000000,0.152000000,0.302000000
18:41:38,220719,50.594611440,-123.501251172,1876.241000000,18,0.152000000,0.152000000,0.302000000
18:41:39,220719,50.594611450,-123.501251225,1876.243000000,18,0.152000000,0.152000000,0.302000000
18:41:40,220719,50.594611452,-123.501251257,1876.243000000,18,0.152000000,0.152000000,0.302000000
18:41:41,220719,50.594611480,-123.501251287,1876.243000000,18,0.152000000,0.152000000,0.302000000
18:41:42,220719,50.594611492,-123.501251355,1876.247000000,18,0.152000000,0.152000000,0.302000000
18:41:43,220719,50.594611492,-123.501251417,1876.249000000,18,0.152000000,0.152000000,0.302000000
18:41:44,220719,50.594611488,-123.501251430,1876.252000000,18,0.152000000,0.152000000,0.302000000
18:41:45,220719,50.594611488,-123.501251447,1876.252000000,18,0.152000000,0.152000000,0.302000000
18:41:46,220719,50.594611530,-123.501251482,1876.248000000,18,0.152000000,0.152000000,0.302000000
18:41:47,220719,50.594611488,-123.501251475,1876.247000000,18,0.152000000,0.152000000,0.302000000
18:41:48,220719,50.594611478,-123.501251498,1876.246000000,18,0.152000000,0.152000000,0.302000000
18:41:49,220719,50.594611472,-123.501251555,1876.246000000,18,0.152000000,0.152000000,0.302000000
18:41:50,220719,50.594611487,-123.501251588,1876.250000000,18,0.152000000,0.152000000,0.302000000
18:41:51,220719,50.594611498,-123.501251573,1876.249000000,18,0.152000000,0.152000000,0.302000000
18:41:52,220719,50.594611510,-123.501251562,1876.247000000,18,0.152000000,0.152000000,0.302000000
18:41:53,220719,50.594611518,-123.501251547,1876.243000000,18,0.152000000,0.152000000,0.302000000
18:41:54,220719,50.594611540,-123.501251547,1876.238000000,18,0.152000000,0.152000000,0.302000000
18:41:55,220719,50.594611533,-123.501251565,1876.236000000,18,0.152000000,0.152000000,0.302000000
18:41:56,220719,50.594611517,-123.501251585,1876.238000000,18,0.152000000,0.152000000,0.302000000
18:41:57,220719,50.594611507,-123.501251573,1876.243000000,18,0.152000000,0.153000000,0.303000000
18:41:58,220719,50.594611502,-123.501251590,1876.243000000,18,0.152000000,0.153000000,0.303000000
18:41:59,220719,50.594611515,-123.501251572,1876.244000000,18,0.152000000,0.153000000,0.303000000
18:42:00,220719,50.594611520,-123.501251533,1876.246000000,18,0.152000000,0.153000000,0.303000000
18:42:01,220719,50.594611543,-123.501251507,1876.243000000,18,0.152000000,0.153000000,0.303000000
18:42:02,220719,50.594611548,-123.501251482,1876.238000000,18,0.152000000,0.153000000,0.303000000
18:42:03,220719,50.594611563,-123.501251468,1876.238000000,18,0.152000000,0.153000000,0.303000000
18:42:04,220719,50.594611572,-123.501251478,1876.238000000,18,0.152000000,0.153000000,0.303000000
18:42:05,220719,50.594611587,-123.501251482,1876.233000000,18,0.152000000,0.153000000,0.303000000
18:42:06,220719,50.594611590,-123.501251465,1876.232000000,18,0.152000000,0.153000000,0.303000000
18:42:07,220719,50.594611585,-123.501251475,1876.228000000,18,0.152000000,0.153000000,0.303000000
18:42:08,220719,50.594611560,-123.501251473,1876.225000000,18,0.152000000,0.153000000,0.303000000
18:42:09,220719,50.594611553,-123.501251477,1876.227000000,18,0.152000000,0.153000000,0.303000000
18:42:10,220719,50.594611555,-123.501251462,1876.227000000,18,0.152000000,0.153000000,0.303000000
18:42:11,220719,50.594611562,-123.501251443,1876.226000000,18,0.152000000,0.153000000,0.303000000
18:42:12,220719,50.594611572,-123.501251420,1876.223000000,18,0.152000000,0.153000000,0.303000000
18:42:13,220719,50.594611582,-123.501251410,1876.222000000,18,0.152000000,0.153000000,0.303000000
18:42:14,220719,50.594611583,-123.501251418,1876.221000000,18,0.152000000,0.153000000,0.303000000
18:42:15,220719,50.594611578,-123.501251418,1876.222000000,18,0.152000000,0.153000000,0.303000000
18:42:16,220719,50.594611587,-123.501251407,1876.224000000,18,0.152000000,0.153000000,0.303000000
18:42:17,220719,50.594611598,-123.501251370,1876.225000000,18,0.152000000,0.153000000,0.303000000
18:42:18,220719,50.594611607,-123.501251337,1876.228000000,18,0.152000000,0.153000000,0.303000000
18:42:19,220719,50.594611605,-123.501251320,1876.230000000,18,0.152000000,0.153000000,0.303000000
18:42:20,220719,50.594611633,-123.501251310,1876.232000000,18,0.152000000,0.153000000,0.303000000
18:42:21,220719,50.594611655,-123.501251155,1876.249000000,18,0.152000000,0.153000000,0.303000000
18:42:22,220719,50.594611600,-123.501251140,1876.251000000,18,0.152000000,0.153000000,0.303000000
18:42:23,220719,50.594611602,-123.501251042,1876.246000000,18,0.152000000,0.153000000,0.303000000
18:42:24,220719,50.594611632,-123.501251045,1876.226000000,18,0.152000000,0.153000000,0.304000000
18:42:25,220719,50.594611640,-123.501251137,1876.212000000,18,0.152000000,0.153000000,0.304000000
18:42:26,220719,50.594611640,-123.501251152,1876.230000000,18,0.152000000,0.153000000,0.304000000
18:42:27,220719,50.594611625,-123.501251135,1876.240000000,18,0.152000000,0.153000000,0.304000000
18:42:28,220719,50.594611633,-123.501251107,1876.247000000,18,0.152000000,0.153000000,0.304000000
18:42:29,220719,50.594611638,-123.501251093,1876.248000000,18,0.152000000,0.153000000,0.304000000
18:42:30,220719,50.594611665,-123.501251123,1876.253000000,18,0.152000000,0.153000000,0.304000000
18:42:31,220719,50.594611685,-123.501251102,1876.258000000,18,0.152000000,0.153000000,0.304000000
18:42:32,220719,50.594611680,-123.501251087,1876.259000000,18,0.152000000,0.153000000,0.304000000
18:42:33,220719,50.594611652,-123.501251082,1876.262000000,18,0.152000000,0.153000000,0.304000000
18:42:34,220719,50.594611630,-123.501251087,1876.266000000,18,0.152000000,0.153000000,0.304000000
18:42:35,220719,50.594611632,-123.501251047,1876.270000000,18,0.152000000,0.153000000,0.304000000
18:42:36,220719,50.594611633,-123.501251017,1876.272000000,18,0.152000000,0.153000000,0.304000000
18:42:37,220719,50.594611635,-123.501250958,1876.273000000,18,0.152000000,0.153000000,0.304000000
18:42:38,220719,50.594611638,-123.501250923,1876.272000000,18,0.152000000,0.153000000,0.304000000
18:42:39,220719,50.594611638,-123.501250907,1876.278000000,18,0.152000000,0.153000000,0.304000000
18:42:40,220719,50.594611640,-123.501250917,1876.282000000,18,0.152000000,0.153000000,0.304000000
18:42:41,220719,50.594611610,-123.501250948,1876.287000000,18,0.152000000,0.153000000,0.304000000
18:42:42,220719,50.594611608,-123.501250935,1876.291000000,18,0.152000000,0.153000000,0.304000000
18:42:43,220719,50.594611592,-123.501250908,1876.291000000,18,0.152000000,0.153000000,0.304000000
18:42:44,220719,50.594611610,-123.501250890,1876.294000000,18,0.152000000,0.153000000,0.304000000
18:42:45,220719,50.594611637,-123.501250855,1876.295000000,18,0.152000000,0.153000000,0.304000000
18:42:46,220719,50.594611645,-123.501250818,1876.297000000,18,0.152000000,0.153000000,0.304000000
18:42:47,220719,50.594611672,-123.501250800,1876.299000000,18,0.152000000,0.153000000,0.304000000
18:42:48,220719,50.594611675,-123.501250817,1876.300000000,18,0.152000000,0.153000000,0.304000000
18:42:49,220719,50.594611677,-123.501250818,1876.300000000,18,0.152000000,0.153000000,0.304000000
18:42:50,220719,50.594611675,-123.501250817,1876.303000000,18,0.152000000,0.153000000,0.304000000
18:42:51,220719,50.594611707,-123.501250832,1876.307000000,18,0.152000000,0.153000000,0.305000000
18:42:52,220719,50.594611725,-123.501250845,1876.310000000,18,0.152000000,0.153000000,0.305000000
18:42:53,220719,50.594611730,-123.501250847,1876.313000000,18,0.152000000,0.153000000,0.305000000
18:42:54,220719,50.594611740,-123.501250843,1876.319000000,18,0.152000000,0.153000000,0.305000000
18:42:55,220719,50.594611740,-123.501250847,1876.322000000,18,0.152000000,0.153000000,0.305000000
18:42:56,220719,50.594611748,-123.501250847,1876.324000000,18,0.152000000,0.153000000,0.305000000
18:42:57,220719,50.594611768,-123.501250908,1876.324000000,18,0.152000000,0.153000000,0.305000000
18:42:58,220719,50.594611728,-123.501250865,1876.321000000,18,0.152000000,0.153000000,0.305000000
18:42:59,220719,50.594611720,-123.501250885,1876.318000000,18,0.152000000,0.153000000,0.305000000
18:43:00,220719,50.594611697,-123.501250883,1876.319000000,18,0.152000000,0.153000000,0.305000000
18:43:01,220719,50.594611672,-123.501250903,1876.317000000,18,0.152000000,0.153000000,0.305000000
18:43:02,220719,50.594611705,-123.501250887,1876.321000000,18,0.152000000,0.153000000,0.305000000
18:43:03,220719,50.594611725,-123.501250895,1876.315000000,18,0.152000000,0.153000000,0.305000000
18:43:04,220719,50.594611745,-123.501250912,1876.314000000,18,0.152000000,0.153000000,0.305000000
18:43:05,220719,50.594611762,-123.501250925,1876.317000000,18,0.152000000,0.153000000,0.305000000
18:43:06,220719,50.594611777,-123.501250920,1876.317000000,18,0.152000000,0.153000000,0.305000000
18:43:07,220719,50.594611787,-123.501250918,1876.317000000,18,0.152000000,0.153000000,0.305000000
18:43:08,220719,50.594611795,-123.501250912,1876.319000000,18,0.152000000,0.153000000,0.305000000
18:43:09,220719,50.594611833,-123.501250900,1876.320000000,18,0.152000000,0.153000000,0.305000000
18:43:10,220719,50.594611847,-123.501250890,1876.317000000,18,0.152000000,0.153000000,0.305000000
18:43:11,220719,50.594611842,-123.501250875,1876.321000000,18,0.152000000,0.153000000,0.305000000
18:43:12,220719,50.594611835,-123.501250878,1876.321000000,18,0.152000000,0.153000000,0.305000000
18:43:13,220719,50.594611852,-123.501250868,1876.321000000,18,0.152000000,0.153000000,0.305000000
18:43:14,220719,50.594611852,-123.501250895,1876.320000000,18,0.152000000,0.153000000,0.305000000
18:43:15,220719,50.594611840,-123.501250887,1876.323000000,18,0.152000000,0.153000000,0.305000000
18:43:16,220719,50.594611873,-123.501250902,1876.306000000,18,0.152000000,0.153000000,0.305000000
18:43:17,220719,50.594611810,-123.501250950,1876.322000000,18,0.152000000,0.153000000,0.305000000
18:43:18,220719,50.594611827,-123.501250918,1876.307000000,18,0.152000000,0.153000000,0.305000000
18:43:19,220719,50.594611807,-123.501250960,1876.318000000,18,0.152000000,0.153000000,0.305000000
18:43:20,220719,50.594611805,-123.501250905,1876.320000000,18,0.152000000,0.153000000,0.305000000
18:43:21,220719,50.594611797,-123.501250900,1876.324000000,18,0.152000000,0.153000000,0.306000000
18:43:22,220719,50.594611787,-123.501250877,1876.323000000,18,0.152000000,0.153000000,0.306000000
18:43:23,220719,50.594611790,-123.501250835,1876.325000000,18,0.152000000,0.153000000,0.306000000
18:43:24,220719,50.594611802,-123.501250815,1876.321000000,18,0.152000000,0.153000000,0.306000000
18:43:25,220719,50.594611825,-123.501250793,1876.324000000,18,0.152000000,0.153000000,0.306000000
18:43:26,220719,50.594611847,-123.501250768,1876.324000000,18,0.152000000,0.153000000,0.306000000
18:43:27,220719,50.594611858,-123.501250740,1876.327000000,18,0.152000000,0.153000000,0.306000000
18:43:28,220719,50.594611875,-123.501250715,1876.329000000,18,0.152000000,0.153000000,0.306000000
18:43:29,220719,50.594611907,-123.501250687,1876.330000000,18,0.152000000,0.153000000,0.306000000
18:43:30,220719,50.594611938,-123.501250663,1876.326000000,18,0.152000000,0.153000000,0.306000000
18:43:31,220719,50.594611958,-123.501250648,1876.324000000,18,0.152000000,0.153000000,0.306000000
18:43:32,220719,50.594611988,-123.501250635,1876.320000000,18,0.152000000,0.153000000,0.306000000
18:43:33,220719,50.594611975,-123.501250605,1876.316000000,18,0.152000000,0.153000000,0.306000000
18:43:34,220719,50.594611973,-123.501250590,1876.315000000,18,0.152000000,0.153000000,0.306000000
18:43:35,220719,50.594611965,-123.501250572,1876.313000000,18,0.152000000,0.153000000,0.306000000
18:43:36,220719,50.594611955,-123.501250542,1876.312000000,18,0.152000000,0.153000000,0.306000000
18:43:37,220719,50.594611947,-123.501250547,1876.308000000,18,0.152000000,0.153000000,0.306000000
18:43:38,220719,50.594611953,-123.501250500,1876.303000000,18,0.152000000,0.153000000,0.306000000
18:43:39,220719,50.594611940,-123.501250495,1876.299000000,18,0.152000000,0.153000000,0.306000000
18:43:40,220719,50.594611933,-123.501250535,1876.294000000,18,0.152000000,0.153000000,0.306000000
18:43:41,220719,50.594611900,-123.501250575,1876.290000000,18,0.152000000,0.153000000,0.306000000
18:43:42,220719,50.594611882,-123.501250605,1876.296000000,18,0.152000000,0.153000000,0.306000000
18:43:43,220719,50.594611838,-123.501250623,1876.295000000,18,0.152000000,0.153000000,0.306000000
18:43:44,220719,50.594611817,-123.501250657,1876.293000000,18,0.152000000,0.153000000,0.306000000
18:43:45,220719,50.594611827,-123.501250635,1876.291000000,18,0.152000000,0.153000000,0.306000000
18:43:46,220719,50.594611855,-123.501250637,1876.290000000,18,0.152000000,0.153000000,0.306000000
18:43:47,220719,50.594611877,-123.501250673,1876.290000000,18,0.152000000,0.153000000,0.306000000
18:43:48,220719,50.594611903,-123.501250660,1876.288000000,18,0.152000000,0.153000000,0.306000000
18:43:49,220719,50.594611913,-123.501250612,1876.284000000,18,0.152000000,0.153000000,0.306000000
18:43:50,220719,50.594611918,-123.501250615,1876.286000000,18,0.152000000,0.153000000,0.306000000
18:43:51,220719,50.594611918,-123.501250650,1876.287000000,18,0.152000000,0.153000000,0.307000000
18:43:52,220719,50.594611930,-123.501250635,1876.287000000,18,0.152000000,0.153000000,0.307000000
18:43:53,220719,50.594611957,-123.501250602,1876.286000000,18,0.152000000,0.153000000,0.307000000
18:43:54,220719,50.594611968,-123.501250588,1876.283000000,18,0.151000000,0.153000000,0.307000000
18:43:55,220719,50.594611985,-123.501250590,1876.279000000,19,0.148000000,0.148000000,0.289000000
18:43:56,220719,50.594611992,-123.501250582,1876.275000000,19,0.148000000,0.148000000,0.289000000
18:43:57,220719,50.594612000,-123.501250575,1876.267000000,19,0.148000000,0.148000000,0.289000000
18:43:58,220719,50.594612000,-123.501250587,1876.263000000,19,0.148000000,0.148000000,0.289000000
18:43:59,220719,50.594612012,-123.501250597,1876.261000000,19,0.148000000,0.148000000,0.289000000
18:44:00,220719,50.594612010,-123.501250583,1876.262000000,19,0.148000000,0.148000000,0.289000000
18:44:01,220719,50.594612005,-123.501250640,1876.244000000,19,0.148000000,0.148000000,0.289000000
18:44:02,220719,50.594611973,-123.501250843,1876.229000000,19,0.148000000,0.148000000,0.289000000
18:44:03,220719,50.594611955,-123.501250917,1876.217000000,18,0.150000000,0.163000000,0.298000000
18:44:04,220719,50.594611917,-123.501250977,1876.220000000,18,0.150000000,0.163000000,0.298000000
18:44:05,220719,50.594611885,-123.501250993,1876.223000000,18,0.150000000,0.163000000,0.298000000
18:44:06,220719,50.594611898,-123.501250967,1876.227000000,18,0.150000000,0.163000000,0.298000000
18:44:07,220719,50.594611915,-123.501250958,1876.228000000,19,0.148000000,0.148000000,0.289000000
18:44:08,220719,50.594611950,-123.501250935,1876.229000000,19,0.148000000,0.148000000,0.289000000
18:44:09,220719,50.594611960,-123.501250912,1876.229000000,19,0.148000000,0.148000000,0.289000000
18:44:10,220719,50.594611983,-123.501250908,1876.233000000,19,0.148000000,0.148000000,0.289000000
18:44:11,220719,50.594611992,-123.501250945,1876.232000000,19,0.148000000,0.148000000,0.289000000
18:44:12,220719,50.594612003,-123.501250962,1876.234000000,19,0.148000000,0.148000000,0.289000000
18:44:13,220719,50.594612018,-123.501250962,1876.233000000,19,0.148000000,0.148000000,0.290000000
18:44:14,220719,50.594612025,-123.501250982,1876.234000000,19,0.148000000,0.148000000,0.290000000
18:44:15,220719,50.594612010,-123.501251000,1876.232000000,19,0.148000000,0.148000000,0.290000000
18:44:16,220719,50.594612003,-123.501251015,1876.237000000,19,0.148000000,0.148000000,0.290000000
18:44:17,220719,50.594612005,-123.501251013,1876.240000000,19,0.148000000,0.148000000,0.290000000
18:44:18,220719,50.594612005,-123.501251008,1876.244000000,19,0.148000000,0.148000000,0.290000000
18:44:19,220719,50.594612008,-123.501251008,1876.244000000,19,0.147000000,0.148000000,0.290000000
18:44:20,220719,50.594612002,-123.501251005,1876.243000000,19,0.147000000,0.148000000,0.290000000
18:44:21,220719,50.594611945,-123.501251035,1876.243000000,19,0.147000000,0.148000000,0.290000000
18:44:22,220719,50.594611998,-123.501251030,1876.245000000,19,0.147000000,0.148000000,0.290000000
18:44:23,220719,50.594611955,-123.501251055,1876.257000000,19,0.147000000,0.148000000,0.290000000
18:44:24,220719,50.594611882,-123.501250998,1876.231000000,19,0.147000000,0.148000000,0.290000000
18:44:25,220719,50.594611872,-123.501251065,1876.238000000,19,0.147000000,0.148000000,0.290000000
18:44:26,220719,50.594611870,-123.501251065,1876.242000000,19,0.147000000,0.148000000,0.290000000
18:44:27,220719,50.594611905,-123.501251058,1876.247000000,19,0.147000000,0.148000000,0.290000000
18:44:28,220719,50.594611915,-123.501251060,1876.248000000,19,0.147000000,0.148000000,0.290000000
18:44:29,220719,50.594611915,-123.501251060,1876.255000000,19,0.147000000,0.148000000,0.290000000
18:44:30,220719,50.594611932,-123.501251070,1876.261000000,19,0.147000000,0.148000000,0.290000000
18:44:31,220719,50.594611935,-123.501251035,1876.264000000,19,0.147000000,0.148000000,0.290000000
18:44:32,220719,50.594611937,-123.501251040,1876.265000000,19,0.147000000,0.148000000,0.290000000
18:44:33,220719,50.594611972,-123.501251030,1876.267000000,19,0.147000000,0.148000000,0.290000000
18:44:34,220719,50.594612007,-123.501251063,1876.267000000,19,0.147000000,0.148000000,0.290000000
18:44:35,220719,50.594612028,-123.501251063,1876.271000000,19,0.147000000,0.148000000,0.290000000
18:44:36,220719,50.594612038,-123.501251100,1876.280000000,19,0.147000000,0.148000000,0.290000000
18:44:37,220719,50.594612048,-123.501251128,1876.285000000,19,0.147000000,0.148000000,0.290000000
18:44:38,220719,50.594612058,-123.501251128,1876.285000000,19,0.147000000,0.148000000,0.290000000
18:44:39,220719,50.594612048,-123.501251140,1876.283000000,19,0.147000000,0.148000000,0.290000000
18:44:40,220719,50.594612037,-123.501251142,1876.289000000,19,0.147000000,0.148000000,0.290000000
18:44:41,220719,50.594612017,-123.501251172,1876.292000000,19,0.147000000,0.148000000,0.290000000
18:44:42,220719,50.594612008,-123.501251137,1876.296000000,19,0.147000000,0.148000000,0.290000000
18:44:43,220719,50.594612018,-123.501251083,1876.293000000,19,0.147000000,0.148000000,0.290000000
18:44:44,220719,50.594612033,-123.501251082,1876.292000000,19,0.147000000,0.148000000,0.290000000
18:44:45,220719,50.594612043,-123.501251088,1876.296000000,19,0.147000000,0.148000000,0.290000000
18:44:46,220719,50.594612038,-123.501251113,1876.298000000,19,0.147000000,0.148000000,0.290000000
18:44:47,220719,50.594612045,-123.501251132,1876.300000000,19,0.147000000,0.148000000,0.290000000
18:44:48,220719,50.594612060,-123.501251123,1876.302000000,19,0.147000000,0.148000000,0.290000000
18:44:49,220719,50.594612087,-123.501251128,1876.299000000,19,0.147000000,0.148000000,0.291000000
18:44:50,220719,50.594612075,-123.501251118,1876.297000000,19,0.147000000,0.148000000,0.291000000
18:44:51,220719,50.594612060,-123.501251130,1876.298000000,19,0.147000000,0.148000000,0.291000000
18:44:52,220719,50.594612045,-123.501251152,1876.298000000,19,0.147000000,0.148000000,0.291000000
18:44:53,220719,50.594612038,-123.501251167,1876.299000000,19,0.147000000,0.148000000,0.291000000
18:44:54,220719,50.594612040,-123.501251175,1876.302000000,19,0.147000000,0.148000000,0.291000000
18:44:55,220719,50.594612037,-123.501251170,1876.300000000,19,0.147000000,0.148000000,0.291000000
18:44:56,220719,50.594612030,-123.501251152,1876.298000000,19,0.147000000,0.148000000,0.291000000
18:44:57,220719,50.594612032,-123.501251138,1876.300000000,19,0.147000000,0.148000000,0.291000000
18:44:58,220719,50.594612033,-123.501251145,1876.298000000,19,0.147000000,0.148000000,0.291000000
18:44:59,220719,50.594612052,-123.501251165,1876.291000000,19,0.147000000,0.148000000,0.291000000
18:45:00,220719,50.594612028,-123.501251195,1876.294000000,19,0.147000000,0.148000000,0.291000000
18:45:01,220719,50.594611997,-123.501251233,1876.293000000,19,0.147000000,0.148000000,0.291000000
18:45:02,220719,50.594611990,-123.501251250,1876.299000000,19,0.147000000,0.148000000,0.291000000
18:45:03,220719,50.594612067,-123.501251280,1876.305000000,19,0.147000000,0.148000000,0.291000000
18:45:04,220719,50.594612185,-123.501251268,1876.318000000,19,0.147000000,0.148000000,0.291000000
18:45:05,220719,50.594612035,-123.501251112,1876.279000000,19,0.147000000,0.148000000,0.291000000
18:45:06,220719,50.594612098,-123.501250880,1876.282000000,18,0.148000000,0.149000000,0.297000000
18:45:07,220719,50.594612085,-123.501251005,1876.304000000,18,0.148000000,0.149000000,0.297000000
18:45:08,220719,50.594612448,-123.501251478,1876.274000000,17,0.148000000,0.149000000,0.297000000
18:45:09,220719,50.594612950,-123.501252468,1876.219000000,17,0.152000000,0.154000000,0.315000000
18:45:10,220719,50.594613538,-123.501252722,1876.226000000,17,0.152000000,0.154000000,0.315000000
18:45:11,220719,50.594613460,-123.501252948,1876.085000000,6,0.293000000,0.229000000,0.523000000
18:45:12,220719,50.594613678,-123.501253030,1876.169000000,6,1.683000000,1.960000000,4.342000000
18:45:13,220719,50.594613677,-123.501253082,1876.154000000,6,1.683000000,1.960000000,4.342000000
18:45:14,220719,50.594613485,-123.501253125,1876.111000000,6,2.313000000,2.696000000,5.972000000
18:45:15,220719,50.594612843,-123.501251963,1876.046000000,6,2.313000000,2.696000000,5.972000000
18:45:19,220719,50.594614783,-123.501230278,1876.316000000,12,1.723000000,1.683000000,3.794000000
18:45:20,220719,50.594615777,-123.501235670,1876.818000000,14,1.572000000,1.525000000,3.395000000
18:45:21,220719,50.594614353,-123.501233968,1875.823000000,18,1.192000000,1.195000000,2.474000000
18:45:22,220719,50.594614620,-123.501235628,1875.680000000,18,1.192000000,1.195000000,2.474000000
18:45:23,220719,50.594614613,-123.501237585,1875.655000000,18,1.192000000,1.195000000,2.474000000
18:45:24,220719,50.594614463,-123.501239162,1875.676000000,18,0.838000000,0.841000000,1.740000000
18:45:25,220719,50.594614330,-123.501240378,1875.703000000,18,0.838000000,0.841000000,1.740000000
18:45:26,220719,50.594614235,-123.501241467,1875.744000000,18,0.838000000,0.841000000,1.740000000
18:45:27,220719,50.594614110,-123.501242290,1875.782000000,18,0.591000000,0.593000000,1.228000000
18:45:28,220719,50.594613983,-123.501242973,1875.811000000,19,0.565000000,0.569000000,1.120000000
18:45:29,220719,50.594613943,-123.501243570,1875.855000000,19,0.565000000,0.569000000,1.120000000
18:45:30,220719,50.594613913,-123.501244057,1875.895000000,19,0.565000000,0.569000000,1.120000000
18:45:31,220719,50.594613897,-123.501244555,1875.944000000,19,0.403000000,0.406000000,0.799000000
18:45:32,220719,50.594613780,-123.501245002,1875.975000000,19,0.403000000,0.406000000,0.799000000
18:45:33,220719,50.594613827,-123.501245282,1875.998000000,19,0.403000000,0.406000000,0.799000000
18:45:34,220719,50.594613895,-123.501245658,1876.010000000,19,0.293000000,0.296000000,0.582000000
18:45:35,220719,50.594613948,-123.501246013,1876.036000000,19,0.293000000,0.296000000,0.582000000
18:45:36,220719,50.594613992,-123.501246345,1876.063000000,19,0.293000000,0.296000000,0.582000000
18:45:37,220719,50.594613995,-123.501246747,1876.102000000,19,0.216000000,0.218000000,0.429000000
18:45:38,220719,50.594613935,-123.501246917,1876.116000000,19,0.216000000,0.218000000,0.429000000
18:45:39,220719,50.594613915,-123.501247083,1876.133000000,19,0.216000000,0.218000000,0.429000000
18:45:40,220719,50.594613895,-123.501247193,1876.147000000,19,0.164000000,0.166000000,0.326000000
18:45:41,220719,50.594613892,-123.501247225,1876.160000000,19,0.164000000,0.166000000,0.326000000
18:45:42,220719,50.594613840,-123.501247188,1876.164000000,19,0.164000000,0.166000000,0.326000000
18:45:43,220719,50.594613857,-123.501247153,1876.175000000,19,0.147000000,0.148000000,0.292000000
18:45:44,220719,50.594613868,-123.501247208,1876.193000000,19,0.147000000,0.148000000,0.292000000
18:45:45,220719,50.594613800,-123.501247207,1876.201000000,19,0.147000000,0.148000000,0.292000000
18:45:46,220719,50.594613712,-123.501247205,1876.206000000,19,0.147000000,0.148000000,0.292000000
18:45:47,220719,50.594613613,-123.501247158,1876.205000000,19,0.147000000,0.148000000,0.292000000
18:45:48,220719,50.594613525,-123.501247142,1876.204000000,19,0.147000000,0.148000000,0.292000000
18:45:49,220719,50.594613410,-123.501247077,1876.199000000,19,0.147000000,0.148000000,0.292000000
18:45:50,220719,50.594613335,-123.501247000,1876.197000000,19,0.147000000,0.148000000,0.292000000
18:45:51,220719,50.594613268,-123.501246958,1876.209000000,19,0.147000000,0.148000000,0.292000000
18:45:52,220719,50.594613210,-123.501246943,1876.194000000,19,0.147000000,0.148000000,0.292000000
18:45:53,220719,50.594613245,-123.501246803,1876.190000000,19,0.147000000,0.148000000,0.292000000
18:45:54,220719,50.594613212,-123.501246723,1876.190000000,18,0.147000000,0.148000000,0.292000000
18:45:55,220719,50.594613072,-123.501246698,1876.185000000,18,0.167000000,0.148000000,0.301000000
18:45:56,220719,50.594612893,-123.501246645,1876.176000000,18,0.167000000,0.148000000,0.301000000
18:45:57,220719,50.594612595,-123.501246627,1876.157000000,19,0.167000000,0.148000000,0.301000000
18:45:58,220719,50.594612405,-123.501246588,1876.143000000,19,0.147000000,0.148000000,0.292000000
18:45:59,220719,50.594612257,-123.501246527,1876.131000000,19,0.147000000,0.148000000,0.292000000
18:46:00,220719,50.594612152,-123.501246457,1876.118000000,19,0.147000000,0.148000000,0.292000000
18:46:01,220719,50.594612137,-123.501246385,1876.123000000,19,0.147000000,0.148000000,0.293000000
18:46:02,220719,50.594612133,-123.501246347,1876.126000000,19,0.147000000,0.148000000,0.293000000
18:46:03,220719,50.594612082,-123.501246355,1876.126000000,19,0.147000000,0.148000000,0.293000000
18:46:04,220719,50.594612040,-123.501246340,1876.132000000,19,0.147000000,0.148000000,0.293000000
18:46:05,220719,50.594612012,-123.501246333,1876.140000000,19,0.147000000,0.148000000,0.293000000
18:46:06,220719,50.594611968,-123.501246338,1876.142000000,19,0.147000000,0.148000000,0.293000000
18:46:07,220719,50.594611952,-123.501246342,1876.146000000,19,0.147000000,0.148000000,0.293000000
18:46:08,220719,50.594611952,-123.501246383,1876.151000000,19,0.147000000,0.148000000,0.293000000
18:46:09,220719,50.594611982,-123.501246390,1876.158000000,19,0.147000000,0.148000000,0.293000000
18:46:10,220719,50.594611965,-123.501246395,1876.155000000,19,0.147000000,0.148000000,0.293000000
