TIME,DATE(ddMMyy),LATITUDEGGA,LONGITUDEGGA,ALTITUDEGGA,NUMBERSAT,LATERR,LONGERR,ALTERR
00:34:26,220719,50.675716663,-123.464421855,867.451000000,16,0.179000000,0.163000000,0.382000000
00:34:27,220719,50.675716765,-123.464421788,867.443000000,16,0.179000000,0.163000000,0.382000000
00:34:28,220719,50.675716792,-123.464421835,867.440000000,16,0.179000000,0.163000000,0.382000000
00:34:29,220719,50.675716853,-123.464421763,867.425000000,16,0.179000000,0.163000000,0.382000000
00:34:30,220719,50.675716900,-123.464421730,867.409000000,16,0.179000000,0.163000000,0.382000000
00:34:31,220719,50.675716920,-123.464421728,867.396000000,16,0.179000000,0.163000000,0.382000000
00:34:32,220719,50.675716965,-123.464421743,867.378000000,16,0.179000000,0.163000000,0.382000000
00:34:33,220719,50.675716987,-123.464421747,867.368000000,16,0.179000000,0.163000000,0.383000000
00:34:34,220719,50.675717005,-123.464421782,867.359000000,16,0.179000000,0.163000000,0.383000000
00:34:35,220719,50.675717012,-123.464421808,867.347000000,16,0.179000000,0.163000000,0.383000000
00:34:36,220719,50.675717018,-123.464421827,867.341000000,16,0.179000000,0.163000000,0.383000000
00:34:37,220719,50.675717018,-123.464421838,867.339000000,16,0.179000000,0.163000000,0.383000000
00:34:38,220719,50.675717048,-123.464421832,867.331000000,16,0.179000000,0.163000000,0.383000000
00:34:39,220719,50.675717018,-123.464421950,867.338000000,16,0.179000000,0.163000000,0.383000000
00:34:40,220719,50.675716990,-123.464422050,867.344000000,16,0.179000000,0.163000000,0.383000000
00:34:41,220719,50.675717020,-123.464422032,867.342000000,16,0.179000000,0.163000000,0.383000000
00:34:42,220719,50.675716943,-123.464422168,867.366000000,15,0.193000000,0.174000000,0.452000000
00:34:43,220719,50.675716927,-123.464422225,867.376000000,15,0.193000000,0.174000000,0.452000000
00:34:44,220719,50.675716962,-123.464422207,867.371000000,15,0.193000000,0.174000000,0.452000000
00:34:45,220719,50.675716860,-123.464422362,867.393000000,15,0.193000000,0.174000000,0.452000000
00:34:46,220719,50.675716837,-123.464422395,867.400000000,15,0.193000000,0.174000000,0.452000000
00:34:47,220719,50.675716828,-123.464422378,867.400000000,15,0.193000000,0.174000000,0.452000000
00:34:48,220719,50.675716733,-123.464422453,867.416000000,15,0.193000000,0.174000000,0.452000000
00:34:49,220719,50.675716745,-123.464422397,867.420000000,15,0.193000000,0.174000000,0.452000000
00:34:50,220719,50.675716800,-123.464422318,867.408000000,15,0.193000000,0.174000000,0.452000000
00:34:51,220719,50.675716725,-123.464422423,867.422000000,15,0.193000000,0.174000000,0.452000000
00:34:52,220719,50.675716723,-123.464422395,867.420000000,15,0.193000000,0.174000000,0.452000000
00:34:53,220719,50.675716648,-123.464422470,867.433000000,15,0.193000000,0.174000000,0.452000000
00:34:54,220719,50.675716590,-123.464422542,867.444000000,15,0.193000000,0.174000000,0.452000000
00:34:55,220719,50.675716555,-123.464422563,867.451000000,15,0.193000000,0.174000000,0.452000000
00:34:56,220719,50.675716490,-123.464422637,867.461000000,15,0.193000000,0.174000000,0.452000000
00:34:57,220719,50.675716468,-123.464422710,867.473000000,15,0.193000000,0.174000000,0.452000000
00:34:58,220719,50.675716457,-123.464422742,867.478000000,15,0.193000000,0.174000000,0.452000000
00:34:59,220719,50.675716442,-123.464422787,867.493000000,15,0.193000000,0.174000000,0.452000000
00:35:00,220719,50.675716420,-123.464422835,867.503000000,15,0.194000000,0.174000000,0.452000000
00:35:01,220719,50.675716422,-123.464422828,867.511000000,15,0.194000000,0.174000000,0.452000000
00:35:02,220719,50.675716408,-123.464422875,867.521000000,15,0.194000000,0.174000000,0.452000000
00:35:03,220719,50.675716415,-123.464422873,867.529000000,15,0.194000000,0.174000000,0.452000000
00:35:04,220719,50.675716397,-123.464422852,867.528000000,15,0.194000000,0.174000000,0.452000000
00:35:05,220719,50.675716388,-123.464422852,867.534000000,15,0.194000000,0.174000000,0.452000000
00:35:06,220719,50.675716393,-123.464422853,867.538000000,15,0.194000000,0.174000000,0.452000000
00:35:07,220719,50.675716393,-123.464422843,867.544000000,15,0.194000000,0.174000000,0.452000000
00:35:08,220719,50.675716357,-123.464422863,867.552000000,15,0.194000000,0.174000000,0.452000000
00:35:09,220719,50.675716355,-123.464422853,867.552000000,15,0.194000000,0.174000000,0.453000000
00:35:10,220719,50.675716365,-123.464422833,867.549000000,15,0.194000000,0.174000000,0.453000000
00:35:11,220719,50.675716365,-123.464422823,867.544000000,15,0.194000000,0.174000000,0.453000000
00:35:12,220719,50.675716362,-123.464422815,867.552000000,15,0.194000000,0.174000000,0.453000000
00:35:13,220719,50.675716377,-123.464422820,867.553000000,15,0.194000000,0.174000000,0.453000000
00:35:14,220719,50.675716372,-123.464422830,867.556000000,15,0.194000000,0.174000000,0.453000000
00:35:15,220719,50.675716357,-123.464422867,867.562000000,15,0.194000000,0.174000000,0.453000000
00:35:16,220719,50.675716362,-123.464422868,867.565000000,15,0.194000000,0.174000000,0.453000000
00:35:17,220719,50.675716390,-123.464422875,867.571000000,15,0.194000000,0.174000000,0.453000000
00:35:18,220719,50.675716380,-123.464422877,867.578000000,15,0.194000000,0.174000000,0.453000000
00:35:19,220719,50.675716405,-123.464422873,867.588000000,15,0.194000000,0.174000000,0.453000000
00:35:20,220719,50.675716420,-123.464422848,867.594000000,15,0.194000000,0.174000000,0.453000000
00:35:21,220719,50.675716413,-123.464422857,867.600000000,15,0.194000000,0.174000000,0.453000000
00:35:22,220719,50.675716410,-123.464422830,867.607000000,15,0.194000000,0.174000000,0.453000000
00:35:23,220719,50.675716410,-123.464422825,867.611000000,15,0.194000000,0.174000000,0.453000000
00:35:24,220719,50.675716390,-123.464422845,867.612000000,15,0.194000000,0.174000000,0.453000000
00:35:25,220719,50.675716363,-123.464422840,867.613000000,15,0.194000000,0.174000000,0.453000000
00:35:26,220719,50.675716367,-123.464422828,867.610000000,16,0.179000000,0.163000000,0.384000000
00:35:27,220719,50.675716332,-123.464422847,867.608000000,16,0.179000000,0.163000000,0.384000000
00:35:28,220719,50.675716317,-123.464422855,867.610000000,16,0.179000000,0.163000000,0.384000000
00:35:29,220719,50.675716322,-123.464422823,867.606000000,16,0.179000000,0.163000000,0.384000000
00:35:30,220719,50.675716332,-123.464422820,867.607000000,16,0.179000000,0.163000000,0.384000000
00:35:31,220719,50.675716323,-123.464422820,867.613000000,16,0.179000000,0.163000000,0.384000000
00:35:32,220719,50.675716337,-123.464422822,867.616000000,16,0.180000000,0.163000000,0.384000000
00:35:33,220719,50.675716325,-123.464422800,867.619000000,16,0.180000000,0.163000000,0.384000000
00:35:34,220719,50.675716313,-123.464422797,867.620000000,16,0.180000000,0.163000000,0.384000000
00:35:35,220719,50.675716308,-123.464422745,867.623000000,16,0.180000000,0.163000000,0.384000000
00:35:36,220719,50.675716332,-123.464422713,867.626000000,16,0.180000000,0.163000000,0.384000000
00:35:37,220719,50.675716347,-123.464422663,867.638000000,16,0.180000000,0.163000000,0.384000000
00:35:38,220719,50.675716337,-123.464422647,867.640000000,16,0.180000000,0.163000000,0.384000000
00:35:39,220719,50.675716338,-123.464422637,867.643000000,16,0.180000000,0.163000000,0.384000000
00:35:40,220719,50.675716333,-123.464422650,867.646000000,16,0.180000000,0.163000000,0.384000000
00:35:41,220719,50.675716350,-123.464422657,867.644000000,16,0.180000000,0.163000000,0.384000000
00:35:42,220719,50.675716365,-123.464422660,867.640000000,16,0.180000000,0.163000000,0.384000000
00:35:43,220719,50.675716387,-123.464422680,867.636000000,16,0.180000000,0.163000000,0.384000000
00:35:44,220719,50.675716410,-123.464422692,867.636000000,16,0.180000000,0.163000000,0.384000000
00:35:45,220719,50.675716443,-123.464422670,867.627000000,16,0.180000000,0.163000000,0.384000000
00:35:46,220719,50.675716470,-123.464422647,867.626000000,16,0.180000000,0.163000000,0.384000000
00:35:47,220719,50.675716505,-123.464422625,867.628000000,16,0.180000000,0.163000000,0.384000000
00:35:48,220719,50.675716535,-123.464422608,867.628000000,16,0.180000000,0.163000000,0.384000000
00:35:49,220719,50.675716538,-123.464422597,867.629000000,16,0.180000000,0.163000000,0.384000000
00:35:50,220719,50.675716547,-123.464422585,867.634000000,16,0.180000000,0.163000000,0.384000000
00:35:51,220719,50.675716563,-123.464422580,867.631000000,16,0.180000000,0.163000000,0.384000000
00:35:52,220719,50.675716583,-123.464422578,867.631000000,16,0.180000000,0.163000000,0.384000000
00:35:53,220719,50.675716590,-123.464422600,867.632000000,16,0.180000000,0.163000000,0.384000000
00:35:54,220719,50.675716612,-123.464422573,867.629000000,16,0.180000000,0.163000000,0.384000000
00:35:55,220719,50.675716600,-123.464422578,867.630000000,16,0.180000000,0.163000000,0.384000000
00:35:56,220719,50.675716583,-123.464422602,867.628000000,16,0.180000000,0.163000000,0.384000000
00:35:57,220719,50.675716590,-123.464422577,867.625000000,16,0.180000000,0.163000000,0.384000000
00:35:58,220719,50.675716598,-123.464422567,867.627000000,16,0.180000000,0.163000000,0.384000000
00:35:59,220719,50.675716562,-123.464422572,867.628000000,16,0.180000000,0.163000000,0.384000000
00:36:00,220719,50.675716590,-123.464422533,867.627000000,16,0.180000000,0.163000000,0.384000000
00:36:01,220719,50.675716590,-123.464422502,867.633000000,16,0.180000000,0.163000000,0.384000000
00:36:02,220719,50.675716572,-123.464422513,867.641000000,16,0.180000000,0.163000000,0.384000000
00:36:03,220719,50.675716573,-123.464422473,867.643000000,16,0.180000000,0.163000000,0.384000000
00:36:04,220719,50.675716553,-123.464422420,867.654000000,16,0.180000000,0.163000000,0.384000000
00:36:05,220719,50.675716558,-123.464422492,867.651000000,16,0.180000000,0.163000000,0.384000000
00:36:06,220719,50.675716545,-123.464422472,867.649000000,16,0.180000000,0.163000000,0.384000000
00:36:07,220719,50.675716535,-123.464422463,867.639000000,16,0.180000000,0.163000000,0.384000000
00:36:08,220719,50.675716513,-123.464422450,867.640000000,16,0.180000000,0.163000000,0.384000000
00:36:09,220719,50.675716472,-123.464422472,867.639000000,16,0.180000000,0.163000000,0.384000000
00:36:10,220719,50.675716462,-123.464422432,867.638000000,16,0.180000000,0.163000000,0.384000000
00:36:11,220719,50.675716447,-123.464422433,867.643000000,16,0.180000000,0.163000000,0.384000000
00:36:12,220719,50.675716435,-123.464422417,867.652000000,16,0.180000000,0.163000000,0.384000000
00:36:13,220719,50.675716430,-123.464422418,867.650000000,16,0.180000000,0.163000000,0.384000000
00:36:14,220719,50.675716422,-123.464422425,867.651000000,16,0.180000000,0.163000000,0.384000000
00:36:15,220719,50.675716405,-123.464422442,867.651000000,16,0.180000000,0.163000000,0.384000000
00:36:16,220719,50.675716373,-123.464422420,867.652000000,16,0.180000000,0.163000000,0.384000000
00:36:17,220719,50.675716353,-123.464422427,867.654000000,16,0.180000000,0.163000000,0.384000000
00:36:18,220719,50.675716318,-123.464422508,867.654000000,16,0.180000000,0.163000000,0.384000000
00:36:19,220719,50.675716302,-123.464422498,867.656000000,16,0.180000000,0.163000000,0.384000000
00:36:20,220719,50.675716280,-123.464422512,867.661000000,16,0.180000000,0.163000000,0.385000000
00:36:21,220719,50.675716237,-123.464422512,867.667000000,16,0.180000000,0.163000000,0.385000000
00:36:22,220719,50.675716203,-123.464422578,867.672000000,16,0.180000000,0.163000000,0.385000000
00:36:23,220719,50.675716178,-123.464422578,867.673000000,16,0.180000000,0.163000000,0.385000000
00:36:24,220719,50.675716142,-123.464422613,867.677000000,16,0.180000000,0.163000000,0.385000000
00:36:25,220719,50.675716087,-123.464422648,867.678000000,16,0.180000000,0.163000000,0.385000000
00:36:26,220719,50.675716053,-123.464422670,867.676000000,16,0.180000000,0.163000000,0.385000000
00:36:27,220719,50.675715972,-123.464422743,867.674000000,16,0.180000000,0.163000000,0.385000000
00:36:28,220719,50.675715922,-123.464422722,867.685000000,16,0.180000000,0.163000000,0.385000000
00:36:29,220719,50.675715893,-123.464422753,867.690000000,16,0.180000000,0.163000000,0.385000000
00:36:30,220719,50.675715868,-123.464422778,867.691000000,16,0.180000000,0.163000000,0.385000000
00:36:31,220719,50.675715837,-123.464422800,867.690000000,16,0.180000000,0.163000000,0.385000000
00:36:32,220719,50.675715843,-123.464422815,867.693000000,16,0.180000000,0.163000000,0.385000000
00:36:33,220719,50.675715843,-123.464422823,867.690000000,15,0.190000000,0.182000000,0.393000000
00:36:34,220719,50.675715818,-123.464422838,867.698000000,15,0.190000000,0.182000000,0.393000000
00:36:35,220719,50.675715793,-123.464422860,867.699000000,15,0.190000000,0.182000000,0.393000000
00:36:36,220719,50.675715780,-123.464422880,867.702000000,15,0.190000000,0.182000000,0.393000000
00:36:37,220719,50.675715763,-123.464422927,867.702000000,15,0.190000000,0.182000000,0.393000000
00:36:38,220719,50.675715762,-123.464422932,867.701000000,15,0.190000000,0.182000000,0.393000000
00:36:39,220719,50.675715775,-123.464422938,867.700000000,15,0.190000000,0.182000000,0.393000000
00:36:40,220719,50.675715797,-123.464422970,867.699000000,15,0.190000000,0.182000000,0.393000000
00:36:41,220719,50.675715775,-123.464423030,867.699000000,15,0.190000000,0.182000000,0.393000000
00:36:42,220719,50.675715767,-123.464423055,867.693000000,15,0.190000000,0.182000000,0.393000000
00:36:43,220719,50.675715752,-123.464423097,867.689000000,15,0.190000000,0.182000000,0.393000000
00:36:44,220719,50.675715728,-123.464423110,867.685000000,15,0.190000000,0.182000000,0.393000000
00:36:45,220719,50.675715708,-123.464423123,867.682000000,15,0.190000000,0.182000000,0.393000000
00:36:46,220719,50.675715725,-123.464423135,867.678000000,15,0.190000000,0.182000000,0.393000000
00:36:47,220719,50.675715757,-123.464423150,867.672000000,15,0.190000000,0.182000000,0.393000000
00:36:48,220719,50.675715782,-123.464423180,867.668000000,15,0.190000000,0.182000000,0.393000000
00:36:49,220719,50.675715790,-123.464423200,867.665000000,15,0.190000000,0.182000000,0.393000000
00:36:50,220719,50.675715803,-123.464423212,867.660000000,15,0.190000000,0.182000000,0.393000000
00:36:51,220719,50.675715810,-123.464423220,867.656000000,15,0.190000000,0.182000000,0.394000000
00:36:52,220719,50.675715833,-123.464423220,867.652000000,15,0.190000000,0.182000000,0.394000000
00:36:53,220719,50.675715870,-123.464423240,867.645000000,15,0.190000000,0.182000000,0.394000000
00:36:54,220719,50.675715898,-123.464423235,867.642000000,15,0.190000000,0.182000000,0.394000000
00:36:55,220719,50.675715930,-123.464423235,867.639000000,15,0.190000000,0.182000000,0.394000000
00:36:56,220719,50.675715937,-123.464423247,867.635000000,15,0.190000000,0.182000000,0.394000000
00:36:57,220719,50.675715955,-123.464423240,867.631000000,15,0.190000000,0.182000000,0.394000000
00:36:58,220719,50.675715953,-123.464423222,867.631000000,15,0.190000000,0.182000000,0.394000000
00:36:59,220719,50.675715987,-123.464423205,867.630000000,15,0.190000000,0.182000000,0.394000000
00:37:00,220719,50.675715980,-123.464423228,867.626000000,15,0.190000000,0.182000000,0.394000000
00:37:01,220719,50.675715993,-123.464423250,867.631000000,15,0.190000000,0.182000000,0.394000000
00:37:02,220719,50.675716015,-123.464423227,867.622000000,15,0.190000000,0.182000000,0.394000000
00:37:03,220719,50.675716012,-123.464423278,867.618000000,15,0.190000000,0.182000000,0.394000000
00:37:04,220719,50.675716027,-123.464423287,867.619000000,15,0.190000000,0.182000000,0.394000000
00:37:05,220719,50.675716037,-123.464423283,867.617000000,15,0.190000000,0.182000000,0.394000000
00:37:06,220719,50.675716060,-123.464423305,867.621000000,15,0.190000000,0.182000000,0.394000000
00:37:07,220719,50.675716085,-123.464423285,867.621000000,15,0.190000000,0.182000000,0.394000000
00:37:08,220719,50.675716107,-123.464423288,867.617000000,15,0.190000000,0.182000000,0.394000000
00:37:09,220719,50.675716115,-123.464423307,867.611000000,15,0.190000000,0.182000000,0.394000000
00:37:10,220719,50.675716127,-123.464423305,867.608000000,15,0.190000000,0.182000000,0.394000000
00:37:11,220719,50.675716150,-123.464423302,867.598000000,15,0.190000000,0.182000000,0.394000000
00:37:12,220719,50.675716157,-123.464423297,867.589000000,15,0.190000000,0.182000000,0.394000000
00:37:13,220719,50.675716138,-123.464423295,867.578000000,15,0.190000000,0.182000000,0.394000000
00:37:14,220719,50.675716170,-123.464423285,867.571000000,15,0.190000000,0.182000000,0.394000000
00:37:15,220719,50.675716207,-123.464423295,867.555000000,15,0.190000000,0.182000000,0.394000000
00:37:16,220719,50.675716235,-123.464423310,867.548000000,16,0.180000000,0.163000000,0.386000000
00:37:17,220719,50.675716338,-123.464423297,867.536000000,16,0.180000000,0.163000000,0.386000000
00:37:18,220719,50.675716443,-123.464423230,867.515000000,16,0.180000000,0.163000000,0.386000000
00:37:19,220719,50.675716523,-123.464423203,867.499000000,16,0.183000000,0.165000000,0.391000000
00:37:20,220719,50.675716558,-123.464423223,867.488000000,16,0.183000000,0.165000000,0.391000000
00:37:21,220719,50.675716575,-123.464423185,867.486000000,16,0.183000000,0.165000000,0.391000000
00:37:22,220719,50.675716610,-123.464423137,867.480000000,16,0.180000000,0.163000000,0.386000000
00:37:23,220719,50.675716622,-123.464423077,867.472000000,16,0.180000000,0.163000000,0.386000000
00:37:24,220719,50.675716617,-123.464423045,867.476000000,16,0.180000000,0.163000000,0.386000000
00:37:25,220719,50.675716635,-123.464423020,867.472000000,16,0.180000000,0.163000000,0.386000000
00:37:26,220719,50.675716642,-123.464422968,867.473000000,16,0.180000000,0.163000000,0.386000000
00:37:27,220719,50.675716653,-123.464422935,867.478000000,16,0.180000000,0.163000000,0.386000000
00:37:28,220719,50.675716617,-123.464422925,867.487000000,16,0.180000000,0.163000000,0.386000000
00:37:29,220719,50.675716595,-123.464422922,867.490000000,16,0.180000000,0.163000000,0.386000000
00:37:30,220719,50.675716577,-123.464422877,867.495000000,16,0.180000000,0.163000000,0.386000000
00:37:31,220719,50.675716577,-123.464422828,867.500000000,16,0.180000000,0.163000000,0.386000000
00:37:32,220719,50.675716563,-123.464422830,867.509000000,16,0.180000000,0.163000000,0.386000000
00:37:33,220719,50.675716552,-123.464422788,867.517000000,16,0.180000000,0.163000000,0.386000000
00:37:34,220719,50.675716567,-123.464422762,867.525000000,16,0.180000000,0.163000000,0.386000000
00:37:35,220719,50.675716577,-123.464422737,867.523000000,16,0.180000000,0.163000000,0.386000000
00:37:36,220719,50.675716545,-123.464422727,867.530000000,16,0.180000000,0.163000000,0.386000000
00:37:37,220719,50.675716533,-123.464422742,867.530000000,16,0.180000000,0.163000000,0.386000000
00:37:38,220719,50.675716495,-123.464422767,867.541000000,16,0.180000000,0.163000000,0.386000000
00:37:39,220719,50.675716468,-123.464422798,867.540000000,16,0.180000000,0.163000000,0.386000000
00:37:40,220719,50.675716483,-123.464422813,867.543000000,16,0.180000000,0.163000000,0.386000000
00:37:41,220719,50.675716470,-123.464422822,867.546000000,16,0.180000000,0.163000000,0.386000000
00:37:42,220719,50.675716462,-123.464422823,867.551000000,16,0.180000000,0.163000000,0.386000000
00:37:43,220719,50.675716453,-123.464422840,867.549000000,16,0.180000000,0.163000000,0.386000000
00:37:44,220719,50.675716452,-123.464422902,867.553000000,16,0.180000000,0.163000000,0.386000000
00:37:45,220719,50.675716507,-123.464422880,867.554000000,16,0.180000000,0.163000000,0.386000000
00:37:46,220719,50.675716542,-123.464422847,867.553000000,16,0.180000000,0.163000000,0.386000000
00:37:47,220719,50.675716553,-123.464422878,867.553000000,16,0.180000000,0.163000000,0.386000000
00:37:48,220719,50.675716550,-123.464422870,867.555000000,16,0.180000000,0.163000000,0.386000000
00:37:49,220719,50.675716525,-123.464422910,867.556000000,16,0.180000000,0.163000000,0.386000000
00:37:50,220719,50.675716530,-123.464422945,867.556000000,16,0.180000000,0.163000000,0.386000000
00:37:51,220719,50.675716540,-123.464422942,867.562000000,16,0.180000000,0.163000000,0.386000000
00:37:52,220719,50.675716540,-123.464422933,867.562000000,16,0.180000000,0.163000000,0.386000000
00:37:53,220719,50.675716537,-123.464422928,867.559000000,16,0.180000000,0.163000000,0.386000000
00:37:54,220719,50.675716533,-123.464422930,867.560000000,16,0.180000000,0.163000000,0.386000000
00:37:55,220719,50.675716470,-123.464422997,867.560000000,16,0.180000000,0.163000000,0.386000000
00:37:56,220719,50.675716463,-123.464423035,867.563000000,16,0.180000000,0.163000000,0.386000000
00:37:57,220719,50.675716387,-123.464423037,867.581000000,16,0.180000000,0.163000000,0.386000000
00:37:58,220719,50.675716387,-123.464423013,867.579000000,16,0.180000000,0.163000000,0.386000000
00:37:59,220719,50.675716372,-123.464423003,867.583000000,16,0.180000000,0.163000000,0.386000000
00:38:00,220719,50.675716368,-123.464422980,867.589000000,16,0.180000000,0.163000000,0.386000000
00:38:01,220719,50.675716368,-123.464422988,867.592000000,16,0.180000000,0.163000000,0.386000000
00:38:02,220719,50.675716353,-123.464423007,867.597000000,16,0.180000000,0.163000000,0.386000000
00:38:03,220719,50.675716365,-123.464422998,867.603000000,16,0.180000000,0.163000000,0.386000000
00:38:04,220719,50.675716378,-123.464423012,867.609000000,16,0.180000000,0.163000000,0.386000000
00:38:05,220719,50.675716397,-123.464423007,867.608000000,16,0.180000000,0.163000000,0.386000000
00:38:06,220719,50.675716403,-123.464423015,867.610000000,16,0.180000000,0.163000000,0.386000000
00:38:07,220719,50.675716417,-123.464423013,867.611000000,16,0.180000000,0.163000000,0.386000000
00:38:08,220719,50.675716447,-123.464423022,867.605000000,16,0.180000000,0.163000000,0.386000000
00:38:09,220719,50.675716463,-123.464422990,867.607000000,16,0.180000000,0.163000000,0.386000000
00:38:10,220719,50.675716442,-123.464423025,867.609000000,16,0.180000000,0.163000000,0.386000000
00:38:11,220719,50.675716405,-123.464423053,867.612000000,16,0.180000000,0.163000000,0.386000000
00:38:12,220719,50.675716365,-123.464423103,867.608000000,16,0.180000000,0.163000000,0.386000000
00:38:13,220719,50.675716343,-123.464423150,867.604000000,16,0.180000000,0.163000000,0.386000000
00:38:14,220719,50.675716328,-123.464423165,867.602000000,16,0.180000000,0.163000000,0.386000000
00:38:15,220719,50.675716312,-123.464423208,867.601000000,16,0.180000000,0.163000000,0.386000000
00:38:16,220719,50.675716292,-123.464423238,867.602000000,16,0.180000000,0.163000000,0.387000000
00:38:17,220719,50.675716282,-123.464423273,867.602000000,16,0.180000000,0.163000000,0.387000000
00:38:18,220719,50.675716285,-123.464423315,867.597000000,16,0.180000000,0.163000000,0.387000000
00:38:19,220719,50.675716250,-123.464423355,867.593000000,16,0.180000000,0.163000000,0.387000000
00:38:20,220719,50.675716252,-123.464423418,867.593000000,16,0.180000000,0.163000000,0.387000000
00:38:21,220719,50.675716282,-123.464423452,867.582000000,16,0.180000000,0.163000000,0.387000000
00:38:22,220719,50.675716332,-123.464423515,867.567000000,16,0.180000000,0.163000000,0.387000000
00:38:23,220719,50.675716363,-123.464423580,867.563000000,16,0.180000000,0.163000000,0.387000000
00:38:24,220719,50.675716410,-123.464423597,867.556000000,16,0.180000000,0.163000000,0.387000000
00:38:25,220719,50.675716412,-123.464423623,867.555000000,16,0.180000000,0.163000000,0.387000000
00:38:26,220719,50.675716447,-123.464423657,867.550000000,16,0.180000000,0.163000000,0.387000000
00:38:27,220719,50.675716468,-123.464423695,867.540000000,16,0.180000000,0.163000000,0.387000000
00:38:28,220719,50.675716525,-123.464423735,867.532000000,16,0.180000000,0.163000000,0.387000000
00:38:29,220719,50.675716562,-123.464423805,867.522000000,16,0.180000000,0.163000000,0.387000000
00:38:30,220719,50.675716607,-123.464423830,867.509000000,16,0.180000000,0.163000000,0.387000000
00:38:31,220719,50.675716642,-123.464423875,867.498000000,16,0.180000000,0.163000000,0.387000000
00:38:32,220719,50.675716660,-123.464423927,867.486000000,16,0.180000000,0.163000000,0.387000000
00:38:33,220719,50.675716700,-123.464423982,867.473000000,16,0.180000000,0.163000000,0.387000000
00:38:34,220719,50.675716710,-123.464424008,867.462000000,16,0.180000000,0.163000000,0.387000000
00:38:35,220719,50.675716720,-123.464424040,867.450000000,16,0.180000000,0.163000000,0.387000000
00:38:36,220719,50.675716735,-123.464424083,867.436000000,16,0.180000000,0.163000000,0.387000000
00:38:37,220719,50.675716755,-123.464424125,867.421000000,16,0.180000000,0.163000000,0.387000000
00:38:38,220719,50.675716682,-123.464424202,867.400000000,16,0.180000000,0.163000000,0.387000000
00:38:39,220719,50.675716602,-123.464424287,867.377000000,16,0.180000000,0.163000000,0.387000000
00:38:40,220719,50.675716563,-123.464424333,867.364000000,16,0.180000000,0.163000000,0.387000000
00:38:41,220719,50.675716550,-123.464424358,867.354000000,16,0.180000000,0.163000000,0.387000000
00:38:42,220719,50.675716512,-123.464424343,867.344000000,16,0.180000000,0.163000000,0.387000000
00:38:43,220719,50.675716490,-123.464424352,867.338000000,16,0.180000000,0.163000000,0.387000000
00:38:44,220719,50.675716463,-123.464424322,867.337000000,16,0.180000000,0.163000000,0.387000000
00:38:45,220719,50.675716433,-123.464424315,867.342000000,16,0.180000000,0.163000000,0.387000000
00:38:46,220719,50.675716413,-123.464424265,867.346000000,16,0.180000000,0.163000000,0.387000000
00:38:47,220719,50.675716402,-123.464424248,867.348000000,16,0.180000000,0.163000000,0.387000000
00:38:48,220719,50.675716382,-123.464424302,867.350000000,16,0.180000000,0.163000000,0.387000000
00:38:49,220719,50.675716373,-123.464424312,867.356000000,16,0.180000000,0.163000000,0.387000000
00:38:50,220719,50.675716365,-123.464424298,867.360000000,16,0.180000000,0.163000000,0.387000000
00:38:51,220719,50.675716382,-123.464424287,867.363000000,16,0.180000000,0.163000000,0.387000000
00:38:52,220719,50.675716395,-123.464424272,867.363000000,16,0.180000000,0.163000000,0.387000000
00:38:53,220719,50.675716385,-123.464424248,867.372000000,16,0.180000000,0.163000000,0.387000000
00:38:54,220719,50.675716327,-123.464424250,867.377000000,16,0.180000000,0.163000000,0.387000000
00:38:55,220719,50.675716292,-123.464424217,867.382000000,16,0.180000000,0.163000000,0.387000000
00:38:56,220719,50.675716275,-123.464424153,867.376000000,16,0.180000000,0.163000000,0.387000000
00:38:57,220719,50.675716277,-123.464424127,867.379000000,16,0.180000000,0.163000000,0.387000000
00:38:58,220719,50.675716223,-123.464424167,867.387000000,16,0.180000000,0.163000000,0.387000000
00:38:59,220719,50.675716220,-123.464424145,867.386000000,16,0.180000000,0.163000000,0.387000000
00:39:00,220719,50.675716182,-123.464424157,867.383000000,16,0.180000000,0.163000000,0.387000000
00:39:01,220719,50.675716167,-123.464424158,867.382000000,16,0.180000000,0.163000000,0.387000000
00:39:02,220719,50.675716155,-123.464424145,867.381000000,16,0.180000000,0.163000000,0.387000000
00:39:03,220719,50.675716148,-123.464424133,867.380000000,16,0.180000000,0.163000000,0.387000000
00:39:04,220719,50.675716122,-123.464424165,867.386000000,16,0.180000000,0.163000000,0.387000000
00:39:05,220719,50.675716090,-123.464424172,867.392000000,16,0.180000000,0.163000000,0.387000000
00:39:06,220719,50.675716093,-123.464424182,867.395000000,16,0.180000000,0.163000000,0.387000000
00:39:07,220719,50.675716085,-123.464424195,867.402000000,16,0.180000000,0.163000000,0.387000000
00:39:08,220719,50.675716073,-123.464424192,867.409000000,16,0.180000000,0.163000000,0.387000000
00:39:09,220719,50.675716075,-123.464424203,867.411000000,16,0.180000000,0.163000000,0.387000000
00:39:10,220719,50.675716060,-123.464424213,867.416000000,16,0.180000000,0.163000000,0.387000000
00:39:11,220719,50.675716033,-123.464424232,867.418000000,16,0.180000000,0.163000000,0.387000000
00:39:12,220719,50.675716015,-123.464424247,867.417000000,16,0.180000000,0.163000000,0.387000000
00:39:13,220719,50.675716002,-123.464424270,867.415000000,16,0.180000000,0.163000000,0.387000000
00:39:14,220719,50.675716012,-123.464424253,867.413000000,16,0.180000000,0.163000000,0.387000000
00:39:15,220719,50.675715988,-123.464424288,867.414000000,16,0.180000000,0.163000000,0.387000000
00:39:16,220719,50.675715995,-123.464424245,867.414000000,16,0.180000000,0.163000000,0.387000000
00:39:17,220719,50.675715958,-123.464424197,867.412000000,16,0.180000000,0.163000000,0.387000000
00:39:18,220719,50.675715957,-123.464424225,867.407000000,16,0.180000000,0.163000000,0.387000000
00:39:19,220719,50.675715975,-123.464424187,867.403000000,16,0.180000000,0.163000000,0.388000000
00:39:20,220719,50.675715995,-123.464424180,867.398000000,16,0.180000000,0.163000000,0.388000000
00:39:21,220719,50.675716025,-123.464424163,867.390000000,16,0.180000000,0.163000000,0.388000000
00:39:22,220719,50.675716055,-123.464424115,867.388000000,16,0.180000000,0.163000000,0.388000000
00:39:23,220719,50.675716070,-123.464424103,867.384000000,16,0.180000000,0.163000000,0.388000000
00:39:24,220719,50.675716073,-123.464424058,867.387000000,16,0.180000000,0.163000000,0.388000000
00:39:25,220719,50.675716073,-123.464424042,867.389000000,16,0.180000000,0.163000000,0.388000000
00:39:26,220719,50.675716058,-123.464424037,867.385000000,16,0.180000000,0.163000000,0.388000000
00:39:27,220719,50.675716010,-123.464424058,867.387000000,16,0.180000000,0.163000000,0.388000000
00:39:28,220719,50.675715970,-123.464424078,867.389000000,16,0.180000000,0.163000000,0.388000000
00:39:29,220719,50.675715960,-123.464424063,867.392000000,16,0.180000000,0.163000000,0.388000000
00:39:30,220719,50.675715957,-123.464424012,867.397000000,16,0.180000000,0.163000000,0.388000000
00:39:31,220719,50.675715927,-123.464423982,867.402000000,16,0.180000000,0.163000000,0.388000000
00:39:32,220719,50.675715913,-123.464423957,867.411000000,16,0.180000000,0.163000000,0.388000000
00:39:33,220719,50.675715877,-123.464423930,867.411000000,16,0.180000000,0.163000000,0.388000000
00:39:34,220719,50.675715853,-123.464423923,867.414000000,16,0.180000000,0.163000000,0.388000000
00:39:35,220719,50.675715827,-123.464423948,867.415000000,16,0.180000000,0.163000000,0.388000000
00:39:36,220719,50.675715812,-123.464423922,867.416000000,16,0.180000000,0.163000000,0.388000000
00:39:37,220719,50.675715803,-123.464423908,867.412000000,16,0.180000000,0.163000000,0.388000000
00:39:38,220719,50.675715798,-123.464423908,867.422000000,16,0.180000000,0.163000000,0.388000000
00:39:39,220719,50.675715788,-123.464423890,867.425000000,16,0.180000000,0.163000000,0.388000000
00:39:40,220719,50.675715763,-123.464423878,867.418000000,16,0.180000000,0.163000000,0.388000000
00:39:41,220719,50.675715712,-123.464423865,867.416000000,16,0.180000000,0.163000000,0.388000000
00:39:42,220719,50.675715678,-123.464423868,867.410000000,16,0.180000000,0.163000000,0.388000000
00:39:43,220719,50.675715633,-123.464423837,867.410000000,16,0.180000000,0.163000000,0.388000000
00:39:44,220719,50.675715603,-123.464423812,867.407000000,16,0.180000000,0.163000000,0.388000000
00:39:45,220719,50.675715585,-123.464423795,867.417000000,16,0.180000000,0.163000000,0.388000000
00:39:46,220719,50.675715573,-123.464423762,867.419000000,16,0.180000000,0.163000000,0.388000000
00:39:47,220719,50.675715568,-123.464423745,867.422000000,16,0.180000000,0.163000000,0.388000000
00:39:48,220719,50.675715532,-123.464423772,867.424000000,16,0.180000000,0.163000000,0.388000000
00:39:49,220719,50.675715532,-123.464423717,867.423000000,16,0.180000000,0.163000000,0.388000000
00:39:50,220719,50.675715548,-123.464423643,867.421000000,16,0.180000000,0.163000000,0.388000000
00:39:51,220719,50.675715557,-123.464423605,867.427000000,16,0.180000000,0.163000000,0.388000000
00:39:52,220719,50.675715555,-123.464423613,867.432000000,16,0.180000000,0.163000000,0.388000000
00:39:53,220719,50.675715540,-123.464423618,867.438000000,16,0.180000000,0.163000000,0.388000000
00:39:54,220719,50.675715537,-123.464423657,867.430000000,16,0.180000000,0.163000000,0.388000000
00:39:55,220719,50.675715498,-123.464423680,867.436000000,16,0.180000000,0.163000000,0.388000000
00:39:56,220719,50.675715495,-123.464423655,867.437000000,16,0.180000000,0.163000000,0.388000000
00:39:57,220719,50.675715463,-123.464423658,867.437000000,16,0.180000000,0.163000000,0.388000000
00:39:58,220719,50.675715457,-123.464423673,867.441000000,16,0.180000000,0.163000000,0.388000000
00:39:59,220719,50.675715455,-123.464423643,867.432000000,16,0.180000000,0.163000000,0.388000000
00:40:00,220719,50.675715432,-123.464423650,867.429000000,16,0.180000000,0.163000000,0.388000000
00:40:01,220719,50.675715423,-123.464423603,867.426000000,16,0.180000000,0.163000000,0.388000000
00:40:02,220719,50.675715403,-123.464423610,867.421000000,16,0.180000000,0.163000000,0.388000000
00:40:03,220719,50.675715388,-123.464423615,867.420000000,16,0.180000000,0.163000000,0.388000000
00:40:04,220719,50.675715368,-123.464423603,867.418000000,16,0.180000000,0.163000000,0.388000000
00:40:05,220719,50.675715367,-123.464423607,867.415000000,16,0.180000000,0.163000000,0.388000000
00:40:06,220719,50.675715362,-123.464423565,867.414000000,16,0.180000000,0.163000000,0.388000000
00:40:07,220719,50.675715360,-123.464423555,867.416000000,16,0.181000000,0.163000000,0.388000000
00:40:08,220719,50.675715355,-123.464423555,867.416000000,16,0.181000000,0.163000000,0.388000000
00:40:09,220719,50.675715355,-123.464423555,867.413000000,16,0.181000000,0.163000000,0.388000000
00:40:10,220719,50.675715348,-123.464423577,867.413000000,16,0.181000000,0.163000000,0.388000000
00:40:11,220719,50.675715312,-123.464423573,867.414000000,16,0.181000000,0.163000000,0.388000000
00:40:12,220719,50.675715297,-123.464423568,867.412000000,16,0.181000000,0.163000000,0.388000000
00:40:13,220719,50.675715270,-123.464423590,867.410000000,16,0.181000000,0.163000000,0.388000000
00:40:14,220719,50.675715272,-123.464423607,867.409000000,16,0.181000000,0.163000000,0.388000000
00:40:15,220719,50.675715258,-123.464423602,867.413000000,16,0.181000000,0.163000000,0.388000000
00:40:16,220719,50.675715250,-123.464423618,867.411000000,16,0.181000000,0.163000000,0.388000000
00:40:17,220719,50.675715225,-123.464423633,867.411000000,16,0.181000000,0.163000000,0.388000000
00:40:18,220719,50.675715202,-123.464423637,867.417000000,16,0.181000000,0.163000000,0.388000000
00:40:19,220719,50.675715215,-123.464423618,867.417000000,16,0.181000000,0.163000000,0.388000000
00:40:20,220719,50.675715218,-123.464423622,867.415000000,16,0.181000000,0.163000000,0.388000000
00:40:21,220719,50.675715205,-123.464423602,867.419000000,16,0.181000000,0.163000000,0.388000000
00:40:22,220719,50.675715198,-123.464423615,867.415000000,16,0.181000000,0.163000000,0.388000000
00:40:23,220719,50.675715165,-123.464423623,867.411000000,16,0.181000000,0.163000000,0.388000000
00:40:24,220719,50.675715157,-123.464423620,867.415000000,16,0.181000000,0.163000000,0.388000000
00:40:25,220719,50.675715138,-123.464423630,867.415000000,16,0.181000000,0.163000000,0.388000000
00:40:26,220719,50.675715127,-123.464423617,867.414000000,16,0.181000000,0.163000000,0.388000000
00:40:27,220719,50.675715120,-123.464423610,867.418000000,16,0.181000000,0.163000000,0.388000000
00:40:28,220719,50.675715123,-123.464423642,867.416000000,16,0.181000000,0.163000000,0.389000000
00:40:29,220719,50.675715140,-123.464423673,867.414000000,16,0.181000000,0.163000000,0.389000000
00:40:30,220719,50.675715138,-123.464423672,867.412000000,16,0.181000000,0.163000000,0.389000000
00:40:31,220719,50.675715118,-123.464423668,867.415000000,16,0.181000000,0.163000000,0.389000000
00:40:32,220719,50.675715108,-123.464423658,867.420000000,16,0.181000000,0.163000000,0.389000000
00:40:33,220719,50.675715105,-123.464423653,867.416000000,16,0.181000000,0.163000000,0.389000000
00:40:34,220719,50.675715108,-123.464423693,867.414000000,16,0.181000000,0.163000000,0.389000000
00:40:35,220719,50.675715085,-123.464423692,867.415000000,16,0.181000000,0.163000000,0.389000000
00:40:36,220719,50.675715083,-123.464423703,867.407000000,16,0.181000000,0.163000000,0.389000000
00:40:37,220719,50.675715087,-123.464423747,867.402000000,16,0.181000000,0.163000000,0.389000000
00:40:38,220719,50.675715113,-123.464423813,867.388000000,16,0.181000000,0.163000000,0.389000000
00:40:39,220719,50.675715150,-123.464423860,867.372000000,16,0.181000000,0.163000000,0.389000000
00:40:40,220719,50.675715195,-123.464423865,867.364000000,16,0.181000000,0.163000000,0.389000000
00:40:41,220719,50.675715208,-123.464423875,867.359000000,16,0.181000000,0.163000000,0.389000000
00:40:42,220719,50.675715220,-123.464423898,867.354000000,16,0.181000000,0.163000000,0.389000000
00:40:43,220719,50.675715220,-123.464423928,867.346000000,16,0.181000000,0.163000000,0.389000000
00:40:44,220719,50.675715238,-123.464423910,867.340000000,16,0.181000000,0.163000000,0.389000000
00:40:45,220719,50.675715242,-123.464423910,867.337000000,16,0.181000000,0.163000000,0.389000000
00:40:46,220719,50.675715258,-123.464423908,867.332000000,16,0.181000000,0.163000000,0.389000000
