TIME,DATE(ddMMyy),LATITUDEGGA,LONGITUDEGGA,ALTITUDEGGA,NUMBERSAT,LATERR,LONGERR,ALTERR
00:00:00,220719,50.668733742,-123.451724883,689.219000000,19,0.150000000,0.138000000,0.313000000
00:00:01,220719,50.668733775,-123.451724865,689.229000000,19,0.150000000,0.138000000,0.313000000
00:00:02,220719,50.668733793,-123.451724870,689.237000000,19,0.150000000,0.138000000,0.313000000
00:00:03,220719,50.668733792,-123.451724842,689.238000000,19,0.150000000,0.138000000,0.313000000
00:00:04,220719,50.668733765,-123.451724828,689.240000000,19,0.150000000,0.138000000,0.313000000
00:00:05,220719,50.668733757,-123.451724832,689.238000000,19,0.150000000,0.138000000,0.313000000
00:00:06,220719,50.668733750,-123.451724830,689.241000000,19,0.150000000,0.138000000,0.313000000
00:00:07,220719,50.668733713,-123.451724808,689.240000000,19,0.150000000,0.138000000,0.313000000
00:00:08,220719,50.668733690,-123.451724792,689.239000000,19,0.150000000,0.138000000,0.313000000
00:00:09,220719,50.668733692,-123.451724783,689.243000000,19,0.150000000,0.138000000,0.313000000
00:00:10,220719,50.668733718,-123.451724773,689.245000000,19,0.150000000,0.137000000,0.313000000
00:00:11,220719,50.668733712,-123.451724780,689.242000000,19,0.150000000,0.137000000,0.313000000
00:00:12,220719,50.668733713,-123.451724797,689.239000000,19,0.150000000,0.137000000,0.313000000
00:00:13,220719,50.668733728,-123.451724807,689.237000000,19,0.150000000,0.137000000,0.313000000
00:00:14,220719,50.668733700,-123.451724812,689.230000000,19,0.150000000,0.137000000,0.313000000
00:00:15,220719,50.668733665,-123.451724833,689.222000000,19,0.150000000,0.137000000,0.313000000
00:00:16,220719,50.668733653,-123.451724830,689.218000000,19,0.150000000,0.137000000,0.313000000
00:00:17,220719,50.668733680,-123.451724822,689.213000000,19,0.150000000,0.137000000,0.313000000
00:00:18,220719,50.668733707,-123.451724828,689.210000000,19,0.150000000,0.137000000,0.313000000
00:00:19,220719,50.668733733,-123.451724837,689.205000000,19,0.150000000,0.137000000,0.313000000
00:00:20,220719,50.668733742,-123.451724840,689.193000000,19,0.150000000,0.137000000,0.313000000
00:00:21,220719,50.668733755,-123.451724848,689.191000000,19,0.150000000,0.137000000,0.313000000
00:00:22,220719,50.668733745,-123.451724862,689.188000000,19,0.150000000,0.137000000,0.313000000
00:00:23,220719,50.668733723,-123.451724863,689.184000000,19,0.150000000,0.137000000,0.313000000
00:00:24,220719,50.668733698,-123.451724860,689.177000000,19,0.150000000,0.137000000,0.313000000
00:00:25,220719,50.668733650,-123.451724868,689.168000000,19,0.150000000,0.137000000,0.313000000
00:00:26,220719,50.668733590,-123.451724900,689.162000000,19,0.150000000,0.137000000,0.313000000
00:00:27,220719,50.668733522,-123.451724925,689.151000000,19,0.150000000,0.137000000,0.313000000
00:00:28,220719,50.668733407,-123.451724918,689.134000000,19,0.150000000,0.137000000,0.313000000
00:00:29,220719,50.668733265,-123.451724942,689.118000000,19,0.150000000,0.137000000,0.313000000
00:00:30,220719,50.668733135,-123.451724952,689.093000000,19,0.150000000,0.137000000,0.313000000
00:00:31,220719,50.668733028,-123.451724962,689.077000000,19,0.150000000,0.137000000,0.313000000
00:00:32,220719,50.668732927,-123.451724972,689.058000000,19,0.150000000,0.137000000,0.313000000
00:00:33,220719,50.668732850,-123.451724977,689.049000000,19,0.150000000,0.137000000,0.313000000
00:00:34,220719,50.668732785,-123.451724970,689.038000000,19,0.150000000,0.137000000,0.312000000
00:00:35,220719,50.668732743,-123.451724990,689.035000000,19,0.150000000,0.137000000,0.312000000
00:00:36,220719,50.668732707,-123.451724985,689.030000000,19,0.150000000,0.137000000,0.312000000
00:00:37,220719,50.668732668,-123.451724978,689.027000000,19,0.150000000,0.137000000,0.312000000
00:00:38,220719,50.668732645,-123.451724960,689.020000000,19,0.150000000,0.137000000,0.312000000
00:00:39,220719,50.668732590,-123.451724970,689.010000000,19,0.150000000,0.137000000,0.312000000
00:00:40,220719,50.668732563,-123.451724967,689.000000000,19,0.150000000,0.137000000,0.312000000
00:00:41,220719,50.668732542,-123.451724948,688.995000000,19,0.150000000,0.137000000,0.312000000
00:00:42,220719,50.668732528,-123.451724913,688.993000000,19,0.150000000,0.137000000,0.312000000
00:00:43,220719,50.668732488,-123.451724923,688.989000000,19,0.150000000,0.137000000,0.312000000
00:00:44,220719,50.668732430,-123.451724930,688.978000000,19,0.150000000,0.137000000,0.312000000
00:00:45,220719,50.668732362,-123.451724945,688.966000000,19,0.150000000,0.137000000,0.312000000
00:00:46,220719,50.668732265,-123.451724960,688.952000000,19,0.150000000,0.137000000,0.312000000
00:00:47,220719,50.668732180,-123.451725000,688.941000000,19,0.150000000,0.137000000,0.312000000
00:00:48,220719,50.668732090,-123.451724992,688.928000000,19,0.150000000,0.137000000,0.312000000
00:00:49,220719,50.668731973,-123.451724997,688.903000000,19,0.150000000,0.137000000,0.312000000
00:00:50,220719,50.668731848,-123.451724995,688.880000000,19,0.150000000,0.137000000,0.312000000
00:00:51,220719,50.668731753,-123.451724995,688.864000000,19,0.150000000,0.137000000,0.312000000
00:00:52,220719,50.668731692,-123.451724967,688.848000000,19,0.150000000,0.137000000,0.312000000
00:00:53,220719,50.668731628,-123.451724955,688.831000000,19,0.150000000,0.137000000,0.312000000
00:00:54,220719,50.668731515,-123.451724947,688.810000000,19,0.150000000,0.137000000,0.312000000
00:00:55,220719,50.668731442,-123.451724928,688.794000000,19,0.150000000,0.137000000,0.312000000
00:00:56,220719,50.668731387,-123.451724928,688.785000000,19,0.150000000,0.137000000,0.312000000
00:00:57,220719,50.668731322,-123.451724915,688.772000000,19,0.150000000,0.137000000,0.312000000
00:00:58,220719,50.668731280,-123.451724918,688.765000000,19,0.150000000,0.137000000,0.312000000
00:00:59,220719,50.668731262,-123.451724905,688.751000000,19,0.150000000,0.137000000,0.312000000
00:01:00,220719,50.668731217,-123.451724917,688.739000000,19,0.150000000,0.137000000,0.312000000
00:01:01,220719,50.668731167,-123.451724928,688.728000000,19,0.150000000,0.137000000,0.312000000
00:01:02,220719,50.668731128,-123.451724942,688.721000000,19,0.150000000,0.137000000,0.312000000
00:01:03,220719,50.668731090,-123.451724943,688.718000000,19,0.150000000,0.137000000,0.312000000
00:01:04,220719,50.668731048,-123.451724942,688.712000000,19,0.150000000,0.137000000,0.312000000
00:01:05,220719,50.668731020,-123.451724930,688.707000000,19,0.150000000,0.137000000,0.312000000
00:01:06,220719,50.668730980,-123.451724900,688.703000000,19,0.150000000,0.137000000,0.312000000
00:01:07,220719,50.668730975,-123.451724897,688.703000000,19,0.150000000,0.137000000,0.312000000
00:01:08,220719,50.668731010,-123.451724903,688.701000000,19,0.150000000,0.137000000,0.312000000
00:01:09,220719,50.668731053,-123.451724912,688.707000000,19,0.150000000,0.137000000,0.312000000
00:01:10,220719,50.668731087,-123.451724910,688.706000000,19,0.150000000,0.137000000,0.312000000
00:01:11,220719,50.668731108,-123.451724932,688.703000000,19,0.150000000,0.137000000,0.312000000
00:01:12,220719,50.668731132,-123.451724945,688.700000000,19,0.150000000,0.137000000,0.312000000
00:01:13,220719,50.668731145,-123.451724963,688.699000000,19,0.150000000,0.137000000,0.312000000
00:01:14,220719,50.668731160,-123.451724943,688.701000000,19,0.150000000,0.137000000,0.312000000
00:01:15,220719,50.668731202,-123.451724928,688.700000000,19,0.150000000,0.137000000,0.312000000
00:01:16,220719,50.668731248,-123.451724940,688.704000000,19,0.150000000,0.137000000,0.312000000
00:01:17,220719,50.668731380,-123.451724917,688.721000000,19,0.150000000,0.137000000,0.312000000
00:01:18,220719,50.668731568,-123.451724875,688.749000000,19,0.150000000,0.137000000,0.312000000
00:01:19,220719,50.668731678,-123.451724875,688.762000000,19,0.150000000,0.137000000,0.312000000
00:01:20,220719,50.668731792,-123.451724855,688.777000000,19,0.150000000,0.137000000,0.312000000
00:01:21,220719,50.668731918,-123.451724863,688.798000000,19,0.150000000,0.137000000,0.312000000
00:01:22,220719,50.668732025,-123.451724865,688.818000000,19,0.150000000,0.137000000,0.312000000
00:01:23,220719,50.668732105,-123.451724828,688.835000000,19,0.150000000,0.137000000,0.312000000
00:01:24,220719,50.668732177,-123.451724742,688.856000000,19,0.150000000,0.137000000,0.312000000
00:01:25,220719,50.668732267,-123.451724760,688.867000000,19,0.150000000,0.137000000,0.312000000
00:01:26,220719,50.668732362,-123.451724782,688.889000000,19,0.150000000,0.137000000,0.312000000
00:01:27,220719,50.668732475,-123.451724778,688.907000000,19,0.150000000,0.137000000,0.312000000
00:01:28,220719,50.668732580,-123.451724770,688.928000000,19,0.150000000,0.137000000,0.312000000
00:01:29,220719,50.668732680,-123.451724740,688.948000000,19,0.150000000,0.137000000,0.312000000
00:01:30,220719,50.668732785,-123.451724720,688.969000000,19,0.150000000,0.137000000,0.312000000
00:01:31,220719,50.668732883,-123.451724708,688.988000000,19,0.150000000,0.137000000,0.312000000
00:01:32,220719,50.668732985,-123.451724680,689.002000000,19,0.150000000,0.137000000,0.312000000
00:01:33,220719,50.668733073,-123.451724665,689.016000000,19,0.150000000,0.137000000,0.312000000
00:01:34,220719,50.668733133,-123.451724657,689.029000000,19,0.150000000,0.137000000,0.311000000
00:01:35,220719,50.668733168,-123.451724683,689.039000000,19,0.150000000,0.137000000,0.311000000
00:01:36,220719,50.668733197,-123.451724688,689.046000000,19,0.150000000,0.137000000,0.311000000
00:01:37,220719,50.668733215,-123.451724747,689.057000000,19,0.150000000,0.137000000,0.311000000
00:01:38,220719,50.668733247,-123.451724772,689.060000000,19,0.150000000,0.137000000,0.311000000
00:01:39,220719,50.668733253,-123.451724783,689.060000000,19,0.150000000,0.137000000,0.311000000
00:01:40,220719,50.668733250,-123.451724815,689.062000000,19,0.150000000,0.137000000,0.311000000
00:01:41,220719,50.668733243,-123.451724848,689.063000000,19,0.150000000,0.137000000,0.311000000
00:01:42,220719,50.668733220,-123.451724867,689.062000000,19,0.150000000,0.137000000,0.311000000
00:01:43,220719,50.668733200,-123.451724888,689.058000000,19,0.150000000,0.137000000,0.311000000
00:01:44,220719,50.668733158,-123.451724925,689.056000000,19,0.150000000,0.137000000,0.311000000
00:01:45,220719,50.668733130,-123.451724942,689.050000000,19,0.150000000,0.137000000,0.311000000
00:01:46,220719,50.668733098,-123.451724972,689.042000000,19,0.150000000,0.137000000,0.311000000
00:01:47,220719,50.668733075,-123.451724995,689.039000000,19,0.150000000,0.137000000,0.311000000
00:01:48,220719,50.668733030,-123.451725060,689.039000000,19,0.150000000,0.137000000,0.311000000
00:01:49,220719,50.668732995,-123.451725095,689.034000000,19,0.150000000,0.137000000,0.311000000
00:01:50,220719,50.668732958,-123.451725107,689.029000000,19,0.150000000,0.137000000,0.311000000
00:01:51,220719,50.668732910,-123.451725133,689.023000000,19,0.150000000,0.137000000,0.311000000
00:01:52,220719,50.668732875,-123.451725138,689.012000000,19,0.150000000,0.137000000,0.311000000
00:01:53,220719,50.668732802,-123.451725162,689.004000000,19,0.150000000,0.137000000,0.311000000
00:01:54,220719,50.668732748,-123.451725173,688.995000000,19,0.150000000,0.137000000,0.311000000
00:01:55,220719,50.668732722,-123.451725128,688.981000000,19,0.150000000,0.137000000,0.311000000
00:01:56,220719,50.668732685,-123.451725128,688.970000000,19,0.150000000,0.137000000,0.311000000
00:01:57,220719,50.668732627,-123.451725137,688.959000000,19,0.150000000,0.137000000,0.311000000
00:01:58,220719,50.668732557,-123.451725145,688.949000000,19,0.150000000,0.137000000,0.311000000
00:01:59,220719,50.668732500,-123.451725150,688.938000000,19,0.150000000,0.137000000,0.311000000
00:02:00,220719,50.668732420,-123.451725155,688.924000000,19,0.150000000,0.137000000,0.311000000
00:02:01,220719,50.668732363,-123.451725165,688.915000000,19,0.150000000,0.137000000,0.311000000
00:02:02,220719,50.668732300,-123.451725155,688.906000000,19,0.150000000,0.137000000,0.311000000
00:02:03,220719,50.668732248,-123.451725170,688.902000000,19,0.150000000,0.137000000,0.311000000
00:02:04,220719,50.668732220,-123.451725173,688.897000000,19,0.150000000,0.137000000,0.311000000
00:02:05,220719,50.668732175,-123.451725178,688.888000000,19,0.150000000,0.137000000,0.311000000
00:02:06,220719,50.668732142,-123.451725155,688.883000000,19,0.150000000,0.137000000,0.311000000
00:02:07,220719,50.668732092,-123.451725158,688.876000000,19,0.150000000,0.137000000,0.311000000
00:02:08,220719,50.668732067,-123.451725160,688.873000000,19,0.150000000,0.137000000,0.311000000
00:02:09,220719,50.668732012,-123.451725177,688.868000000,19,0.150000000,0.137000000,0.311000000
00:02:10,220719,50.668731975,-123.451725190,688.867000000,19,0.150000000,0.137000000,0.311000000
00:02:11,220719,50.668731965,-123.451725183,688.858000000,19,0.150000000,0.137000000,0.311000000
00:02:12,220719,50.668731947,-123.451725150,688.850000000,19,0.150000000,0.137000000,0.311000000
00:02:13,220719,50.668731935,-123.451725127,688.849000000,19,0.150000000,0.137000000,0.311000000
00:02:14,220719,50.668731958,-123.451725103,688.847000000,19,0.150000000,0.137000000,0.311000000
00:02:15,220719,50.668731962,-123.451725088,688.841000000,19,0.150000000,0.137000000,0.311000000
00:02:16,220719,50.668731935,-123.451725070,688.840000000,19,0.150000000,0.137000000,0.311000000
00:02:17,220719,50.668731915,-123.451725058,688.837000000,19,0.150000000,0.137000000,0.311000000
00:02:18,220719,50.668731905,-123.451725038,688.834000000,19,0.150000000,0.137000000,0.311000000
00:02:19,220719,50.668731912,-123.451725045,688.831000000,19,0.150000000,0.137000000,0.311000000
00:02:20,220719,50.668731902,-123.451725035,688.828000000,19,0.150000000,0.137000000,0.311000000
00:02:21,220719,50.668731882,-123.451725028,688.824000000,19,0.150000000,0.137000000,0.311000000
00:02:22,220719,50.668731873,-123.451725002,688.826000000,19,0.150000000,0.137000000,0.311000000
00:02:23,220719,50.668731887,-123.451724995,688.823000000,19,0.150000000,0.137000000,0.311000000
00:02:24,220719,50.668731890,-123.451724982,688.822000000,19,0.150000000,0.137000000,0.311000000
00:02:25,220719,50.668731883,-123.451724983,688.816000000,19,0.150000000,0.137000000,0.311000000
00:02:26,220719,50.668731990,-123.451724918,688.836000000,19,0.150000000,0.137000000,0.311000000
00:02:27,220719,50.668732100,-123.451724877,688.856000000,19,0.150000000,0.137000000,0.311000000
00:02:28,220719,50.668732187,-123.451724842,688.876000000,19,0.150000000,0.137000000,0.311000000
00:02:29,220719,50.668732248,-123.451724818,688.885000000,19,0.150000000,0.137000000,0.311000000
00:02:30,220719,50.668732263,-123.451724838,688.885000000,19,0.150000000,0.137000000,0.311000000
00:02:31,220719,50.668732318,-123.451724782,688.896000000,19,0.150000000,0.137000000,0.310000000
00:02:32,220719,50.668732393,-123.451724770,688.910000000,19,0.150000000,0.137000000,0.310000000
00:02:33,220719,50.668732495,-123.451724728,688.923000000,19,0.150000000,0.137000000,0.310000000
00:02:34,220719,50.668732585,-123.451724692,688.940000000,19,0.150000000,0.136000000,0.310000000
00:02:35,220719,50.668732660,-123.451724668,688.956000000,19,0.150000000,0.136000000,0.310000000
00:02:36,220719,50.668732763,-123.451724645,688.972000000,19,0.150000000,0.136000000,0.310000000
00:02:37,220719,50.668732857,-123.451724610,688.984000000,19,0.150000000,0.136000000,0.310000000
00:02:38,220719,50.668732953,-123.451724595,688.997000000,19,0.150000000,0.136000000,0.310000000
00:02:39,220719,50.668733042,-123.451724587,689.013000000,19,0.150000000,0.136000000,0.310000000
00:02:40,220719,50.668733137,-123.451724588,689.030000000,19,0.150000000,0.136000000,0.310000000
00:02:41,220719,50.668733227,-123.451724575,689.048000000,19,0.150000000,0.136000000,0.310000000
00:02:42,220719,50.668733298,-123.451724550,689.062000000,19,0.150000000,0.136000000,0.310000000
00:02:43,220719,50.668733372,-123.451724552,689.077000000,19,0.150000000,0.136000000,0.310000000
00:02:44,220719,50.668733445,-123.451724537,689.093000000,19,0.150000000,0.136000000,0.310000000
00:02:45,220719,50.668733487,-123.451724533,689.104000000,19,0.150000000,0.136000000,0.310000000
00:02:46,220719,50.668733537,-123.451724530,689.115000000,19,0.150000000,0.136000000,0.310000000
00:02:47,220719,50.668733588,-123.451724518,689.123000000,19,0.150000000,0.136000000,0.310000000
00:02:48,220719,50.668733623,-123.451724467,689.134000000,19,0.150000000,0.136000000,0.310000000
00:02:49,220719,50.668733620,-123.451724452,689.142000000,19,0.150000000,0.136000000,0.310000000
00:02:50,220719,50.668733678,-123.451724407,689.143000000,19,0.150000000,0.136000000,0.310000000
00:02:51,220719,50.668733680,-123.451724407,689.143000000,19,0.150000000,0.136000000,0.310000000
00:02:52,220719,50.668733693,-123.451724380,689.146000000,19,0.150000000,0.136000000,0.310000000
00:02:53,220719,50.668733700,-123.451724353,689.149000000,19,0.150000000,0.136000000,0.310000000
00:02:54,220719,50.668733688,-123.451724335,689.151000000,19,0.150000000,0.136000000,0.310000000
00:02:55,220719,50.668733657,-123.451724373,689.155000000,19,0.150000000,0.136000000,0.310000000
00:02:56,220719,50.668733628,-123.451724367,689.150000000,19,0.150000000,0.136000000,0.310000000
00:02:57,220719,50.668733580,-123.451724375,689.144000000,19,0.150000000,0.136000000,0.310000000
00:02:58,220719,50.668733565,-123.451724378,689.141000000,19,0.150000000,0.136000000,0.310000000
00:02:59,220719,50.668733557,-123.451724360,689.134000000,19,0.150000000,0.136000000,0.310000000
00:03:00,220719,50.668733547,-123.451724365,689.128000000,19,0.150000000,0.136000000,0.310000000
00:03:01,220719,50.668733533,-123.451724367,689.121000000,19,0.150000000,0.136000000,0.310000000
00:03:02,220719,50.668733525,-123.451724335,689.117000000,19,0.150000000,0.136000000,0.310000000
00:03:03,220719,50.668733512,-123.451724350,689.114000000,19,0.150000000,0.136000000,0.310000000
00:03:04,220719,50.668733492,-123.451724392,689.112000000,19,0.150000000,0.136000000,0.310000000
00:03:05,220719,50.668733425,-123.451724438,689.107000000,19,0.150000000,0.136000000,0.310000000
00:03:06,220719,50.668733378,-123.451724455,689.103000000,19,0.150000000,0.136000000,0.310000000
00:03:07,220719,50.668733345,-123.451724490,689.099000000,19,0.150000000,0.136000000,0.310000000
00:03:08,220719,50.668733298,-123.451724515,689.094000000,19,0.150000000,0.136000000,0.310000000
00:03:09,220719,50.668733270,-123.451724525,689.089000000,19,0.150000000,0.136000000,0.310000000
00:03:10,220719,50.668733247,-123.451724528,689.086000000,19,0.150000000,0.136000000,0.310000000
00:03:11,220719,50.668733258,-123.451724530,689.080000000,19,0.150000000,0.136000000,0.310000000
00:03:12,220719,50.668733265,-123.451724550,689.076000000,19,0.150000000,0.136000000,0.310000000
00:03:13,220719,50.668733270,-123.451724533,689.068000000,19,0.150000000,0.136000000,0.310000000
00:03:14,220719,50.668733263,-123.451724525,689.063000000,19,0.150000000,0.136000000,0.310000000
00:03:15,220719,50.668733255,-123.451724512,689.058000000,19,0.150000000,0.136000000,0.310000000
00:03:16,220719,50.668733245,-123.451724528,689.059000000,19,0.150000000,0.136000000,0.310000000
00:03:17,220719,50.668733243,-123.451724550,689.062000000,19,0.150000000,0.136000000,0.310000000
00:03:18,220719,50.668733253,-123.451724555,689.056000000,19,0.150000000,0.136000000,0.310000000
00:03:19,220719,50.668733242,-123.451724573,689.049000000,19,0.150000000,0.136000000,0.310000000
00:03:20,220719,50.668733257,-123.451724575,689.049000000,19,0.150000000,0.136000000,0.310000000
00:03:21,220719,50.668733287,-123.451724555,689.047000000,19,0.150000000,0.136000000,0.310000000
00:03:22,220719,50.668733290,-123.451724600,689.049000000,19,0.150000000,0.136000000,0.310000000
00:03:23,220719,50.668733292,-123.451724603,689.052000000,19,0.150000000,0.136000000,0.310000000
00:03:24,220719,50.668733293,-123.451724632,689.053000000,19,0.150000000,0.136000000,0.310000000
00:03:25,220719,50.668733277,-123.451724608,689.053000000,19,0.150000000,0.136000000,0.309000000
00:03:26,220719,50.668733287,-123.451724617,689.055000000,19,0.150000000,0.136000000,0.309000000
00:03:27,220719,50.668733270,-123.451724630,689.048000000,19,0.150000000,0.136000000,0.309000000
00:03:28,220719,50.668733273,-123.451724605,689.045000000,19,0.150000000,0.136000000,0.309000000
00:03:29,220719,50.668733272,-123.451724622,689.045000000,19,0.150000000,0.136000000,0.309000000
00:03:30,220719,50.668733268,-123.451724622,689.043000000,19,0.150000000,0.136000000,0.309000000
00:03:31,220719,50.668733272,-123.451724605,689.039000000,19,0.150000000,0.136000000,0.309000000
00:03:32,220719,50.668733297,-123.451724603,689.039000000,19,0.150000000,0.136000000,0.309000000
00:03:33,220719,50.668733308,-123.451724603,689.036000000,19,0.150000000,0.136000000,0.309000000
00:03:34,220719,50.668733320,-123.451724595,689.034000000,19,0.150000000,0.136000000,0.309000000
00:03:35,220719,50.668733310,-123.451724578,689.031000000,19,0.150000000,0.136000000,0.309000000
00:03:36,220719,50.668733290,-123.451724548,689.028000000,19,0.150000000,0.136000000,0.309000000
00:03:37,220719,50.668733278,-123.451724542,689.029000000,19,0.150000000,0.136000000,0.309000000
00:03:38,220719,50.668733272,-123.451724560,689.032000000,19,0.150000000,0.136000000,0.309000000
00:03:39,220719,50.668733297,-123.451724517,689.029000000,19,0.150000000,0.136000000,0.309000000
00:03:40,220719,50.668733315,-123.451724557,689.019000000,19,0.150000000,0.136000000,0.309000000
00:03:41,220719,50.668733305,-123.451724550,689.010000000,19,0.150000000,0.136000000,0.309000000
00:03:42,220719,50.668733208,-123.451724592,688.999000000,19,0.150000000,0.136000000,0.309000000
00:03:43,220719,50.668733100,-123.451724642,688.975000000,19,0.150000000,0.136000000,0.309000000
00:03:44,220719,50.668733012,-123.451724652,688.956000000,19,0.150000000,0.136000000,0.309000000
00:03:45,220719,50.668732918,-123.451724648,688.931000000,19,0.150000000,0.136000000,0.309000000
00:03:46,220719,50.668732823,-123.451724688,688.915000000,19,0.150000000,0.136000000,0.309000000
00:03:47,220719,50.668732785,-123.451724675,688.900000000,19,0.150000000,0.136000000,0.309000000
00:03:48,220719,50.668732727,-123.451724663,688.875000000,19,0.150000000,0.136000000,0.309000000
00:03:49,220719,50.668732728,-123.451724653,688.862000000,19,0.150000000,0.136000000,0.309000000
00:03:50,220719,50.668732735,-123.451724645,688.866000000,19,0.150000000,0.136000000,0.309000000
00:03:51,220719,50.668732660,-123.451724663,688.851000000,19,0.150000000,0.136000000,0.309000000
00:03:52,220719,50.668732588,-123.451724683,688.838000000,19,0.150000000,0.136000000,0.309000000
00:03:53,220719,50.668732502,-123.451724702,688.822000000,19,0.150000000,0.136000000,0.309000000
00:03:54,220719,50.668732423,-123.451724708,688.807000000,19,0.150000000,0.136000000,0.309000000
00:03:55,220719,50.668732390,-123.451724748,688.806000000,19,0.150000000,0.136000000,0.309000000
00:03:56,220719,50.668732358,-123.451724690,688.802000000,19,0.150000000,0.136000000,0.309000000
00:03:57,220719,50.668732330,-123.451724687,688.804000000,19,0.150000000,0.136000000,0.309000000
00:03:58,220719,50.668732280,-123.451724678,688.802000000,19,0.150000000,0.136000000,0.309000000
00:03:59,220719,50.668732262,-123.451724652,688.804000000,19,0.150000000,0.136000000,0.309000000
00:04:00,220719,50.668732272,-123.451724645,688.810000000,19,0.150000000,0.136000000,0.309000000
00:04:01,220719,50.668732278,-123.451724622,688.813000000,19,0.150000000,0.136000000,0.309000000
00:04:02,220719,50.668732325,-123.451724635,688.813000000,19,0.150000000,0.136000000,0.309000000
00:04:03,220719,50.668732332,-123.451724607,688.816000000,19,0.150000000,0.136000000,0.309000000
00:04:04,220719,50.668732345,-123.451724603,688.823000000,19,0.150000000,0.136000000,0.309000000
00:04:05,220719,50.668732373,-123.451724595,688.833000000,19,0.150000000,0.136000000,0.309000000
00:04:06,220719,50.668732412,-123.451724580,688.849000000,19,0.150000000,0.136000000,0.309000000
00:04:07,220719,50.668732478,-123.451724550,688.860000000,19,0.150000000,0.136000000,0.309000000
00:04:08,220719,50.668732543,-123.451724525,688.873000000,19,0.150000000,0.136000000,0.309000000
00:04:09,220719,50.668732608,-123.451724487,688.886000000,19,0.150000000,0.136000000,0.309000000
00:04:10,220719,50.668732682,-123.451724460,688.900000000,19,0.150000000,0.136000000,0.309000000
00:04:11,220719,50.668732760,-123.451724405,688.911000000,19,0.150000000,0.136000000,0.309000000
00:04:12,220719,50.668732820,-123.451724373,688.922000000,19,0.150000000,0.136000000,0.309000000
00:04:13,220719,50.668732887,-123.451724355,688.933000000,19,0.150000000,0.136000000,0.309000000
00:04:14,220719,50.668732950,-123.451724348,688.944000000,19,0.150000000,0.136000000,0.309000000
00:04:15,220719,50.668732997,-123.451724338,688.955000000,19,0.150000000,0.136000000,0.309000000
00:04:16,220719,50.668733033,-123.451724328,688.967000000,19,0.150000000,0.136000000,0.308000000
00:04:17,220719,50.668733062,-123.451724328,688.973000000,19,0.150000000,0.136000000,0.308000000
00:04:18,220719,50.668733088,-123.451724323,688.985000000,19,0.150000000,0.136000000,0.308000000
00:04:19,220719,50.668733112,-123.451724303,688.989000000,19,0.150000000,0.136000000,0.308000000
00:04:20,220719,50.668733125,-123.451724282,688.997000000,19,0.150000000,0.136000000,0.308000000
00:04:21,220719,50.668733133,-123.451724262,688.999000000,19,0.150000000,0.136000000,0.308000000
00:04:22,220719,50.668733148,-123.451724248,689.003000000,19,0.150000000,0.136000000,0.308000000
00:04:23,220719,50.668733173,-123.451724243,689.007000000,19,0.150000000,0.136000000,0.308000000
00:04:24,220719,50.668733205,-123.451724242,689.013000000,19,0.150000000,0.136000000,0.308000000
00:04:25,220719,50.668733243,-123.451724247,689.016000000,19,0.150000000,0.136000000,0.308000000
00:04:26,220719,50.668733263,-123.451724235,689.014000000,19,0.150000000,0.136000000,0.308000000
00:04:27,220719,50.668733257,-123.451724203,689.018000000,19,0.150000000,0.136000000,0.308000000
00:04:28,220719,50.668733248,-123.451724237,689.014000000,19,0.150000000,0.136000000,0.308000000
00:04:29,220719,50.668733247,-123.451724255,689.017000000,19,0.150000000,0.136000000,0.308000000
00:04:30,220719,50.668733220,-123.451724275,689.020000000,19,0.150000000,0.136000000,0.308000000
00:04:31,220719,50.668733190,-123.451724303,689.018000000,19,0.150000000,0.136000000,0.308000000
00:04:32,220719,50.668733177,-123.451724325,689.021000000,19,0.150000000,0.136000000,0.308000000
00:04:33,220719,50.668733173,-123.451724372,689.022000000,19,0.150000000,0.136000000,0.308000000
00:04:34,220719,50.668733192,-123.451724407,689.027000000,19,0.150000000,0.136000000,0.308000000
00:04:35,220719,50.668733168,-123.451724413,689.030000000,19,0.150000000,0.136000000,0.308000000
00:04:36,220719,50.668733153,-123.451724388,689.030000000,19,0.150000000,0.136000000,0.308000000
00:04:37,220719,50.668733158,-123.451724433,689.035000000,19,0.150000000,0.136000000,0.308000000
00:04:38,220719,50.668733188,-123.451724455,689.037000000,19,0.150000000,0.136000000,0.308000000
00:04:39,220719,50.668733245,-123.451724437,689.048000000,19,0.150000000,0.136000000,0.308000000
00:04:40,220719,50.668733268,-123.451724443,689.052000000,19,0.150000000,0.136000000,0.308000000
00:04:41,220719,50.668733313,-123.451724435,689.058000000,19,0.150000000,0.136000000,0.308000000
00:04:42,220719,50.668733347,-123.451724433,689.062000000,19,0.150000000,0.136000000,0.308000000
00:04:43,220719,50.668733358,-123.451724467,689.073000000,19,0.150000000,0.136000000,0.308000000
00:04:44,220719,50.668733363,-123.451724488,689.083000000,19,0.150000000,0.136000000,0.308000000
00:04:45,220719,50.668733410,-123.451724443,689.088000000,19,0.150000000,0.136000000,0.308000000
00:04:46,220719,50.668733393,-123.451724457,689.087000000,19,0.150000000,0.136000000,0.308000000
00:04:47,220719,50.668733410,-123.451724475,689.093000000,19,0.150000000,0.136000000,0.308000000
00:04:48,220719,50.668733417,-123.451724442,689.097000000,19,0.150000000,0.136000000,0.308000000
00:04:49,220719,50.668733430,-123.451724473,689.108000000,19,0.150000000,0.136000000,0.308000000
00:04:50,220719,50.668733445,-123.451724458,689.110000000,19,0.150000000,0.136000000,0.308000000
00:04:51,220719,50.668733492,-123.451724437,689.116000000,19,0.150000000,0.136000000,0.308000000
00:04:52,220719,50.668733525,-123.451724448,689.125000000,19,0.150000000,0.136000000,0.308000000
00:04:53,220719,50.668733568,-123.451724450,689.139000000,19,0.150000000,0.136000000,0.308000000
00:04:54,220719,50.668733595,-123.451724438,689.142000000,19,0.150000000,0.136000000,0.308000000
00:04:55,220719,50.668733612,-123.451724448,689.147000000,19,0.150000000,0.136000000,0.308000000
00:04:56,220719,50.668733637,-123.451724440,689.150000000,19,0.150000000,0.136000000,0.308000000
00:04:57,220719,50.668733680,-123.451724438,689.152000000,19,0.150000000,0.136000000,0.308000000
00:04:58,220719,50.668733728,-123.451724413,689.158000000,19,0.150000000,0.136000000,0.308000000
00:04:59,220719,50.668733785,-123.451724407,689.170000000,19,0.150000000,0.136000000,0.308000000
00:05:00,220719,50.668733840,-123.451724385,689.181000000,19,0.150000000,0.136000000,0.308000000
00:05:01,220719,50.668733908,-123.451724382,689.185000000,19,0.150000000,0.136000000,0.308000000
00:05:02,220719,50.668733923,-123.451724395,689.187000000,19,0.150000000,0.136000000,0.308000000
00:05:03,220719,50.668733962,-123.451724400,689.192000000,19,0.150000000,0.136000000,0.308000000
00:05:04,220719,50.668733937,-123.451724423,689.187000000,19,0.150000000,0.136000000,0.308000000
00:05:05,220719,50.668733943,-123.451724430,689.189000000,19,0.150000000,0.136000000,0.308000000
00:05:06,220719,50.668733958,-123.451724440,689.190000000,19,0.150000000,0.136000000,0.308000000
00:05:07,220719,50.668733965,-123.451724435,689.192000000,19,0.150000000,0.136000000,0.307000000
00:05:08,220719,50.668733965,-123.451724447,689.193000000,19,0.150000000,0.136000000,0.307000000
00:05:09,220719,50.668733988,-123.451724437,689.197000000,19,0.150000000,0.136000000,0.307000000
00:05:10,220719,50.668734040,-123.451724425,689.200000000,19,0.150000000,0.136000000,0.307000000
00:05:11,220719,50.668734067,-123.451724415,689.205000000,19,0.150000000,0.136000000,0.307000000
00:05:12,220719,50.668734085,-123.451724377,689.208000000,19,0.150000000,0.136000000,0.307000000
00:05:13,220719,50.668734110,-123.451724368,689.215000000,19,0.150000000,0.136000000,0.307000000
00:05:14,220719,50.668734162,-123.451724370,689.229000000,19,0.150000000,0.136000000,0.307000000
00:05:15,220719,50.668734183,-123.451724370,689.235000000,19,0.150000000,0.136000000,0.307000000
00:05:16,220719,50.668734212,-123.451724377,689.239000000,19,0.150000000,0.135000000,0.307000000
00:05:17,220719,50.668734268,-123.451724347,689.246000000,19,0.150000000,0.135000000,0.307000000
00:05:18,220719,50.668734315,-123.451724353,689.251000000,19,0.150000000,0.135000000,0.307000000
00:05:19,220719,50.668734343,-123.451724385,689.255000000,19,0.150000000,0.135000000,0.307000000
00:05:20,220719,50.668734388,-123.451724372,689.254000000,19,0.150000000,0.135000000,0.307000000
00:05:21,220719,50.668734413,-123.451724377,689.252000000,19,0.150000000,0.135000000,0.307000000
00:05:22,220719,50.668734422,-123.451724355,689.248000000,19,0.150000000,0.135000000,0.307000000
00:05:23,220719,50.668734400,-123.451724360,689.246000000,19,0.150000000,0.135000000,0.307000000
00:05:24,220719,50.668734397,-123.451724348,689.243000000,19,0.150000000,0.135000000,0.307000000
00:05:25,220719,50.668734385,-123.451724340,689.244000000,19,0.150000000,0.135000000,0.307000000
00:05:26,220719,50.668734390,-123.451724350,689.245000000,19,0.150000000,0.135000000,0.307000000
00:05:27,220719,50.668734372,-123.451724328,689.240000000,19,0.150000000,0.135000000,0.307000000
00:05:28,220719,50.668734377,-123.451724305,689.243000000,19,0.150000000,0.135000000,0.307000000
00:05:29,220719,50.668734383,-123.451724280,689.240000000,19,0.150000000,0.135000000,0.307000000
00:05:30,220719,50.668734397,-123.451724248,689.244000000,19,0.150000000,0.135000000,0.307000000
00:05:31,220719,50.668734397,-123.451724248,689.239000000,19,0.150000000,0.135000000,0.307000000
00:05:32,220719,50.668734373,-123.451724273,689.235000000,19,0.150000000,0.135000000,0.307000000
00:05:33,220719,50.668734367,-123.451724272,689.234000000,19,0.150000000,0.135000000,0.307000000
00:05:34,220719,50.668734337,-123.451724302,689.229000000,19,0.150000000,0.135000000,0.307000000
00:05:35,220719,50.668734297,-123.451724293,689.226000000,19,0.150000000,0.135000000,0.307000000
00:05:36,220719,50.668734268,-123.451724282,689.219000000,19,0.150000000,0.135000000,0.307000000
00:05:37,220719,50.668734233,-123.451724305,689.213000000,19,0.150000000,0.135000000,0.307000000
00:05:38,220719,50.668734217,-123.451724292,689.211000000,19,0.150000000,0.135000000,0.307000000
00:05:39,220719,50.668734170,-123.451724272,689.205000000,19,0.150000000,0.135000000,0.307000000
00:05:40,220719,50.668734168,-123.451724255,689.199000000,19,0.150000000,0.135000000,0.307000000
00:05:41,220719,50.668734170,-123.451724238,689.194000000,19,0.150000000,0.135000000,0.307000000
00:05:42,220719,50.668734163,-123.451724237,689.198000000,19,0.150000000,0.135000000,0.307000000
00:05:43,220719,50.668734172,-123.451724230,689.193000000,19,0.150000000,0.135000000,0.307000000
00:05:44,220719,50.668734178,-123.451724227,689.193000000,19,0.150000000,0.135000000,0.307000000
00:05:45,220719,50.668734158,-123.451724228,689.192000000,19,0.150000000,0.135000000,0.307000000
00:05:46,220719,50.668734168,-123.451724217,689.187000000,19,0.150000000,0.135000000,0.307000000
00:05:47,220719,50.668734150,-123.451724212,689.187000000,19,0.150000000,0.135000000,0.307000000
00:05:48,220719,50.668734162,-123.451724207,689.189000000,19,0.150000000,0.135000000,0.307000000
00:05:49,220719,50.668734142,-123.451724198,689.185000000,19,0.150000000,0.135000000,0.307000000
00:05:50,220719,50.668734148,-123.451724150,689.184000000,19,0.150000000,0.135000000,0.307000000
00:05:51,220719,50.668734133,-123.451724160,689.184000000,19,0.150000000,0.135000000,0.307000000
00:05:52,220719,50.668734100,-123.451724163,689.184000000,19,0.150000000,0.135000000,0.307000000
00:05:53,220719,50.668734043,-123.451724177,689.182000000,19,0.150000000,0.135000000,0.307000000
00:05:54,220719,50.668733993,-123.451724173,689.176000000,19,0.150000000,0.135000000,0.307000000
00:05:55,220719,50.668733957,-123.451724172,689.174000000,19,0.150000000,0.135000000,0.306000000
00:05:56,220719,50.668733920,-123.451724195,689.174000000,19,0.150000000,0.135000000,0.306000000
00:05:57,220719,50.668733908,-123.451724195,689.173000000,19,0.150000000,0.135000000,0.306000000
00:05:58,220719,50.668733897,-123.451724180,689.172000000,19,0.150000000,0.135000000,0.306000000
00:05:59,220719,50.668733903,-123.451724175,689.171000000,19,0.150000000,0.135000000,0.306000000
00:06:00,220719,50.668733885,-123.451724157,689.172000000,19,0.150000000,0.135000000,0.306000000
00:06:01,220719,50.668733868,-123.451724152,689.175000000,19,0.150000000,0.135000000,0.306000000
00:06:02,220719,50.668733875,-123.451724147,689.175000000,19,0.150000000,0.135000000,0.306000000
00:06:03,220719,50.668733880,-123.451724133,689.175000000,19,0.150000000,0.135000000,0.306000000
00:06:04,220719,50.668733890,-123.451724123,689.178000000,19,0.150000000,0.135000000,0.306000000
00:06:05,220719,50.668733958,-123.451724100,689.178000000,19,0.150000000,0.135000000,0.306000000
00:06:06,220719,50.668734015,-123.451724053,689.167000000,19,0.150000000,0.135000000,0.306000000
00:06:07,220719,50.668734077,-123.451724033,689.160000000,19,0.150000000,0.135000000,0.306000000
00:06:08,220719,50.668734120,-123.451723993,689.148000000,19,0.150000000,0.135000000,0.306000000
00:06:09,220719,50.668734142,-123.451723962,689.140000000,19,0.150000000,0.135000000,0.306000000
00:06:10,220719,50.668734172,-123.451723928,689.128000000,19,0.150000000,0.135000000,0.306000000
00:06:11,220719,50.668734165,-123.451723933,689.119000000,19,0.150000000,0.135000000,0.306000000
00:06:12,220719,50.668734172,-123.451723908,689.111000000,19,0.150000000,0.135000000,0.306000000
00:06:13,220719,50.668734172,-123.451723892,689.105000000,19,0.150000000,0.135000000,0.306000000
00:06:14,220719,50.668734178,-123.451723883,689.102000000,19,0.150000000,0.135000000,0.306000000
00:06:15,220719,50.668734177,-123.451723897,689.096000000,19,0.150000000,0.135000000,0.306000000
00:06:16,220719,50.668734178,-123.451723893,689.093000000,19,0.150000000,0.135000000,0.306000000
00:06:17,220719,50.668734180,-123.451723920,689.094000000,19,0.150000000,0.135000000,0.306000000
00:06:18,220719,50.668734188,-123.451723930,689.093000000,19,0.150000000,0.135000000,0.306000000
00:06:19,220719,50.668734205,-123.451723925,689.092000000,19,0.150000000,0.135000000,0.306000000
00:06:20,220719,50.668734203,-123.451723908,689.089000000,19,0.150000000,0.135000000,0.306000000
00:06:21,220719,50.668734222,-123.451723905,689.085000000,19,0.150000000,0.135000000,0.306000000
00:06:22,220719,50.668734220,-123.451723930,689.088000000,19,0.150000000,0.135000000,0.306000000
00:06:23,220719,50.668734245,-123.451723950,689.092000000,19,0.150000000,0.135000000,0.306000000
00:06:24,220719,50.668734245,-123.451723947,689.096000000,19,0.150000000,0.135000000,0.306000000
00:06:25,220719,50.668734247,-123.451723953,689.098000000,19,0.150000000,0.135000000,0.306000000
00:06:26,220719,50.668734270,-123.451723933,689.094000000,19,0.150000000,0.135000000,0.306000000
00:06:27,220719,50.668734295,-123.451723950,689.092000000,19,0.150000000,0.135000000,0.306000000
00:06:28,220719,50.668734350,-123.451723975,689.102000000,19,0.150000000,0.135000000,0.306000000
00:06:29,220719,50.668734360,-123.451723985,689.105000000,19,0.150000000,0.135000000,0.306000000
00:06:30,220719,50.668734373,-123.451724008,689.112000000,19,0.150000000,0.135000000,0.306000000
00:06:31,220719,50.668734382,-123.451724010,689.117000000,19,0.150000000,0.135000000,0.306000000
00:06:32,220719,50.668734410,-123.451724023,689.119000000,19,0.150000000,0.135000000,0.306000000
00:06:33,220719,50.668734427,-123.451724032,689.124000000,19,0.150000000,0.135000000,0.306000000
00:06:34,220719,50.668734423,-123.451724035,689.121000000,19,0.150000000,0.135000000,0.306000000
00:06:35,220719,50.668734437,-123.451724050,689.121000000,19,0.150000000,0.135000000,0.306000000
00:06:36,220719,50.668734423,-123.451724040,689.118000000,19,0.150000000,0.135000000,0.306000000
00:06:37,220719,50.668734403,-123.451724057,689.120000000,19,0.150000000,0.135000000,0.306000000
00:06:38,220719,50.668734387,-123.451724053,689.121000000,19,0.150000000,0.135000000,0.306000000
00:06:39,220719,50.668734343,-123.451724072,689.121000000,19,0.150000000,0.135000000,0.306000000
00:06:40,220719,50.668734318,-123.451724105,689.124000000,19,0.150000000,0.135000000,0.305000000
00:06:41,220719,50.668734303,-123.451724140,689.130000000,19,0.150000000,0.135000000,0.305000000
00:06:42,220719,50.668734287,-123.451724167,689.139000000,19,0.150000000,0.135000000,0.305000000
00:06:43,220719,50.668734280,-123.451724192,689.145000000,19,0.150000000,0.135000000,0.305000000
00:06:44,220719,50.668734293,-123.451724223,689.149000000,19,0.150000000,0.135000000,0.305000000
00:06:45,220719,50.668734302,-123.451724212,689.149000000,19,0.150000000,0.135000000,0.305000000
00:06:46,220719,50.668734317,-123.451724222,689.154000000,19,0.150000000,0.135000000,0.305000000
00:06:47,220719,50.668734333,-123.451724222,689.161000000,19,0.150000000,0.135000000,0.305000000
00:06:48,220719,50.668734358,-123.451724215,689.167000000,19,0.150000000,0.135000000,0.305000000
00:06:49,220719,50.668734382,-123.451724207,689.172000000,19,0.150000000,0.135000000,0.305000000
00:06:50,220719,50.668734393,-123.451724172,689.177000000,19,0.150000000,0.135000000,0.305000000
00:06:51,220719,50.668734457,-123.451724170,689.182000000,19,0.150000000,0.135000000,0.305000000
00:06:52,220719,50.668734517,-123.451724128,689.182000000,19,0.150000000,0.135000000,0.305000000
00:06:53,220719,50.668734563,-123.451724090,689.180000000,19,0.150000000,0.135000000,0.305000000
00:06:54,220719,50.668734583,-123.451724093,689.188000000,19,0.150000000,0.135000000,0.305000000
00:06:55,220719,50.668734615,-123.451724065,689.191000000,19,0.150000000,0.135000000,0.305000000
00:06:56,220719,50.668734652,-123.451724050,689.196000000,19,0.150000000,0.135000000,0.305000000
00:06:57,220719,50.668734665,-123.451724047,689.196000000,19,0.150000000,0.135000000,0.305000000
00:06:58,220719,50.668734685,-123.451724030,689.195000000,19,0.150000000,0.135000000,0.305000000
00:06:59,220719,50.668734705,-123.451723997,689.194000000,19,0.150000000,0.135000000,0.305000000
00:07:00,220719,50.668734718,-123.451723955,689.192000000,19,0.150000000,0.135000000,0.305000000
00:07:01,220719,50.668734712,-123.451723918,689.190000000,19,0.150000000,0.135000000,0.305000000
00:07:02,220719,50.668734742,-123.451723890,689.190000000,19,0.150000000,0.135000000,0.305000000
00:07:03,220719,50.668734757,-123.451723863,689.187000000,19,0.150000000,0.135000000,0.305000000
00:07:04,220719,50.668734785,-123.451723840,689.183000000,19,0.150000000,0.135000000,0.305000000
00:07:05,220719,50.668734827,-123.451723828,689.182000000,19,0.150000000,0.135000000,0.305000000
00:07:06,220719,50.668734840,-123.451723840,689.185000000,19,0.150000000,0.135000000,0.305000000
00:07:07,220719,50.668734830,-123.451723853,689.187000000,19,0.150000000,0.135000000,0.305000000
00:07:08,220719,50.668734820,-123.451723838,689.187000000,19,0.150000000,0.135000000,0.305000000
00:07:09,220719,50.668734838,-123.451723838,689.190000000,19,0.150000000,0.135000000,0.305000000
00:07:10,220719,50.668734857,-123.451723813,689.192000000,19,0.150000000,0.135000000,0.305000000
00:07:11,220719,50.668734852,-123.451723778,689.189000000,19,0.150000000,0.135000000,0.305000000
00:07:12,220719,50.668734840,-123.451723745,689.191000000,19,0.150000000,0.135000000,0.305000000
00:07:13,220719,50.668734843,-123.451723745,689.196000000,19,0.150000000,0.135000000,0.305000000
00:07:14,220719,50.668734863,-123.451723717,689.195000000,19,0.150000000,0.135000000,0.305000000
00:07:15,220719,50.668734848,-123.451723703,689.194000000,19,0.150000000,0.135000000,0.305000000
00:07:16,220719,50.668734823,-123.451723700,689.196000000,19,0.150000000,0.135000000,0.305000000
00:07:17,220719,50.668734782,-123.451723717,689.194000000,19,0.150000000,0.135000000,0.305000000
00:07:18,220719,50.668734735,-123.451723760,689.197000000,19,0.150000000,0.135000000,0.305000000
00:07:19,220719,50.668734692,-123.451723815,689.206000000,19,0.150000000,0.135000000,0.305000000
00:07:20,220719,50.668734627,-123.451723857,689.209000000,19,0.150000000,0.135000000,0.305000000
00:07:21,220719,50.668734580,-123.451723857,689.211000000,19,0.150000000,0.135000000,0.305000000
00:07:22,220719,50.668734543,-123.451723860,689.216000000,19,0.150000000,0.135000000,0.305000000
00:07:23,220719,50.668734495,-123.451723890,689.219000000,19,0.150000000,0.135000000,0.305000000
00:07:24,220719,50.668734438,-123.451723880,689.221000000,19,0.150000000,0.135000000,0.305000000
00:07:25,220719,50.668734382,-123.451723902,689.222000000,19,0.150000000,0.135000000,0.304000000
00:07:26,220719,50.668734357,-123.451723910,689.225000000,19,0.150000000,0.135000000,0.304000000
00:07:27,220719,50.668734312,-123.451723908,689.229000000,19,0.150000000,0.135000000,0.304000000
00:07:28,220719,50.668734297,-123.451723900,689.232000000,19,0.150000000,0.135000000,0.304000000
00:07:29,220719,50.668734268,-123.451723897,689.236000000,19,0.150000000,0.135000000,0.304000000
00:07:30,220719,50.668734268,-123.451723857,689.241000000,19,0.150000000,0.135000000,0.304000000
00:07:31,220719,50.668734232,-123.451723848,689.239000000,19,0.150000000,0.135000000,0.304000000
00:07:32,220719,50.668734170,-123.451723878,689.238000000,19,0.150000000,0.135000000,0.304000000
00:07:33,220719,50.668734162,-123.451723887,689.241000000,19,0.150000000,0.135000000,0.304000000
00:07:34,220719,50.668734160,-123.451723873,689.241000000,19,0.150000000,0.135000000,0.304000000
00:07:35,220719,50.668734148,-123.451723873,689.245000000,19,0.150000000,0.135000000,0.304000000
00:07:36,220719,50.668734158,-123.451723857,689.247000000,19,0.150000000,0.135000000,0.304000000
00:07:37,220719,50.668734175,-123.451723845,689.248000000,19,0.150000000,0.135000000,0.304000000
00:07:38,220719,50.668734185,-123.451723845,689.249000000,19,0.150000000,0.135000000,0.304000000
00:07:39,220719,50.668734188,-123.451723832,689.250000000,19,0.150000000,0.135000000,0.304000000
00:07:40,220719,50.668734190,-123.451723837,689.254000000,19,0.150000000,0.135000000,0.304000000
00:07:41,220719,50.668734197,-123.451723835,689.258000000,19,0.150000000,0.135000000,0.304000000
00:07:42,220719,50.668734188,-123.451723852,689.260000000,19,0.150000000,0.135000000,0.304000000
00:07:43,220719,50.668734173,-123.451723868,689.269000000,19,0.150000000,0.135000000,0.304000000
00:07:44,220719,50.668734182,-123.451723858,689.271000000,19,0.150000000,0.135000000,0.304000000
00:07:45,220719,50.668734190,-123.451723862,689.275000000,19,0.150000000,0.135000000,0.304000000
00:07:46,220719,50.668734175,-123.451723868,689.274000000,19,0.150000000,0.135000000,0.304000000
00:07:47,220719,50.668734137,-123.451723853,689.269000000,19,0.150000000,0.135000000,0.304000000
00:07:48,220719,50.668734100,-123.451723865,689.266000000,19,0.150000000,0.135000000,0.304000000
00:07:49,220719,50.668734088,-123.451723857,689.268000000,19,0.150000000,0.135000000,0.304000000
00:07:50,220719,50.668734118,-123.451723787,689.268000000,19,0.150000000,0.135000000,0.304000000
00:07:51,220719,50.668734137,-123.451723735,689.272000000,19,0.150000000,0.135000000,0.304000000
00:07:52,220719,50.668734130,-123.451723727,689.267000000,19,0.150000000,0.135000000,0.304000000
00:07:53,220719,50.668734138,-123.451723730,689.266000000,19,0.150000000,0.135000000,0.304000000
00:07:54,220719,50.668734110,-123.451723730,689.263000000,19,0.150000000,0.135000000,0.304000000
00:07:55,220719,50.668734097,-123.451723742,689.262000000,19,0.150000000,0.135000000,0.304000000
00:07:56,220719,50.668734090,-123.451723773,689.266000000,19,0.150000000,0.135000000,0.304000000
00:07:57,220719,50.668734103,-123.451723753,689.265000000,19,0.150000000,0.135000000,0.304000000
00:07:58,220719,50.668734110,-123.451723760,689.263000000,19,0.150000000,0.135000000,0.304000000
00:07:59,220719,50.668734087,-123.451723757,689.259000000,19,0.150000000,0.135000000,0.304000000
00:08:00,220719,50.668734072,-123.451723777,689.255000000,19,0.150000000,0.135000000,0.304000000
00:08:01,220719,50.668734070,-123.451723772,689.250000000,19,0.150000000,0.135000000,0.304000000
00:08:02,220719,50.668734065,-123.451723787,689.245000000,19,0.150000000,0.135000000,0.304000000
00:08:03,220719,50.668734047,-123.451723797,689.240000000,19,0.150000000,0.135000000,0.304000000
00:08:04,220719,50.668734045,-123.451723803,689.239000000,19,0.150000000,0.135000000,0.304000000
00:08:05,220719,50.668734028,-123.451723853,689.238000000,19,0.150000000,0.135000000,0.304000000
00:08:06,220719,50.668734012,-123.451723902,689.235000000,19,0.150000000,0.135000000,0.304000000
00:08:07,220719,50.668734003,-123.451723918,689.229000000,19,0.150000000,0.135000000,0.304000000
00:08:08,220719,50.668734018,-123.451723937,689.225000000,19,0.150000000,0.135000000,0.304000000
00:08:09,220719,50.668734015,-123.451723940,689.219000000,19,0.150000000,0.135000000,0.304000000
00:08:10,220719,50.668734007,-123.451723957,689.218000000,19,0.150000000,0.135000000,0.303000000
00:08:11,220719,50.668734000,-123.451723952,689.215000000,19,0.150000000,0.135000000,0.303000000
00:08:12,220719,50.668733977,-123.451723955,689.212000000,19,0.150000000,0.135000000,0.303000000
00:08:13,220719,50.668733967,-123.451723957,689.213000000,19,0.150000000,0.135000000,0.303000000
00:08:14,220719,50.668733958,-123.451723965,689.214000000,19,0.150000000,0.135000000,0.303000000
00:08:15,220719,50.668733943,-123.451723977,689.215000000,19,0.150000000,0.135000000,0.303000000
00:08:16,220719,50.668733950,-123.451723978,689.209000000,19,0.150000000,0.135000000,0.303000000
00:08:17,220719,50.668733943,-123.451724010,689.208000000,19,0.150000000,0.135000000,0.303000000
00:08:18,220719,50.668733940,-123.451724038,689.205000000,19,0.150000000,0.135000000,0.303000000
00:08:19,220719,50.668733947,-123.451724067,689.204000000,19,0.150000000,0.134000000,0.303000000
00:08:20,220719,50.668733980,-123.451724095,689.208000000,19,0.150000000,0.134000000,0.303000000
00:08:21,220719,50.668733997,-123.451724102,689.204000000,19,0.150000000,0.134000000,0.303000000
00:08:22,220719,50.668734030,-123.451724102,689.206000000,19,0.150000000,0.134000000,0.303000000
00:08:23,220719,50.668734082,-123.451724117,689.210000000,19,0.150000000,0.134000000,0.303000000
00:08:24,220719,50.668734107,-123.451724098,689.213000000,19,0.150000000,0.134000000,0.303000000
00:08:25,220719,50.668734138,-123.451724113,689.218000000,19,0.150000000,0.134000000,0.303000000
00:08:26,220719,50.668734173,-123.451724110,689.221000000,19,0.150000000,0.134000000,0.303000000
00:08:27,220719,50.668734192,-123.451724090,689.221000000,19,0.150000000,0.134000000,0.303000000
00:08:28,220719,50.668734235,-123.451724102,689.225000000,19,0.150000000,0.134000000,0.303000000
00:08:29,220719,50.668734257,-123.451724090,689.228000000,19,0.150000000,0.134000000,0.303000000
00:08:30,220719,50.668734288,-123.451724108,689.232000000,19,0.150000000,0.134000000,0.303000000
00:08:31,220719,50.668734310,-123.451724130,689.236000000,19,0.150000000,0.134000000,0.303000000
00:08:32,220719,50.668734342,-123.451724140,689.242000000,19,0.150000000,0.134000000,0.303000000
00:08:33,220719,50.668734370,-123.451724137,689.244000000,19,0.150000000,0.134000000,0.303000000
00:08:34,220719,50.668734407,-123.451724145,689.253000000,19,0.150000000,0.134000000,0.303000000
00:08:35,220719,50.668734418,-123.451724140,689.258000000,19,0.150000000,0.134000000,0.303000000
00:08:36,220719,50.668734428,-123.451724142,689.260000000,19,0.150000000,0.134000000,0.303000000
00:08:37,220719,50.668734433,-123.451724143,689.262000000,19,0.150000000,0.134000000,0.303000000
00:08:38,220719,50.668734445,-123.451724122,689.261000000,19,0.150000000,0.134000000,0.303000000
00:08:39,220719,50.668734455,-123.451724098,689.263000000,19,0.150000000,0.134000000,0.303000000
00:08:40,220719,50.668734465,-123.451724080,689.265000000,19,0.150000000,0.134000000,0.303000000
00:08:41,220719,50.668734487,-123.451724093,689.274000000,19,0.150000000,0.134000000,0.303000000
00:08:42,220719,50.668734510,-123.451724115,689.282000000,19,0.150000000,0.134000000,0.303000000
00:08:43,220719,50.668734540,-123.451724128,689.292000000,19,0.150000000,0.134000000,0.303000000
00:08:44,220719,50.668734550,-123.451724137,689.296000000,19,0.150000000,0.134000000,0.303000000
00:08:45,220719,50.668734572,-123.451724137,689.300000000,19,0.150000000,0.134000000,0.303000000
00:08:46,220719,50.668734587,-123.451724148,689.299000000,19,0.150000000,0.134000000,0.303000000
00:08:47,220719,50.668734617,-123.451724163,689.304000000,19,0.150000000,0.134000000,0.303000000
00:08:48,220719,50.668734607,-123.451724165,689.306000000,19,0.150000000,0.134000000,0.303000000
00:08:49,220719,50.668734597,-123.451724140,689.303000000,19,0.150000000,0.134000000,0.303000000
00:08:50,220719,50.668734592,-123.451724142,689.304000000,19,0.150000000,0.134000000,0.303000000
00:08:51,220719,50.668734580,-123.451724152,689.301000000,19,0.150000000,0.134000000,0.303000000
00:08:52,220719,50.668734580,-123.451724162,689.301000000,19,0.150000000,0.134000000,0.302000000
00:08:53,220719,50.668734590,-123.451724165,689.304000000,19,0.150000000,0.134000000,0.302000000
00:08:54,220719,50.668734583,-123.451724147,689.302000000,19,0.150000000,0.134000000,0.302000000
00:08:55,220719,50.668734585,-123.451724158,689.302000000,19,0.150000000,0.134000000,0.302000000
00:08:56,220719,50.668734560,-123.451724178,689.301000000,19,0.150000000,0.134000000,0.302000000
00:08:57,220719,50.668734540,-123.451724192,689.301000000,19,0.150000000,0.134000000,0.302000000
00:08:58,220719,50.668734507,-123.451724223,689.298000000,19,0.150000000,0.134000000,0.302000000
00:08:59,220719,50.668734460,-123.451724215,689.289000000,19,0.150000000,0.134000000,0.302000000
00:09:00,220719,50.668734428,-123.451724202,689.282000000,19,0.150000000,0.134000000,0.302000000
00:09:01,220719,50.668734398,-123.451724218,689.276000000,19,0.150000000,0.134000000,0.302000000
00:09:02,220719,50.668734360,-123.451724235,689.272000000,19,0.150000000,0.134000000,0.302000000
00:09:03,220719,50.668734315,-123.451724243,689.263000000,19,0.150000000,0.134000000,0.302000000
00:09:04,220719,50.668734280,-123.451724260,689.262000000,19,0.150000000,0.134000000,0.302000000
00:09:05,220719,50.668734237,-123.451724318,689.260000000,19,0.150000000,0.134000000,0.302000000
00:09:06,220719,50.668734200,-123.451724337,689.259000000,19,0.150000000,0.134000000,0.302000000
00:09:07,220719,50.668734152,-123.451724365,689.258000000,19,0.150000000,0.134000000,0.302000000
00:09:08,220719,50.668734145,-123.451724378,689.257000000,19,0.150000000,0.134000000,0.302000000
00:09:09,220719,50.668734123,-123.451724372,689.252000000,19,0.150000000,0.134000000,0.302000000
00:09:10,220719,50.668734123,-123.451724362,689.248000000,19,0.150000000,0.134000000,0.302000000
00:09:11,220719,50.668734083,-123.451724350,689.243000000,19,0.150000000,0.134000000,0.302000000
00:09:12,220719,50.668734052,-123.451724338,689.241000000,19,0.150000000,0.134000000,0.302000000
00:09:13,220719,50.668734013,-123.451724322,689.235000000,19,0.150000000,0.134000000,0.302000000
00:09:14,220719,50.668733977,-123.451724320,689.228000000,19,0.150000000,0.134000000,0.302000000
00:09:15,220719,50.668733947,-123.451724305,689.220000000,19,0.150000000,0.134000000,0.302000000
00:09:16,220719,50.668733928,-123.451724320,689.218000000,19,0.150000000,0.134000000,0.302000000
00:09:17,220719,50.668733898,-123.451724322,689.215000000,19,0.150000000,0.134000000,0.302000000
00:09:18,220719,50.668733870,-123.451724333,689.214000000,19,0.150000000,0.134000000,0.302000000
00:09:19,220719,50.668733840,-123.451724373,689.210000000,19,0.150000000,0.134000000,0.302000000
00:09:20,220719,50.668733818,-123.451724398,689.210000000,19,0.150000000,0.134000000,0.302000000
00:09:21,220719,50.668733795,-123.451724400,689.211000000,19,0.150000000,0.134000000,0.302000000
00:09:22,220719,50.668733770,-123.451724407,689.208000000,19,0.150000000,0.134000000,0.302000000
00:09:23,220719,50.668733727,-123.451724417,689.206000000,19,0.150000000,0.134000000,0.302000000
00:09:24,220719,50.668733667,-123.451724413,689.194000000,19,0.150000000,0.134000000,0.302000000
00:09:25,220719,50.668733625,-123.451724455,689.190000000,19,0.150000000,0.134000000,0.302000000
00:09:26,220719,50.668733578,-123.451724458,689.184000000,19,0.150000000,0.134000000,0.302000000
00:09:27,220719,50.668733520,-123.451724478,689.176000000,19,0.150000000,0.134000000,0.302000000
00:09:28,220719,50.668733480,-123.451724502,689.176000000,19,0.150000000,0.134000000,0.302000000
00:09:29,220719,50.668733472,-123.451724525,689.174000000,19,0.150000000,0.134000000,0.302000000
00:09:30,220719,50.668733453,-123.451724575,689.173000000,19,0.150000000,0.134000000,0.302000000
00:09:31,220719,50.668733438,-123.451724595,689.175000000,19,0.150000000,0.134000000,0.302000000
00:09:32,220719,50.668733435,-123.451724612,689.179000000,19,0.150000000,0.134000000,0.302000000
00:09:33,220719,50.668733417,-123.451724617,689.182000000,19,0.150000000,0.134000000,0.302000000
00:09:34,220719,50.668733410,-123.451724617,689.180000000,19,0.150000000,0.134000000,0.301000000
00:09:35,220719,50.668733392,-123.451724630,689.181000000,19,0.150000000,0.134000000,0.301000000
00:09:36,220719,50.668733403,-123.451724630,689.177000000,19,0.150000000,0.134000000,0.301000000
00:09:37,220719,50.668733418,-123.451724657,689.177000000,19,0.150000000,0.134000000,0.301000000
00:09:38,220719,50.668733413,-123.451724633,689.171000000,19,0.150000000,0.134000000,0.301000000
00:09:39,220719,50.668733402,-123.451724628,689.163000000,19,0.150000000,0.134000000,0.301000000
00:09:40,220719,50.668733418,-123.451724595,689.161000000,19,0.150000000,0.134000000,0.301000000
00:09:41,220719,50.668733465,-123.451724600,689.166000000,19,0.150000000,0.134000000,0.301000000
00:09:42,220719,50.668733528,-123.451724632,689.173000000,19,0.150000000,0.134000000,0.301000000
00:09:43,220719,50.668733578,-123.451724582,689.176000000,19,0.150000000,0.134000000,0.301000000
00:09:44,220719,50.668733583,-123.451724580,689.186000000,19,0.150000000,0.134000000,0.301000000
00:09:45,220719,50.668733603,-123.451724578,689.190000000,19,0.150000000,0.134000000,0.301000000
00:09:46,220719,50.668733607,-123.451724602,689.194000000,19,0.150000000,0.134000000,0.301000000
23:58:36,210719,50.668732512,-123.451725222,688.985000000,18,0.169000000,0.138000000,0.345000000
23:58:37,210719,50.668732497,-123.451725233,688.987000000,18,0.169000000,0.138000000,0.345000000
23:58:38,210719,50.668732418,-123.451725243,688.990000000,18,0.169000000,0.138000000,0.345000000
23:58:39,210719,50.668732380,-123.451725228,688.986000000,18,0.169000000,0.138000000,0.345000000
23:58:40,210719,50.668732372,-123.451725200,688.986000000,19,0.149000000,0.138000000,0.314000000
23:58:41,210719,50.668732378,-123.451725147,688.993000000,19,0.149000000,0.138000000,0.314000000
23:58:42,210719,50.668732368,-123.451725118,688.996000000,19,0.149000000,0.138000000,0.314000000
23:58:43,210719,50.668732343,-123.451725098,688.999000000,19,0.149000000,0.138000000,0.314000000
23:58:44,210719,50.668732338,-123.451725067,689.002000000,19,0.149000000,0.138000000,0.314000000
23:58:45,210719,50.668732302,-123.451725048,689.000000000,19,0.149000000,0.138000000,0.314000000
23:58:46,210719,50.668732298,-123.451725032,689.002000000,19,0.149000000,0.138000000,0.314000000
23:58:47,210719,50.668732305,-123.451725040,689.012000000,19,0.149000000,0.138000000,0.314000000
23:58:48,210719,50.668732297,-123.451725048,689.015000000,19,0.149000000,0.138000000,0.314000000
23:58:49,210719,50.668732315,-123.451725045,689.019000000,19,0.149000000,0.138000000,0.314000000
23:58:50,210719,50.668732330,-123.451725047,689.025000000,19,0.149000000,0.138000000,0.314000000
23:58:51,210719,50.668732362,-123.451725025,689.026000000,19,0.149000000,0.138000000,0.314000000
23:58:52,210719,50.668732373,-123.451725017,689.029000000,19,0.149000000,0.138000000,0.314000000
23:58:53,210719,50.668732373,-123.451725033,689.031000000,19,0.149000000,0.138000000,0.314000000
23:58:54,210719,50.668732370,-123.451725025,689.030000000,19,0.149000000,0.138000000,0.314000000
23:58:55,210719,50.668732385,-123.451725038,689.032000000,19,0.150000000,0.138000000,0.314000000
23:58:56,210719,50.668732408,-123.451725048,689.035000000,19,0.150000000,0.138000000,0.314000000
23:58:57,210719,50.668732405,-123.451725055,689.036000000,19,0.150000000,0.138000000,0.314000000
23:58:58,210719,50.668732387,-123.451725072,689.036000000,19,0.150000000,0.138000000,0.314000000
23:58:59,210719,50.668732362,-123.451725122,689.034000000,19,0.150000000,0.138000000,0.314000000
23:59:00,210719,50.668732348,-123.451725155,689.035000000,19,0.150000000,0.138000000,0.314000000
23:59:01,210719,50.668732343,-123.451725172,689.033000000,19,0.150000000,0.138000000,0.314000000
23:59:02,210719,50.668732333,-123.451725182,689.034000000,19,0.150000000,0.138000000,0.314000000
23:59:03,210719,50.668732327,-123.451725210,689.033000000,19,0.150000000,0.138000000,0.314000000
23:59:04,210719,50.668732325,-123.451725215,689.031000000,19,0.150000000,0.138000000,0.314000000
23:59:05,210719,50.668732337,-123.451725228,689.031000000,19,0.150000000,0.138000000,0.314000000
23:59:06,210719,50.668732355,-123.451725242,689.031000000,19,0.150000000,0.138000000,0.314000000
23:59:07,210719,50.668732367,-123.451725222,689.027000000,19,0.150000000,0.138000000,0.314000000
23:59:08,210719,50.668732375,-123.451725232,689.024000000,19,0.150000000,0.138000000,0.314000000
23:59:09,210719,50.668732390,-123.451725265,689.026000000,19,0.150000000,0.138000000,0.314000000
23:59:10,210719,50.668732413,-123.451725293,689.032000000,19,0.150000000,0.138000000,0.314000000
23:59:11,210719,50.668732423,-123.451725312,689.031000000,19,0.150000000,0.138000000,0.314000000
23:59:12,210719,50.668732437,-123.451725292,689.023000000,19,0.150000000,0.138000000,0.314000000
23:59:13,210719,50.668732438,-123.451725312,689.021000000,19,0.150000000,0.138000000,0.314000000
23:59:14,210719,50.668732440,-123.451725300,689.017000000,19,0.150000000,0.138000000,0.314000000
23:59:15,210719,50.668732433,-123.451725307,689.014000000,19,0.150000000,0.138000000,0.314000000
23:59:16,210719,50.668732455,-123.451725318,689.013000000,19,0.150000000,0.138000000,0.314000000
23:59:17,210719,50.668732482,-123.451725315,689.011000000,19,0.150000000,0.138000000,0.314000000
23:59:18,210719,50.668732485,-123.451725317,689.009000000,19,0.150000000,0.138000000,0.314000000
23:59:19,210719,50.668732493,-123.451725325,689.009000000,19,0.150000000,0.138000000,0.314000000
23:59:20,210719,50.668732487,-123.451725335,689.003000000,19,0.150000000,0.138000000,0.314000000
23:59:21,210719,50.668732485,-123.451725355,689.003000000,19,0.150000000,0.138000000,0.314000000
23:59:22,210719,50.668732473,-123.451725315,689.009000000,19,0.150000000,0.138000000,0.314000000
23:59:23,210719,50.668732462,-123.451725353,689.000000000,19,0.150000000,0.138000000,0.314000000
23:59:24,210719,50.668732407,-123.451725360,688.996000000,19,0.150000000,0.138000000,0.314000000
23:59:25,210719,50.668732373,-123.451725388,688.995000000,19,0.150000000,0.138000000,0.314000000
23:59:26,210719,50.668732345,-123.451725378,688.991000000,19,0.150000000,0.138000000,0.314000000
23:59:27,210719,50.668732333,-123.451725393,688.990000000,19,0.150000000,0.138000000,0.314000000
23:59:28,210719,50.668732315,-123.451725400,688.988000000,19,0.150000000,0.138000000,0.313000000
23:59:29,210719,50.668732310,-123.451725393,688.985000000,19,0.150000000,0.138000000,0.313000000
23:59:30,210719,50.668732312,-123.451725382,688.978000000,19,0.150000000,0.138000000,0.313000000
23:59:31,210719,50.668732328,-123.451725363,688.978000000,19,0.150000000,0.138000000,0.313000000
23:59:32,210719,50.668732322,-123.451725380,688.979000000,19,0.150000000,0.138000000,0.313000000
23:59:33,210719,50.668732285,-123.451725355,688.975000000,19,0.150000000,0.138000000,0.313000000
23:59:34,210719,50.668732357,-123.451725333,688.979000000,19,0.150000000,0.138000000,0.313000000
23:59:35,210719,50.668732372,-123.451725322,688.987000000,19,0.150000000,0.138000000,0.313000000
23:59:36,210719,50.668732383,-123.451725333,688.974000000,19,0.150000000,0.138000000,0.313000000
23:59:37,210719,50.668732363,-123.451725348,688.969000000,19,0.150000000,0.138000000,0.313000000
23:59:38,210719,50.668732367,-123.451725352,688.961000000,19,0.150000000,0.138000000,0.313000000
23:59:39,210719,50.668732382,-123.451725345,688.959000000,19,0.150000000,0.138000000,0.313000000
23:59:40,210719,50.668732428,-123.451725352,688.963000000,19,0.150000000,0.138000000,0.313000000
23:59:41,210719,50.668732480,-123.451725353,688.965000000,19,0.150000000,0.138000000,0.313000000
23:59:42,210719,50.668732530,-123.451725347,688.970000000,19,0.150000000,0.138000000,0.313000000
23:59:43,210719,50.668732578,-123.451725322,688.977000000,19,0.150000000,0.138000000,0.313000000
23:59:44,210719,50.668732633,-123.451725297,688.986000000,19,0.150000000,0.138000000,0.313000000
23:59:45,210719,50.668732703,-123.451725258,688.999000000,19,0.150000000,0.138000000,0.313000000
23:59:46,210719,50.668732752,-123.451725257,689.014000000,19,0.150000000,0.138000000,0.313000000
23:59:47,210719,50.668732817,-123.451725245,689.027000000,19,0.150000000,0.138000000,0.313000000
23:59:48,210719,50.668732902,-123.451725227,689.039000000,19,0.150000000,0.138000000,0.313000000
23:59:49,210719,50.668732985,-123.451725202,689.060000000,19,0.150000000,0.138000000,0.313000000
23:59:50,210719,50.668733062,-123.451725183,689.078000000,19,0.150000000,0.138000000,0.313000000
23:59:51,210719,50.668733147,-123.451725157,689.094000000,19,0.150000000,0.138000000,0.313000000
23:59:52,210719,50.668733218,-123.451725137,689.109000000,19,0.150000000,0.138000000,0.313000000
23:59:53,210719,50.668733320,-123.451725087,689.128000000,19,0.150000000,0.138000000,0.313000000
23:59:54,210719,50.668733407,-123.451725048,689.148000000,19,0.150000000,0.138000000,0.313000000
23:59:55,210719,50.668733498,-123.451725017,689.163000000,19,0.150000000,0.138000000,0.313000000
23:59:56,210719,50.668733580,-123.451724973,689.178000000,19,0.150000000,0.138000000,0.313000000
23:59:57,210719,50.668733640,-123.451724930,689.190000000,19,0.150000000,0.138000000,0.313000000
23:59:58,210719,50.668733722,-123.451724908,689.208000000,19,0.150000000,0.138000000,0.313000000
23:59:59,210719,50.668733747,-123.451724897,689.215000000,19,0.150000000,0.138000000,0.313000000
