TIME,DATE(ddMMyy),LATITUDEGGA,LONGITUDEGGA,ALTITUDEGGA,NUMBERSAT,LATERR,LONGERR,ALTERR
19:55:56,220719,50.594856177,-123.497167860,1797.139000000,20,0.170000000,0.117000000,0.348000000
19:55:57,220719,50.594856183,-123.497167852,1797.130000000,20,0.170000000,0.117000000,0.349000000
19:55:58,220719,50.594856190,-123.497167863,1797.119000000,20,0.170000000,0.117000000,0.349000000
19:55:59,220719,50.594856167,-123.497167865,1797.115000000,20,0.170000000,0.117000000,0.349000000
19:56:00,220719,50.594856160,-123.497167847,1797.110000000,20,0.170000000,0.117000000,0.349000000
19:56:01,220719,50.594856130,-123.497167810,1797.108000000,20,0.170000000,0.117000000,0.349000000
19:56:02,220719,50.594856123,-123.497167747,1797.108000000,20,0.170000000,0.117000000,0.349000000
19:56:03,220719,50.594856117,-123.497167713,1797.109000000,20,0.170000000,0.117000000,0.349000000
19:56:04,220719,50.594856138,-123.497167692,1797.106000000,20,0.170000000,0.117000000,0.349000000
19:56:05,220719,50.594856150,-123.497167650,1797.117000000,20,0.170000000,0.117000000,0.349000000
19:56:06,220719,50.594856138,-123.497167622,1797.126000000,20,0.170000000,0.117000000,0.349000000
19:56:07,220719,50.594856145,-123.497167585,1797.132000000,20,0.170000000,0.117000000,0.349000000
19:56:08,220719,50.594856153,-123.497167565,1797.135000000,20,0.170000000,0.117000000,0.349000000
19:56:09,220719,50.594856153,-123.497167577,1797.137000000,20,0.170000000,0.117000000,0.349000000
19:56:10,220719,50.594856138,-123.497167565,1797.142000000,20,0.170000000,0.117000000,0.349000000
19:56:11,220719,50.594856112,-123.497167568,1797.139000000,20,0.170000000,0.117000000,0.349000000
19:56:12,220719,50.594856098,-123.497167540,1797.145000000,20,0.170000000,0.117000000,0.349000000
19:56:13,220719,50.594856103,-123.497167563,1797.141000000,20,0.170000000,0.117000000,0.349000000
19:56:14,220719,50.594856082,-123.497167585,1797.136000000,20,0.170000000,0.117000000,0.349000000
19:56:15,220719,50.594856073,-123.497167617,1797.131000000,20,0.170000000,0.117000000,0.349000000
19:56:16,220719,50.594856075,-123.497167678,1797.124000000,20,0.170000000,0.117000000,0.349000000
19:56:17,220719,50.594856070,-123.497167728,1797.122000000,20,0.170000000,0.117000000,0.349000000
19:56:18,220719,50.594856083,-123.497167813,1797.114000000,20,0.170000000,0.117000000,0.349000000
19:56:19,220719,50.594856102,-123.497167870,1797.106000000,20,0.170000000,0.117000000,0.349000000
19:56:20,220719,50.594856122,-123.497167922,1797.096000000,20,0.170000000,0.117000000,0.349000000
19:56:21,220719,50.594856153,-123.497167998,1797.085000000,20,0.170000000,0.117000000,0.349000000
19:56:22,220719,50.594856173,-123.497168050,1797.069000000,20,0.170000000,0.117000000,0.349000000
19:56:23,220719,50.594856170,-123.497168088,1797.059000000,20,0.170000000,0.117000000,0.349000000
19:56:24,220719,50.594856175,-123.497168082,1797.056000000,20,0.170000000,0.117000000,0.349000000
19:56:25,220719,50.594856148,-123.497168057,1797.059000000,20,0.170000000,0.117000000,0.349000000
19:56:26,220719,50.594856133,-123.497168052,1797.058000000,20,0.170000000,0.117000000,0.349000000
19:56:27,220719,50.594856115,-123.497168047,1797.060000000,20,0.170000000,0.117000000,0.349000000
19:56:28,220719,50.594856125,-123.497168043,1797.054000000,20,0.170000000,0.117000000,0.349000000
19:56:29,220719,50.594856140,-123.497168035,1797.055000000,20,0.170000000,0.117000000,0.349000000
19:56:30,220719,50.594856152,-123.497168000,1797.062000000,20,0.169000000,0.117000000,0.349000000
19:56:31,220719,50.594856140,-123.497167965,1797.070000000,20,0.169000000,0.117000000,0.349000000
19:56:32,220719,50.594856115,-123.497167943,1797.075000000,20,0.169000000,0.117000000,0.349000000
19:56:33,220719,50.594856068,-123.497167932,1797.080000000,20,0.169000000,0.117000000,0.349000000
19:56:34,220719,50.594856020,-123.497167907,1797.087000000,20,0.169000000,0.117000000,0.349000000
19:56:35,220719,50.594855985,-123.497167840,1797.100000000,20,0.169000000,0.117000000,0.349000000
19:56:36,220719,50.594855948,-123.497167778,1797.115000000,20,0.169000000,0.117000000,0.349000000
19:56:37,220719,50.594855912,-123.497167740,1797.128000000,20,0.169000000,0.117000000,0.349000000
19:56:38,220719,50.594855890,-123.497167702,1797.135000000,20,0.169000000,0.117000000,0.349000000
19:56:39,220719,50.594855858,-123.497167672,1797.143000000,20,0.169000000,0.117000000,0.349000000
19:56:40,220719,50.594855835,-123.497167662,1797.146000000,20,0.169000000,0.117000000,0.349000000
19:56:41,220719,50.594855820,-123.497167655,1797.151000000,20,0.169000000,0.117000000,0.349000000
19:56:42,220719,50.594855788,-123.497167640,1797.156000000,20,0.169000000,0.117000000,0.349000000
19:56:43,220719,50.594855757,-123.497167642,1797.161000000,20,0.169000000,0.117000000,0.349000000
19:56:44,220719,50.594855735,-123.497167645,1797.164000000,20,0.169000000,0.117000000,0.349000000
19:56:45,220719,50.594855722,-123.497167643,1797.168000000,20,0.169000000,0.117000000,0.349000000
19:56:46,220719,50.594855723,-123.497167603,1797.177000000,20,0.169000000,0.117000000,0.349000000
19:56:47,220719,50.594855713,-123.497167573,1797.182000000,20,0.169000000,0.117000000,0.349000000
19:56:48,220719,50.594855720,-123.497167542,1797.187000000,20,0.169000000,0.117000000,0.349000000
19:56:49,220719,50.594855705,-123.497167540,1797.189000000,20,0.169000000,0.117000000,0.349000000
19:56:50,220719,50.594855687,-123.497167545,1797.191000000,20,0.169000000,0.117000000,0.349000000
19:56:51,220719,50.594855655,-123.497167542,1797.193000000,20,0.169000000,0.117000000,0.349000000
19:56:52,220719,50.594855630,-123.497167518,1797.196000000,20,0.169000000,0.117000000,0.349000000
19:56:53,220719,50.594855605,-123.497167520,1797.200000000,20,0.169000000,0.117000000,0.349000000
19:56:54,220719,50.594855593,-123.497167480,1797.196000000,20,0.169000000,0.117000000,0.349000000
19:56:55,220719,50.594855583,-123.497167482,1797.198000000,20,0.169000000,0.117000000,0.349000000
19:56:56,220719,50.594855568,-123.497167463,1797.199000000,20,0.169000000,0.117000000,0.349000000
19:56:57,220719,50.594855575,-123.497167467,1797.203000000,20,0.169000000,0.117000000,0.349000000
19:56:58,220719,50.594855565,-123.497167480,1797.202000000,20,0.169000000,0.117000000,0.349000000
19:56:59,220719,50.594855555,-123.497167465,1797.198000000,20,0.169000000,0.117000000,0.349000000
19:57:00,220719,50.594855532,-123.497167467,1797.195000000,20,0.169000000,0.117000000,0.349000000
19:57:01,220719,50.594855523,-123.497167450,1797.194000000,20,0.169000000,0.117000000,0.349000000
19:57:02,220719,50.594855512,-123.497167428,1797.192000000,20,0.169000000,0.117000000,0.349000000
19:57:03,220719,50.594855520,-123.497167400,1797.193000000,20,0.169000000,0.117000000,0.349000000
19:57:04,220719,50.594855515,-123.497167375,1797.196000000,20,0.169000000,0.117000000,0.349000000
19:57:05,220719,50.594855530,-123.497167358,1797.196000000,20,0.169000000,0.117000000,0.349000000
19:57:06,220719,50.594855542,-123.497167337,1797.205000000,20,0.169000000,0.117000000,0.349000000
19:57:07,220719,50.594855553,-123.497167323,1797.205000000,20,0.169000000,0.117000000,0.349000000
19:57:08,220719,50.594855568,-123.497167317,1797.209000000,20,0.169000000,0.117000000,0.349000000
19:57:09,220719,50.594855562,-123.497167332,1797.211000000,20,0.169000000,0.117000000,0.349000000
19:57:10,220719,50.594855537,-123.497167328,1797.216000000,20,0.169000000,0.117000000,0.349000000
19:57:11,220719,50.594855528,-123.497167307,1797.210000000,20,0.169000000,0.117000000,0.349000000
19:57:12,220719,50.594855505,-123.497167292,1797.212000000,20,0.169000000,0.117000000,0.349000000
19:57:13,220719,50.594855490,-123.497167267,1797.213000000,20,0.169000000,0.117000000,0.349000000
19:57:14,220719,50.594855488,-123.497167278,1797.210000000,20,0.169000000,0.117000000,0.349000000
19:57:15,220719,50.594855470,-123.497167275,1797.213000000,20,0.169000000,0.117000000,0.350000000
19:57:16,220719,50.594855462,-123.497167272,1797.211000000,20,0.169000000,0.117000000,0.350000000
19:57:17,220719,50.594855482,-123.497167245,1797.213000000,20,0.169000000,0.117000000,0.350000000
19:57:18,220719,50.594855500,-123.497167243,1797.218000000,20,0.169000000,0.117000000,0.350000000
19:57:19,220719,50.594855503,-123.497167243,1797.221000000,20,0.169000000,0.117000000,0.350000000
19:57:20,220719,50.594855530,-123.497167240,1797.225000000,20,0.169000000,0.117000000,0.350000000
19:57:21,220719,50.594855565,-123.497167235,1797.232000000,20,0.169000000,0.117000000,0.350000000
19:57:22,220719,50.594855602,-123.497167235,1797.238000000,20,0.169000000,0.117000000,0.350000000
19:57:23,220719,50.594855632,-123.497167247,1797.244000000,20,0.169000000,0.117000000,0.350000000
19:57:24,220719,50.594855657,-123.497167240,1797.246000000,20,0.169000000,0.117000000,0.350000000
19:57:25,220719,50.594855672,-123.497167228,1797.254000000,20,0.169000000,0.117000000,0.350000000
19:57:26,220719,50.594855702,-123.497167218,1797.262000000,20,0.169000000,0.117000000,0.350000000
19:57:27,220719,50.594855718,-123.497167197,1797.266000000,20,0.169000000,0.117000000,0.350000000
19:57:28,220719,50.594855720,-123.497167193,1797.276000000,20,0.169000000,0.117000000,0.350000000
19:57:29,220719,50.594855732,-123.497167170,1797.271000000,20,0.169000000,0.117000000,0.350000000
19:57:30,220719,50.594855750,-123.497167172,1797.275000000,20,0.169000000,0.117000000,0.350000000
19:57:31,220719,50.594855763,-123.497167190,1797.280000000,20,0.169000000,0.117000000,0.350000000
19:57:32,220719,50.594855757,-123.497167227,1797.278000000,20,0.169000000,0.117000000,0.350000000
19:57:33,220719,50.594855743,-123.497167257,1797.269000000,20,0.169000000,0.117000000,0.350000000
19:57:34,220719,50.594855728,-123.497167252,1797.264000000,20,0.169000000,0.117000000,0.350000000
19:57:35,220719,50.594855710,-123.497167278,1797.265000000,20,0.169000000,0.117000000,0.350000000
19:57:36,220719,50.594855720,-123.497167275,1797.268000000,20,0.169000000,0.117000000,0.350000000
19:57:37,220719,50.594855720,-123.497167290,1797.272000000,20,0.169000000,0.117000000,0.350000000
19:57:38,220719,50.594855730,-123.497167285,1797.277000000,20,0.169000000,0.117000000,0.350000000
19:57:39,220719,50.594855755,-123.497167293,1797.281000000,20,0.169000000,0.117000000,0.350000000
19:57:40,220719,50.594855790,-123.497167282,1797.281000000,20,0.169000000,0.117000000,0.350000000
19:57:41,220719,50.594855817,-123.497167275,1797.289000000,20,0.169000000,0.117000000,0.350000000
19:57:42,220719,50.594855837,-123.497167273,1797.293000000,20,0.169000000,0.117000000,0.350000000
19:57:43,220719,50.594855855,-123.497167288,1797.295000000,20,0.169000000,0.117000000,0.350000000
19:57:44,220719,50.594855883,-123.497167295,1797.303000000,20,0.169000000,0.117000000,0.350000000
19:57:45,220719,50.594855910,-123.497167325,1797.305000000,20,0.169000000,0.117000000,0.350000000
19:57:46,220719,50.594855928,-123.497167327,1797.309000000,20,0.169000000,0.117000000,0.350000000
19:57:47,220719,50.594855933,-123.497167343,1797.312000000,20,0.169000000,0.117000000,0.350000000
19:57:48,220719,50.594855948,-123.497167365,1797.321000000,20,0.169000000,0.117000000,0.350000000
19:57:49,220719,50.594855955,-123.497167392,1797.328000000,20,0.169000000,0.117000000,0.350000000
19:57:50,220719,50.594855962,-123.497167392,1797.333000000,20,0.169000000,0.117000000,0.350000000
19:57:51,220719,50.594855953,-123.497167357,1797.328000000,20,0.169000000,0.117000000,0.350000000
19:57:52,220719,50.594855950,-123.497167413,1797.345000000,20,0.169000000,0.117000000,0.350000000
19:57:53,220719,50.594855953,-123.497167480,1797.347000000,20,0.169000000,0.117000000,0.350000000
19:57:54,220719,50.594855892,-123.497167480,1797.346000000,20,0.169000000,0.117000000,0.350000000
19:57:55,220719,50.594855907,-123.497167452,1797.339000000,20,0.169000000,0.117000000,0.350000000
19:57:56,220719,50.594855883,-123.497167455,1797.335000000,20,0.169000000,0.117000000,0.350000000
19:57:57,220719,50.594855823,-123.497167482,1797.329000000,20,0.169000000,0.117000000,0.350000000
19:57:58,220719,50.594855788,-123.497167507,1797.319000000,20,0.169000000,0.117000000,0.350000000
19:57:59,220719,50.594855788,-123.497167502,1797.318000000,20,0.169000000,0.117000000,0.350000000
19:58:00,220719,50.594855778,-123.497167462,1797.321000000,20,0.169000000,0.117000000,0.350000000
19:58:01,220719,50.594855768,-123.497167445,1797.318000000,20,0.169000000,0.117000000,0.350000000
19:58:02,220719,50.594855757,-123.497167437,1797.316000000,20,0.169000000,0.117000000,0.350000000
19:58:03,220719,50.594855757,-123.497167432,1797.318000000,20,0.169000000,0.117000000,0.350000000
19:58:04,220719,50.594855768,-123.497167422,1797.325000000,20,0.169000000,0.117000000,0.350000000
19:58:05,220719,50.594855772,-123.497167427,1797.330000000,20,0.169000000,0.117000000,0.350000000
19:58:06,220719,50.594855790,-123.497167453,1797.338000000,20,0.169000000,0.117000000,0.350000000
19:58:07,220719,50.594855787,-123.497167447,1797.342000000,20,0.169000000,0.117000000,0.350000000
19:58:08,220719,50.594855758,-123.497167455,1797.346000000,20,0.169000000,0.117000000,0.350000000
19:58:09,220719,50.594855730,-123.497167447,1797.350000000,20,0.169000000,0.117000000,0.350000000
19:58:10,220719,50.594855707,-123.497167443,1797.350000000,20,0.169000000,0.117000000,0.350000000
19:58:11,220719,50.594855698,-123.497167430,1797.353000000,20,0.169000000,0.117000000,0.350000000
19:58:12,220719,50.594855688,-123.497167442,1797.356000000,20,0.169000000,0.117000000,0.350000000
19:58:13,220719,50.594855675,-123.497167432,1797.361000000,20,0.169000000,0.117000000,0.350000000
19:58:14,220719,50.594855653,-123.497167430,1797.363000000,20,0.169000000,0.117000000,0.350000000
19:58:15,220719,50.594855623,-123.497167422,1797.362000000,20,0.169000000,0.117000000,0.350000000
19:58:16,220719,50.594855588,-123.497167432,1797.362000000,20,0.169000000,0.117000000,0.350000000
19:58:17,220719,50.594855575,-123.497167457,1797.358000000,20,0.169000000,0.117000000,0.350000000
19:58:18,220719,50.594855558,-123.497167445,1797.358000000,20,0.169000000,0.117000000,0.350000000
19:58:19,220719,50.594855543,-123.497167457,1797.356000000,20,0.169000000,0.117000000,0.350000000
19:58:20,220719,50.594855540,-123.497167453,1797.356000000,20,0.169000000,0.117000000,0.350000000
19:58:21,220719,50.594855522,-123.497167475,1797.353000000,20,0.169000000,0.117000000,0.350000000
19:58:22,220719,50.594855518,-123.497167463,1797.354000000,20,0.169000000,0.117000000,0.350000000
19:58:23,220719,50.594855525,-123.497167457,1797.356000000,20,0.169000000,0.117000000,0.350000000
19:58:24,220719,50.594855550,-123.497167440,1797.359000000,20,0.169000000,0.117000000,0.350000000
19:58:25,220719,50.594855568,-123.497167443,1797.362000000,20,0.169000000,0.117000000,0.350000000
19:58:26,220719,50.594855592,-123.497167447,1797.368000000,20,0.169000000,0.117000000,0.350000000
19:58:27,220719,50.594855613,-123.497167438,1797.374000000,20,0.169000000,0.117000000,0.350000000
19:58:28,220719,50.594855658,-123.497167428,1797.379000000,20,0.169000000,0.117000000,0.350000000
19:58:29,220719,50.594855667,-123.497167418,1797.387000000,20,0.169000000,0.117000000,0.350000000
19:58:30,220719,50.594855685,-123.497167407,1797.396000000,20,0.169000000,0.117000000,0.350000000
19:58:31,220719,50.594855695,-123.497167403,1797.403000000,20,0.169000000,0.117000000,0.350000000
19:58:32,220719,50.594855683,-123.497167408,1797.407000000,20,0.169000000,0.117000000,0.350000000
19:58:33,220719,50.594855660,-123.497167407,1797.405000000,20,0.169000000,0.117000000,0.350000000
19:58:34,220719,50.594855635,-123.497167410,1797.403000000,20,0.169000000,0.117000000,0.350000000
19:58:35,220719,50.594855608,-123.497167405,1797.403000000,20,0.169000000,0.117000000,0.350000000
19:58:36,220719,50.594855612,-123.497167393,1797.411000000,20,0.169000000,0.117000000,0.350000000
19:58:37,220719,50.594855608,-123.497167393,1797.413000000,20,0.169000000,0.117000000,0.350000000
19:58:38,220719,50.594855598,-123.497167392,1797.417000000,20,0.169000000,0.117000000,0.350000000
19:58:39,220719,50.594855612,-123.497167380,1797.421000000,20,0.169000000,0.117000000,0.350000000
19:58:40,220719,50.594855630,-123.497167387,1797.426000000,20,0.169000000,0.117000000,0.350000000
19:58:41,220719,50.594855647,-123.497167383,1797.434000000,20,0.169000000,0.117000000,0.350000000
19:58:42,220719,50.594855657,-123.497167373,1797.436000000,20,0.169000000,0.117000000,0.350000000
19:58:43,220719,50.594855662,-123.497167385,1797.442000000,20,0.169000000,0.117000000,0.350000000
19:58:44,220719,50.594855667,-123.497167400,1797.445000000,20,0.169000000,0.117000000,0.350000000
19:58:45,220719,50.594855685,-123.497167407,1797.454000000,20,0.169000000,0.117000000,0.350000000
19:58:46,220719,50.594855697,-123.497167420,1797.459000000,20,0.169000000,0.117000000,0.350000000
19:58:47,220719,50.594855688,-123.497167428,1797.465000000,20,0.169000000,0.117000000,0.350000000
19:58:48,220719,50.594855668,-123.497167430,1797.467000000,20,0.169000000,0.117000000,0.350000000
19:58:49,220719,50.594855665,-123.497167430,1797.465000000,20,0.169000000,0.117000000,0.350000000
19:58:50,220719,50.594855660,-123.497167433,1797.472000000,20,0.169000000,0.117000000,0.350000000
19:58:51,220719,50.594855645,-123.497167430,1797.476000000,20,0.169000000,0.117000000,0.350000000
19:58:52,220719,50.594855637,-123.497167437,1797.476000000,20,0.169000000,0.117000000,0.350000000
19:58:53,220719,50.594855625,-123.497167472,1797.480000000,20,0.169000000,0.117000000,0.350000000
19:58:54,220719,50.594855612,-123.497167470,1797.484000000,20,0.169000000,0.117000000,0.350000000
19:58:55,220719,50.594855608,-123.497167483,1797.486000000,20,0.169000000,0.117000000,0.350000000
19:58:56,220719,50.594855588,-123.497167470,1797.483000000,20,0.169000000,0.117000000,0.350000000
19:58:57,220719,50.594855557,-123.497167512,1797.478000000,20,0.169000000,0.117000000,0.350000000
19:58:58,220719,50.594855527,-123.497167592,1797.474000000,20,0.169000000,0.117000000,0.350000000
19:58:59,220719,50.594855492,-123.497167607,1797.468000000,20,0.169000000,0.117000000,0.350000000
19:59:00,220719,50.594855448,-123.497167618,1797.463000000,20,0.169000000,0.117000000,0.350000000
19:59:01,220719,50.594855432,-123.497167608,1797.458000000,20,0.169000000,0.117000000,0.350000000
19:59:02,220719,50.594855398,-123.497167620,1797.456000000,20,0.169000000,0.117000000,0.350000000
19:59:03,220719,50.594855337,-123.497167625,1797.454000000,20,0.169000000,0.117000000,0.351000000
19:59:04,220719,50.594855288,-123.497167642,1797.455000000,20,0.169000000,0.117000000,0.351000000
19:59:05,220719,50.594855272,-123.497167635,1797.454000000,20,0.169000000,0.117000000,0.351000000
19:59:06,220719,50.594855252,-123.497167637,1797.452000000,20,0.169000000,0.117000000,0.351000000
19:59:07,220719,50.594855213,-123.497167658,1797.450000000,20,0.169000000,0.117000000,0.351000000
19:59:08,220719,50.594855178,-123.497167607,1797.433000000,20,0.169000000,0.117000000,0.351000000
19:59:09,220719,50.594855170,-123.497167640,1797.436000000,20,0.169000000,0.117000000,0.351000000
19:59:10,220719,50.594855160,-123.497167635,1797.434000000,20,0.169000000,0.117000000,0.351000000
19:59:11,220719,50.594855135,-123.497167620,1797.438000000,20,0.169000000,0.117000000,0.351000000
19:59:12,220719,50.594855137,-123.497167613,1797.444000000,20,0.169000000,0.117000000,0.351000000
19:59:13,220719,50.594855147,-123.497167590,1797.452000000,20,0.169000000,0.117000000,0.351000000
19:59:14,220719,50.594855148,-123.497167555,1797.449000000,20,0.169000000,0.117000000,0.351000000
19:59:15,220719,50.594855210,-123.497167557,1797.440000000,20,0.169000000,0.117000000,0.351000000
19:59:16,220719,50.594855202,-123.497167560,1797.450000000,20,0.169000000,0.117000000,0.351000000
19:59:17,220719,50.594855228,-123.497167550,1797.456000000,20,0.169000000,0.117000000,0.351000000
19:59:18,220719,50.594855238,-123.497167543,1797.460000000,20,0.169000000,0.117000000,0.351000000
19:59:19,220719,50.594855257,-123.497167533,1797.470000000,20,0.169000000,0.117000000,0.351000000
19:59:20,220719,50.594855263,-123.497167545,1797.472000000,20,0.169000000,0.117000000,0.351000000
19:59:21,220719,50.594855265,-123.497167548,1797.476000000,20,0.169000000,0.117000000,0.351000000
19:59:22,220719,50.594855245,-123.497167557,1797.478000000,20,0.169000000,0.117000000,0.351000000
19:59:23,220719,50.594855245,-123.497167553,1797.482000000,20,0.169000000,0.117000000,0.351000000
19:59:24,220719,50.594855222,-123.497167542,1797.484000000,20,0.169000000,0.117000000,0.351000000
19:59:25,220719,50.594855213,-123.497167535,1797.482000000,20,0.169000000,0.117000000,0.351000000
19:59:26,220719,50.594855200,-123.497167548,1797.486000000,20,0.169000000,0.117000000,0.351000000
19:59:27,220719,50.594855185,-123.497167553,1797.490000000,20,0.169000000,0.117000000,0.351000000
19:59:28,220719,50.594855168,-123.497167565,1797.500000000,20,0.169000000,0.117000000,0.351000000
19:59:29,220719,50.594855150,-123.497167562,1797.501000000,20,0.169000000,0.117000000,0.351000000
19:59:30,220719,50.594855138,-123.497167548,1797.505000000,20,0.169000000,0.117000000,0.351000000
19:59:31,220719,50.594855118,-123.497167575,1797.509000000,20,0.169000000,0.117000000,0.351000000
19:59:32,220719,50.594855110,-123.497167572,1797.512000000,20,0.169000000,0.117000000,0.351000000
19:59:33,220719,50.594855113,-123.497167572,1797.514000000,20,0.169000000,0.117000000,0.351000000
19:59:34,220719,50.594855133,-123.497167523,1797.518000000,20,0.169000000,0.117000000,0.351000000
19:59:35,220719,50.594855135,-123.497167525,1797.526000000,20,0.169000000,0.117000000,0.351000000
19:59:36,220719,50.594855130,-123.497167540,1797.527000000,20,0.169000000,0.117000000,0.351000000
19:59:37,220719,50.594855138,-123.497167582,1797.534000000,20,0.169000000,0.117000000,0.351000000
19:59:38,220719,50.594855155,-123.497167585,1797.546000000,20,0.169000000,0.117000000,0.351000000
19:59:39,220719,50.594855188,-123.497167588,1797.561000000,20,0.169000000,0.117000000,0.351000000
19:59:40,220719,50.594855218,-123.497167573,1797.569000000,20,0.169000000,0.117000000,0.351000000
19:59:41,220719,50.594855242,-123.497167578,1797.577000000,20,0.169000000,0.117000000,0.351000000
19:59:42,220719,50.594855253,-123.497167577,1797.583000000,20,0.169000000,0.117000000,0.351000000
19:59:43,220719,50.594855250,-123.497167575,1797.586000000,20,0.169000000,0.117000000,0.351000000
19:59:44,220719,50.594855245,-123.497167555,1797.583000000,20,0.169000000,0.117000000,0.351000000
19:59:45,220719,50.594855238,-123.497167558,1797.584000000,20,0.169000000,0.117000000,0.351000000
19:59:46,220719,50.594855230,-123.497167587,1797.580000000,20,0.169000000,0.117000000,0.351000000
19:59:47,220719,50.594855225,-123.497167607,1797.574000000,20,0.169000000,0.117000000,0.351000000
19:59:48,220719,50.594855228,-123.497167580,1797.567000000,20,0.169000000,0.117000000,0.351000000
19:59:49,220719,50.594855235,-123.497167577,1797.562000000,20,0.169000000,0.117000000,0.351000000
19:59:50,220719,50.594855233,-123.497167585,1797.562000000,20,0.169000000,0.117000000,0.351000000
19:59:51,220719,50.594855242,-123.497167602,1797.562000000,20,0.169000000,0.117000000,0.351000000
19:59:52,220719,50.594855233,-123.497167595,1797.560000000,20,0.169000000,0.117000000,0.351000000
19:59:53,220719,50.594855233,-123.497167617,1797.570000000,20,0.169000000,0.117000000,0.351000000
19:59:54,220719,50.594855245,-123.497167625,1797.577000000,20,0.169000000,0.117000000,0.351000000
19:59:55,220719,50.594855255,-123.497167638,1797.583000000,20,0.169000000,0.117000000,0.351000000
19:59:56,220719,50.594855257,-123.497167643,1797.586000000,20,0.169000000,0.117000000,0.351000000
19:59:57,220719,50.594855260,-123.497167640,1797.587000000,20,0.169000000,0.117000000,0.351000000
19:59:58,220719,50.594855258,-123.497167647,1797.587000000,20,0.169000000,0.117000000,0.351000000
19:59:59,220719,50.594855265,-123.497167642,1797.586000000,20,0.169000000,0.117000000,0.351000000
20:00:00,220719,50.594855257,-123.497167658,1797.582000000,20,0.169000000,0.117000000,0.351000000
20:00:01,220719,50.594855237,-123.497167678,1797.585000000,20,0.169000000,0.117000000,0.351000000
20:00:02,220719,50.594855207,-123.497167693,1797.582000000,20,0.169000000,0.117000000,0.351000000
20:00:03,220719,50.594855187,-123.497167692,1797.583000000,20,0.169000000,0.117000000,0.351000000
20:00:04,220719,50.594855155,-123.497167708,1797.578000000,20,0.169000000,0.117000000,0.351000000
20:00:05,220719,50.594855142,-123.497167717,1797.579000000,20,0.169000000,0.117000000,0.351000000
20:00:06,220719,50.594855132,-123.497167733,1797.579000000,20,0.169000000,0.117000000,0.351000000
20:00:07,220719,50.594855097,-123.497167732,1797.577000000,20,0.169000000,0.117000000,0.351000000
20:00:08,220719,50.594855070,-123.497167750,1797.570000000,20,0.169000000,0.117000000,0.351000000
20:00:09,220719,50.594855055,-123.497167753,1797.565000000,20,0.169000000,0.117000000,0.351000000
20:00:10,220719,50.594855027,-123.497167797,1797.558000000,20,0.169000000,0.117000000,0.351000000
20:00:11,220719,50.594855002,-123.497167820,1797.551000000,20,0.169000000,0.117000000,0.351000000
20:00:12,220719,50.594854998,-123.497167830,1797.545000000,20,0.169000000,0.117000000,0.351000000
20:00:13,220719,50.594854970,-123.497167847,1797.546000000,20,0.169000000,0.117000000,0.351000000
20:00:14,220719,50.594854928,-123.497167853,1797.543000000,20,0.169000000,0.117000000,0.351000000
20:00:15,220719,50.594854888,-123.497167857,1797.541000000,20,0.169000000,0.117000000,0.351000000
20:00:16,220719,50.594854855,-123.497167842,1797.534000000,20,0.169000000,0.117000000,0.351000000
20:00:17,220719,50.594854838,-123.497167833,1797.531000000,20,0.169000000,0.117000000,0.351000000
20:00:18,220719,50.594854817,-123.497167832,1797.529000000,20,0.169000000,0.117000000,0.351000000
20:00:19,220719,50.594854785,-123.497167828,1797.526000000,20,0.169000000,0.117000000,0.351000000
20:00:20,220719,50.594854773,-123.497167827,1797.530000000,20,0.169000000,0.117000000,0.351000000
20:00:21,220719,50.594854793,-123.497167823,1797.532000000,20,0.169000000,0.117000000,0.351000000
20:00:22,220719,50.594854833,-123.497167808,1797.532000000,20,0.169000000,0.117000000,0.351000000
20:00:23,220719,50.594854840,-123.497167827,1797.535000000,20,0.169000000,0.117000000,0.351000000
20:00:24,220719,50.594854847,-123.497167827,1797.535000000,20,0.169000000,0.117000000,0.351000000
20:00:25,220719,50.594854850,-123.497167833,1797.539000000,20,0.169000000,0.117000000,0.351000000
20:00:26,220719,50.594854838,-123.497167845,1797.535000000,20,0.169000000,0.117000000,0.351000000
20:00:27,220719,50.594854835,-123.497167853,1797.522000000,20,0.169000000,0.117000000,0.351000000
20:00:28,220719,50.594854823,-123.497167852,1797.516000000,20,0.169000000,0.117000000,0.351000000
20:00:29,220719,50.594854803,-123.497167867,1797.518000000,20,0.169000000,0.117000000,0.351000000
20:00:30,220719,50.594854805,-123.497167880,1797.519000000,20,0.169000000,0.117000000,0.351000000
20:00:31,220719,50.594854798,-123.497167877,1797.520000000,20,0.169000000,0.117000000,0.351000000
20:00:32,220719,50.594854800,-123.497167875,1797.523000000,20,0.169000000,0.117000000,0.351000000
20:00:33,220719,50.594854792,-123.497167890,1797.520000000,20,0.169000000,0.117000000,0.351000000
20:00:34,220719,50.594854782,-123.497167900,1797.520000000,20,0.169000000,0.117000000,0.351000000
20:00:35,220719,50.594854777,-123.497167910,1797.522000000,20,0.169000000,0.117000000,0.351000000
20:00:36,220719,50.594854775,-123.497167930,1797.528000000,20,0.169000000,0.117000000,0.351000000
20:00:37,220719,50.594854768,-123.497167923,1797.528000000,20,0.169000000,0.117000000,0.351000000
20:00:38,220719,50.594854750,-123.497167928,1797.516000000,20,0.169000000,0.117000000,0.351000000
20:00:39,220719,50.594854758,-123.497167912,1797.516000000,20,0.169000000,0.117000000,0.351000000
20:00:40,220719,50.594854752,-123.497167890,1797.506000000,20,0.169000000,0.117000000,0.351000000
20:00:41,220719,50.594854752,-123.497167857,1797.500000000,20,0.169000000,0.117000000,0.351000000
20:00:42,220719,50.594854715,-123.497167848,1797.500000000,20,0.169000000,0.117000000,0.351000000
20:00:43,220719,50.594854702,-123.497167815,1797.499000000,20,0.169000000,0.117000000,0.351000000
20:00:44,220719,50.594854695,-123.497167785,1797.495000000,20,0.169000000,0.117000000,0.351000000
20:00:45,220719,50.594854682,-123.497167757,1797.492000000,20,0.169000000,0.117000000,0.351000000
20:00:46,220719,50.594854658,-123.497167740,1797.487000000,20,0.169000000,0.117000000,0.351000000
20:00:47,220719,50.594854663,-123.497167702,1797.488000000,20,0.169000000,0.117000000,0.351000000
20:00:48,220719,50.594854643,-123.497167682,1797.487000000,20,0.169000000,0.117000000,0.351000000
20:00:49,220719,50.594854615,-123.497167643,1797.486000000,20,0.169000000,0.117000000,0.351000000
20:00:50,220719,50.594854622,-123.497167562,1797.480000000,20,0.169000000,0.117000000,0.351000000
20:00:51,220719,50.594854627,-123.497167555,1797.481000000,20,0.169000000,0.117000000,0.351000000
20:00:52,220719,50.594854627,-123.497167532,1797.480000000,20,0.169000000,0.117000000,0.351000000
20:00:53,220719,50.594854632,-123.497167487,1797.480000000,20,0.169000000,0.117000000,0.351000000
20:00:54,220719,50.594854625,-123.497167457,1797.479000000,20,0.169000000,0.117000000,0.351000000
20:00:55,220719,50.594854627,-123.497167395,1797.480000000,20,0.169000000,0.117000000,0.351000000
20:00:56,220719,50.594854663,-123.497167433,1797.496000000,20,0.169000000,0.117000000,0.351000000
20:00:57,220719,50.594854673,-123.497167378,1797.508000000,20,0.169000000,0.117000000,0.351000000
20:00:58,220719,50.594854672,-123.497167340,1797.509000000,20,0.169000000,0.117000000,0.351000000
20:00:59,220719,50.594854670,-123.497167327,1797.516000000,20,0.169000000,0.117000000,0.351000000
20:01:00,220719,50.594854707,-123.497167317,1797.523000000,20,0.169000000,0.117000000,0.351000000
20:01:01,220719,50.594854728,-123.497167317,1797.529000000,20,0.169000000,0.117000000,0.351000000
20:01:02,220719,50.594854725,-123.497167290,1797.540000000,20,0.169000000,0.117000000,0.351000000
20:01:03,220719,50.594854727,-123.497167252,1797.539000000,20,0.169000000,0.117000000,0.351000000
20:01:04,220719,50.594854720,-123.497167250,1797.543000000,20,0.169000000,0.117000000,0.351000000
20:01:05,220719,50.594854730,-123.497167228,1797.542000000,20,0.169000000,0.117000000,0.351000000
20:01:06,220719,50.594854730,-123.497167208,1797.548000000,20,0.169000000,0.117000000,0.351000000
20:01:07,220719,50.594854727,-123.497167210,1797.548000000,20,0.169000000,0.117000000,0.351000000
20:01:08,220719,50.594854733,-123.497167192,1797.549000000,20,0.169000000,0.117000000,0.351000000
20:01:09,220719,50.594854752,-123.497167197,1797.551000000,20,0.169000000,0.117000000,0.351000000
20:01:10,220719,50.594854772,-123.497167197,1797.549000000,20,0.169000000,0.117000000,0.351000000
20:01:11,220719,50.594854767,-123.497167195,1797.552000000,20,0.169000000,0.117000000,0.351000000
20:01:12,220719,50.594854770,-123.497167168,1797.551000000,20,0.169000000,0.117000000,0.351000000
20:01:13,220719,50.594854773,-123.497167153,1797.549000000,20,0.169000000,0.117000000,0.351000000
20:01:14,220719,50.594854787,-123.497167150,1797.554000000,20,0.169000000,0.117000000,0.351000000
20:01:15,220719,50.594854798,-123.497167143,1797.556000000,20,0.169000000,0.117000000,0.351000000
20:01:16,220719,50.594854812,-123.497167132,1797.555000000,20,0.169000000,0.117000000,0.351000000
20:01:17,220719,50.594854828,-123.497167123,1797.557000000,20,0.169000000,0.117000000,0.351000000
20:01:18,220719,50.594854857,-123.497167105,1797.561000000,20,0.169000000,0.117000000,0.351000000
20:01:19,220719,50.594854862,-123.497167083,1797.561000000,20,0.169000000,0.117000000,0.351000000
20:01:20,220719,50.594854862,-123.497167082,1797.556000000,20,0.169000000,0.117000000,0.351000000
20:01:21,220719,50.594854870,-123.497167083,1797.553000000,20,0.169000000,0.117000000,0.351000000
20:01:22,220719,50.594854872,-123.497167065,1797.546000000,20,0.169000000,0.117000000,0.351000000
20:01:23,220719,50.594854857,-123.497167077,1797.546000000,20,0.169000000,0.117000000,0.351000000
20:01:24,220719,50.594854875,-123.497167085,1797.542000000,20,0.169000000,0.117000000,0.351000000
20:01:25,220719,50.594854935,-123.497167137,1797.541000000,20,0.169000000,0.117000000,0.351000000
20:01:26,220719,50.594854925,-123.497167158,1797.542000000,20,0.169000000,0.117000000,0.351000000
20:01:27,220719,50.594854963,-123.497167113,1797.537000000,20,0.168000000,0.117000000,0.351000000
20:01:28,220719,50.594854963,-123.497167105,1797.531000000,20,0.168000000,0.117000000,0.351000000
20:01:29,220719,50.594854947,-123.497167113,1797.536000000,20,0.168000000,0.117000000,0.351000000
20:01:30,220719,50.594854982,-123.497167043,1797.520000000,20,0.168000000,0.117000000,0.351000000
20:01:31,220719,50.594854990,-123.497167047,1797.524000000,20,0.168000000,0.117000000,0.351000000
20:01:32,220719,50.594855018,-123.497167105,1797.525000000,20,0.168000000,0.117000000,0.351000000
20:01:33,220719,50.594854978,-123.497167178,1797.540000000,20,0.168000000,0.117000000,0.351000000
20:01:34,220719,50.594854945,-123.497167253,1797.542000000,20,0.168000000,0.117000000,0.351000000
20:01:35,220719,50.594854898,-123.497167258,1797.549000000,20,0.168000000,0.117000000,0.351000000
20:01:36,220719,50.594854893,-123.497167300,1797.548000000,20,0.168000000,0.117000000,0.351000000
20:01:37,220719,50.594854903,-123.497167302,1797.542000000,20,0.168000000,0.117000000,0.351000000
20:01:38,220719,50.594854918,-123.497167307,1797.541000000,20,0.168000000,0.117000000,0.351000000
20:01:39,220719,50.594854933,-123.497167317,1797.539000000,20,0.168000000,0.117000000,0.351000000
20:01:40,220719,50.594854963,-123.497167333,1797.541000000,20,0.168000000,0.117000000,0.351000000
20:01:41,220719,50.594854960,-123.497167360,1797.540000000,20,0.168000000,0.117000000,0.351000000
20:01:42,220719,50.594855013,-123.497167347,1797.546000000,20,0.168000000,0.117000000,0.351000000
20:01:43,220719,50.594855055,-123.497167317,1797.547000000,20,0.168000000,0.117000000,0.351000000
20:01:44,220719,50.594855062,-123.497167308,1797.543000000,20,0.168000000,0.117000000,0.351000000
20:01:45,220719,50.594855035,-123.497167367,1797.534000000,20,0.168000000,0.117000000,0.351000000
20:01:46,220719,50.594855013,-123.497167370,1797.529000000,20,0.168000000,0.117000000,0.351000000
20:01:47,220719,50.594855010,-123.497167370,1797.516000000,20,0.168000000,0.117000000,0.351000000
20:01:48,220719,50.594854978,-123.497167380,1797.515000000,20,0.168000000,0.117000000,0.351000000
20:01:49,220719,50.594854962,-123.497167420,1797.510000000,20,0.168000000,0.117000000,0.351000000
20:01:50,220719,50.594854952,-123.497167435,1797.513000000,20,0.168000000,0.117000000,0.351000000
20:01:51,220719,50.594854938,-123.497167448,1797.515000000,20,0.168000000,0.117000000,0.351000000
20:01:52,220719,50.594854938,-123.497167453,1797.523000000,20,0.168000000,0.117000000,0.351000000
20:01:53,220719,50.594854943,-123.497167445,1797.529000000,20,0.168000000,0.117000000,0.351000000
20:01:54,220719,50.594854980,-123.497167443,1797.529000000,20,0.168000000,0.117000000,0.351000000
20:01:55,220719,50.594854993,-123.497167445,1797.530000000,20,0.168000000,0.117000000,0.351000000
20:01:56,220719,50.594855010,-123.497167465,1797.542000000,20,0.168000000,0.117000000,0.351000000
20:01:57,220719,50.594855025,-123.497167482,1797.551000000,20,0.168000000,0.117000000,0.351000000
20:01:58,220719,50.594855040,-123.497167472,1797.562000000,20,0.168000000,0.117000000,0.351000000
20:01:59,220719,50.594855043,-123.497167482,1797.566000000,20,0.168000000,0.117000000,0.351000000
20:02:00,220719,50.594855018,-123.497167500,1797.569000000,20,0.168000000,0.117000000,0.351000000
20:02:01,220719,50.594855007,-123.497167513,1797.572000000,20,0.168000000,0.117000000,0.351000000
20:02:02,220719,50.594854993,-123.497167525,1797.575000000,20,0.168000000,0.117000000,0.351000000
20:02:03,220719,50.594854997,-123.497167512,1797.578000000,20,0.168000000,0.117000000,0.351000000
20:02:04,220719,50.594854998,-123.497167522,1797.583000000,20,0.168000000,0.117000000,0.351000000
20:02:05,220719,50.594855002,-123.497167533,1797.592000000,20,0.168000000,0.117000000,0.351000000
20:02:06,220719,50.594854992,-123.497167543,1797.595000000,20,0.168000000,0.117000000,0.351000000
20:02:07,220719,50.594854992,-123.497167543,1797.597000000,20,0.168000000,0.117000000,0.351000000
20:02:08,220719,50.594854977,-123.497167547,1797.607000000,20,0.168000000,0.117000000,0.351000000
20:02:09,220719,50.594854957,-123.497167518,1797.609000000,20,0.168000000,0.117000000,0.351000000
20:02:10,220719,50.594854930,-123.497167520,1797.599000000,20,0.168000000,0.117000000,0.351000000
20:02:11,220719,50.594854993,-123.497167548,1797.587000000,20,0.168000000,0.117000000,0.351000000
20:02:12,220719,50.594854950,-123.497167535,1797.589000000,20,0.168000000,0.117000000,0.351000000
20:02:13,220719,50.594854935,-123.497167538,1797.595000000,20,0.168000000,0.117000000,0.351000000
20:02:14,220719,50.594854925,-123.497167542,1797.608000000,20,0.168000000,0.117000000,0.351000000
20:02:15,220719,50.594854930,-123.497167520,1797.619000000,20,0.168000000,0.116000000,0.351000000
20:02:16,220719,50.594854937,-123.497167502,1797.623000000,20,0.168000000,0.116000000,0.351000000
20:02:17,220719,50.594854915,-123.497167475,1797.622000000,20,0.168000000,0.116000000,0.351000000
20:02:18,220719,50.594855008,-123.497167413,1797.619000000,20,0.168000000,0.116000000,0.351000000
20:02:19,220719,50.594855043,-123.497167423,1797.625000000,20,0.168000000,0.116000000,0.351000000
20:02:20,220719,50.594855093,-123.497167442,1797.629000000,20,0.168000000,0.116000000,0.351000000
20:02:21,220719,50.594855115,-123.497167437,1797.632000000,20,0.168000000,0.116000000,0.351000000
20:02:22,220719,50.594855130,-123.497167425,1797.635000000,20,0.168000000,0.116000000,0.351000000
20:02:23,220719,50.594855150,-123.497167403,1797.639000000,20,0.168000000,0.116000000,0.351000000
20:02:24,220719,50.594855157,-123.497167372,1797.641000000,20,0.168000000,0.116000000,0.351000000
20:02:25,220719,50.594855157,-123.497167342,1797.640000000,20,0.168000000,0.116000000,0.351000000
20:02:26,220719,50.594855173,-123.497167302,1797.639000000,20,0.168000000,0.116000000,0.351000000
20:02:27,220719,50.594855168,-123.497167285,1797.633000000,20,0.168000000,0.116000000,0.351000000
20:02:28,220719,50.594855148,-123.497167303,1797.632000000,20,0.168000000,0.116000000,0.351000000
20:02:29,220719,50.594855150,-123.497167260,1797.615000000,20,0.168000000,0.116000000,0.351000000
20:02:30,220719,50.594855128,-123.497167215,1797.611000000,20,0.168000000,0.116000000,0.351000000
20:02:31,220719,50.594855088,-123.497167185,1797.600000000,20,0.168000000,0.116000000,0.351000000
20:02:32,220719,50.594855042,-123.497167148,1797.596000000,20,0.168000000,0.116000000,0.351000000
20:02:33,220719,50.594855027,-123.497167108,1797.588000000,20,0.168000000,0.116000000,0.351000000
20:02:34,220719,50.594855027,-123.497167072,1797.576000000,20,0.168000000,0.116000000,0.351000000
20:02:35,220719,50.594855008,-123.497167042,1797.571000000,20,0.168000000,0.116000000,0.351000000
20:02:36,220719,50.594854988,-123.497167023,1797.568000000,20,0.168000000,0.116000000,0.351000000
20:02:37,220719,50.594854982,-123.497166998,1797.560000000,20,0.168000000,0.116000000,0.351000000
20:02:38,220719,50.594854957,-123.497166995,1797.558000000,20,0.168000000,0.116000000,0.351000000
20:02:39,220719,50.594854922,-123.497167012,1797.561000000,20,0.168000000,0.116000000,0.351000000
20:02:40,220719,50.594854935,-123.497166997,1797.564000000,20,0.168000000,0.116000000,0.351000000
20:02:41,220719,50.594854935,-123.497167077,1797.589000000,20,0.168000000,0.116000000,0.351000000
20:02:42,220719,50.594854897,-123.497167162,1797.603000000,20,0.168000000,0.116000000,0.351000000
20:02:43,220719,50.594854870,-123.497167202,1797.625000000,20,0.168000000,0.116000000,0.351000000
20:02:44,220719,50.594854838,-123.497167260,1797.641000000,20,0.168000000,0.116000000,0.351000000
20:02:45,220719,50.594854828,-123.497167333,1797.662000000,20,0.168000000,0.116000000,0.351000000
20:02:46,220719,50.594854783,-123.497167398,1797.679000000,20,0.168000000,0.116000000,0.351000000
20:02:47,220719,50.594854757,-123.497167435,1797.690000000,20,0.168000000,0.116000000,0.351000000
20:02:48,220719,50.594854708,-123.497167480,1797.704000000,20,0.168000000,0.116000000,0.351000000
20:02:49,220719,50.594854695,-123.497167532,1797.715000000,20,0.168000000,0.116000000,0.351000000
20:02:50,220719,50.594854663,-123.497167573,1797.732000000,20,0.168000000,0.116000000,0.351000000
20:02:51,220719,50.594854620,-123.497167605,1797.744000000,20,0.168000000,0.116000000,0.351000000
20:02:52,220719,50.594854595,-123.497167647,1797.752000000,20,0.168000000,0.116000000,0.351000000
20:02:53,220719,50.594854575,-123.497167698,1797.758000000,20,0.168000000,0.116000000,0.351000000
20:02:54,220719,50.594854567,-123.497167723,1797.763000000,20,0.168000000,0.116000000,0.351000000
20:02:55,220719,50.594854563,-123.497167712,1797.770000000,20,0.168000000,0.116000000,0.351000000
20:02:56,220719,50.594854560,-123.497167712,1797.774000000,20,0.168000000,0.116000000,0.351000000
20:02:57,220719,50.594854548,-123.497167707,1797.773000000,20,0.168000000,0.116000000,0.351000000
20:02:58,220719,50.594854533,-123.497167727,1797.764000000,20,0.168000000,0.116000000,0.351000000
20:02:59,220719,50.594854525,-123.497167743,1797.768000000,20,0.168000000,0.116000000,0.351000000
20:03:00,220719,50.594854535,-123.497167725,1797.777000000,20,0.168000000,0.116000000,0.351000000
20:03:01,220719,50.594854520,-123.497167730,1797.782000000,20,0.168000000,0.116000000,0.351000000
20:03:02,220719,50.594854537,-123.497167758,1797.780000000,20,0.168000000,0.116000000,0.351000000
20:03:03,220719,50.594854567,-123.497167785,1797.771000000,20,0.168000000,0.116000000,0.351000000
20:03:04,220719,50.594854585,-123.497167825,1797.773000000,20,0.168000000,0.116000000,0.351000000
20:03:05,220719,50.594854592,-123.497167860,1797.771000000,20,0.168000000,0.116000000,0.351000000
20:03:06,220719,50.594854603,-123.497167875,1797.767000000,20,0.168000000,0.116000000,0.351000000
20:03:07,220719,50.594854610,-123.497167882,1797.762000000,20,0.168000000,0.116000000,0.351000000
20:03:08,220719,50.594854602,-123.497167925,1797.753000000,20,0.168000000,0.116000000,0.351000000
20:03:09,220719,50.594854565,-123.497167962,1797.742000000,20,0.168000000,0.116000000,0.351000000
20:03:10,220719,50.594854542,-123.497167995,1797.729000000,20,0.168000000,0.116000000,0.351000000
20:03:11,220719,50.594854498,-123.497167985,1797.716000000,20,0.168000000,0.116000000,0.351000000
20:03:12,220719,50.594854433,-123.497167980,1797.702000000,20,0.168000000,0.116000000,0.351000000
20:03:13,220719,50.594854397,-123.497167985,1797.699000000,20,0.168000000,0.116000000,0.351000000
20:03:14,220719,50.594854372,-123.497167985,1797.692000000,20,0.168000000,0.116000000,0.351000000
20:03:15,220719,50.594854373,-123.497168000,1797.691000000,20,0.168000000,0.116000000,0.351000000
20:03:16,220719,50.594854368,-123.497168008,1797.691000000,20,0.168000000,0.116000000,0.351000000
20:03:17,220719,50.594854348,-123.497168005,1797.693000000,20,0.168000000,0.116000000,0.351000000
20:03:18,220719,50.594854320,-123.497167993,1797.693000000,20,0.168000000,0.116000000,0.351000000
20:03:19,220719,50.594854333,-123.497167980,1797.694000000,20,0.168000000,0.116000000,0.351000000
20:03:20,220719,50.594854338,-123.497167922,1797.690000000,20,0.168000000,0.116000000,0.351000000
20:03:21,220719,50.594854353,-123.497167908,1797.684000000,20,0.168000000,0.116000000,0.351000000
20:03:22,220719,50.594854345,-123.497167903,1797.682000000,20,0.168000000,0.116000000,0.351000000
20:03:23,220719,50.594854340,-123.497167912,1797.685000000,20,0.168000000,0.116000000,0.351000000
20:03:24,220719,50.594854322,-123.497167882,1797.684000000,20,0.168000000,0.116000000,0.351000000
20:03:25,220719,50.594854337,-123.497167855,1797.674000000,20,0.168000000,0.116000000,0.351000000
20:03:26,220719,50.594854358,-123.497167800,1797.667000000,20,0.168000000,0.116000000,0.351000000
20:03:27,220719,50.594854352,-123.497167717,1797.674000000,20,0.168000000,0.116000000,0.351000000
20:03:28,220719,50.594854337,-123.497167667,1797.681000000,20,0.168000000,0.116000000,0.351000000
20:03:29,220719,50.594854297,-123.497167635,1797.685000000,20,0.168000000,0.116000000,0.351000000
20:03:30,220719,50.594854273,-123.497167590,1797.688000000,20,0.168000000,0.116000000,0.351000000
20:03:31,220719,50.594854255,-123.497167543,1797.694000000,20,0.168000000,0.116000000,0.351000000
20:03:32,220719,50.594854230,-123.497167493,1797.698000000,20,0.168000000,0.116000000,0.351000000
20:03:33,220719,50.594854198,-123.497167457,1797.687000000,20,0.168000000,0.116000000,0.351000000
20:03:34,220719,50.594854145,-123.497167450,1797.684000000,20,0.168000000,0.116000000,0.351000000
20:03:35,220719,50.594854112,-123.497167462,1797.679000000,20,0.168000000,0.116000000,0.351000000
20:03:36,220719,50.594854092,-123.497167463,1797.677000000,20,0.168000000,0.116000000,0.351000000
20:03:37,220719,50.594854065,-123.497167460,1797.677000000,20,0.168000000,0.116000000,0.351000000
20:03:38,220719,50.594854073,-123.497167457,1797.677000000,20,0.168000000,0.116000000,0.351000000
20:03:39,220719,50.594854102,-123.497167453,1797.682000000,20,0.168000000,0.116000000,0.351000000
20:03:40,220719,50.594854115,-123.497167447,1797.688000000,20,0.168000000,0.116000000,0.351000000
20:03:41,220719,50.594854137,-123.497167440,1797.694000000,20,0.168000000,0.116000000,0.351000000
20:03:42,220719,50.594854118,-123.497167432,1797.703000000,20,0.168000000,0.116000000,0.351000000
20:03:43,220719,50.594854192,-123.497167470,1797.705000000,20,0.168000000,0.116000000,0.351000000
20:03:44,220719,50.594854200,-123.497167520,1797.711000000,20,0.168000000,0.116000000,0.351000000
20:03:45,220719,50.594854203,-123.497167588,1797.706000000,20,0.168000000,0.116000000,0.351000000
20:03:46,220719,50.594854212,-123.497167650,1797.698000000,20,0.168000000,0.116000000,0.351000000
20:03:47,220719,50.594854228,-123.497167715,1797.692000000,20,0.168000000,0.116000000,0.351000000
20:03:48,220719,50.594854225,-123.497167697,1797.693000000,20,0.168000000,0.116000000,0.351000000
20:03:49,220719,50.594854230,-123.497167727,1797.683000000,20,0.168000000,0.116000000,0.351000000
20:03:50,220719,50.594854233,-123.497167750,1797.678000000,20,0.168000000,0.116000000,0.351000000
20:03:51,220719,50.594854253,-123.497167760,1797.675000000,20,0.168000000,0.116000000,0.351000000
20:03:52,220719,50.594854303,-123.497167778,1797.674000000,20,0.168000000,0.116000000,0.351000000
20:03:53,220719,50.594854348,-123.497167817,1797.679000000,20,0.168000000,0.116000000,0.351000000
20:03:54,220719,50.594854373,-123.497167850,1797.681000000,20,0.168000000,0.116000000,0.350000000
20:03:55,220719,50.594854402,-123.497167908,1797.673000000,20,0.168000000,0.116000000,0.350000000
20:03:56,220719,50.594854413,-123.497167953,1797.667000000,20,0.168000000,0.116000000,0.350000000
20:03:57,220719,50.594854392,-123.497167967,1797.660000000,20,0.168000000,0.116000000,0.350000000
20:03:58,220719,50.594854400,-123.497167965,1797.660000000,20,0.168000000,0.116000000,0.350000000
20:03:59,220719,50.594854390,-123.497167993,1797.649000000,20,0.168000000,0.116000000,0.350000000
20:04:00,220719,50.594854377,-123.497168012,1797.649000000,20,0.168000000,0.116000000,0.350000000
20:04:01,220719,50.594854368,-123.497167992,1797.642000000,20,0.168000000,0.116000000,0.350000000
20:04:02,220719,50.594854317,-123.497168075,1797.633000000,20,0.168000000,0.116000000,0.350000000
20:04:03,220719,50.594854418,-123.497168062,1797.601000000,20,0.168000000,0.116000000,0.350000000
20:04:04,220719,50.594854438,-123.497168018,1797.587000000,20,0.168000000,0.116000000,0.350000000
20:04:05,220719,50.594854410,-123.497168027,1797.586000000,20,0.168000000,0.116000000,0.350000000
20:04:06,220719,50.594854467,-123.497168013,1797.573000000,20,0.168000000,0.116000000,0.350000000
20:04:07,220719,50.594854467,-123.497168095,1797.574000000,20,0.168000000,0.116000000,0.350000000
20:04:08,220719,50.594854490,-123.497168088,1797.571000000,20,0.168000000,0.116000000,0.350000000
20:04:09,220719,50.594854478,-123.497168098,1797.575000000,20,0.168000000,0.116000000,0.350000000
20:04:10,220719,50.594854485,-123.497168115,1797.578000000,20,0.168000000,0.116000000,0.350000000
20:04:11,220719,50.594854500,-123.497168103,1797.574000000,20,0.168000000,0.116000000,0.350000000
20:04:12,220719,50.594854490,-123.497168100,1797.580000000,20,0.168000000,0.116000000,0.350000000
20:04:13,220719,50.594854502,-123.497168090,1797.584000000,20,0.168000000,0.116000000,0.350000000
20:04:14,220719,50.594854507,-123.497168038,1797.589000000,20,0.168000000,0.116000000,0.350000000
20:04:15,220719,50.594854508,-123.497168023,1797.593000000,20,0.168000000,0.116000000,0.350000000
20:04:16,220719,50.594854500,-123.497168013,1797.593000000,20,0.168000000,0.116000000,0.350000000
20:04:17,220719,50.594854522,-123.497167993,1797.596000000,20,0.168000000,0.116000000,0.350000000
20:04:18,220719,50.594854515,-123.497167990,1797.598000000,20,0.168000000,0.116000000,0.350000000
20:04:19,220719,50.594854505,-123.497167968,1797.600000000,20,0.168000000,0.116000000,0.350000000
20:04:20,220719,50.594854492,-123.497167960,1797.595000000,20,0.168000000,0.116000000,0.350000000
20:04:21,220719,50.594854492,-123.497167947,1797.588000000,20,0.168000000,0.116000000,0.350000000
20:04:22,220719,50.594854488,-123.497167917,1797.587000000,20,0.168000000,0.116000000,0.350000000
20:04:23,220719,50.594854495,-123.497167895,1797.590000000,20,0.168000000,0.116000000,0.350000000
20:04:24,220719,50.594854478,-123.497167885,1797.588000000,20,0.168000000,0.116000000,0.350000000
20:04:25,220719,50.594854483,-123.497167875,1797.582000000,20,0.168000000,0.116000000,0.350000000
20:04:26,220719,50.594854465,-123.497167887,1797.580000000,20,0.168000000,0.116000000,0.350000000
20:04:27,220719,50.594854470,-123.497167865,1797.582000000,20,0.168000000,0.116000000,0.350000000
20:04:28,220719,50.594854428,-123.497167903,1797.580000000,20,0.168000000,0.116000000,0.350000000
20:04:29,220719,50.594854493,-123.497167857,1797.566000000,20,0.168000000,0.116000000,0.350000000
20:04:30,220719,50.594854490,-123.497167837,1797.564000000,20,0.168000000,0.116000000,0.350000000
20:04:31,220719,50.594854473,-123.497167842,1797.567000000,20,0.168000000,0.116000000,0.350000000
20:04:32,220719,50.594854463,-123.497167833,1797.564000000,20,0.168000000,0.116000000,0.350000000
20:04:33,220719,50.594854428,-123.497167827,1797.557000000,20,0.168000000,0.116000000,0.350000000
20:04:34,220719,50.594854403,-123.497167807,1797.548000000,20,0.168000000,0.116000000,0.350000000
20:04:35,220719,50.594854378,-123.497167793,1797.546000000,20,0.168000000,0.116000000,0.350000000
20:04:36,220719,50.594854352,-123.497167765,1797.537000000,20,0.168000000,0.116000000,0.350000000
20:04:37,220719,50.594854327,-123.497167770,1797.525000000,20,0.168000000,0.116000000,0.350000000
20:04:38,220719,50.594854307,-123.497167738,1797.517000000,20,0.168000000,0.116000000,0.350000000
20:04:39,220719,50.594854327,-123.497167710,1797.509000000,20,0.168000000,0.116000000,0.350000000
20:04:40,220719,50.594854328,-123.497167692,1797.508000000,20,0.168000000,0.116000000,0.350000000
20:04:41,220719,50.594854337,-123.497167658,1797.504000000,20,0.168000000,0.116000000,0.350000000
20:04:42,220719,50.594854342,-123.497167625,1797.498000000,20,0.168000000,0.116000000,0.350000000
20:04:43,220719,50.594854333,-123.497167612,1797.492000000,20,0.168000000,0.116000000,0.350000000
20:04:44,220719,50.594854342,-123.497167585,1797.486000000,20,0.168000000,0.116000000,0.350000000
20:04:45,220719,50.594854355,-123.497167542,1797.479000000,20,0.168000000,0.116000000,0.350000000
20:04:46,220719,50.594854355,-123.497167527,1797.471000000,20,0.168000000,0.116000000,0.350000000
20:04:47,220719,50.594854358,-123.497167510,1797.462000000,20,0.168000000,0.116000000,0.350000000
20:04:48,220719,50.594854368,-123.497167528,1797.449000000,20,0.168000000,0.116000000,0.350000000
20:04:49,220719,50.594854390,-123.497167527,1797.435000000,20,0.168000000,0.116000000,0.350000000
20:04:50,220719,50.594854418,-123.497167530,1797.432000000,20,0.168000000,0.116000000,0.350000000
20:04:51,220719,50.594854445,-123.497167533,1797.430000000,20,0.168000000,0.116000000,0.350000000
20:04:52,220719,50.594854475,-123.497167527,1797.426000000,20,0.168000000,0.116000000,0.350000000
20:04:53,220719,50.594854487,-123.497167498,1797.424000000,20,0.168000000,0.116000000,0.350000000
20:04:54,220719,50.594854555,-123.497167462,1797.422000000,20,0.168000000,0.116000000,0.350000000
20:04:55,220719,50.594854543,-123.497167460,1797.423000000,20,0.168000000,0.116000000,0.350000000
20:04:56,220719,50.594854598,-123.497167403,1797.415000000,20,0.168000000,0.116000000,0.350000000
20:04:57,220719,50.594854565,-123.497167402,1797.412000000,20,0.168000000,0.116000000,0.350000000
20:04:58,220719,50.594854528,-123.497167380,1797.409000000,20,0.168000000,0.116000000,0.350000000
20:04:59,220719,50.594854423,-123.497167383,1797.415000000,20,0.168000000,0.116000000,0.350000000
20:05:00,220719,50.594854488,-123.497167352,1797.409000000,20,0.168000000,0.116000000,0.350000000
20:05:01,220719,50.594854478,-123.497167425,1797.400000000,20,0.168000000,0.116000000,0.350000000
20:05:02,220719,50.594854477,-123.497167448,1797.399000000,20,0.168000000,0.116000000,0.350000000
20:05:03,220719,50.594854490,-123.497167483,1797.399000000,20,0.168000000,0.116000000,0.350000000
20:05:04,220719,50.594854515,-123.497167532,1797.392000000,20,0.168000000,0.116000000,0.350000000
20:05:05,220719,50.594854542,-123.497167520,1797.386000000,20,0.168000000,0.116000000,0.350000000
20:05:06,220719,50.594854563,-123.497167513,1797.388000000,20,0.168000000,0.116000000,0.350000000
20:05:07,220719,50.594854583,-123.497167537,1797.392000000,20,0.168000000,0.116000000,0.350000000
20:05:08,220719,50.594854600,-123.497167513,1797.393000000,20,0.168000000,0.116000000,0.350000000
20:05:09,220719,50.594854592,-123.497167492,1797.394000000,20,0.168000000,0.116000000,0.350000000
20:05:10,220719,50.594854585,-123.497167470,1797.396000000,20,0.168000000,0.116000000,0.350000000
20:05:11,220719,50.594854580,-123.497167478,1797.393000000,20,0.168000000,0.116000000,0.350000000
20:05:12,220719,50.594854572,-123.497167465,1797.394000000,20,0.168000000,0.116000000,0.350000000
20:05:13,220719,50.594854573,-123.497167467,1797.391000000,20,0.168000000,0.116000000,0.350000000
20:05:14,220719,50.594854588,-123.497167443,1797.394000000,20,0.168000000,0.116000000,0.350000000
20:05:15,220719,50.594854597,-123.497167427,1797.403000000,20,0.168000000,0.116000000,0.350000000
20:05:16,220719,50.594854595,-123.497167415,1797.403000000,20,0.168000000,0.116000000,0.350000000
20:05:17,220719,50.594854620,-123.497167365,1797.411000000,20,0.168000000,0.116000000,0.350000000
20:05:18,220719,50.594854627,-123.497167347,1797.414000000,20,0.168000000,0.116000000,0.350000000
20:05:19,220719,50.594854638,-123.497167325,1797.422000000,20,0.168000000,0.116000000,0.350000000
20:05:20,220719,50.594854630,-123.497167317,1797.423000000,20,0.168000000,0.116000000,0.350000000
20:05:21,220719,50.594854607,-123.497167320,1797.423000000,20,0.168000000,0.116000000,0.350000000
20:05:22,220719,50.594854573,-123.497167312,1797.420000000,20,0.168000000,0.116000000,0.350000000
20:05:23,220719,50.594854542,-123.497167313,1797.418000000,20,0.168000000,0.116000000,0.350000000
20:05:24,220719,50.594854510,-123.497167333,1797.415000000,20,0.168000000,0.116000000,0.350000000
20:05:25,220719,50.594854485,-123.497167335,1797.417000000,20,0.168000000,0.116000000,0.350000000
20:05:26,220719,50.594854460,-123.497167350,1797.419000000,20,0.168000000,0.116000000,0.350000000
20:05:27,220719,50.594854448,-123.497167353,1797.424000000,20,0.168000000,0.116000000,0.350000000
20:05:28,220719,50.594854407,-123.497167332,1797.427000000,20,0.168000000,0.116000000,0.350000000
20:05:29,220719,50.594854400,-123.497167305,1797.430000000,20,0.168000000,0.116000000,0.350000000
20:05:30,220719,50.594854383,-123.497167268,1797.439000000,20,0.168000000,0.116000000,0.350000000
20:05:31,220719,50.594854378,-123.497167223,1797.447000000,20,0.168000000,0.116000000,0.350000000
20:05:32,220719,50.594854375,-123.497167192,1797.453000000,20,0.168000000,0.116000000,0.350000000
20:05:33,220719,50.594854388,-123.497167157,1797.457000000,20,0.168000000,0.116000000,0.350000000
20:05:34,220719,50.594854390,-123.497167128,1797.463000000,20,0.168000000,0.116000000,0.350000000
20:05:35,220719,50.594854395,-123.497167115,1797.465000000,20,0.168000000,0.116000000,0.350000000
20:05:36,220719,50.594854383,-123.497167080,1797.471000000,20,0.168000000,0.116000000,0.350000000
20:05:37,220719,50.594854392,-123.497167073,1797.478000000,20,0.168000000,0.116000000,0.350000000
20:05:38,220719,50.594854400,-123.497167052,1797.471000000,20,0.168000000,0.116000000,0.350000000
20:05:39,220719,50.594854408,-123.497167038,1797.464000000,20,0.168000000,0.116000000,0.350000000
20:05:40,220719,50.594854380,-123.497167033,1797.464000000,20,0.168000000,0.116000000,0.350000000
20:05:41,220719,50.594854403,-123.497167085,1797.458000000,20,0.168000000,0.116000000,0.350000000
20:05:42,220719,50.594854422,-123.497167093,1797.451000000,20,0.168000000,0.116000000,0.350000000
20:05:43,220719,50.594854423,-123.497167133,1797.456000000,20,0.168000000,0.116000000,0.350000000
20:05:44,220719,50.594854418,-123.497167163,1797.450000000,20,0.168000000,0.116000000,0.350000000
20:05:45,220719,50.594854423,-123.497167160,1797.446000000,20,0.168000000,0.116000000,0.350000000
20:05:46,220719,50.594854400,-123.497167200,1797.434000000,20,0.168000000,0.116000000,0.350000000
20:05:47,220719,50.594854375,-123.497167218,1797.423000000,20,0.168000000,0.116000000,0.350000000
20:05:48,220719,50.594854358,-123.497167210,1797.422000000,20,0.168000000,0.116000000,0.349000000
20:05:49,220719,50.594854358,-123.497167165,1797.416000000,20,0.168000000,0.116000000,0.349000000
20:05:50,220719,50.594854372,-123.497167122,1797.399000000,20,0.168000000,0.116000000,0.349000000
20:05:51,220719,50.594854393,-123.497167082,1797.386000000,20,0.168000000,0.116000000,0.349000000
20:05:52,220719,50.594854437,-123.497167050,1797.376000000,20,0.168000000,0.116000000,0.349000000
20:05:53,220719,50.594854458,-123.497167040,1797.371000000,20,0.168000000,0.116000000,0.349000000
20:05:54,220719,50.594854497,-123.497167052,1797.364000000,20,0.168000000,0.116000000,0.349000000
20:05:55,220719,50.594854542,-123.497167020,1797.351000000,20,0.168000000,0.116000000,0.349000000
20:05:56,220719,50.594854627,-123.497166945,1797.316000000,20,0.168000000,0.116000000,0.349000000
20:05:57,220719,50.594854677,-123.497166913,1797.300000000,20,0.167000000,0.116000000,0.349000000
20:05:58,220719,50.594854705,-123.497166903,1797.290000000,20,0.167000000,0.116000000,0.349000000
20:05:59,220719,50.594854735,-123.497166918,1797.283000000,20,0.167000000,0.116000000,0.349000000
20:06:00,220719,50.594854715,-123.497166942,1797.289000000,20,0.167000000,0.116000000,0.349000000
20:06:01,220719,50.594854680,-123.497166980,1797.294000000,20,0.167000000,0.116000000,0.349000000
20:06:02,220719,50.594854632,-123.497167043,1797.300000000,20,0.167000000,0.116000000,0.349000000
20:06:03,220719,50.594854570,-123.497167068,1797.301000000,20,0.167000000,0.116000000,0.349000000
20:06:04,220719,50.594854547,-123.497167100,1797.296000000,20,0.167000000,0.116000000,0.349000000
20:06:05,220719,50.594854537,-123.497167140,1797.297000000,20,0.167000000,0.116000000,0.349000000
20:06:06,220719,50.594854510,-123.497167132,1797.299000000,20,0.167000000,0.116000000,0.349000000
20:06:07,220719,50.594854483,-123.497167145,1797.299000000,20,0.167000000,0.116000000,0.349000000
20:06:08,220719,50.594854512,-123.497167118,1797.286000000,20,0.167000000,0.116000000,0.349000000
20:06:09,220719,50.594854553,-123.497167030,1797.273000000,20,0.167000000,0.116000000,0.349000000
20:06:10,220719,50.594854542,-123.497167008,1797.266000000,20,0.167000000,0.116000000,0.349000000
20:06:11,220719,50.594854512,-123.497167022,1797.268000000,20,0.167000000,0.116000000,0.349000000
20:06:12,220719,50.594854472,-123.497167057,1797.272000000,20,0.167000000,0.116000000,0.349000000
20:06:13,220719,50.594854463,-123.497167028,1797.285000000,20,0.167000000,0.116000000,0.349000000
20:06:14,220719,50.594854460,-123.497167003,1797.279000000,20,0.167000000,0.116000000,0.349000000
20:06:15,220719,50.594854467,-123.497166985,1797.274000000,20,0.167000000,0.116000000,0.349000000
20:06:16,220719,50.594854450,-123.497166943,1797.265000000,20,0.167000000,0.116000000,0.349000000
20:06:17,220719,50.594854483,-123.497166890,1797.257000000,20,0.167000000,0.116000000,0.349000000
20:06:18,220719,50.594854513,-123.497166848,1797.246000000,20,0.167000000,0.116000000,0.349000000
20:06:19,220719,50.594854523,-123.497166792,1797.245000000,20,0.167000000,0.116000000,0.349000000
20:06:20,220719,50.594854522,-123.497166700,1797.248000000,20,0.167000000,0.116000000,0.349000000
20:06:21,220719,50.594854510,-123.497166663,1797.248000000,20,0.167000000,0.116000000,0.349000000
20:06:22,220719,50.594854487,-123.497166607,1797.258000000,20,0.167000000,0.116000000,0.349000000
20:06:23,220719,50.594854490,-123.497166570,1797.264000000,20,0.167000000,0.116000000,0.349000000
20:06:24,220719,50.594854468,-123.497166528,1797.264000000,20,0.167000000,0.116000000,0.349000000
20:06:25,220719,50.594854450,-123.497166492,1797.272000000,20,0.167000000,0.116000000,0.349000000
20:06:26,220719,50.594854418,-123.497166427,1797.281000000,20,0.167000000,0.116000000,0.349000000
20:06:27,220719,50.594854380,-123.497166357,1797.286000000,20,0.167000000,0.116000000,0.349000000
20:06:28,220719,50.594854345,-123.497166300,1797.291000000,20,0.167000000,0.116000000,0.349000000
20:06:29,220719,50.594854322,-123.497166232,1797.302000000,20,0.167000000,0.116000000,0.349000000
20:06:30,220719,50.594854243,-123.497166268,1797.317000000,20,0.167000000,0.116000000,0.349000000
20:06:31,220719,50.594854193,-123.497166280,1797.338000000,20,0.167000000,0.116000000,0.349000000
20:06:32,220719,50.594854160,-123.497166253,1797.344000000,20,0.167000000,0.116000000,0.349000000
20:06:33,220719,50.594854165,-123.497166252,1797.339000000,20,0.167000000,0.116000000,0.349000000
20:06:34,220719,50.594854160,-123.497166235,1797.339000000,20,0.167000000,0.116000000,0.349000000
20:06:35,220719,50.594854173,-123.497166217,1797.335000000,20,0.167000000,0.116000000,0.349000000
20:06:36,220719,50.594854167,-123.497166205,1797.332000000,20,0.167000000,0.116000000,0.349000000
20:06:37,220719,50.594854157,-123.497166198,1797.332000000,20,0.167000000,0.116000000,0.349000000
20:06:38,220719,50.594854148,-123.497166198,1797.330000000,20,0.167000000,0.116000000,0.349000000
20:06:39,220719,50.594854128,-123.497166210,1797.328000000,20,0.167000000,0.116000000,0.349000000
20:06:40,220719,50.594854083,-123.497166213,1797.329000000,20,0.167000000,0.116000000,0.349000000
20:06:41,220719,50.594854065,-123.497166210,1797.332000000,20,0.167000000,0.116000000,0.349000000
20:06:42,220719,50.594854052,-123.497166228,1797.336000000,20,0.167000000,0.116000000,0.349000000
20:06:43,220719,50.594854037,-123.497166223,1797.340000000,20,0.167000000,0.116000000,0.349000000
20:06:44,220719,50.594854015,-123.497166258,1797.336000000,20,0.167000000,0.116000000,0.349000000
20:06:45,220719,50.594854008,-123.497166270,1797.336000000,20,0.167000000,0.116000000,0.349000000
20:06:46,220719,50.594853967,-123.497166278,1797.350000000,20,0.167000000,0.116000000,0.349000000
20:06:47,220719,50.594853982,-123.497166315,1797.360000000,20,0.167000000,0.116000000,0.349000000
20:06:48,220719,50.594853993,-123.497166323,1797.368000000,20,0.167000000,0.116000000,0.349000000
20:06:49,220719,50.594853945,-123.497166362,1797.373000000,20,0.167000000,0.116000000,0.349000000
20:06:50,220719,50.594853930,-123.497166375,1797.370000000,20,0.167000000,0.116000000,0.349000000
20:06:51,220719,50.594853917,-123.497166375,1797.368000000,20,0.167000000,0.116000000,0.349000000
20:06:52,220719,50.594853930,-123.497166368,1797.369000000,20,0.167000000,0.116000000,0.349000000
20:06:53,220719,50.594853957,-123.497166340,1797.371000000,20,0.167000000,0.116000000,0.349000000
20:06:54,220719,50.594853968,-123.497166357,1797.364000000,20,0.167000000,0.116000000,0.349000000
20:06:55,220719,50.594854002,-123.497166390,1797.356000000,20,0.167000000,0.116000000,0.349000000
20:06:56,220719,50.594854027,-123.497166423,1797.344000000,20,0.167000000,0.116000000,0.349000000
20:06:57,220719,50.594854043,-123.497166440,1797.345000000,20,0.167000000,0.116000000,0.349000000
20:06:58,220719,50.594854048,-123.497166457,1797.342000000,20,0.167000000,0.116000000,0.349000000
20:06:59,220719,50.594854048,-123.497166478,1797.339000000,20,0.167000000,0.116000000,0.349000000
20:07:00,220719,50.594854053,-123.497166488,1797.339000000,20,0.167000000,0.116000000,0.349000000
20:07:01,220719,50.594854092,-123.497166505,1797.340000000,20,0.167000000,0.116000000,0.349000000
20:07:02,220719,50.594854102,-123.497166560,1797.337000000,20,0.167000000,0.116000000,0.349000000
20:07:03,220719,50.594854088,-123.497166487,1797.342000000,20,0.167000000,0.116000000,0.349000000
20:07:04,220719,50.594854112,-123.497166442,1797.341000000,20,0.167000000,0.116000000,0.349000000
20:07:05,220719,50.594854103,-123.497166395,1797.328000000,20,0.167000000,0.116000000,0.349000000
20:07:06,220719,50.594854113,-123.497166412,1797.336000000,20,0.167000000,0.116000000,0.348000000
20:07:07,220719,50.594854133,-123.497166350,1797.331000000,20,0.167000000,0.116000000,0.348000000
20:07:08,220719,50.594854143,-123.497166268,1797.330000000,20,0.167000000,0.116000000,0.348000000
20:07:09,220719,50.594854145,-123.497166220,1797.327000000,20,0.167000000,0.116000000,0.348000000
20:07:10,220719,50.594854153,-123.497166187,1797.328000000,20,0.167000000,0.116000000,0.348000000
20:07:11,220719,50.594854148,-123.497166162,1797.328000000,20,0.167000000,0.116000000,0.348000000
20:07:12,220719,50.594854147,-123.497166173,1797.326000000,20,0.167000000,0.116000000,0.348000000
20:07:13,220719,50.594854155,-123.497166150,1797.328000000,20,0.167000000,0.116000000,0.348000000
20:07:14,220719,50.594854150,-123.497166120,1797.328000000,20,0.167000000,0.116000000,0.348000000
20:07:15,220719,50.594854137,-123.497166082,1797.333000000,20,0.167000000,0.116000000,0.348000000
20:07:16,220719,50.594854108,-123.497166075,1797.327000000,20,0.167000000,0.116000000,0.348000000
20:07:17,220719,50.594854112,-123.497166047,1797.323000000,20,0.167000000,0.116000000,0.348000000
20:07:18,220719,50.594854118,-123.497166032,1797.327000000,20,0.167000000,0.116000000,0.348000000
20:07:19,220719,50.594854060,-123.497166007,1797.339000000,20,0.167000000,0.116000000,0.348000000
20:07:20,220719,50.594854067,-123.497166040,1797.352000000,20,0.167000000,0.116000000,0.348000000
20:07:21,220719,50.594854120,-123.497166047,1797.355000000,20,0.167000000,0.116000000,0.348000000
20:07:22,220719,50.594854190,-123.497165983,1797.339000000,20,0.167000000,0.116000000,0.348000000
20:07:23,220719,50.594854238,-123.497165945,1797.335000000,20,0.167000000,0.116000000,0.348000000
20:07:24,220719,50.594854252,-123.497165945,1797.340000000,20,0.167000000,0.116000000,0.348000000
20:07:25,220719,50.594854265,-123.497165947,1797.339000000,20,0.167000000,0.116000000,0.348000000
20:07:26,220719,50.594854273,-123.497165957,1797.344000000,20,0.167000000,0.116000000,0.348000000
20:07:27,220719,50.594854292,-123.497165907,1797.341000000,20,0.167000000,0.116000000,0.348000000
20:07:28,220719,50.594854277,-123.497165872,1797.340000000,20,0.167000000,0.116000000,0.348000000
20:07:29,220719,50.594854278,-123.497165860,1797.332000000,20,0.167000000,0.116000000,0.348000000
20:07:30,220719,50.594854297,-123.497165855,1797.331000000,20,0.167000000,0.116000000,0.348000000
20:07:31,220719,50.594854298,-123.497165808,1797.326000000,20,0.167000000,0.116000000,0.348000000
20:07:32,220719,50.594854302,-123.497165792,1797.318000000,20,0.167000000,0.116000000,0.348000000
20:07:33,220719,50.594854313,-123.497165757,1797.315000000,20,0.167000000,0.116000000,0.348000000
20:07:34,220719,50.594854307,-123.497165757,1797.306000000,20,0.167000000,0.116000000,0.348000000
20:07:35,220719,50.594854303,-123.497165768,1797.299000000,20,0.167000000,0.116000000,0.348000000
20:07:36,220719,50.594854303,-123.497165767,1797.296000000,20,0.167000000,0.116000000,0.348000000
20:07:37,220719,50.594854305,-123.497165770,1797.289000000,20,0.167000000,0.116000000,0.348000000
20:07:38,220719,50.594854313,-123.497165773,1797.293000000,20,0.167000000,0.116000000,0.348000000
20:07:39,220719,50.594854303,-123.497165782,1797.294000000,20,0.167000000,0.116000000,0.348000000
20:07:40,220719,50.594854292,-123.497165818,1797.299000000,20,0.167000000,0.116000000,0.348000000
20:07:41,220719,50.594854285,-123.497165848,1797.297000000,20,0.167000000,0.116000000,0.348000000
20:07:42,220719,50.594854263,-123.497165887,1797.298000000,20,0.167000000,0.116000000,0.348000000
20:07:43,220719,50.594854252,-123.497165893,1797.296000000,20,0.167000000,0.116000000,0.348000000
20:07:44,220719,50.594854248,-123.497165913,1797.300000000,20,0.167000000,0.116000000,0.348000000
20:07:45,220719,50.594854237,-123.497165940,1797.304000000,20,0.167000000,0.116000000,0.348000000
20:07:46,220719,50.594854257,-123.497165943,1797.307000000,20,0.167000000,0.116000000,0.348000000
20:07:47,220719,50.594854275,-123.497165973,1797.310000000,20,0.167000000,0.116000000,0.348000000
20:07:48,220719,50.594854278,-123.497166003,1797.318000000,20,0.167000000,0.116000000,0.348000000
20:07:49,220719,50.594854290,-123.497166020,1797.321000000,20,0.167000000,0.116000000,0.348000000
20:07:50,220719,50.594854288,-123.497166037,1797.328000000,20,0.167000000,0.116000000,0.348000000
20:07:51,220719,50.594854277,-123.497166050,1797.335000000,20,0.167000000,0.116000000,0.348000000
20:07:52,220719,50.594854280,-123.497166058,1797.337000000,20,0.167000000,0.116000000,0.348000000
20:07:53,220719,50.594854258,-123.497166070,1797.335000000,20,0.167000000,0.116000000,0.348000000
20:07:54,220719,50.594854265,-123.497166087,1797.335000000,20,0.167000000,0.116000000,0.348000000
20:07:55,220719,50.594854250,-123.497166088,1797.332000000,20,0.167000000,0.116000000,0.348000000
20:07:56,220719,50.594854247,-123.497166092,1797.335000000,20,0.167000000,0.116000000,0.348000000
20:07:57,220719,50.594854235,-123.497166100,1797.337000000,20,0.167000000,0.116000000,0.348000000
20:07:58,220719,50.594854233,-123.497166122,1797.335000000,20,0.167000000,0.116000000,0.348000000
20:07:59,220719,50.594854217,-123.497166125,1797.338000000,20,0.167000000,0.116000000,0.348000000
20:08:00,220719,50.594854235,-123.497166100,1797.332000000,20,0.167000000,0.116000000,0.348000000
20:08:01,220719,50.594854243,-123.497166103,1797.334000000,20,0.167000000,0.116000000,0.348000000
20:08:02,220719,50.594854235,-123.497166097,1797.339000000,20,0.167000000,0.116000000,0.348000000
20:08:03,220719,50.594854237,-123.497166093,1797.338000000,20,0.167000000,0.116000000,0.348000000
20:08:04,220719,50.594854227,-123.497166095,1797.335000000,20,0.167000000,0.116000000,0.348000000
20:08:05,220719,50.594854213,-123.497166095,1797.333000000,20,0.167000000,0.116000000,0.348000000
20:08:06,220719,50.594854217,-123.497166093,1797.331000000,20,0.167000000,0.116000000,0.348000000
20:08:07,220719,50.594854213,-123.497166100,1797.331000000,20,0.167000000,0.116000000,0.348000000
20:08:08,220719,50.594854207,-123.497166143,1797.332000000,20,0.167000000,0.116000000,0.348000000
20:08:09,220719,50.594854178,-123.497166148,1797.328000000,20,0.167000000,0.116000000,0.347000000
20:08:10,220719,50.594854165,-123.497166137,1797.326000000,20,0.167000000,0.116000000,0.347000000
20:08:11,220719,50.594854163,-123.497166143,1797.325000000,20,0.167000000,0.116000000,0.347000000
20:08:12,220719,50.594854140,-123.497166148,1797.331000000,20,0.167000000,0.116000000,0.347000000
20:08:13,220719,50.594854147,-123.497166137,1797.333000000,20,0.167000000,0.116000000,0.347000000
20:08:14,220719,50.594854122,-123.497166150,1797.332000000,20,0.167000000,0.116000000,0.347000000
20:08:15,220719,50.594854117,-123.497166163,1797.340000000,20,0.167000000,0.116000000,0.347000000
20:08:16,220719,50.594854102,-123.497166170,1797.342000000,20,0.167000000,0.116000000,0.347000000
20:08:17,220719,50.594854090,-123.497166152,1797.343000000,20,0.167000000,0.116000000,0.347000000
20:08:18,220719,50.594854098,-123.497166112,1797.341000000,20,0.167000000,0.116000000,0.347000000
20:08:19,220719,50.594854107,-123.497166092,1797.340000000,20,0.167000000,0.116000000,0.347000000
20:08:20,220719,50.594854112,-123.497166087,1797.346000000,20,0.167000000,0.116000000,0.347000000
20:08:21,220719,50.594854125,-123.497166063,1797.348000000,20,0.167000000,0.116000000,0.347000000
20:08:22,220719,50.594854130,-123.497166052,1797.352000000,20,0.167000000,0.116000000,0.347000000
20:08:23,220719,50.594854143,-123.497166060,1797.354000000,20,0.167000000,0.116000000,0.347000000
20:08:24,220719,50.594854162,-123.497166055,1797.354000000,20,0.167000000,0.116000000,0.347000000
20:08:25,220719,50.594854175,-123.497166050,1797.355000000,20,0.167000000,0.116000000,0.347000000
20:08:26,220719,50.594854195,-123.497166047,1797.360000000,20,0.167000000,0.116000000,0.347000000
20:08:27,220719,50.594854200,-123.497166030,1797.361000000,20,0.167000000,0.116000000,0.347000000
20:08:28,220719,50.594854217,-123.497165992,1797.364000000,20,0.167000000,0.116000000,0.347000000
20:08:29,220719,50.594854198,-123.497165987,1797.369000000,20,0.167000000,0.116000000,0.347000000
20:08:30,220719,50.594854198,-123.497165987,1797.371000000,20,0.167000000,0.116000000,0.347000000
20:08:31,220719,50.594854207,-123.497165982,1797.373000000,20,0.167000000,0.116000000,0.347000000
20:08:32,220719,50.594854217,-123.497165970,1797.370000000,20,0.167000000,0.116000000,0.347000000
20:08:33,220719,50.594854192,-123.497165967,1797.364000000,20,0.167000000,0.116000000,0.347000000
20:08:34,220719,50.594854187,-123.497165955,1797.365000000,20,0.167000000,0.116000000,0.347000000
20:08:35,220719,50.594854168,-123.497165980,1797.363000000,20,0.167000000,0.116000000,0.347000000
20:08:36,220719,50.594854152,-123.497165963,1797.366000000,20,0.167000000,0.116000000,0.347000000
20:08:37,220719,50.594854175,-123.497165973,1797.362000000,20,0.167000000,0.116000000,0.347000000
20:08:38,220719,50.594854207,-123.497165995,1797.363000000,20,0.167000000,0.116000000,0.347000000
20:08:39,220719,50.594854260,-123.497166027,1797.365000000,20,0.167000000,0.116000000,0.347000000
20:08:40,220719,50.594854307,-123.497166052,1797.364000000,20,0.167000000,0.116000000,0.347000000
20:08:41,220719,50.594854322,-123.497166067,1797.363000000,20,0.167000000,0.116000000,0.347000000
20:08:42,220719,50.594854322,-123.497166082,1797.364000000,20,0.167000000,0.116000000,0.347000000
20:08:43,220719,50.594854318,-123.497166097,1797.364000000,20,0.167000000,0.116000000,0.347000000
20:08:44,220719,50.594854338,-123.497166118,1797.368000000,20,0.167000000,0.116000000,0.347000000
20:08:45,220719,50.594854357,-123.497166132,1797.362000000,19,0.169000000,0.118000000,0.372000000
20:08:46,220719,50.594854370,-123.497166147,1797.355000000,19,0.169000000,0.118000000,0.372000000
20:08:47,220719,50.594854393,-123.497166153,1797.351000000,19,0.169000000,0.118000000,0.372000000
20:08:48,220719,50.594854425,-123.497166163,1797.351000000,19,0.168000000,0.118000000,0.372000000
20:08:49,220719,50.594854430,-123.497166160,1797.344000000,19,0.168000000,0.118000000,0.372000000
20:08:50,220719,50.594854432,-123.497166168,1797.340000000,19,0.168000000,0.118000000,0.372000000
20:08:51,220719,50.594854413,-123.497166172,1797.334000000,19,0.168000000,0.118000000,0.372000000
20:08:52,220719,50.594854398,-123.497166168,1797.328000000,19,0.168000000,0.118000000,0.372000000
20:08:53,220719,50.594854383,-123.497166177,1797.330000000,19,0.168000000,0.118000000,0.372000000
20:08:54,220719,50.594854370,-123.497166178,1797.324000000,19,0.168000000,0.118000000,0.372000000
20:08:55,220719,50.594854353,-123.497166180,1797.321000000,19,0.168000000,0.118000000,0.372000000
20:08:56,220719,50.594854347,-123.497166205,1797.319000000,19,0.168000000,0.118000000,0.372000000
20:08:57,220719,50.594854340,-123.497166218,1797.322000000,19,0.168000000,0.118000000,0.372000000
20:08:58,220719,50.594854352,-123.497166218,1797.324000000,19,0.168000000,0.118000000,0.372000000
20:08:59,220719,50.594854368,-123.497166220,1797.329000000,19,0.168000000,0.118000000,0.372000000
20:09:00,220719,50.594854367,-123.497166242,1797.334000000,19,0.168000000,0.118000000,0.372000000
20:09:01,220719,50.594854368,-123.497166263,1797.337000000,19,0.168000000,0.118000000,0.372000000
20:09:02,220719,50.594854347,-123.497166282,1797.339000000,19,0.168000000,0.118000000,0.372000000
20:09:03,220719,50.594854330,-123.497166285,1797.345000000,19,0.168000000,0.118000000,0.372000000
20:09:04,220719,50.594854307,-123.497166277,1797.344000000,19,0.168000000,0.118000000,0.372000000
20:09:05,220719,50.594854288,-123.497166272,1797.347000000,19,0.168000000,0.118000000,0.372000000
20:09:06,220719,50.594854272,-123.497166280,1797.350000000,19,0.168000000,0.118000000,0.372000000
20:09:07,220719,50.594854267,-123.497166242,1797.354000000,19,0.168000000,0.118000000,0.372000000
20:09:08,220719,50.594854230,-123.497166293,1797.360000000,19,0.168000000,0.118000000,0.372000000
20:09:09,220719,50.594854230,-123.497166337,1797.373000000,19,0.168000000,0.118000000,0.372000000
20:09:10,220719,50.594854205,-123.497166355,1797.374000000,19,0.168000000,0.118000000,0.372000000
20:09:11,220719,50.594854215,-123.497166353,1797.384000000,19,0.168000000,0.118000000,0.372000000
20:09:12,220719,50.594854188,-123.497166358,1797.392000000,19,0.168000000,0.118000000,0.372000000
20:09:13,220719,50.594854217,-123.497166347,1797.393000000,19,0.168000000,0.118000000,0.372000000
20:09:14,220719,50.594854252,-123.497166350,1797.386000000,19,0.168000000,0.118000000,0.372000000
20:09:15,220719,50.594854265,-123.497166302,1797.378000000,19,0.168000000,0.118000000,0.372000000
20:09:16,220719,50.594854260,-123.497166273,1797.374000000,19,0.168000000,0.118000000,0.372000000
20:09:17,220719,50.594854252,-123.497166245,1797.373000000,19,0.168000000,0.118000000,0.372000000
20:09:18,220719,50.594854250,-123.497166208,1797.374000000,19,0.168000000,0.118000000,0.372000000
20:09:19,220719,50.594854228,-123.497166172,1797.370000000,19,0.168000000,0.118000000,0.372000000
20:09:20,220719,50.594854228,-123.497166162,1797.367000000,19,0.168000000,0.118000000,0.372000000
20:09:21,220719,50.594854220,-123.497166165,1797.366000000,19,0.168000000,0.118000000,0.372000000
20:09:22,220719,50.594854247,-123.497166138,1797.371000000,19,0.168000000,0.118000000,0.372000000
20:09:23,220719,50.594854250,-123.497166170,1797.371000000,19,0.168000000,0.118000000,0.372000000
20:09:24,220719,50.594854273,-123.497166185,1797.371000000,19,0.168000000,0.118000000,0.372000000
20:09:25,220719,50.594854283,-123.497166192,1797.367000000,19,0.168000000,0.118000000,0.372000000
20:09:26,220719,50.594854288,-123.497166198,1797.361000000,19,0.168000000,0.118000000,0.372000000
20:09:27,220719,50.594854302,-123.497166163,1797.363000000,19,0.168000000,0.118000000,0.372000000
20:09:28,220719,50.594854290,-123.497166235,1797.379000000,19,0.168000000,0.118000000,0.372000000
20:09:29,220719,50.594854277,-123.497166233,1797.384000000,19,0.168000000,0.118000000,0.372000000
20:09:30,220719,50.594854315,-123.497166190,1797.382000000,19,0.168000000,0.118000000,0.372000000
20:09:31,220719,50.594854308,-123.497166178,1797.388000000,19,0.168000000,0.118000000,0.372000000
20:09:32,220719,50.594854272,-123.497166180,1797.393000000,19,0.168000000,0.118000000,0.372000000
20:09:33,220719,50.594854238,-123.497166183,1797.400000000,19,0.168000000,0.118000000,0.372000000
20:09:34,220719,50.594854232,-123.497166190,1797.405000000,19,0.168000000,0.118000000,0.372000000
20:09:35,220719,50.594854213,-123.497166197,1797.407000000,19,0.168000000,0.118000000,0.372000000
20:09:36,220719,50.594854193,-123.497166190,1797.410000000,19,0.168000000,0.118000000,0.372000000
20:09:37,220719,50.594854180,-123.497166207,1797.411000000,19,0.168000000,0.118000000,0.372000000
20:09:38,220719,50.594854163,-123.497166203,1797.415000000,19,0.168000000,0.118000000,0.372000000
20:09:39,220719,50.594854120,-123.497166187,1797.418000000,19,0.168000000,0.118000000,0.372000000
20:09:40,220719,50.594854088,-123.497166195,1797.422000000,19,0.168000000,0.118000000,0.372000000
20:09:41,220719,50.594854067,-123.497166177,1797.421000000,19,0.168000000,0.118000000,0.372000000
20:09:42,220719,50.594854048,-123.497166162,1797.421000000,19,0.168000000,0.118000000,0.372000000
20:09:43,220719,50.594854032,-123.497166145,1797.426000000,19,0.168000000,0.118000000,0.372000000
20:09:44,220719,50.594854012,-123.497166145,1797.427000000,19,0.168000000,0.118000000,0.372000000
20:09:45,220719,50.594854010,-123.497166150,1797.429000000,19,0.168000000,0.118000000,0.372000000
20:09:46,220719,50.594854018,-123.497166155,1797.433000000,19,0.168000000,0.118000000,0.372000000
20:09:47,220719,50.594854025,-123.497166108,1797.438000000,19,0.168000000,0.118000000,0.372000000
20:09:48,220719,50.594854028,-123.497166097,1797.446000000,19,0.168000000,0.118000000,0.372000000
20:09:49,220719,50.594854013,-123.497166073,1797.443000000,19,0.168000000,0.118000000,0.372000000
20:09:50,220719,50.594853995,-123.497166063,1797.445000000,19,0.168000000,0.118000000,0.372000000
20:09:51,220719,50.594853957,-123.497166043,1797.441000000,19,0.168000000,0.118000000,0.372000000
20:09:52,220719,50.594853948,-123.497166023,1797.440000000,19,0.168000000,0.118000000,0.372000000
20:09:53,220719,50.594853935,-123.497165993,1797.433000000,19,0.168000000,0.118000000,0.372000000
20:09:54,220719,50.594853920,-123.497166007,1797.438000000,19,0.168000000,0.118000000,0.372000000
20:09:55,220719,50.594853895,-123.497165990,1797.434000000,19,0.168000000,0.118000000,0.372000000
20:09:56,220719,50.594853897,-123.497165982,1797.431000000,19,0.168000000,0.118000000,0.372000000
20:09:57,220719,50.594853895,-123.497165978,1797.438000000,19,0.168000000,0.118000000,0.372000000
20:09:58,220719,50.594853912,-123.497165967,1797.436000000,19,0.168000000,0.118000000,0.372000000
20:09:59,220719,50.594853903,-123.497165960,1797.434000000,19,0.168000000,0.118000000,0.372000000
20:10:00,220719,50.594853915,-123.497165953,1797.425000000,19,0.168000000,0.118000000,0.372000000
20:10:01,220719,50.594853907,-123.497165945,1797.420000000,19,0.168000000,0.118000000,0.372000000
20:10:02,220719,50.594853917,-123.497165955,1797.417000000,19,0.168000000,0.118000000,0.372000000
20:10:03,220719,50.594853905,-123.497165945,1797.416000000,19,0.168000000,0.118000000,0.372000000
20:10:04,220719,50.594853888,-123.497165948,1797.412000000,20,0.168000000,0.118000000,0.372000000
20:10:05,220719,50.594853863,-123.497165937,1797.406000000,20,0.153000000,0.114000000,0.338000000
20:10:06,220719,50.594853852,-123.497165940,1797.403000000,20,0.153000000,0.114000000,0.338000000
20:10:07,220719,50.594853825,-123.497165942,1797.402000000,20,0.153000000,0.114000000,0.338000000
20:10:08,220719,50.594853810,-123.497165948,1797.400000000,20,0.153000000,0.114000000,0.338000000
20:10:09,220719,50.594853790,-123.497165947,1797.401000000,20,0.153000000,0.114000000,0.338000000
20:10:10,220719,50.594853790,-123.497165952,1797.399000000,20,0.153000000,0.114000000,0.338000000
20:10:11,220719,50.594853777,-123.497165942,1797.397000000,20,0.153000000,0.114000000,0.338000000
20:10:12,220719,50.594853812,-123.497165930,1797.400000000,20,0.153000000,0.114000000,0.338000000
20:10:13,220719,50.594853825,-123.497165930,1797.401000000,20,0.153000000,0.114000000,0.338000000
20:10:14,220719,50.594853808,-123.497165920,1797.404000000,20,0.153000000,0.114000000,0.338000000
20:10:15,220719,50.594853823,-123.497165910,1797.412000000,20,0.153000000,0.114000000,0.338000000
20:10:16,220719,50.594853827,-123.497165898,1797.419000000,20,0.153000000,0.114000000,0.338000000
20:10:17,220719,50.594853842,-123.497165868,1797.418000000,20,0.153000000,0.114000000,0.338000000
20:10:18,220719,50.594853867,-123.497165850,1797.420000000,20,0.153000000,0.114000000,0.338000000
20:10:19,220719,50.594853883,-123.497165823,1797.421000000,20,0.153000000,0.114000000,0.338000000
20:10:20,220719,50.594853860,-123.497165817,1797.419000000,20,0.153000000,0.114000000,0.338000000
20:10:21,220719,50.594853870,-123.497165758,1797.410000000,20,0.153000000,0.114000000,0.338000000
20:10:22,220719,50.594853862,-123.497165797,1797.411000000,20,0.153000000,0.114000000,0.338000000
20:10:23,220719,50.594853872,-123.497165752,1797.392000000,20,0.153000000,0.114000000,0.338000000
20:10:24,220719,50.594853880,-123.497165690,1797.379000000,20,0.153000000,0.114000000,0.338000000
20:10:25,220719,50.594853895,-123.497165697,1797.375000000,20,0.153000000,0.114000000,0.338000000
20:10:26,220719,50.594853867,-123.497165705,1797.383000000,20,0.153000000,0.114000000,0.338000000
20:10:27,220719,50.594853810,-123.497165705,1797.392000000,20,0.153000000,0.114000000,0.338000000
20:10:28,220719,50.594853795,-123.497165705,1797.384000000,20,0.153000000,0.114000000,0.338000000
20:10:29,220719,50.594853758,-123.497165718,1797.385000000,20,0.153000000,0.114000000,0.338000000
20:10:30,220719,50.594853748,-123.497165743,1797.394000000,20,0.153000000,0.114000000,0.338000000
20:10:31,220719,50.594853717,-123.497165758,1797.395000000,20,0.153000000,0.114000000,0.338000000
20:10:32,220719,50.594853708,-123.497165788,1797.400000000,20,0.153000000,0.114000000,0.338000000
20:10:33,220719,50.594853717,-123.497165778,1797.407000000,20,0.153000000,0.114000000,0.338000000
20:10:34,220719,50.594853738,-123.497165783,1797.416000000,20,0.153000000,0.114000000,0.338000000
20:10:35,220719,50.594853758,-123.497165790,1797.427000000,20,0.153000000,0.114000000,0.338000000
20:10:36,220719,50.594853772,-123.497165782,1797.428000000,20,0.153000000,0.114000000,0.338000000
20:10:37,220719,50.594853783,-123.497165777,1797.436000000,20,0.153000000,0.114000000,0.338000000
20:10:38,220719,50.594853800,-123.497165790,1797.440000000,20,0.153000000,0.114000000,0.338000000
20:10:39,220719,50.594853820,-123.497165788,1797.450000000,20,0.153000000,0.114000000,0.338000000
20:10:40,220719,50.594853835,-123.497165805,1797.450000000,20,0.153000000,0.114000000,0.338000000
20:10:41,220719,50.594853825,-123.497165802,1797.457000000,20,0.153000000,0.114000000,0.338000000
20:10:42,220719,50.594853810,-123.497165793,1797.456000000,20,0.153000000,0.114000000,0.338000000
20:10:43,220719,50.594853812,-123.497165780,1797.458000000,20,0.153000000,0.114000000,0.338000000
20:10:44,220719,50.594853837,-123.497165733,1797.441000000,20,0.153000000,0.114000000,0.338000000
20:10:45,220719,50.594853808,-123.497165737,1797.435000000,20,0.153000000,0.114000000,0.338000000
20:10:46,220719,50.594853767,-123.497165733,1797.434000000,20,0.153000000,0.114000000,0.338000000
20:10:47,220719,50.594853743,-123.497165748,1797.429000000,20,0.153000000,0.114000000,0.338000000
20:10:48,220719,50.594853707,-123.497165783,1797.436000000,20,0.153000000,0.114000000,0.338000000
20:10:49,220719,50.594853677,-123.497165818,1797.431000000,20,0.153000000,0.114000000,0.338000000
20:10:50,220719,50.594853660,-123.497165825,1797.433000000,20,0.152000000,0.114000000,0.339000000
20:10:51,220719,50.594853678,-123.497165810,1797.431000000,20,0.152000000,0.114000000,0.339000000
20:10:52,220719,50.594853683,-123.497165802,1797.434000000,20,0.152000000,0.114000000,0.339000000
20:10:53,220719,50.594853673,-123.497165817,1797.440000000,20,0.152000000,0.114000000,0.339000000
20:10:54,220719,50.594853660,-123.497165825,1797.445000000,20,0.152000000,0.114000000,0.339000000
20:10:55,220719,50.594853647,-123.497165792,1797.444000000,20,0.152000000,0.114000000,0.339000000
20:10:56,220719,50.594853673,-123.497165772,1797.444000000,20,0.152000000,0.114000000,0.339000000
20:10:57,220719,50.594853692,-123.497165742,1797.444000000,20,0.152000000,0.114000000,0.339000000
20:10:58,220719,50.594853760,-123.497165742,1797.443000000,20,0.152000000,0.114000000,0.339000000
20:10:59,220719,50.594853782,-123.497165710,1797.442000000,20,0.152000000,0.114000000,0.339000000
20:11:00,220719,50.594853782,-123.497165688,1797.446000000,20,0.152000000,0.114000000,0.339000000
20:11:01,220719,50.594853815,-123.497165663,1797.447000000,20,0.152000000,0.114000000,0.339000000
20:11:02,220719,50.594853812,-123.497165657,1797.447000000,20,0.152000000,0.114000000,0.339000000
20:11:03,220719,50.594853782,-123.497165685,1797.449000000,20,0.152000000,0.114000000,0.339000000
20:11:04,220719,50.594853735,-123.497165688,1797.450000000,20,0.152000000,0.114000000,0.339000000
20:11:05,220719,50.594853780,-123.497165697,1797.455000000,20,0.152000000,0.114000000,0.339000000
20:11:06,220719,50.594853762,-123.497165683,1797.469000000,20,0.152000000,0.114000000,0.339000000
20:11:07,220719,50.594853748,-123.497165675,1797.464000000,20,0.152000000,0.114000000,0.339000000
20:11:08,220719,50.594853705,-123.497165673,1797.469000000,20,0.152000000,0.114000000,0.339000000
20:11:09,220719,50.594853660,-123.497165732,1797.472000000,20,0.152000000,0.114000000,0.339000000
20:11:10,220719,50.594853628,-123.497165732,1797.478000000,20,0.152000000,0.114000000,0.339000000
20:11:11,220719,50.594853610,-123.497165733,1797.482000000,20,0.152000000,0.114000000,0.339000000
20:11:12,220719,50.594853587,-123.497165745,1797.485000000,20,0.152000000,0.114000000,0.339000000
20:11:13,220719,50.594853548,-123.497165768,1797.492000000,20,0.152000000,0.114000000,0.339000000
20:11:14,220719,50.594853540,-123.497165793,1797.496000000,20,0.152000000,0.114000000,0.339000000
20:11:15,220719,50.594853525,-123.497165798,1797.506000000,20,0.152000000,0.114000000,0.339000000
20:11:16,220719,50.594853517,-123.497165808,1797.512000000,20,0.152000000,0.114000000,0.339000000
20:11:17,220719,50.594853522,-123.497165827,1797.519000000,20,0.152000000,0.114000000,0.339000000
20:11:18,220719,50.594853562,-123.497165798,1797.526000000,20,0.152000000,0.114000000,0.339000000
20:11:19,220719,50.594853568,-123.497165787,1797.528000000,20,0.152000000,0.114000000,0.339000000
20:11:20,220719,50.594853552,-123.497165773,1797.527000000,20,0.152000000,0.114000000,0.339000000
20:11:21,220719,50.594853533,-123.497165770,1797.525000000,20,0.152000000,0.114000000,0.339000000
20:11:22,220719,50.594853515,-123.497165757,1797.520000000,20,0.152000000,0.114000000,0.339000000
20:11:23,220719,50.594853488,-123.497165767,1797.519000000,20,0.152000000,0.114000000,0.339000000
20:11:24,220719,50.594853477,-123.497165752,1797.518000000,20,0.152000000,0.114000000,0.339000000
20:11:25,220719,50.594853463,-123.497165737,1797.516000000,20,0.152000000,0.114000000,0.339000000
20:11:26,220719,50.594853460,-123.497165743,1797.520000000,20,0.152000000,0.114000000,0.339000000
20:11:27,220719,50.594853483,-123.497165740,1797.521000000,20,0.152000000,0.114000000,0.339000000
20:11:28,220719,50.594853512,-123.497165752,1797.527000000,20,0.152000000,0.114000000,0.339000000
20:11:29,220719,50.594853515,-123.497165748,1797.531000000,20,0.152000000,0.114000000,0.339000000
20:11:30,220719,50.594853533,-123.497165737,1797.533000000,20,0.152000000,0.114000000,0.339000000
20:11:31,220719,50.594853537,-123.497165772,1797.536000000,20,0.152000000,0.114000000,0.339000000
20:11:32,220719,50.594853535,-123.497165778,1797.537000000,20,0.152000000,0.114000000,0.339000000
20:11:33,220719,50.594853503,-123.497165800,1797.538000000,20,0.152000000,0.114000000,0.339000000
20:11:34,220719,50.594853480,-123.497165803,1797.536000000,20,0.152000000,0.114000000,0.339000000
