TIME,DATE(ddMMyy),LATITUDEGGA,LONGITUDEGGA,ALTITUDEGGA,NUMBERSAT,LATERR,LONGERR,ALTERR
15:12:29,220719,50.561835690,-123.417270840,2220.449000000,22,0.131000000,0.115000000,0.258000000
15:12:30,220719,50.561835683,-123.417270828,2220.446000000,22,0.131000000,0.115000000,0.258000000
15:12:31,220719,50.561835680,-123.417270813,2220.448000000,22,0.131000000,0.115000000,0.258000000
15:12:32,220719,50.561835668,-123.417270812,2220.445000000,22,0.131000000,0.115000000,0.258000000
15:12:33,220719,50.561835660,-123.417270805,2220.444000000,22,0.131000000,0.115000000,0.258000000
15:12:34,220719,50.561835670,-123.417270782,2220.442000000,22,0.131000000,0.115000000,0.258000000
15:12:35,220719,50.561835657,-123.417270768,2220.439000000,22,0.131000000,0.115000000,0.258000000
15:12:36,220719,50.561835642,-123.417270762,2220.437000000,22,0.131000000,0.115000000,0.258000000
15:12:37,220719,50.561835625,-123.417270760,2220.436000000,22,0.131000000,0.115000000,0.258000000
15:12:38,220719,50.561835608,-123.417270777,2220.433000000,22,0.131000000,0.115000000,0.258000000
15:12:39,220719,50.561835603,-123.417270795,2220.434000000,22,0.131000000,0.115000000,0.258000000
15:12:40,220719,50.561835612,-123.417270805,2220.431000000,22,0.131000000,0.115000000,0.258000000
15:12:41,220719,50.561835627,-123.417270820,2220.431000000,22,0.131000000,0.115000000,0.258000000
15:12:42,220719,50.561835627,-123.417270827,2220.432000000,22,0.131000000,0.115000000,0.258000000
15:12:43,220719,50.561835618,-123.417270838,2220.432000000,22,0.131000000,0.115000000,0.258000000
15:12:44,220719,50.561835613,-123.417270852,2220.430000000,22,0.131000000,0.115000000,0.258000000
15:12:45,220719,50.561835593,-123.417270877,2220.431000000,22,0.131000000,0.115000000,0.258000000
15:12:46,220719,50.561835567,-123.417270888,2220.426000000,22,0.131000000,0.115000000,0.258000000
15:12:47,220719,50.561835547,-123.417270900,2220.425000000,22,0.131000000,0.115000000,0.258000000
15:12:48,220719,50.561835532,-123.417270895,2220.422000000,22,0.131000000,0.115000000,0.258000000
15:12:49,220719,50.561835530,-123.417270885,2220.425000000,22,0.131000000,0.115000000,0.258000000
15:12:50,220719,50.561835537,-123.417270895,2220.425000000,22,0.131000000,0.115000000,0.258000000
15:12:51,220719,50.561835567,-123.417270892,2220.424000000,22,0.131000000,0.115000000,0.257000000
15:12:52,220719,50.561835587,-123.417270893,2220.422000000,22,0.131000000,0.115000000,0.257000000
15:12:53,220719,50.561835617,-123.417270895,2220.423000000,22,0.131000000,0.115000000,0.257000000
15:12:54,220719,50.561835613,-123.417270880,2220.426000000,22,0.131000000,0.115000000,0.257000000
15:12:55,220719,50.561835627,-123.417270865,2220.428000000,22,0.131000000,0.115000000,0.257000000
15:12:56,220719,50.561835612,-123.417270850,2220.430000000,22,0.131000000,0.115000000,0.257000000
15:12:57,220719,50.561835602,-123.417270847,2220.432000000,22,0.131000000,0.115000000,0.257000000
15:12:58,220719,50.561835597,-123.417270837,2220.433000000,22,0.131000000,0.115000000,0.257000000
15:12:59,220719,50.561835593,-123.417270833,2220.434000000,22,0.131000000,0.115000000,0.257000000
15:13:00,220719,50.561835600,-123.417270820,2220.433000000,22,0.131000000,0.115000000,0.257000000
15:13:01,220719,50.561835593,-123.417270818,2220.436000000,22,0.131000000,0.115000000,0.257000000
15:13:02,220719,50.561835600,-123.417270818,2220.436000000,22,0.131000000,0.115000000,0.257000000
15:13:03,220719,50.561835602,-123.417270815,2220.436000000,22,0.131000000,0.115000000,0.257000000
15:13:04,220719,50.561835613,-123.417270807,2220.440000000,22,0.131000000,0.115000000,0.257000000
15:13:05,220719,50.561835600,-123.417270792,2220.440000000,22,0.131000000,0.115000000,0.257000000
15:13:06,220719,50.561835600,-123.417270780,2220.442000000,22,0.131000000,0.115000000,0.257000000
15:13:07,220719,50.561835588,-123.417270780,2220.442000000,22,0.131000000,0.115000000,0.257000000
15:13:08,220719,50.561835577,-123.417270777,2220.442000000,22,0.131000000,0.115000000,0.257000000
15:13:09,220719,50.561835563,-123.417270772,2220.446000000,22,0.131000000,0.115000000,0.257000000
15:13:10,220719,50.561835558,-123.417270778,2220.447000000,22,0.131000000,0.115000000,0.257000000
15:13:11,220719,50.561835547,-123.417270782,2220.450000000,22,0.131000000,0.115000000,0.257000000
15:13:12,220719,50.561835543,-123.417270788,2220.450000000,22,0.131000000,0.115000000,0.257000000
15:13:13,220719,50.561835560,-123.417270788,2220.448000000,22,0.131000000,0.115000000,0.257000000
15:13:14,220719,50.561835570,-123.417270783,2220.448000000,22,0.131000000,0.115000000,0.257000000
15:13:15,220719,50.561835590,-123.417270775,2220.448000000,22,0.131000000,0.115000000,0.257000000
15:13:16,220719,50.561835605,-123.417270777,2220.448000000,22,0.131000000,0.115000000,0.257000000
15:13:17,220719,50.561835642,-123.417270782,2220.449000000,22,0.131000000,0.115000000,0.257000000
15:13:18,220719,50.561835667,-123.417270788,2220.449000000,22,0.131000000,0.115000000,0.257000000
15:13:19,220719,50.561835703,-123.417270802,2220.452000000,22,0.131000000,0.115000000,0.257000000
15:13:20,220719,50.561835712,-123.417270813,2220.451000000,22,0.131000000,0.115000000,0.257000000
15:13:21,220719,50.561835688,-123.417270832,2220.452000000,22,0.131000000,0.115000000,0.257000000
15:13:22,220719,50.561835670,-123.417270833,2220.452000000,22,0.131000000,0.115000000,0.257000000
15:13:23,220719,50.561835647,-123.417270845,2220.453000000,22,0.131000000,0.115000000,0.257000000
15:13:24,220719,50.561835650,-123.417270885,2220.452000000,22,0.131000000,0.115000000,0.257000000
15:13:25,220719,50.561835640,-123.417270932,2220.450000000,22,0.131000000,0.115000000,0.257000000
15:13:26,220719,50.561835653,-123.417270967,2220.448000000,22,0.131000000,0.115000000,0.257000000
15:13:27,220719,50.561835660,-123.417270988,2220.447000000,22,0.131000000,0.115000000,0.257000000
15:13:28,220719,50.561835678,-123.417271010,2220.448000000,22,0.131000000,0.115000000,0.257000000
15:13:29,220719,50.561835693,-123.417271030,2220.450000000,22,0.131000000,0.115000000,0.257000000
15:13:30,220719,50.561835705,-123.417271045,2220.452000000,22,0.131000000,0.115000000,0.257000000
15:13:31,220719,50.561835703,-123.417271048,2220.452000000,22,0.131000000,0.115000000,0.257000000
15:13:32,220719,50.561835700,-123.417271052,2220.450000000,22,0.131000000,0.115000000,0.257000000
15:13:33,220719,50.561835690,-123.417271052,2220.449000000,22,0.131000000,0.115000000,0.257000000
15:13:34,220719,50.561835695,-123.417271052,2220.449000000,22,0.131000000,0.115000000,0.257000000
15:13:35,220719,50.561835698,-123.417271070,2220.449000000,22,0.131000000,0.115000000,0.257000000
15:13:36,220719,50.561835707,-123.417271072,2220.448000000,22,0.131000000,0.115000000,0.257000000
15:13:37,220719,50.561835727,-123.417271092,2220.448000000,22,0.131000000,0.115000000,0.257000000
15:13:38,220719,50.561835743,-123.417271110,2220.448000000,22,0.131000000,0.115000000,0.257000000
15:13:39,220719,50.561835770,-123.417271120,2220.450000000,22,0.131000000,0.115000000,0.257000000
15:13:40,220719,50.561835803,-123.417271122,2220.452000000,22,0.131000000,0.115000000,0.257000000
15:13:41,220719,50.561835818,-123.417271123,2220.454000000,22,0.131000000,0.115000000,0.257000000
15:13:42,220719,50.561835833,-123.417271150,2220.457000000,22,0.131000000,0.115000000,0.257000000
15:13:43,220719,50.561835843,-123.417271182,2220.458000000,22,0.131000000,0.115000000,0.257000000
15:13:44,220719,50.561835848,-123.417271212,2220.458000000,22,0.131000000,0.115000000,0.257000000
15:13:45,220719,50.561835867,-123.417271220,2220.459000000,22,0.131000000,0.115000000,0.256000000
15:13:46,220719,50.561835882,-123.417271210,2220.461000000,22,0.131000000,0.115000000,0.256000000
15:13:47,220719,50.561835898,-123.417271208,2220.461000000,22,0.131000000,0.115000000,0.256000000
15:13:48,220719,50.561835913,-123.417271212,2220.462000000,22,0.131000000,0.115000000,0.256000000
15:13:49,220719,50.561835913,-123.417271213,2220.462000000,22,0.131000000,0.115000000,0.256000000
15:13:50,220719,50.561835922,-123.417271218,2220.461000000,22,0.131000000,0.115000000,0.256000000
15:13:51,220719,50.561835908,-123.417271222,2220.462000000,22,0.131000000,0.115000000,0.256000000
15:13:52,220719,50.561835903,-123.417271230,2220.459000000,22,0.131000000,0.115000000,0.256000000
15:13:53,220719,50.561835895,-123.417271218,2220.460000000,22,0.131000000,0.115000000,0.256000000
15:13:54,220719,50.561835897,-123.417271227,2220.460000000,22,0.131000000,0.115000000,0.256000000
15:13:55,220719,50.561835887,-123.417271242,2220.460000000,22,0.131000000,0.115000000,0.256000000
15:13:56,220719,50.561835887,-123.417271263,2220.460000000,22,0.131000000,0.115000000,0.256000000
15:13:57,220719,50.561835890,-123.417271265,2220.460000000,22,0.131000000,0.115000000,0.256000000
15:13:58,220719,50.561835887,-123.417271272,2220.462000000,22,0.131000000,0.115000000,0.256000000
15:13:59,220719,50.561835888,-123.417271283,2220.463000000,22,0.131000000,0.115000000,0.256000000
15:14:00,220719,50.561835885,-123.417271293,2220.461000000,22,0.131000000,0.115000000,0.256000000
15:14:01,220719,50.561835882,-123.417271283,2220.464000000,22,0.131000000,0.115000000,0.256000000
15:14:02,220719,50.561835882,-123.417271275,2220.465000000,22,0.131000000,0.115000000,0.256000000
15:14:03,220719,50.561835892,-123.417271265,2220.468000000,22,0.131000000,0.115000000,0.256000000
15:14:04,220719,50.561835913,-123.417271242,2220.468000000,22,0.131000000,0.115000000,0.256000000
15:14:05,220719,50.561835925,-123.417271225,2220.470000000,22,0.131000000,0.115000000,0.256000000
15:14:06,220719,50.561835935,-123.417271205,2220.472000000,22,0.131000000,0.115000000,0.256000000
15:14:07,220719,50.561835948,-123.417271188,2220.474000000,22,0.131000000,0.115000000,0.256000000
15:14:08,220719,50.561835952,-123.417271183,2220.472000000,22,0.131000000,0.115000000,0.256000000
15:14:09,220719,50.561835957,-123.417271173,2220.474000000,22,0.131000000,0.115000000,0.256000000
15:14:10,220719,50.561835967,-123.417271185,2220.475000000,22,0.131000000,0.115000000,0.256000000
15:14:11,220719,50.561835973,-123.417271175,2220.477000000,22,0.131000000,0.115000000,0.256000000
15:14:12,220719,50.561835983,-123.417271170,2220.478000000,22,0.131000000,0.115000000,0.256000000
15:14:13,220719,50.561835972,-123.417271170,2220.477000000,22,0.131000000,0.115000000,0.256000000
15:14:14,220719,50.561835972,-123.417271158,2220.476000000,22,0.131000000,0.115000000,0.256000000
15:14:15,220719,50.561835973,-123.417271157,2220.476000000,22,0.131000000,0.115000000,0.256000000
15:14:16,220719,50.561835967,-123.417271142,2220.473000000,22,0.131000000,0.115000000,0.256000000
15:14:17,220719,50.561835960,-123.417271145,2220.473000000,22,0.131000000,0.115000000,0.256000000
15:14:18,220719,50.561835957,-123.417271157,2220.475000000,22,0.131000000,0.115000000,0.256000000
15:14:19,220719,50.561835943,-123.417271175,2220.476000000,22,0.131000000,0.115000000,0.256000000
15:14:20,220719,50.561835937,-123.417271212,2220.477000000,22,0.131000000,0.115000000,0.256000000
15:14:21,220719,50.561835940,-123.417271242,2220.477000000,22,0.131000000,0.115000000,0.256000000
15:14:22,220719,50.561835952,-123.417271268,2220.474000000,22,0.131000000,0.115000000,0.256000000
15:14:23,220719,50.561835958,-123.417271262,2220.475000000,22,0.131000000,0.115000000,0.256000000
15:14:24,220719,50.561835968,-123.417271263,2220.471000000,22,0.131000000,0.115000000,0.256000000
15:14:25,220719,50.561835980,-123.417271243,2220.467000000,22,0.131000000,0.115000000,0.256000000
15:14:26,220719,50.561836002,-123.417271248,2220.465000000,22,0.131000000,0.115000000,0.256000000
15:14:27,220719,50.561836035,-123.417271255,2220.460000000,22,0.131000000,0.115000000,0.256000000
15:14:28,220719,50.561836042,-123.417271253,2220.457000000,22,0.131000000,0.115000000,0.256000000
15:14:29,220719,50.561836040,-123.417271252,2220.458000000,22,0.131000000,0.115000000,0.256000000
15:14:30,220719,50.561836037,-123.417271252,2220.458000000,22,0.131000000,0.115000000,0.256000000
15:14:31,220719,50.561836037,-123.417271277,2220.462000000,22,0.131000000,0.115000000,0.256000000
15:14:32,220719,50.561836042,-123.417271295,2220.464000000,22,0.131000000,0.115000000,0.256000000
15:14:33,220719,50.561836030,-123.417271293,2220.468000000,22,0.131000000,0.115000000,0.256000000
15:14:34,220719,50.561836007,-123.417271302,2220.471000000,22,0.131000000,0.115000000,0.256000000
15:14:35,220719,50.561835987,-123.417271317,2220.474000000,22,0.131000000,0.115000000,0.256000000
15:14:36,220719,50.561835982,-123.417271313,2220.473000000,22,0.131000000,0.115000000,0.255000000
15:14:37,220719,50.561835975,-123.417271327,2220.474000000,22,0.131000000,0.115000000,0.255000000
15:14:38,220719,50.561835975,-123.417271335,2220.475000000,22,0.131000000,0.115000000,0.255000000
15:14:39,220719,50.561835970,-123.417271343,2220.475000000,22,0.131000000,0.115000000,0.255000000
15:14:40,220719,50.561835968,-123.417271340,2220.474000000,22,0.131000000,0.115000000,0.255000000
15:14:41,220719,50.561835972,-123.417271367,2220.475000000,22,0.131000000,0.115000000,0.255000000
15:14:42,220719,50.561835975,-123.417271368,2220.475000000,22,0.131000000,0.115000000,0.255000000
15:14:43,220719,50.561835988,-123.417271382,2220.476000000,22,0.131000000,0.115000000,0.255000000
15:14:44,220719,50.561836008,-123.417271373,2220.477000000,22,0.131000000,0.115000000,0.255000000
15:14:45,220719,50.561836023,-123.417271358,2220.478000000,22,0.131000000,0.115000000,0.255000000
15:14:46,220719,50.561836058,-123.417271353,2220.478000000,22,0.131000000,0.115000000,0.255000000
15:14:47,220719,50.561836078,-123.417271348,2220.478000000,22,0.131000000,0.115000000,0.255000000
15:14:48,220719,50.561836110,-123.417271362,2220.479000000,22,0.131000000,0.115000000,0.255000000
15:14:49,220719,50.561836118,-123.417271367,2220.479000000,22,0.131000000,0.115000000,0.255000000
15:14:50,220719,50.561836140,-123.417271373,2220.480000000,22,0.131000000,0.115000000,0.255000000
15:14:51,220719,50.561836142,-123.417271382,2220.483000000,22,0.131000000,0.115000000,0.255000000
15:14:52,220719,50.561836145,-123.417271380,2220.483000000,22,0.131000000,0.115000000,0.255000000
15:14:53,220719,50.561836140,-123.417271382,2220.485000000,22,0.131000000,0.115000000,0.255000000
15:14:54,220719,50.561836137,-123.417271390,2220.485000000,22,0.131000000,0.115000000,0.255000000
15:14:55,220719,50.561836127,-123.417271392,2220.486000000,22,0.131000000,0.115000000,0.255000000
15:14:56,220719,50.561836113,-123.417271397,2220.487000000,22,0.131000000,0.115000000,0.255000000
15:14:57,220719,50.561836092,-123.417271387,2220.488000000,22,0.131000000,0.115000000,0.255000000
15:14:58,220719,50.561836077,-123.417271383,2220.489000000,22,0.131000000,0.115000000,0.255000000
15:14:59,220719,50.561836055,-123.417271377,2220.488000000,22,0.131000000,0.115000000,0.255000000
15:15:00,220719,50.561836058,-123.417271372,2220.485000000,22,0.131000000,0.115000000,0.255000000
15:15:01,220719,50.561836057,-123.417271378,2220.483000000,22,0.131000000,0.115000000,0.255000000
15:15:02,220719,50.561836057,-123.417271365,2220.480000000,22,0.131000000,0.115000000,0.255000000
15:15:03,220719,50.561836067,-123.417271347,2220.478000000,22,0.131000000,0.115000000,0.255000000
15:15:04,220719,50.561836087,-123.417271340,2220.477000000,22,0.131000000,0.115000000,0.255000000
15:15:05,220719,50.561836095,-123.417271333,2220.477000000,22,0.131000000,0.115000000,0.255000000
15:15:06,220719,50.561836103,-123.417271318,2220.476000000,22,0.131000000,0.115000000,0.255000000
15:15:07,220719,50.561836112,-123.417271342,2220.477000000,22,0.131000000,0.115000000,0.255000000
15:15:08,220719,50.561836125,-123.417271342,2220.478000000,22,0.131000000,0.115000000,0.255000000
15:15:09,220719,50.561836137,-123.417271358,2220.480000000,22,0.131000000,0.115000000,0.255000000
15:15:10,220719,50.561836160,-123.417271370,2220.482000000,22,0.131000000,0.115000000,0.255000000
15:15:11,220719,50.561836187,-123.417271380,2220.481000000,22,0.131000000,0.115000000,0.255000000
15:15:12,220719,50.561836177,-123.417271410,2220.482000000,22,0.131000000,0.115000000,0.255000000
15:15:13,220719,50.561836177,-123.417271437,2220.480000000,22,0.131000000,0.115000000,0.255000000
15:15:14,220719,50.561836168,-123.417271463,2220.478000000,22,0.131000000,0.115000000,0.255000000
15:15:15,220719,50.561836167,-123.417271482,2220.477000000,22,0.131000000,0.115000000,0.255000000
15:15:16,220719,50.561836157,-123.417271502,2220.474000000,22,0.131000000,0.115000000,0.255000000
15:15:17,220719,50.561836143,-123.417271482,2220.473000000,22,0.131000000,0.115000000,0.255000000
15:15:18,220719,50.561836143,-123.417271483,2220.473000000,22,0.131000000,0.115000000,0.255000000
15:15:19,220719,50.561836133,-123.417271473,2220.473000000,22,0.131000000,0.115000000,0.255000000
15:15:20,220719,50.561836118,-123.417271472,2220.473000000,22,0.131000000,0.115000000,0.255000000
15:15:21,220719,50.561836107,-123.417271473,2220.470000000,22,0.131000000,0.115000000,0.255000000
15:15:22,220719,50.561836098,-123.417271498,2220.469000000,22,0.131000000,0.115000000,0.255000000
15:15:23,220719,50.561836087,-123.417271515,2220.469000000,22,0.131000000,0.115000000,0.255000000
15:15:24,220719,50.561836090,-123.417271518,2220.468000000,22,0.131000000,0.115000000,0.254000000
15:15:25,220719,50.561836085,-123.417271535,2220.465000000,22,0.131000000,0.115000000,0.254000000
15:15:26,220719,50.561836077,-123.417271543,2220.462000000,22,0.131000000,0.115000000,0.254000000
15:15:27,220719,50.561836077,-123.417271555,2220.456000000,22,0.131000000,0.115000000,0.254000000
15:15:28,220719,50.561836082,-123.417271560,2220.456000000,22,0.131000000,0.115000000,0.254000000
15:15:29,220719,50.561836075,-123.417271567,2220.453000000,22,0.131000000,0.115000000,0.254000000
15:15:30,220719,50.561836060,-123.417271573,2220.453000000,22,0.131000000,0.115000000,0.254000000
15:15:31,220719,50.561836040,-123.417271578,2220.454000000,22,0.131000000,0.115000000,0.254000000
15:15:32,220719,50.561836032,-123.417271592,2220.455000000,22,0.131000000,0.115000000,0.254000000
15:15:33,220719,50.561836033,-123.417271600,2220.453000000,22,0.131000000,0.115000000,0.254000000
15:15:34,220719,50.561836033,-123.417271613,2220.451000000,22,0.131000000,0.115000000,0.254000000
15:15:35,220719,50.561836045,-123.417271625,2220.450000000,22,0.131000000,0.115000000,0.254000000
15:15:36,220719,50.561836062,-123.417271623,2220.446000000,22,0.131000000,0.115000000,0.254000000
15:15:37,220719,50.561836073,-123.417271620,2220.446000000,22,0.131000000,0.115000000,0.254000000
15:15:38,220719,50.561836082,-123.417271627,2220.440000000,22,0.131000000,0.115000000,0.254000000
15:15:39,220719,50.561836082,-123.417271625,2220.440000000,22,0.131000000,0.115000000,0.254000000
15:15:40,220719,50.561836088,-123.417271623,2220.436000000,22,0.131000000,0.115000000,0.254000000
15:15:41,220719,50.561836098,-123.417271628,2220.434000000,22,0.131000000,0.115000000,0.254000000
15:15:42,220719,50.561836110,-123.417271610,2220.435000000,22,0.131000000,0.115000000,0.254000000
15:15:43,220719,50.561836112,-123.417271598,2220.434000000,22,0.131000000,0.115000000,0.254000000
15:15:44,220719,50.561836117,-123.417271585,2220.433000000,22,0.131000000,0.115000000,0.254000000
15:15:45,220719,50.561836115,-123.417271578,2220.431000000,22,0.131000000,0.115000000,0.254000000
15:15:46,220719,50.561836125,-123.417271583,2220.428000000,22,0.131000000,0.115000000,0.254000000
15:15:47,220719,50.561836122,-123.417271582,2220.429000000,22,0.131000000,0.115000000,0.254000000
15:15:48,220719,50.561836120,-123.417271582,2220.424000000,22,0.131000000,0.115000000,0.254000000
15:15:49,220719,50.561836130,-123.417271585,2220.423000000,22,0.131000000,0.115000000,0.254000000
15:15:50,220719,50.561836130,-123.417271585,2220.423000000,22,0.131000000,0.115000000,0.254000000
15:15:51,220719,50.561836118,-123.417271593,2220.420000000,22,0.131000000,0.115000000,0.254000000
15:15:52,220719,50.561836150,-123.417271595,2220.417000000,22,0.131000000,0.115000000,0.254000000
15:15:53,220719,50.561836140,-123.417271593,2220.412000000,22,0.131000000,0.115000000,0.254000000
15:15:54,220719,50.561836155,-123.417271610,2220.413000000,22,0.131000000,0.115000000,0.254000000
15:15:55,220719,50.561836178,-123.417271623,2220.412000000,22,0.131000000,0.115000000,0.254000000
15:15:56,220719,50.561836202,-123.417271623,2220.411000000,22,0.131000000,0.115000000,0.254000000
15:15:57,220719,50.561836222,-123.417271607,2220.409000000,22,0.131000000,0.115000000,0.254000000
15:15:58,220719,50.561836238,-123.417271613,2220.407000000,22,0.131000000,0.115000000,0.254000000
15:15:59,220719,50.561836248,-123.417271622,2220.404000000,22,0.131000000,0.115000000,0.254000000
15:16:00,220719,50.561836268,-123.417271637,2220.404000000,22,0.131000000,0.115000000,0.254000000
15:16:01,220719,50.561836268,-123.417271637,2220.406000000,22,0.131000000,0.115000000,0.254000000
15:16:02,220719,50.561836278,-123.417271627,2220.407000000,22,0.131000000,0.115000000,0.254000000
15:16:03,220719,50.561836283,-123.417271615,2220.407000000,22,0.131000000,0.115000000,0.254000000
15:16:04,220719,50.561836283,-123.417271612,2220.408000000,22,0.131000000,0.115000000,0.254000000
15:16:05,220719,50.561836272,-123.417271622,2220.406000000,22,0.131000000,0.115000000,0.254000000
15:16:06,220719,50.561836273,-123.417271640,2220.405000000,22,0.131000000,0.115000000,0.254000000
15:16:07,220719,50.561836262,-123.417271645,2220.403000000,22,0.131000000,0.115000000,0.254000000
15:16:08,220719,50.561836265,-123.417271645,2220.405000000,22,0.131000000,0.115000000,0.254000000
15:16:09,220719,50.561836270,-123.417271652,2220.405000000,22,0.131000000,0.115000000,0.254000000
15:16:10,220719,50.561836255,-123.417271642,2220.404000000,22,0.131000000,0.115000000,0.254000000
15:16:11,220719,50.561836250,-123.417271653,2220.405000000,22,0.131000000,0.115000000,0.254000000
15:16:12,220719,50.561836235,-123.417271647,2220.405000000,22,0.131000000,0.115000000,0.253000000
15:16:13,220719,50.561836222,-123.417271653,2220.405000000,22,0.131000000,0.115000000,0.253000000
15:16:14,220719,50.561836218,-123.417271638,2220.404000000,22,0.131000000,0.115000000,0.253000000
15:16:15,220719,50.561836228,-123.417271630,2220.406000000,22,0.131000000,0.115000000,0.253000000
15:16:16,220719,50.561836255,-123.417271625,2220.406000000,22,0.131000000,0.115000000,0.253000000
15:16:17,220719,50.561836278,-123.417271627,2220.408000000,22,0.131000000,0.115000000,0.253000000
15:16:18,220719,50.561836282,-123.417271620,2220.407000000,22,0.131000000,0.115000000,0.253000000
15:16:19,220719,50.561836287,-123.417271612,2220.407000000,22,0.131000000,0.115000000,0.253000000
15:16:20,220719,50.561836290,-123.417271613,2220.408000000,22,0.131000000,0.115000000,0.253000000
15:16:21,220719,50.561836295,-123.417271613,2220.408000000,22,0.131000000,0.115000000,0.253000000
15:16:22,220719,50.561836297,-123.417271605,2220.407000000,22,0.131000000,0.115000000,0.253000000
15:16:23,220719,50.561836298,-123.417271612,2220.407000000,22,0.131000000,0.115000000,0.253000000
15:16:24,220719,50.561836292,-123.417271612,2220.407000000,22,0.131000000,0.115000000,0.253000000
15:16:25,220719,50.561836285,-123.417271603,2220.411000000,22,0.131000000,0.115000000,0.253000000
15:16:26,220719,50.561836263,-123.417271610,2220.412000000,22,0.131000000,0.115000000,0.253000000
15:16:27,220719,50.561836245,-123.417271607,2220.413000000,22,0.131000000,0.115000000,0.253000000
15:16:28,220719,50.561836237,-123.417271590,2220.411000000,22,0.131000000,0.115000000,0.253000000
15:16:29,220719,50.561836230,-123.417271593,2220.409000000,22,0.131000000,0.115000000,0.253000000
15:16:30,220719,50.561836215,-123.417271592,2220.409000000,22,0.131000000,0.115000000,0.253000000
15:16:31,220719,50.561836203,-123.417271590,2220.408000000,22,0.131000000,0.115000000,0.253000000
15:16:32,220719,50.561836200,-123.417271582,2220.407000000,22,0.131000000,0.115000000,0.253000000
15:16:33,220719,50.561836183,-123.417271592,2220.406000000,22,0.131000000,0.115000000,0.253000000
15:16:34,220719,50.561836173,-123.417271577,2220.405000000,22,0.131000000,0.115000000,0.253000000
15:16:35,220719,50.561836170,-123.417271575,2220.407000000,22,0.131000000,0.115000000,0.253000000
15:16:36,220719,50.561836177,-123.417271567,2220.408000000,22,0.131000000,0.115000000,0.253000000
15:16:37,220719,50.561836183,-123.417271567,2220.409000000,22,0.131000000,0.115000000,0.253000000
15:16:38,220719,50.561836198,-123.417271583,2220.408000000,22,0.131000000,0.115000000,0.253000000
15:16:39,220719,50.561836218,-123.417271588,2220.411000000,22,0.131000000,0.115000000,0.253000000
15:16:40,220719,50.561836223,-123.417271600,2220.412000000,22,0.131000000,0.115000000,0.253000000
15:16:41,220719,50.561836220,-123.417271620,2220.412000000,22,0.131000000,0.115000000,0.253000000
15:16:42,220719,50.561836213,-123.417271640,2220.409000000,22,0.131000000,0.115000000,0.253000000
15:16:43,220719,50.561836222,-123.417271655,2220.410000000,22,0.131000000,0.115000000,0.253000000
15:16:44,220719,50.561836227,-123.417271665,2220.409000000,22,0.131000000,0.115000000,0.253000000
15:16:45,220719,50.561836240,-123.417271678,2220.409000000,22,0.131000000,0.115000000,0.253000000
15:16:46,220719,50.561836253,-123.417271682,2220.411000000,22,0.131000000,0.115000000,0.253000000
15:16:47,220719,50.561836257,-123.417271688,2220.415000000,22,0.131000000,0.115000000,0.253000000
15:16:48,220719,50.561836260,-123.417271678,2220.415000000,22,0.131000000,0.115000000,0.253000000
15:16:49,220719,50.561836250,-123.417271677,2220.416000000,22,0.131000000,0.115000000,0.253000000
15:16:50,220719,50.561836257,-123.417271693,2220.416000000,22,0.131000000,0.115000000,0.253000000
15:16:51,220719,50.561836260,-123.417271698,2220.417000000,22,0.131000000,0.115000000,0.253000000
15:16:52,220719,50.561836257,-123.417271720,2220.417000000,22,0.131000000,0.115000000,0.253000000
15:16:53,220719,50.561836247,-123.417271740,2220.417000000,22,0.131000000,0.115000000,0.253000000
15:16:54,220719,50.561836228,-123.417271758,2220.417000000,22,0.131000000,0.115000000,0.253000000
15:16:55,220719,50.561836217,-123.417271775,2220.419000000,22,0.131000000,0.115000000,0.253000000
15:16:56,220719,50.561836223,-123.417271775,2220.420000000,22,0.131000000,0.115000000,0.253000000
15:16:57,220719,50.561836253,-123.417271797,2220.421000000,22,0.131000000,0.115000000,0.253000000
15:16:58,220719,50.561836268,-123.417271823,2220.422000000,22,0.131000000,0.115000000,0.253000000
15:16:59,220719,50.561836290,-123.417271845,2220.424000000,22,0.131000000,0.115000000,0.253000000
15:17:00,220719,50.561836310,-123.417271852,2220.424000000,22,0.131000000,0.115000000,0.252000000
15:17:01,220719,50.561836317,-123.417271847,2220.426000000,22,0.131000000,0.115000000,0.252000000
15:17:02,220719,50.561836317,-123.417271825,2220.425000000,22,0.131000000,0.115000000,0.252000000
15:17:03,220719,50.561836332,-123.417271830,2220.427000000,22,0.131000000,0.115000000,0.252000000
15:17:04,220719,50.561836343,-123.417271832,2220.428000000,22,0.131000000,0.115000000,0.252000000
15:17:05,220719,50.561836353,-123.417271848,2220.428000000,22,0.131000000,0.115000000,0.252000000
15:17:06,220719,50.561836352,-123.417271842,2220.429000000,22,0.131000000,0.115000000,0.252000000
15:17:07,220719,50.561836345,-123.417271822,2220.431000000,22,0.131000000,0.115000000,0.252000000
15:17:08,220719,50.561836335,-123.417271818,2220.431000000,22,0.131000000,0.115000000,0.252000000
15:17:09,220719,50.561836323,-123.417271807,2220.434000000,22,0.131000000,0.115000000,0.252000000
15:17:10,220719,50.561836307,-123.417271787,2220.433000000,22,0.131000000,0.115000000,0.252000000
15:17:11,220719,50.561836300,-123.417271765,2220.435000000,22,0.131000000,0.115000000,0.252000000
15:17:12,220719,50.561836292,-123.417271762,2220.434000000,22,0.131000000,0.115000000,0.252000000
15:17:13,220719,50.561836280,-123.417271747,2220.434000000,22,0.131000000,0.115000000,0.252000000
15:17:14,220719,50.561836263,-123.417271743,2220.433000000,22,0.131000000,0.115000000,0.252000000
15:17:15,220719,50.561836243,-123.417271732,2220.430000000,22,0.131000000,0.115000000,0.252000000
15:17:16,220719,50.561836237,-123.417271720,2220.432000000,22,0.131000000,0.115000000,0.252000000
15:17:17,220719,50.561836227,-123.417271710,2220.431000000,22,0.131000000,0.115000000,0.252000000
15:17:18,220719,50.561836233,-123.417271712,2220.431000000,22,0.131000000,0.115000000,0.252000000
15:17:19,220719,50.561836225,-123.417271722,2220.431000000,22,0.131000000,0.115000000,0.252000000
15:17:20,220719,50.561836230,-123.417271705,2220.432000000,22,0.131000000,0.115000000,0.252000000
15:17:21,220719,50.561836265,-123.417271710,2220.434000000,22,0.131000000,0.115000000,0.252000000
15:17:22,220719,50.561836287,-123.417271712,2220.437000000,22,0.131000000,0.115000000,0.252000000
15:17:23,220719,50.561836307,-123.417271700,2220.438000000,22,0.131000000,0.115000000,0.252000000
15:17:24,220719,50.561836322,-123.417271702,2220.439000000,22,0.131000000,0.115000000,0.252000000
15:17:25,220719,50.561836355,-123.417271695,2220.442000000,22,0.131000000,0.115000000,0.252000000
15:17:26,220719,50.561836363,-123.417271685,2220.441000000,22,0.131000000,0.115000000,0.252000000
15:17:27,220719,50.561836382,-123.417271665,2220.441000000,22,0.131000000,0.115000000,0.252000000
15:17:28,220719,50.561836400,-123.417271658,2220.443000000,22,0.131000000,0.115000000,0.252000000
15:17:29,220719,50.561836420,-123.417271658,2220.442000000,22,0.131000000,0.115000000,0.252000000
15:17:30,220719,50.561836435,-123.417271672,2220.441000000,22,0.131000000,0.115000000,0.252000000
15:17:31,220719,50.561836447,-123.417271683,2220.442000000,22,0.131000000,0.115000000,0.252000000
15:17:32,220719,50.561836447,-123.417271713,2220.439000000,22,0.131000000,0.115000000,0.252000000
15:17:33,220719,50.561836435,-123.417271720,2220.439000000,22,0.131000000,0.114000000,0.252000000
15:17:34,220719,50.561836437,-123.417271727,2220.441000000,22,0.131000000,0.114000000,0.252000000
15:17:35,220719,50.561836435,-123.417271750,2220.439000000,22,0.131000000,0.114000000,0.252000000
15:17:36,220719,50.561836432,-123.417271768,2220.438000000,22,0.131000000,0.114000000,0.252000000
15:17:37,220719,50.561836435,-123.417271805,2220.434000000,22,0.131000000,0.114000000,0.252000000
15:17:38,220719,50.561836440,-123.417271827,2220.435000000,22,0.131000000,0.114000000,0.252000000
15:17:39,220719,50.561836452,-123.417271843,2220.433000000,22,0.131000000,0.114000000,0.252000000
15:17:40,220719,50.561836465,-123.417271843,2220.432000000,22,0.131000000,0.114000000,0.252000000
15:17:41,220719,50.561836478,-123.417271850,2220.432000000,22,0.131000000,0.114000000,0.252000000
15:17:42,220719,50.561836493,-123.417271848,2220.429000000,22,0.131000000,0.114000000,0.252000000
15:17:43,220719,50.561836487,-123.417271862,2220.430000000,22,0.131000000,0.114000000,0.252000000
15:17:44,220719,50.561836507,-123.417271868,2220.428000000,22,0.131000000,0.114000000,0.252000000
15:17:45,220719,50.561836522,-123.417271885,2220.430000000,22,0.131000000,0.114000000,0.251000000
15:17:46,220719,50.561836545,-123.417271872,2220.429000000,22,0.131000000,0.114000000,0.251000000
15:17:47,220719,50.561836570,-123.417271868,2220.427000000,22,0.131000000,0.114000000,0.251000000
15:17:48,220719,50.561836590,-123.417271862,2220.425000000,22,0.131000000,0.114000000,0.251000000
15:17:49,220719,50.561836615,-123.417271877,2220.422000000,21,0.133000000,0.118000000,0.257000000
15:17:50,220719,50.561836625,-123.417271893,2220.419000000,21,0.133000000,0.118000000,0.257000000
15:17:51,220719,50.561836622,-123.417271898,2220.417000000,21,0.133000000,0.118000000,0.257000000
15:17:52,220719,50.561836625,-123.417271908,2220.415000000,21,0.133000000,0.118000000,0.257000000
15:17:53,220719,50.561836620,-123.417271923,2220.416000000,21,0.133000000,0.118000000,0.257000000
15:17:54,220719,50.561836620,-123.417271925,2220.414000000,21,0.133000000,0.118000000,0.257000000
15:17:55,220719,50.561836620,-123.417271940,2220.413000000,21,0.133000000,0.118000000,0.257000000
15:17:56,220719,50.561836615,-123.417271947,2220.412000000,21,0.133000000,0.118000000,0.257000000
15:17:57,220719,50.561836600,-123.417271958,2220.412000000,21,0.133000000,0.118000000,0.257000000
15:17:58,220719,50.561836595,-123.417271990,2220.412000000,21,0.133000000,0.118000000,0.257000000
15:17:59,220719,50.561836603,-123.417271997,2220.410000000,21,0.133000000,0.118000000,0.257000000
15:18:00,220719,50.561836598,-123.417271998,2220.408000000,21,0.133000000,0.118000000,0.257000000
15:18:01,220719,50.561836592,-123.417272012,2220.410000000,21,0.133000000,0.118000000,0.257000000
15:18:02,220719,50.561836597,-123.417271998,2220.409000000,21,0.133000000,0.118000000,0.257000000
15:18:03,220719,50.561836608,-123.417271982,2220.412000000,21,0.133000000,0.118000000,0.257000000
15:18:04,220719,50.561836607,-123.417271963,2220.412000000,21,0.133000000,0.118000000,0.257000000
15:18:05,220719,50.561836610,-123.417271952,2220.412000000,21,0.133000000,0.118000000,0.257000000
15:18:06,220719,50.561836625,-123.417271950,2220.413000000,21,0.133000000,0.118000000,0.257000000
15:18:07,220719,50.561836638,-123.417271962,2220.414000000,21,0.133000000,0.118000000,0.257000000
15:18:08,220719,50.561836637,-123.417271972,2220.415000000,21,0.133000000,0.118000000,0.257000000
15:18:09,220719,50.561836632,-123.417271983,2220.417000000,21,0.133000000,0.118000000,0.257000000
15:18:10,220719,50.561836630,-123.417271997,2220.418000000,21,0.133000000,0.118000000,0.257000000
15:18:11,220719,50.561836628,-123.417272015,2220.418000000,21,0.133000000,0.118000000,0.257000000
15:18:12,220719,50.561836632,-123.417272010,2220.420000000,21,0.133000000,0.118000000,0.257000000
15:18:13,220719,50.561836640,-123.417272018,2220.419000000,21,0.133000000,0.118000000,0.257000000
15:18:14,220719,50.561836648,-123.417272017,2220.420000000,21,0.133000000,0.118000000,0.257000000
15:18:15,220719,50.561836663,-123.417272007,2220.423000000,21,0.133000000,0.118000000,0.257000000
15:18:16,220719,50.561836665,-123.417271993,2220.421000000,21,0.133000000,0.118000000,0.257000000
15:18:17,220719,50.561836658,-123.417271985,2220.424000000,21,0.133000000,0.118000000,0.257000000
15:18:18,220719,50.561836653,-123.417271972,2220.424000000,21,0.133000000,0.118000000,0.257000000
15:18:19,220719,50.561836645,-123.417271958,2220.425000000,21,0.133000000,0.118000000,0.257000000
15:18:20,220719,50.561836627,-123.417271943,2220.424000000,21,0.133000000,0.118000000,0.257000000
15:18:21,220719,50.561836608,-123.417271955,2220.425000000,21,0.133000000,0.118000000,0.257000000
15:18:22,220719,50.561836587,-123.417271962,2220.426000000,21,0.133000000,0.118000000,0.257000000
15:18:23,220719,50.561836578,-123.417271970,2220.425000000,21,0.133000000,0.118000000,0.257000000
15:18:24,220719,50.561836577,-123.417271983,2220.426000000,21,0.133000000,0.118000000,0.257000000
15:18:25,220719,50.561836575,-123.417271983,2220.425000000,21,0.133000000,0.118000000,0.257000000
15:18:26,220719,50.561836588,-123.417271993,2220.427000000,21,0.133000000,0.118000000,0.257000000
15:18:27,220719,50.561836612,-123.417271968,2220.428000000,21,0.133000000,0.118000000,0.257000000
15:18:28,220719,50.561836628,-123.417271940,2220.431000000,21,0.133000000,0.118000000,0.257000000
15:18:29,220719,50.561836633,-123.417271917,2220.432000000,21,0.133000000,0.118000000,0.257000000
15:18:30,220719,50.561836643,-123.417271895,2220.432000000,21,0.133000000,0.118000000,0.257000000
15:18:31,220719,50.561836660,-123.417271888,2220.435000000,21,0.133000000,0.118000000,0.256000000
15:18:32,220719,50.561836643,-123.417271882,2220.436000000,21,0.133000000,0.118000000,0.256000000
15:18:33,220719,50.561836640,-123.417271885,2220.437000000,21,0.133000000,0.118000000,0.256000000
15:18:34,220719,50.561836635,-123.417271883,2220.437000000,21,0.133000000,0.118000000,0.256000000
15:18:35,220719,50.561836640,-123.417271870,2220.440000000,21,0.133000000,0.118000000,0.256000000
15:18:36,220719,50.561836640,-123.417271875,2220.442000000,21,0.133000000,0.118000000,0.256000000
15:18:37,220719,50.561836630,-123.417271873,2220.444000000,21,0.133000000,0.118000000,0.256000000
15:18:38,220719,50.561836610,-123.417271867,2220.443000000,21,0.133000000,0.118000000,0.256000000
15:18:39,220719,50.561836592,-123.417271872,2220.444000000,21,0.133000000,0.118000000,0.256000000
15:18:40,220719,50.561836575,-123.417271865,2220.444000000,21,0.133000000,0.118000000,0.256000000
15:18:41,220719,50.561836562,-123.417271875,2220.443000000,21,0.133000000,0.118000000,0.256000000
15:18:42,220719,50.561836542,-123.417271872,2220.445000000,21,0.133000000,0.118000000,0.256000000
15:18:43,220719,50.561836535,-123.417271862,2220.444000000,21,0.133000000,0.118000000,0.256000000
15:18:44,220719,50.561836538,-123.417271870,2220.445000000,21,0.133000000,0.118000000,0.256000000
15:18:45,220719,50.561836545,-123.417271857,2220.444000000,21,0.133000000,0.118000000,0.256000000
15:18:46,220719,50.561836562,-123.417271867,2220.446000000,21,0.133000000,0.118000000,0.256000000
15:18:47,220719,50.561836577,-123.417271858,2220.444000000,21,0.133000000,0.118000000,0.256000000
15:18:48,220719,50.561836587,-123.417271862,2220.445000000,21,0.133000000,0.118000000,0.256000000
15:18:49,220719,50.561836593,-123.417271845,2220.444000000,21,0.133000000,0.118000000,0.256000000
15:18:50,220719,50.561836595,-123.417271828,2220.446000000,21,0.133000000,0.118000000,0.256000000
15:18:51,220719,50.561836598,-123.417271823,2220.447000000,21,0.133000000,0.118000000,0.256000000
15:18:52,220719,50.561836600,-123.417271817,2220.445000000,21,0.133000000,0.118000000,0.256000000
15:18:53,220719,50.561836610,-123.417271820,2220.446000000,21,0.133000000,0.118000000,0.256000000
15:18:54,220719,50.561836613,-123.417271808,2220.449000000,21,0.133000000,0.118000000,0.256000000
15:18:55,220719,50.561836608,-123.417271800,2220.451000000,21,0.133000000,0.118000000,0.256000000
15:18:56,220719,50.561836620,-123.417271807,2220.452000000,21,0.133000000,0.118000000,0.256000000
15:18:57,220719,50.561836608,-123.417271803,2220.455000000,21,0.133000000,0.118000000,0.256000000
15:18:58,220719,50.561836612,-123.417271785,2220.456000000,21,0.133000000,0.118000000,0.256000000
15:18:59,220719,50.561836610,-123.417271772,2220.457000000,21,0.133000000,0.118000000,0.256000000
15:19:00,220719,50.561836598,-123.417271770,2220.460000000,21,0.133000000,0.118000000,0.256000000
15:19:01,220719,50.561836602,-123.417271767,2220.461000000,21,0.133000000,0.118000000,0.256000000
15:19:02,220719,50.561836607,-123.417271775,2220.464000000,21,0.133000000,0.118000000,0.256000000
15:19:03,220719,50.561836618,-123.417271777,2220.464000000,21,0.133000000,0.118000000,0.256000000
15:19:04,220719,50.561836618,-123.417271772,2220.464000000,21,0.133000000,0.118000000,0.256000000
15:19:05,220719,50.561836615,-123.417271765,2220.465000000,21,0.133000000,0.118000000,0.256000000
15:19:06,220719,50.561836622,-123.417271750,2220.466000000,21,0.133000000,0.118000000,0.256000000
15:19:07,220719,50.561836615,-123.417271755,2220.467000000,21,0.133000000,0.118000000,0.256000000
15:19:08,220719,50.561836632,-123.417271772,2220.468000000,21,0.133000000,0.118000000,0.256000000
15:19:09,220719,50.561836635,-123.417271787,2220.466000000,21,0.133000000,0.118000000,0.256000000
15:19:10,220719,50.561836638,-123.417271817,2220.467000000,21,0.133000000,0.118000000,0.256000000
15:19:11,220719,50.561836638,-123.417271828,2220.466000000,21,0.133000000,0.118000000,0.256000000
15:19:12,220719,50.561836645,-123.417271833,2220.467000000,21,0.133000000,0.118000000,0.256000000
15:19:13,220719,50.561836640,-123.417271828,2220.466000000,21,0.133000000,0.118000000,0.256000000
15:19:14,220719,50.561836638,-123.417271828,2220.464000000,21,0.133000000,0.118000000,0.256000000
15:19:15,220719,50.561836630,-123.417271830,2220.463000000,21,0.133000000,0.118000000,0.256000000
15:19:16,220719,50.561836632,-123.417271835,2220.467000000,21,0.133000000,0.118000000,0.255000000
15:19:17,220719,50.561836637,-123.417271842,2220.464000000,21,0.133000000,0.118000000,0.255000000
15:19:18,220719,50.561836625,-123.417271848,2220.466000000,21,0.133000000,0.118000000,0.255000000
15:19:19,220719,50.561836620,-123.417271848,2220.463000000,21,0.133000000,0.118000000,0.255000000
15:19:20,220719,50.561836618,-123.417271852,2220.463000000,21,0.133000000,0.118000000,0.255000000
15:19:21,220719,50.561836635,-123.417271868,2220.463000000,21,0.133000000,0.118000000,0.255000000
15:19:22,220719,50.561836645,-123.417271898,2220.463000000,21,0.133000000,0.118000000,0.255000000
15:19:23,220719,50.561836657,-123.417271913,2220.463000000,21,0.133000000,0.118000000,0.255000000
15:19:24,220719,50.561836680,-123.417271925,2220.460000000,21,0.133000000,0.118000000,0.255000000
15:19:25,220719,50.561836695,-123.417271957,2220.460000000,21,0.133000000,0.118000000,0.255000000
15:19:26,220719,50.561836693,-123.417271960,2220.459000000,21,0.133000000,0.118000000,0.255000000
15:19:27,220719,50.561836687,-123.417271968,2220.455000000,21,0.133000000,0.118000000,0.255000000
15:19:28,220719,50.561836685,-123.417271988,2220.453000000,21,0.133000000,0.118000000,0.255000000
15:19:29,220719,50.561836677,-123.417271985,2220.450000000,21,0.133000000,0.118000000,0.255000000
15:19:30,220719,50.561836660,-123.417271975,2220.448000000,21,0.133000000,0.118000000,0.255000000
15:19:31,220719,50.561836658,-123.417271995,2220.447000000,21,0.133000000,0.118000000,0.255000000
15:19:32,220719,50.561836657,-123.417271997,2220.445000000,21,0.133000000,0.118000000,0.255000000
15:19:33,220719,50.561836660,-123.417271985,2220.444000000,21,0.133000000,0.118000000,0.255000000
15:19:34,220719,50.561836667,-123.417271977,2220.445000000,21,0.133000000,0.118000000,0.255000000
15:19:35,220719,50.561836665,-123.417271972,2220.445000000,21,0.133000000,0.118000000,0.255000000
15:19:36,220719,50.561836670,-123.417271968,2220.444000000,21,0.133000000,0.118000000,0.255000000
15:19:37,220719,50.561836668,-123.417271965,2220.442000000,21,0.133000000,0.118000000,0.255000000
15:19:38,220719,50.561836668,-123.417271952,2220.440000000,21,0.133000000,0.118000000,0.255000000
15:19:39,220719,50.561836665,-123.417271947,2220.439000000,21,0.133000000,0.118000000,0.255000000
15:19:40,220719,50.561836663,-123.417271935,2220.440000000,21,0.133000000,0.118000000,0.255000000
15:19:41,220719,50.561836660,-123.417271925,2220.442000000,21,0.133000000,0.118000000,0.255000000
15:19:42,220719,50.561836665,-123.417271913,2220.443000000,21,0.133000000,0.118000000,0.255000000
15:19:43,220719,50.561836658,-123.417271918,2220.445000000,21,0.133000000,0.118000000,0.255000000
15:19:44,220719,50.561836662,-123.417271892,2220.445000000,21,0.133000000,0.118000000,0.255000000
15:19:45,220719,50.561836680,-123.417271878,2220.447000000,21,0.133000000,0.118000000,0.255000000
15:19:46,220719,50.561836683,-123.417271857,2220.449000000,21,0.133000000,0.118000000,0.255000000
15:19:47,220719,50.561836678,-123.417271828,2220.448000000,21,0.133000000,0.118000000,0.255000000
15:19:48,220719,50.561836672,-123.417271798,2220.450000000,21,0.133000000,0.118000000,0.255000000
15:19:49,220719,50.561836647,-123.417271775,2220.451000000,21,0.133000000,0.118000000,0.255000000
15:19:50,220719,50.561836633,-123.417271777,2220.453000000,21,0.133000000,0.118000000,0.255000000
15:19:51,220719,50.561836620,-123.417271760,2220.455000000,21,0.133000000,0.118000000,0.255000000
15:19:52,220719,50.561836623,-123.417271757,2220.458000000,21,0.133000000,0.118000000,0.255000000
15:19:53,220719,50.561836613,-123.417271752,2220.461000000,21,0.133000000,0.118000000,0.255000000
15:19:54,220719,50.561836610,-123.417271748,2220.460000000,21,0.133000000,0.118000000,0.255000000
15:19:55,220719,50.561836610,-123.417271745,2220.461000000,21,0.133000000,0.118000000,0.255000000
15:19:56,220719,50.561836608,-123.417271748,2220.461000000,21,0.133000000,0.118000000,0.255000000
15:19:57,220719,50.561836602,-123.417271752,2220.462000000,21,0.133000000,0.118000000,0.255000000
15:19:58,220719,50.561836592,-123.417271730,2220.462000000,21,0.133000000,0.118000000,0.255000000
15:19:59,220719,50.561836575,-123.417271727,2220.461000000,21,0.133000000,0.118000000,0.255000000
15:20:00,220719,50.561836570,-123.417271717,2220.461000000,21,0.133000000,0.118000000,0.255000000
15:20:01,220719,50.561836567,-123.417271712,2220.464000000,21,0.133000000,0.118000000,0.254000000
15:20:02,220719,50.561836558,-123.417271700,2220.467000000,21,0.133000000,0.118000000,0.254000000
15:20:03,220719,50.561836545,-123.417271685,2220.466000000,21,0.133000000,0.118000000,0.254000000
15:20:04,220719,50.561836545,-123.417271673,2220.471000000,21,0.133000000,0.118000000,0.254000000
15:20:05,220719,50.561836538,-123.417271657,2220.473000000,21,0.133000000,0.118000000,0.254000000
15:20:06,220719,50.561836547,-123.417271647,2220.474000000,21,0.133000000,0.118000000,0.254000000
15:20:07,220719,50.561836545,-123.417271653,2220.474000000,21,0.133000000,0.118000000,0.254000000
15:20:08,220719,50.561836540,-123.417271658,2220.475000000,21,0.133000000,0.118000000,0.254000000
15:20:09,220719,50.561836540,-123.417271675,2220.476000000,21,0.133000000,0.118000000,0.254000000
15:20:10,220719,50.561836542,-123.417271692,2220.477000000,21,0.133000000,0.118000000,0.254000000
15:20:11,220719,50.561836548,-123.417271733,2220.479000000,21,0.133000000,0.118000000,0.254000000
15:20:12,220719,50.561836545,-123.417271753,2220.478000000,21,0.133000000,0.118000000,0.254000000
15:20:13,220719,50.561836548,-123.417271787,2220.477000000,21,0.133000000,0.118000000,0.254000000
15:20:14,220719,50.561836557,-123.417271823,2220.473000000,21,0.133000000,0.118000000,0.254000000
15:20:15,220719,50.561836565,-123.417271840,2220.468000000,21,0.133000000,0.118000000,0.254000000
15:20:16,220719,50.561836573,-123.417271858,2220.465000000,21,0.133000000,0.118000000,0.254000000
15:20:17,220719,50.561836587,-123.417271867,2220.461000000,21,0.133000000,0.118000000,0.254000000
15:20:18,220719,50.561836588,-123.417271877,2220.461000000,21,0.133000000,0.118000000,0.254000000
15:20:19,220719,50.561836585,-123.417271922,2220.461000000,21,0.133000000,0.118000000,0.254000000
15:20:20,220719,50.561836595,-123.417271973,2220.460000000,21,0.133000000,0.118000000,0.254000000
15:20:21,220719,50.561836603,-123.417272017,2220.458000000,21,0.133000000,0.118000000,0.254000000
15:20:22,220719,50.561836607,-123.417272048,2220.457000000,21,0.133000000,0.118000000,0.254000000
15:20:23,220719,50.561836613,-123.417272077,2220.455000000,21,0.133000000,0.118000000,0.254000000
15:20:24,220719,50.561836627,-123.417272097,2220.453000000,21,0.133000000,0.118000000,0.254000000
15:20:25,220719,50.561836630,-123.417272112,2220.449000000,21,0.133000000,0.118000000,0.254000000
15:20:26,220719,50.561836627,-123.417272125,2220.447000000,21,0.133000000,0.118000000,0.254000000
15:20:27,220719,50.561836635,-123.417272148,2220.446000000,21,0.133000000,0.118000000,0.254000000
15:20:28,220719,50.561836640,-123.417272167,2220.445000000,21,0.133000000,0.118000000,0.254000000
15:20:29,220719,50.561836638,-123.417272188,2220.444000000,21,0.133000000,0.118000000,0.254000000
15:20:30,220719,50.561836648,-123.417272190,2220.444000000,21,0.133000000,0.118000000,0.254000000
15:20:31,220719,50.561836648,-123.417272205,2220.445000000,21,0.133000000,0.118000000,0.254000000
15:20:32,220719,50.561836660,-123.417272193,2220.443000000,21,0.133000000,0.118000000,0.254000000
15:20:33,220719,50.561836662,-123.417272202,2220.443000000,21,0.133000000,0.118000000,0.254000000
15:20:34,220719,50.561836663,-123.417272198,2220.442000000,21,0.133000000,0.118000000,0.254000000
15:20:35,220719,50.561836657,-123.417272195,2220.441000000,21,0.133000000,0.118000000,0.254000000
15:20:36,220719,50.561836652,-123.417272207,2220.441000000,21,0.133000000,0.118000000,0.254000000
15:20:37,220719,50.561836650,-123.417272207,2220.439000000,21,0.133000000,0.118000000,0.254000000
15:20:38,220719,50.561836638,-123.417272218,2220.438000000,21,0.133000000,0.118000000,0.254000000
15:20:39,220719,50.561836632,-123.417272225,2220.438000000,21,0.133000000,0.118000000,0.254000000
15:20:40,220719,50.561836613,-123.417272233,2220.438000000,20,0.134000000,0.130000000,0.275000000
15:20:41,220719,50.561836617,-123.417272263,2220.442000000,20,0.134000000,0.130000000,0.275000000
15:20:42,220719,50.561836613,-123.417272288,2220.442000000,20,0.134000000,0.130000000,0.275000000
15:20:43,220719,50.561836615,-123.417272303,2220.445000000,20,0.134000000,0.130000000,0.275000000
15:20:44,220719,50.561836633,-123.417272320,2220.444000000,20,0.134000000,0.130000000,0.275000000
15:20:45,220719,50.561836662,-123.417272335,2220.447000000,20,0.134000000,0.130000000,0.275000000
15:20:46,220719,50.561836683,-123.417272317,2220.446000000,20,0.134000000,0.130000000,0.275000000
15:20:47,220719,50.561836703,-123.417272323,2220.447000000,20,0.134000000,0.130000000,0.275000000
15:20:48,220719,50.561836725,-123.417272327,2220.447000000,20,0.134000000,0.130000000,0.275000000
15:20:49,220719,50.561836737,-123.417272310,2220.444000000,20,0.134000000,0.130000000,0.275000000
15:20:50,220719,50.561836743,-123.417272308,2220.441000000,20,0.134000000,0.130000000,0.275000000
15:20:51,220719,50.561836763,-123.417272298,2220.436000000,20,0.134000000,0.130000000,0.275000000
15:20:52,220719,50.561836775,-123.417272303,2220.434000000,20,0.134000000,0.130000000,0.275000000
15:20:53,220719,50.561836785,-123.417272308,2220.434000000,20,0.134000000,0.130000000,0.275000000
15:20:54,220719,50.561836792,-123.417272313,2220.432000000,20,0.134000000,0.130000000,0.275000000
15:20:55,220719,50.561836792,-123.417272325,2220.431000000,20,0.134000000,0.130000000,0.275000000
15:20:56,220719,50.561836782,-123.417272318,2220.429000000,20,0.134000000,0.130000000,0.275000000
15:20:57,220719,50.561836765,-123.417272302,2220.426000000,20,0.134000000,0.130000000,0.275000000
15:20:58,220719,50.561836745,-123.417272303,2220.424000000,20,0.134000000,0.130000000,0.274000000
15:20:59,220719,50.561836722,-123.417272310,2220.423000000,21,0.124000000,0.130000000,0.264000000
15:21:00,220719,50.561836713,-123.417272305,2220.417000000,21,0.124000000,0.130000000,0.264000000
15:21:01,220719,50.561836693,-123.417272310,2220.414000000,21,0.124000000,0.130000000,0.264000000
15:21:02,220719,50.561836690,-123.417272305,2220.412000000,21,0.124000000,0.130000000,0.264000000
15:21:03,220719,50.561836677,-123.417272307,2220.411000000,21,0.124000000,0.130000000,0.264000000
15:21:04,220719,50.561836675,-123.417272297,2220.409000000,21,0.124000000,0.130000000,0.264000000
15:21:05,220719,50.561836672,-123.417272287,2220.410000000,21,0.124000000,0.130000000,0.264000000
15:21:06,220719,50.561836677,-123.417272288,2220.408000000,21,0.124000000,0.130000000,0.264000000
15:21:07,220719,50.561836673,-123.417272292,2220.407000000,21,0.124000000,0.130000000,0.264000000
15:21:08,220719,50.561836678,-123.417272287,2220.407000000,21,0.124000000,0.130000000,0.263000000
15:21:09,220719,50.561836667,-123.417272295,2220.404000000,21,0.124000000,0.130000000,0.263000000
15:21:10,220719,50.561836665,-123.417272293,2220.404000000,21,0.124000000,0.130000000,0.263000000
15:21:11,220719,50.561836677,-123.417272288,2220.404000000,21,0.124000000,0.130000000,0.263000000
15:21:12,220719,50.561836683,-123.417272288,2220.406000000,21,0.124000000,0.130000000,0.263000000
15:21:13,220719,50.561836675,-123.417272298,2220.406000000,21,0.124000000,0.130000000,0.263000000
15:21:14,220719,50.561836658,-123.417272322,2220.407000000,21,0.124000000,0.130000000,0.263000000
15:21:15,220719,50.561836640,-123.417272327,2220.404000000,21,0.124000000,0.130000000,0.263000000
15:21:16,220719,50.561836618,-123.417272350,2220.403000000,21,0.124000000,0.130000000,0.263000000
15:21:17,220719,50.561836613,-123.417272375,2220.402000000,21,0.124000000,0.130000000,0.263000000
15:21:18,220719,50.561836605,-123.417272380,2220.401000000,21,0.124000000,0.130000000,0.263000000
15:21:19,220719,50.561836605,-123.417272400,2220.400000000,21,0.124000000,0.130000000,0.263000000
15:21:20,220719,50.561836595,-123.417272425,2220.403000000,21,0.124000000,0.130000000,0.263000000
15:21:21,220719,50.561836590,-123.417272443,2220.401000000,21,0.124000000,0.130000000,0.263000000
15:21:22,220719,50.561836583,-123.417272445,2220.397000000,21,0.124000000,0.130000000,0.263000000
15:21:23,220719,50.561836573,-123.417272465,2220.395000000,21,0.124000000,0.130000000,0.263000000
15:21:24,220719,50.561836553,-123.417272467,2220.392000000,21,0.124000000,0.130000000,0.263000000
15:21:25,220719,50.561836530,-123.417272465,2220.392000000,21,0.124000000,0.130000000,0.263000000
15:21:26,220719,50.561836520,-123.417272460,2220.390000000,21,0.124000000,0.130000000,0.263000000
15:21:27,220719,50.561836500,-123.417272473,2220.391000000,21,0.124000000,0.130000000,0.263000000
15:21:28,220719,50.561836492,-123.417272475,2220.391000000,21,0.124000000,0.130000000,0.263000000
15:21:29,220719,50.561836470,-123.417272467,2220.391000000,21,0.124000000,0.130000000,0.263000000
15:21:30,220719,50.561836463,-123.417272468,2220.393000000,21,0.124000000,0.130000000,0.263000000
15:21:31,220719,50.561836473,-123.417272463,2220.392000000,21,0.124000000,0.130000000,0.263000000
15:21:32,220719,50.561836483,-123.417272450,2220.393000000,21,0.124000000,0.130000000,0.263000000
15:21:33,220719,50.561836492,-123.417272413,2220.392000000,21,0.124000000,0.130000000,0.263000000
15:21:34,220719,50.561836495,-123.417272400,2220.393000000,21,0.124000000,0.130000000,0.263000000
15:21:35,220719,50.561836490,-123.417272388,2220.394000000,21,0.124000000,0.130000000,0.263000000
15:21:36,220719,50.561836490,-123.417272393,2220.394000000,21,0.124000000,0.130000000,0.263000000
15:21:37,220719,50.561836497,-123.417272398,2220.396000000,21,0.124000000,0.130000000,0.263000000
15:21:38,220719,50.561836492,-123.417272417,2220.399000000,21,0.124000000,0.130000000,0.263000000
15:21:39,220719,50.561836487,-123.417272417,2220.396000000,21,0.124000000,0.130000000,0.263000000
15:21:40,220719,50.561836477,-123.417272418,2220.396000000,21,0.124000000,0.130000000,0.263000000
15:21:41,220719,50.561836463,-123.417272423,2220.400000000,21,0.124000000,0.130000000,0.263000000
15:21:42,220719,50.561836447,-123.417272428,2220.402000000,21,0.124000000,0.130000000,0.263000000
15:21:43,220719,50.561836428,-123.417272423,2220.403000000,21,0.124000000,0.130000000,0.263000000
15:21:44,220719,50.561836418,-123.417272423,2220.407000000,21,0.124000000,0.130000000,0.263000000
15:21:45,220719,50.561836413,-123.417272422,2220.406000000,21,0.124000000,0.130000000,0.263000000
15:21:46,220719,50.561836403,-123.417272415,2220.410000000,21,0.124000000,0.130000000,0.263000000
15:21:47,220719,50.561836397,-123.417272392,2220.410000000,21,0.124000000,0.130000000,0.263000000
15:21:48,220719,50.561836407,-123.417272408,2220.412000000,21,0.124000000,0.130000000,0.263000000
15:21:49,220719,50.561836400,-123.417272407,2220.414000000,21,0.124000000,0.130000000,0.263000000
15:21:50,220719,50.561836407,-123.417272447,2220.417000000,21,0.124000000,0.130000000,0.263000000
15:21:51,220719,50.561836403,-123.417272480,2220.420000000,21,0.124000000,0.130000000,0.263000000
15:21:52,220719,50.561836417,-123.417272522,2220.420000000,21,0.124000000,0.130000000,0.263000000
15:21:53,220719,50.561836430,-123.417272525,2220.420000000,21,0.124000000,0.130000000,0.263000000
15:21:54,220719,50.561836427,-123.417272542,2220.424000000,21,0.124000000,0.130000000,0.263000000
15:21:55,220719,50.561836440,-123.417272530,2220.427000000,21,0.124000000,0.130000000,0.263000000
15:21:56,220719,50.561836447,-123.417272528,2220.429000000,21,0.124000000,0.130000000,0.263000000
15:21:57,220719,50.561836477,-123.417272537,2220.431000000,21,0.124000000,0.130000000,0.263000000
15:21:58,220719,50.561836502,-123.417272543,2220.431000000,21,0.124000000,0.130000000,0.263000000
15:21:59,220719,50.561836522,-123.417272568,2220.433000000,21,0.124000000,0.130000000,0.263000000
15:22:00,220719,50.561836523,-123.417272563,2220.435000000,21,0.124000000,0.130000000,0.263000000
15:22:01,220719,50.561836532,-123.417272548,2220.435000000,21,0.124000000,0.130000000,0.263000000
15:22:02,220719,50.561836518,-123.417272555,2220.436000000,21,0.124000000,0.130000000,0.263000000
15:22:03,220719,50.561836488,-123.417272560,2220.436000000,21,0.124000000,0.130000000,0.263000000
15:22:04,220719,50.561836473,-123.417272562,2220.438000000,21,0.124000000,0.130000000,0.263000000
15:22:05,220719,50.561836462,-123.417272578,2220.439000000,21,0.124000000,0.130000000,0.263000000
15:22:06,220719,50.561836445,-123.417272598,2220.441000000,21,0.124000000,0.130000000,0.263000000
15:22:07,220719,50.561836442,-123.417272607,2220.440000000,21,0.124000000,0.130000000,0.263000000
15:22:08,220719,50.561836437,-123.417272617,2220.443000000,21,0.124000000,0.130000000,0.263000000
15:22:09,220719,50.561836427,-123.417272597,2220.439000000,21,0.124000000,0.130000000,0.263000000
15:22:10,220719,50.561836410,-123.417272577,2220.441000000,21,0.124000000,0.130000000,0.263000000
15:22:11,220719,50.561836402,-123.417272577,2220.441000000,21,0.124000000,0.130000000,0.263000000
15:22:12,220719,50.561836402,-123.417272583,2220.442000000,21,0.124000000,0.130000000,0.263000000
15:22:13,220719,50.561836420,-123.417272585,2220.444000000,21,0.124000000,0.130000000,0.263000000
15:22:14,220719,50.561836432,-123.417272575,2220.446000000,21,0.124000000,0.130000000,0.263000000
15:22:15,220719,50.561836453,-123.417272570,2220.449000000,21,0.124000000,0.130000000,0.263000000
15:22:16,220719,50.561836447,-123.417272562,2220.449000000,21,0.124000000,0.130000000,0.263000000
15:22:17,220719,50.561836450,-123.417272573,2220.452000000,21,0.124000000,0.130000000,0.263000000
15:22:18,220719,50.561836452,-123.417272572,2220.453000000,21,0.124000000,0.130000000,0.263000000
15:22:19,220719,50.561836455,-123.417272570,2220.453000000,21,0.124000000,0.130000000,0.263000000
15:22:20,220719,50.561836450,-123.417272568,2220.454000000,21,0.124000000,0.130000000,0.263000000
15:22:21,220719,50.561836447,-123.417272565,2220.453000000,21,0.124000000,0.130000000,0.263000000
15:22:22,220719,50.561836457,-123.417272572,2220.452000000,21,0.124000000,0.130000000,0.263000000
15:22:23,220719,50.561836450,-123.417272578,2220.451000000,21,0.124000000,0.130000000,0.263000000
15:22:24,220719,50.561836437,-123.417272587,2220.448000000,21,0.124000000,0.130000000,0.263000000
15:22:25,220719,50.561836450,-123.417272598,2220.447000000,21,0.124000000,0.130000000,0.263000000
15:22:26,220719,50.561836458,-123.417272622,2220.448000000,21,0.124000000,0.130000000,0.263000000
15:22:27,220719,50.561836463,-123.417272655,2220.447000000,21,0.124000000,0.130000000,0.263000000
15:22:28,220719,50.561836468,-123.417272682,2220.445000000,21,0.124000000,0.130000000,0.263000000
15:22:29,220719,50.561836477,-123.417272712,2220.446000000,21,0.124000000,0.130000000,0.263000000
15:22:30,220719,50.561836480,-123.417272752,2220.444000000,21,0.124000000,0.130000000,0.263000000
15:22:31,220719,50.561836478,-123.417272772,2220.445000000,21,0.124000000,0.130000000,0.263000000
15:22:32,220719,50.561836477,-123.417272788,2220.445000000,21,0.124000000,0.130000000,0.262000000
15:22:33,220719,50.561836477,-123.417272780,2220.443000000,21,0.124000000,0.130000000,0.262000000
15:22:34,220719,50.561836472,-123.417272777,2220.444000000,21,0.124000000,0.130000000,0.262000000
15:22:35,220719,50.561836447,-123.417272758,2220.441000000,21,0.124000000,0.130000000,0.262000000
15:22:36,220719,50.561836443,-123.417272755,2220.439000000,21,0.124000000,0.130000000,0.262000000
15:22:37,220719,50.561836423,-123.417272752,2220.436000000,21,0.124000000,0.130000000,0.262000000
15:22:38,220719,50.561836418,-123.417272752,2220.433000000,21,0.124000000,0.129000000,0.262000000
15:22:39,220719,50.561836427,-123.417272732,2220.431000000,21,0.124000000,0.129000000,0.262000000
15:22:40,220719,50.561836430,-123.417272718,2220.427000000,21,0.124000000,0.129000000,0.262000000
15:22:41,220719,50.561836435,-123.417272728,2220.428000000,21,0.124000000,0.129000000,0.262000000
15:22:42,220719,50.561836427,-123.417272722,2220.427000000,21,0.124000000,0.129000000,0.262000000
15:22:43,220719,50.561836432,-123.417272733,2220.431000000,21,0.124000000,0.129000000,0.262000000
15:22:44,220719,50.561836420,-123.417272738,2220.432000000,21,0.124000000,0.129000000,0.262000000
15:22:45,220719,50.561836412,-123.417272750,2220.435000000,21,0.124000000,0.129000000,0.262000000
15:22:46,220719,50.561836403,-123.417272737,2220.433000000,21,0.124000000,0.129000000,0.262000000
15:22:47,220719,50.561836380,-123.417272742,2220.432000000,21,0.124000000,0.129000000,0.262000000
15:22:48,220719,50.561836372,-123.417272722,2220.431000000,21,0.124000000,0.129000000,0.262000000
15:22:49,220719,50.561836368,-123.417272720,2220.426000000,21,0.124000000,0.129000000,0.262000000
15:22:50,220719,50.561836363,-123.417272735,2220.429000000,21,0.124000000,0.129000000,0.262000000
15:22:51,220719,50.561836365,-123.417272750,2220.429000000,21,0.124000000,0.129000000,0.262000000
15:22:52,220719,50.561836358,-123.417272765,2220.429000000,21,0.124000000,0.129000000,0.262000000
15:22:53,220719,50.561836353,-123.417272797,2220.429000000,21,0.124000000,0.129000000,0.262000000
15:22:54,220719,50.561836343,-123.417272810,2220.428000000,21,0.124000000,0.129000000,0.262000000
15:22:55,220719,50.561836320,-123.417272817,2220.429000000,21,0.124000000,0.129000000,0.262000000
15:22:56,220719,50.561836315,-123.417272837,2220.429000000,21,0.124000000,0.129000000,0.262000000
15:22:57,220719,50.561836323,-123.417272830,2220.431000000,21,0.124000000,0.129000000,0.262000000
15:22:58,220719,50.561836328,-123.417272835,2220.429000000,21,0.124000000,0.129000000,0.262000000
15:22:59,220719,50.561836318,-123.417272833,2220.428000000,21,0.124000000,0.129000000,0.262000000
15:23:00,220719,50.561836315,-123.417272837,2220.430000000,21,0.124000000,0.129000000,0.262000000
15:23:01,220719,50.561836307,-123.417272822,2220.429000000,21,0.124000000,0.129000000,0.262000000
15:23:02,220719,50.561836303,-123.417272812,2220.431000000,21,0.124000000,0.129000000,0.262000000
15:23:03,220719,50.561836305,-123.417272800,2220.432000000,21,0.124000000,0.129000000,0.262000000
15:23:04,220719,50.561836300,-123.417272778,2220.436000000,21,0.124000000,0.129000000,0.262000000
15:23:05,220719,50.561836293,-123.417272763,2220.435000000,21,0.124000000,0.129000000,0.262000000
15:23:06,220719,50.561836287,-123.417272758,2220.438000000,21,0.124000000,0.129000000,0.262000000
15:23:07,220719,50.561836275,-123.417272747,2220.442000000,21,0.124000000,0.129000000,0.262000000
15:23:08,220719,50.561836273,-123.417272743,2220.443000000,21,0.124000000,0.129000000,0.262000000
15:23:09,220719,50.561836257,-123.417272735,2220.446000000,21,0.124000000,0.129000000,0.262000000
15:23:10,220719,50.561836253,-123.417272730,2220.448000000,21,0.124000000,0.129000000,0.262000000
15:23:11,220719,50.561836248,-123.417272730,2220.449000000,21,0.124000000,0.129000000,0.262000000
15:23:12,220719,50.561836238,-123.417272747,2220.452000000,21,0.124000000,0.129000000,0.262000000
15:23:13,220719,50.561836225,-123.417272765,2220.451000000,21,0.124000000,0.129000000,0.262000000
15:23:14,220719,50.561836220,-123.417272782,2220.449000000,21,0.124000000,0.129000000,0.262000000
15:23:15,220719,50.561836218,-123.417272790,2220.450000000,21,0.124000000,0.129000000,0.262000000
15:23:16,220719,50.561836200,-123.417272787,2220.451000000,21,0.124000000,0.129000000,0.262000000
15:23:17,220719,50.561836185,-123.417272788,2220.449000000,21,0.124000000,0.129000000,0.262000000
15:23:18,220719,50.561836165,-123.417272797,2220.451000000,20,0.124000000,0.138000000,0.267000000
15:23:19,220719,50.561836148,-123.417272803,2220.454000000,20,0.124000000,0.138000000,0.267000000
15:23:20,220719,50.561836123,-123.417272792,2220.455000000,20,0.124000000,0.138000000,0.267000000
15:23:21,220719,50.561836095,-123.417272768,2220.457000000,20,0.124000000,0.138000000,0.267000000
15:23:22,220719,50.561836073,-123.417272755,2220.458000000,20,0.124000000,0.138000000,0.267000000
15:23:23,220719,50.561836062,-123.417272743,2220.461000000,20,0.124000000,0.138000000,0.267000000
15:23:24,220719,50.561836048,-123.417272762,2220.462000000,20,0.124000000,0.138000000,0.267000000
15:23:25,220719,50.561836042,-123.417272767,2220.465000000,20,0.124000000,0.138000000,0.267000000
15:23:26,220719,50.561836050,-123.417272795,2220.467000000,20,0.124000000,0.138000000,0.267000000
15:23:27,220719,50.561836060,-123.417272810,2220.469000000,20,0.124000000,0.138000000,0.267000000
15:23:28,220719,50.561836077,-123.417272832,2220.471000000,20,0.124000000,0.138000000,0.267000000
15:23:29,220719,50.561836082,-123.417272853,2220.470000000,20,0.124000000,0.138000000,0.267000000
15:23:30,220719,50.561836097,-123.417272897,2220.469000000,20,0.124000000,0.138000000,0.267000000
15:23:31,220719,50.561836100,-123.417272930,2220.472000000,20,0.124000000,0.138000000,0.267000000
15:23:32,220719,50.561836112,-123.417272970,2220.474000000,20,0.124000000,0.138000000,0.267000000
15:23:33,220719,50.561836115,-123.417273012,2220.475000000,20,0.124000000,0.138000000,0.267000000
15:23:34,220719,50.561836130,-123.417273035,2220.476000000,20,0.124000000,0.138000000,0.267000000
15:23:35,220719,50.561836142,-123.417273053,2220.478000000,20,0.124000000,0.138000000,0.267000000
15:23:36,220719,50.561836153,-123.417273080,2220.479000000,20,0.124000000,0.138000000,0.267000000
15:23:37,220719,50.561836170,-123.417273108,2220.481000000,20,0.124000000,0.138000000,0.267000000
15:23:38,220719,50.561836188,-123.417273153,2220.478000000,20,0.124000000,0.138000000,0.267000000
15:23:39,220719,50.561836188,-123.417273195,2220.478000000,20,0.124000000,0.138000000,0.267000000
15:23:40,220719,50.561836177,-123.417273215,2220.476000000,20,0.124000000,0.138000000,0.267000000
15:23:41,220719,50.561836170,-123.417273233,2220.475000000,20,0.124000000,0.138000000,0.267000000
15:23:42,220719,50.561836168,-123.417273255,2220.473000000,20,0.124000000,0.138000000,0.267000000
15:23:43,220719,50.561836158,-123.417273267,2220.471000000,20,0.124000000,0.138000000,0.267000000
15:23:44,220719,50.561836147,-123.417273282,2220.469000000,20,0.124000000,0.138000000,0.267000000
15:23:45,220719,50.561836152,-123.417273278,2220.470000000,20,0.124000000,0.138000000,0.267000000
15:23:46,220719,50.561836173,-123.417273283,2220.474000000,20,0.124000000,0.138000000,0.267000000
15:23:47,220719,50.561836183,-123.417273285,2220.474000000,20,0.124000000,0.138000000,0.267000000
15:23:48,220719,50.561836175,-123.417273267,2220.477000000,20,0.124000000,0.138000000,0.267000000
15:23:49,220719,50.561836183,-123.417273243,2220.476000000,20,0.124000000,0.138000000,0.267000000
15:23:50,220719,50.561836178,-123.417273260,2220.475000000,20,0.124000000,0.138000000,0.267000000
15:23:51,220719,50.561836180,-123.417273292,2220.476000000,20,0.124000000,0.137000000,0.267000000
15:23:52,220719,50.561836185,-123.417273313,2220.476000000,20,0.124000000,0.137000000,0.267000000
15:23:53,220719,50.561836198,-123.417273337,2220.478000000,20,0.124000000,0.137000000,0.267000000
15:23:54,220719,50.561836198,-123.417273358,2220.480000000,20,0.124000000,0.137000000,0.267000000
15:23:55,220719,50.561836195,-123.417273357,2220.479000000,20,0.124000000,0.137000000,0.267000000
15:23:56,220719,50.561836215,-123.417273362,2220.482000000,20,0.124000000,0.137000000,0.267000000
15:23:57,220719,50.561836245,-123.417273377,2220.484000000,20,0.124000000,0.137000000,0.267000000
15:23:58,220719,50.561836270,-123.417273390,2220.483000000,20,0.124000000,0.137000000,0.267000000
15:23:59,220719,50.561836293,-123.417273410,2220.485000000,20,0.124000000,0.137000000,0.267000000
15:24:00,220719,50.561836308,-123.417273427,2220.488000000,20,0.124000000,0.137000000,0.267000000
15:24:01,220719,50.561836313,-123.417273410,2220.487000000,20,0.124000000,0.137000000,0.267000000
15:24:02,220719,50.561836313,-123.417273393,2220.485000000,20,0.124000000,0.137000000,0.267000000
15:24:03,220719,50.561836305,-123.417273388,2220.484000000,20,0.124000000,0.137000000,0.267000000
15:24:04,220719,50.561836298,-123.417273377,2220.484000000,20,0.124000000,0.137000000,0.267000000
15:24:05,220719,50.561836287,-123.417273360,2220.484000000,20,0.124000000,0.137000000,0.267000000
15:24:06,220719,50.561836267,-123.417273340,2220.484000000,20,0.124000000,0.137000000,0.267000000
15:24:07,220719,50.561836240,-123.417273325,2220.484000000,20,0.124000000,0.137000000,0.267000000
15:24:08,220719,50.561836222,-123.417273302,2220.483000000,20,0.124000000,0.137000000,0.267000000
15:24:09,220719,50.561836203,-123.417273302,2220.482000000,20,0.124000000,0.137000000,0.267000000
15:24:10,220719,50.561836192,-123.417273282,2220.482000000,20,0.124000000,0.137000000,0.267000000
15:24:11,220719,50.561836193,-123.417273275,2220.484000000,20,0.124000000,0.137000000,0.267000000
15:24:12,220719,50.561836190,-123.417273248,2220.482000000,20,0.124000000,0.137000000,0.267000000
15:24:13,220719,50.561836170,-123.417273207,2220.480000000,20,0.124000000,0.137000000,0.267000000
15:24:14,220719,50.561836170,-123.417273172,2220.478000000,20,0.124000000,0.137000000,0.267000000
15:24:15,220719,50.561836168,-123.417273148,2220.476000000,20,0.124000000,0.137000000,0.267000000
15:24:16,220719,50.561836167,-123.417273133,2220.476000000,20,0.124000000,0.137000000,0.267000000
15:24:17,220719,50.561836163,-123.417273113,2220.475000000,20,0.124000000,0.137000000,0.267000000
15:24:18,220719,50.561836152,-123.417273115,2220.474000000,20,0.124000000,0.137000000,0.267000000
15:24:19,220719,50.561836140,-123.417273108,2220.473000000,20,0.124000000,0.137000000,0.267000000
15:24:20,220719,50.561836130,-123.417273120,2220.473000000,20,0.124000000,0.137000000,0.267000000
15:24:21,220719,50.561836128,-123.417273108,2220.474000000,20,0.124000000,0.137000000,0.267000000
15:24:22,220719,50.561836117,-123.417273107,2220.475000000,20,0.124000000,0.137000000,0.267000000
15:24:23,220719,50.561836122,-123.417273102,2220.474000000,20,0.124000000,0.137000000,0.267000000
15:24:24,220719,50.561836125,-123.417273095,2220.476000000,20,0.124000000,0.137000000,0.267000000
15:24:25,220719,50.561836105,-123.417273065,2220.477000000,20,0.124000000,0.137000000,0.267000000
15:24:26,220719,50.561836090,-123.417273042,2220.475000000,20,0.124000000,0.137000000,0.267000000
15:24:27,220719,50.561836078,-123.417273015,2220.476000000,20,0.124000000,0.137000000,0.266000000
15:24:28,220719,50.561836063,-123.417272995,2220.477000000,20,0.124000000,0.137000000,0.266000000
15:24:29,220719,50.561836048,-123.417272983,2220.475000000,20,0.124000000,0.137000000,0.266000000
15:24:30,220719,50.561836045,-123.417272970,2220.477000000,20,0.124000000,0.137000000,0.266000000
15:24:31,220719,50.561836033,-123.417272948,2220.476000000,20,0.124000000,0.137000000,0.266000000
15:24:32,220719,50.561836022,-123.417272928,2220.478000000,20,0.124000000,0.137000000,0.266000000
15:24:33,220719,50.561836002,-123.417272915,2220.481000000,20,0.124000000,0.137000000,0.266000000
15:24:34,220719,50.561835993,-123.417272915,2220.482000000,20,0.124000000,0.137000000,0.266000000
15:24:35,220719,50.561835992,-123.417272915,2220.485000000,20,0.124000000,0.137000000,0.266000000
15:24:36,220719,50.561835978,-123.417272915,2220.484000000,20,0.124000000,0.137000000,0.266000000
15:24:37,220719,50.561835988,-123.417272915,2220.484000000,20,0.124000000,0.137000000,0.266000000
15:24:38,220719,50.561835993,-123.417272907,2220.485000000,20,0.124000000,0.137000000,0.266000000
15:24:39,220719,50.561835998,-123.417272905,2220.487000000,20,0.124000000,0.137000000,0.266000000
15:24:40,220719,50.561836007,-123.417272912,2220.488000000,20,0.124000000,0.137000000,0.266000000
15:24:41,220719,50.561836020,-123.417272912,2220.489000000,20,0.124000000,0.137000000,0.266000000
15:24:42,220719,50.561836042,-123.417272922,2220.491000000,20,0.124000000,0.137000000,0.266000000
15:24:43,220719,50.561836038,-123.417272923,2220.492000000,20,0.124000000,0.137000000,0.266000000
15:24:44,220719,50.561836027,-123.417272905,2220.494000000,20,0.124000000,0.137000000,0.266000000
15:24:45,220719,50.561836005,-123.417272875,2220.493000000,20,0.124000000,0.137000000,0.266000000
15:24:46,220719,50.561835992,-123.417272872,2220.492000000,20,0.124000000,0.137000000,0.266000000
15:24:47,220719,50.561835968,-123.417272870,2220.493000000,20,0.124000000,0.137000000,0.266000000
15:24:48,220719,50.561835952,-123.417272863,2220.491000000,20,0.124000000,0.137000000,0.266000000
15:24:49,220719,50.561835937,-123.417272860,2220.491000000,20,0.124000000,0.137000000,0.266000000
15:24:50,220719,50.561835933,-123.417272875,2220.490000000,20,0.124000000,0.137000000,0.266000000
15:24:51,220719,50.561835925,-123.417272890,2220.492000000,20,0.124000000,0.137000000,0.266000000
15:24:52,220719,50.561835937,-123.417272897,2220.489000000,20,0.124000000,0.137000000,0.266000000
15:24:53,220719,50.561835930,-123.417272907,2220.487000000,20,0.124000000,0.137000000,0.266000000
15:24:54,220719,50.561835922,-123.417272918,2220.485000000,20,0.124000000,0.137000000,0.266000000
15:24:55,220719,50.561835922,-123.417272917,2220.485000000,20,0.124000000,0.137000000,0.266000000
15:24:56,220719,50.561835937,-123.417272935,2220.485000000,20,0.124000000,0.137000000,0.266000000
15:24:57,220719,50.561835958,-123.417272935,2220.485000000,20,0.124000000,0.137000000,0.266000000
15:24:58,220719,50.561835968,-123.417272923,2220.485000000,20,0.124000000,0.137000000,0.266000000
15:24:59,220719,50.561835983,-123.417272938,2220.488000000,20,0.124000000,0.137000000,0.266000000
15:25:00,220719,50.561836002,-123.417272942,2220.491000000,20,0.124000000,0.137000000,0.266000000
15:25:01,220719,50.561836010,-123.417272938,2220.490000000,20,0.124000000,0.137000000,0.266000000
15:25:02,220719,50.561836023,-123.417272953,2220.488000000,20,0.124000000,0.137000000,0.266000000
15:25:03,220719,50.561836022,-123.417272948,2220.488000000,20,0.124000000,0.137000000,0.266000000
15:25:04,220719,50.561836013,-123.417272922,2220.485000000,20,0.124000000,0.137000000,0.266000000
15:25:05,220719,50.561836020,-123.417272943,2220.485000000,20,0.124000000,0.137000000,0.266000000
15:25:06,220719,50.561836018,-123.417272943,2220.485000000,20,0.124000000,0.137000000,0.266000000
15:25:07,220719,50.561836022,-123.417272963,2220.487000000,20,0.124000000,0.137000000,0.266000000
15:25:08,220719,50.561836010,-123.417272978,2220.487000000,20,0.124000000,0.137000000,0.266000000
15:25:09,220719,50.561836000,-123.417272973,2220.486000000,20,0.124000000,0.137000000,0.266000000
15:25:10,220719,50.561835985,-123.417272983,2220.484000000,20,0.124000000,0.137000000,0.266000000
15:25:11,220719,50.561835958,-123.417272968,2220.483000000,20,0.124000000,0.137000000,0.266000000
15:25:12,220719,50.561835932,-123.417272967,2220.482000000,20,0.124000000,0.137000000,0.266000000
15:25:13,220719,50.561835928,-123.417272967,2220.477000000,20,0.124000000,0.137000000,0.266000000
15:25:14,220719,50.561835933,-123.417272978,2220.474000000,20,0.124000000,0.137000000,0.266000000
15:25:15,220719,50.561835945,-123.417272998,2220.473000000,20,0.124000000,0.137000000,0.266000000
15:25:16,220719,50.561835955,-123.417272993,2220.473000000,20,0.124000000,0.137000000,0.266000000
15:25:17,220719,50.561835968,-123.417272998,2220.473000000,20,0.124000000,0.137000000,0.266000000
15:25:18,220719,50.561835972,-123.417273015,2220.473000000,20,0.124000000,0.137000000,0.266000000
15:25:19,220719,50.561835970,-123.417273003,2220.473000000,20,0.124000000,0.137000000,0.266000000
15:25:20,220719,50.561835975,-123.417273017,2220.473000000,20,0.124000000,0.137000000,0.266000000
15:25:21,220719,50.561835990,-123.417273032,2220.475000000,20,0.124000000,0.137000000,0.266000000
15:25:22,220719,50.561835993,-123.417273065,2220.475000000,20,0.124000000,0.137000000,0.266000000
15:25:23,220719,50.561836003,-123.417273087,2220.473000000,20,0.124000000,0.137000000,0.266000000
15:25:24,220719,50.561836018,-123.417273095,2220.475000000,20,0.124000000,0.137000000,0.266000000
15:25:25,220719,50.561836020,-123.417273110,2220.474000000,20,0.124000000,0.137000000,0.266000000
15:25:26,220719,50.561836015,-123.417273113,2220.472000000,20,0.124000000,0.137000000,0.266000000
15:25:27,220719,50.561836010,-123.417273120,2220.473000000,20,0.124000000,0.137000000,0.266000000
15:25:28,220719,50.561836008,-123.417273142,2220.475000000,20,0.124000000,0.137000000,0.266000000
15:25:29,220719,50.561836000,-123.417273162,2220.475000000,20,0.124000000,0.137000000,0.266000000
15:25:30,220719,50.561835985,-123.417273152,2220.478000000,20,0.124000000,0.137000000,0.266000000
15:25:31,220719,50.561835967,-123.417273133,2220.479000000,20,0.124000000,0.137000000,0.266000000
15:25:32,220719,50.561835948,-123.417273118,2220.478000000,20,0.124000000,0.137000000,0.266000000
15:25:33,220719,50.561835925,-123.417273095,2220.479000000,20,0.124000000,0.137000000,0.266000000
15:25:34,220719,50.561835917,-123.417273075,2220.480000000,20,0.124000000,0.137000000,0.266000000
15:25:35,220719,50.561835897,-123.417273065,2220.481000000,20,0.124000000,0.137000000,0.266000000
15:25:36,220719,50.561835888,-123.417273033,2220.482000000,20,0.124000000,0.137000000,0.266000000
15:25:37,220719,50.561835882,-123.417273010,2220.484000000,20,0.124000000,0.137000000,0.266000000
15:25:38,220719,50.561835875,-123.417273005,2220.484000000,20,0.124000000,0.137000000,0.266000000
15:25:39,220719,50.561835870,-123.417273015,2220.487000000,20,0.124000000,0.137000000,0.266000000
15:25:40,220719,50.561835882,-123.417273038,2220.488000000,20,0.124000000,0.137000000,0.266000000
15:25:41,220719,50.561835882,-123.417273058,2220.490000000,20,0.124000000,0.137000000,0.266000000
15:25:42,220719,50.561835880,-123.417273075,2220.490000000,20,0.124000000,0.137000000,0.266000000
15:25:43,220719,50.561835887,-123.417273100,2220.489000000,20,0.124000000,0.137000000,0.266000000
15:25:44,220719,50.561835885,-123.417273105,2220.488000000,20,0.124000000,0.137000000,0.266000000
15:25:45,220719,50.561835892,-123.417273103,2220.489000000,20,0.124000000,0.137000000,0.266000000
15:25:46,220719,50.561835898,-123.417273100,2220.488000000,20,0.124000000,0.137000000,0.266000000
15:25:47,220719,50.561835895,-123.417273098,2220.487000000,20,0.124000000,0.137000000,0.266000000
15:25:48,220719,50.561835905,-123.417273092,2220.485000000,20,0.124000000,0.137000000,0.265000000
15:25:49,220719,50.561835923,-123.417273093,2220.488000000,20,0.124000000,0.137000000,0.265000000
15:25:50,220719,50.561835932,-123.417273102,2220.484000000,20,0.124000000,0.137000000,0.265000000
15:25:51,220719,50.561835942,-123.417273110,2220.481000000,20,0.124000000,0.137000000,0.265000000
15:25:52,220719,50.561835957,-123.417273125,2220.477000000,20,0.124000000,0.137000000,0.265000000
15:25:53,220719,50.561835952,-123.417273147,2220.474000000,20,0.124000000,0.137000000,0.265000000
15:25:54,220719,50.561835945,-123.417273142,2220.471000000,20,0.124000000,0.137000000,0.265000000
15:25:55,220719,50.561835932,-123.417273133,2220.468000000,20,0.124000000,0.137000000,0.265000000
15:25:56,220719,50.561835927,-123.417273138,2220.465000000,20,0.124000000,0.137000000,0.265000000
15:25:57,220719,50.561835915,-123.417273152,2220.462000000,20,0.124000000,0.137000000,0.265000000
15:25:58,220719,50.561835920,-123.417273138,2220.460000000,20,0.124000000,0.137000000,0.265000000
15:25:59,220719,50.561835913,-123.417273142,2220.455000000,20,0.124000000,0.137000000,0.265000000
15:26:00,220719,50.561835892,-123.417273132,2220.453000000,20,0.124000000,0.137000000,0.265000000
15:26:01,220719,50.561835892,-123.417273113,2220.455000000,20,0.124000000,0.137000000,0.265000000
15:26:02,220719,50.561835890,-123.417273092,2220.452000000,20,0.124000000,0.137000000,0.265000000
15:26:03,220719,50.561835903,-123.417273082,2220.450000000,20,0.124000000,0.137000000,0.265000000
15:26:04,220719,50.561835925,-123.417273088,2220.449000000,20,0.124000000,0.137000000,0.265000000
15:26:05,220719,50.561835930,-123.417273088,2220.446000000,20,0.124000000,0.137000000,0.265000000
15:26:06,220719,50.561835947,-123.417273112,2220.444000000,20,0.124000000,0.137000000,0.265000000
15:26:07,220719,50.561835962,-123.417273130,2220.443000000,20,0.124000000,0.137000000,0.265000000
15:26:08,220719,50.561835958,-123.417273148,2220.440000000,20,0.124000000,0.137000000,0.265000000
15:26:09,220719,50.561835957,-123.417273168,2220.437000000,20,0.124000000,0.137000000,0.265000000
15:26:10,220719,50.561835963,-123.417273185,2220.435000000,20,0.124000000,0.137000000,0.265000000
15:26:11,220719,50.561835965,-123.417273222,2220.434000000,20,0.124000000,0.137000000,0.265000000
15:26:12,220719,50.561835967,-123.417273237,2220.430000000,20,0.124000000,0.137000000,0.265000000
15:26:13,220719,50.561835970,-123.417273263,2220.429000000,20,0.124000000,0.137000000,0.265000000
15:26:14,220719,50.561835973,-123.417273290,2220.429000000,20,0.124000000,0.137000000,0.265000000
15:26:15,220719,50.561835973,-123.417273290,2220.426000000,20,0.124000000,0.137000000,0.265000000
15:26:16,220719,50.561835988,-123.417273307,2220.425000000,20,0.124000000,0.137000000,0.265000000
15:26:17,220719,50.561835993,-123.417273320,2220.423000000,20,0.124000000,0.137000000,0.265000000
15:26:18,220719,50.561835992,-123.417273330,2220.424000000,20,0.124000000,0.137000000,0.265000000
15:26:19,220719,50.561835980,-123.417273348,2220.421000000,20,0.124000000,0.137000000,0.265000000
15:26:20,220719,50.561835985,-123.417273347,2220.420000000,20,0.124000000,0.137000000,0.265000000
15:26:21,220719,50.561835982,-123.417273337,2220.417000000,20,0.124000000,0.137000000,0.265000000
15:26:22,220719,50.561835987,-123.417273340,2220.412000000,20,0.124000000,0.137000000,0.265000000
15:26:23,220719,50.561835990,-123.417273352,2220.411000000,20,0.124000000,0.137000000,0.265000000
15:26:24,220719,50.561835997,-123.417273368,2220.408000000,20,0.124000000,0.137000000,0.265000000
15:26:25,220719,50.561835985,-123.417273357,2220.404000000,20,0.124000000,0.137000000,0.265000000
15:26:26,220719,50.561835982,-123.417273342,2220.401000000,20,0.124000000,0.137000000,0.265000000
15:26:27,220719,50.561835975,-123.417273333,2220.401000000,20,0.124000000,0.137000000,0.265000000
15:26:28,220719,50.561835962,-123.417273312,2220.399000000,20,0.124000000,0.137000000,0.265000000
15:26:29,220719,50.561835948,-123.417273303,2220.397000000,20,0.124000000,0.137000000,0.265000000
15:26:30,220719,50.561835950,-123.417273325,2220.395000000,20,0.124000000,0.137000000,0.265000000
15:26:31,220719,50.561835957,-123.417273342,2220.391000000,20,0.124000000,0.137000000,0.265000000
15:26:32,220719,50.561835960,-123.417273362,2220.388000000,20,0.124000000,0.137000000,0.265000000
15:26:33,220719,50.561835945,-123.417273363,2220.384000000,20,0.124000000,0.137000000,0.265000000
15:26:34,220719,50.561835933,-123.417273337,2220.383000000,20,0.124000000,0.137000000,0.265000000
15:26:35,220719,50.561835915,-123.417273342,2220.381000000,20,0.124000000,0.137000000,0.265000000
15:26:36,220719,50.561835907,-123.417273345,2220.379000000,20,0.124000000,0.137000000,0.265000000
15:26:37,220719,50.561835917,-123.417273347,2220.375000000,20,0.124000000,0.137000000,0.265000000
15:26:38,220719,50.561835937,-123.417273347,2220.375000000,20,0.124000000,0.137000000,0.265000000
15:26:39,220719,50.561835945,-123.417273343,2220.375000000,20,0.124000000,0.137000000,0.265000000
15:26:40,220719,50.561835958,-123.417273328,2220.373000000,20,0.124000000,0.137000000,0.265000000
15:26:41,220719,50.561835958,-123.417273305,2220.371000000,20,0.124000000,0.137000000,0.265000000
15:26:42,220719,50.561835975,-123.417273322,2220.371000000,20,0.124000000,0.137000000,0.265000000
15:26:43,220719,50.561835975,-123.417273328,2220.370000000,20,0.124000000,0.137000000,0.265000000
15:26:44,220719,50.561835980,-123.417273325,2220.365000000,20,0.124000000,0.137000000,0.265000000
15:26:45,220719,50.561835970,-123.417273317,2220.361000000,20,0.124000000,0.137000000,0.265000000
15:26:46,220719,50.561835958,-123.417273323,2220.357000000,20,0.124000000,0.137000000,0.265000000
15:26:47,220719,50.561835953,-123.417273333,2220.355000000,20,0.124000000,0.137000000,0.265000000
15:26:48,220719,50.561835953,-123.417273330,2220.354000000,19,0.124000000,0.137000000,0.265000000
15:26:49,220719,50.561835957,-123.417273348,2220.352000000,19,0.132000000,0.140000000,0.276000000
15:26:50,220719,50.561835965,-123.417273337,2220.350000000,19,0.132000000,0.140000000,0.276000000
15:26:51,220719,50.561835990,-123.417273313,2220.346000000,19,0.132000000,0.140000000,0.276000000
15:26:52,220719,50.561835998,-123.417273325,2220.346000000,19,0.132000000,0.140000000,0.276000000
15:26:53,220719,50.561836008,-123.417273350,2220.340000000,19,0.132000000,0.140000000,0.276000000
15:26:54,220719,50.561836015,-123.417273380,2220.340000000,19,0.132000000,0.140000000,0.276000000
15:26:55,220719,50.561836017,-123.417273393,2220.339000000,19,0.132000000,0.140000000,0.276000000
15:26:56,220719,50.561836022,-123.417273393,2220.337000000,19,0.132000000,0.140000000,0.276000000
15:26:57,220719,50.561836023,-123.417273398,2220.335000000,19,0.132000000,0.140000000,0.276000000
15:26:58,220719,50.561836023,-123.417273413,2220.335000000,19,0.132000000,0.140000000,0.276000000
15:26:59,220719,50.561836018,-123.417273413,2220.331000000,19,0.132000000,0.140000000,0.276000000
15:27:00,220719,50.561836010,-123.417273415,2220.330000000,19,0.132000000,0.140000000,0.276000000
15:27:01,220719,50.561836003,-123.417273403,2220.329000000,19,0.132000000,0.140000000,0.276000000
15:27:02,220719,50.561836010,-123.417273390,2220.325000000,19,0.132000000,0.140000000,0.276000000
15:27:03,220719,50.561836028,-123.417273372,2220.322000000,19,0.132000000,0.140000000,0.276000000
15:27:04,220719,50.561836043,-123.417273343,2220.323000000,19,0.132000000,0.140000000,0.276000000
15:27:05,220719,50.561836055,-123.417273333,2220.321000000,19,0.132000000,0.140000000,0.276000000
15:27:06,220719,50.561836065,-123.417273312,2220.320000000,19,0.132000000,0.140000000,0.276000000
15:27:07,220719,50.561836068,-123.417273320,2220.318000000,19,0.132000000,0.140000000,0.276000000
15:27:08,220719,50.561836057,-123.417273327,2220.316000000,19,0.132000000,0.140000000,0.276000000
15:27:09,220719,50.561836040,-123.417273347,2220.314000000,19,0.132000000,0.140000000,0.276000000
15:27:10,220719,50.561836037,-123.417273360,2220.312000000,19,0.132000000,0.140000000,0.276000000
15:27:11,220719,50.561836027,-123.417273385,2220.313000000,19,0.132000000,0.140000000,0.276000000
15:27:12,220719,50.561836028,-123.417273398,2220.310000000,19,0.132000000,0.140000000,0.276000000
15:27:13,220719,50.561836035,-123.417273395,2220.310000000,19,0.132000000,0.140000000,0.276000000
15:27:14,220719,50.561836053,-123.417273408,2220.308000000,19,0.132000000,0.140000000,0.276000000
15:27:15,220719,50.561836088,-123.417273402,2220.309000000,19,0.132000000,0.140000000,0.276000000
15:27:16,220719,50.561836115,-123.417273402,2220.311000000,19,0.132000000,0.140000000,0.276000000
15:27:17,220719,50.561836150,-123.417273393,2220.312000000,19,0.132000000,0.140000000,0.276000000
15:27:18,220719,50.561836185,-123.417273392,2220.315000000,19,0.132000000,0.140000000,0.276000000
15:27:19,220719,50.561836202,-123.417273402,2220.317000000,19,0.132000000,0.140000000,0.276000000
15:27:20,220719,50.561836203,-123.417273400,2220.315000000,19,0.132000000,0.140000000,0.276000000
15:27:21,220719,50.561836185,-123.417273385,2220.315000000,19,0.132000000,0.140000000,0.276000000
15:27:22,220719,50.561836165,-123.417273373,2220.311000000,19,0.132000000,0.140000000,0.276000000
15:27:23,220719,50.561836162,-123.417273362,2220.310000000,19,0.132000000,0.140000000,0.276000000
15:27:24,220719,50.561836163,-123.417273338,2220.310000000,19,0.132000000,0.140000000,0.276000000
15:27:25,220719,50.561836160,-123.417273338,2220.308000000,19,0.132000000,0.140000000,0.276000000
15:27:26,220719,50.561836163,-123.417273313,2220.310000000,19,0.132000000,0.140000000,0.276000000
15:27:27,220719,50.561836168,-123.417273303,2220.309000000,19,0.132000000,0.140000000,0.276000000
15:27:28,220719,50.561836158,-123.417273307,2220.309000000,19,0.132000000,0.140000000,0.276000000
15:27:29,220719,50.561836147,-123.417273310,2220.307000000,19,0.132000000,0.140000000,0.276000000
15:27:30,220719,50.561836145,-123.417273303,2220.308000000,19,0.132000000,0.140000000,0.276000000
15:27:31,220719,50.561836148,-123.417273323,2220.311000000,19,0.132000000,0.140000000,0.276000000
15:27:32,220719,50.561836130,-123.417273315,2220.312000000,19,0.132000000,0.140000000,0.276000000
15:27:33,220719,50.561836112,-123.417273313,2220.312000000,19,0.132000000,0.140000000,0.276000000
15:27:34,220719,50.561836105,-123.417273317,2220.313000000,19,0.132000000,0.140000000,0.276000000
15:27:35,220719,50.561836093,-123.417273325,2220.312000000,19,0.132000000,0.140000000,0.276000000
15:27:36,220719,50.561836092,-123.417273312,2220.313000000,19,0.132000000,0.140000000,0.276000000
15:27:37,220719,50.561836100,-123.417273305,2220.315000000,19,0.132000000,0.140000000,0.276000000
15:27:38,220719,50.561836107,-123.417273300,2220.316000000,19,0.132000000,0.140000000,0.276000000
15:27:39,220719,50.561836123,-123.417273280,2220.317000000,19,0.132000000,0.140000000,0.276000000
15:27:40,220719,50.561836137,-123.417273265,2220.318000000,19,0.132000000,0.140000000,0.276000000
15:27:41,220719,50.561836162,-123.417273242,2220.321000000,19,0.132000000,0.140000000,0.276000000
15:27:42,220719,50.561836198,-123.417273242,2220.323000000,19,0.132000000,0.140000000,0.276000000
15:27:43,220719,50.561836238,-123.417273252,2220.327000000,19,0.132000000,0.140000000,0.276000000
15:27:44,220719,50.561836253,-123.417273273,2220.333000000,19,0.132000000,0.140000000,0.276000000
15:27:45,220719,50.561836270,-123.417273308,2220.333000000,19,0.132000000,0.140000000,0.276000000
15:27:46,220719,50.561836263,-123.417273320,2220.333000000,19,0.132000000,0.140000000,0.276000000
15:27:47,220719,50.561836267,-123.417273347,2220.334000000,19,0.132000000,0.140000000,0.276000000
15:27:48,220719,50.561836273,-123.417273352,2220.333000000,19,0.132000000,0.140000000,0.276000000
15:27:49,220719,50.561836265,-123.417273348,2220.332000000,19,0.132000000,0.140000000,0.276000000
15:27:50,220719,50.561836235,-123.417273353,2220.327000000,19,0.132000000,0.140000000,0.276000000
15:27:51,220719,50.561836197,-123.417273350,2220.323000000,19,0.132000000,0.140000000,0.276000000
15:27:52,220719,50.561836177,-123.417273348,2220.321000000,19,0.132000000,0.140000000,0.276000000
15:27:53,220719,50.561836152,-123.417273368,2220.318000000,19,0.132000000,0.140000000,0.276000000
15:27:54,220719,50.561836147,-123.417273358,2220.315000000,19,0.132000000,0.140000000,0.276000000
15:27:55,220719,50.561836137,-123.417273362,2220.315000000,19,0.132000000,0.140000000,0.276000000
15:27:56,220719,50.561836130,-123.417273360,2220.316000000,19,0.132000000,0.140000000,0.276000000
15:27:57,220719,50.561836135,-123.417273368,2220.317000000,19,0.132000000,0.140000000,0.276000000
15:27:58,220719,50.561836147,-123.417273363,2220.318000000,19,0.132000000,0.140000000,0.276000000
15:27:59,220719,50.561836148,-123.417273347,2220.318000000,19,0.132000000,0.140000000,0.276000000
15:28:00,220719,50.561836163,-123.417273322,2220.318000000,19,0.132000000,0.140000000,0.276000000
15:28:01,220719,50.561836158,-123.417273298,2220.317000000,19,0.132000000,0.140000000,0.276000000
15:28:02,220719,50.561836162,-123.417273285,2220.317000000,19,0.132000000,0.140000000,0.276000000
15:28:03,220719,50.561836172,-123.417273237,2220.318000000,19,0.132000000,0.140000000,0.276000000
15:28:04,220719,50.561836178,-123.417273212,2220.321000000,19,0.132000000,0.140000000,0.276000000
15:28:05,220719,50.561836193,-123.417273175,2220.323000000,19,0.132000000,0.140000000,0.276000000
15:28:06,220719,50.561836207,-123.417273165,2220.326000000,19,0.132000000,0.140000000,0.276000000
15:28:07,220719,50.561836225,-123.417273165,2220.331000000,19,0.132000000,0.140000000,0.276000000
15:28:08,220719,50.561836208,-123.417273188,2220.336000000,19,0.132000000,0.140000000,0.276000000
15:28:09,220719,50.561836197,-123.417273222,2220.336000000,19,0.132000000,0.140000000,0.276000000
15:28:10,220719,50.561836167,-123.417273245,2220.337000000,19,0.132000000,0.140000000,0.276000000
15:28:11,220719,50.561836163,-123.417273252,2220.337000000,19,0.132000000,0.140000000,0.276000000
15:28:12,220719,50.561836153,-123.417273252,2220.340000000,19,0.132000000,0.140000000,0.276000000
15:28:13,220719,50.561836143,-123.417273257,2220.338000000,19,0.132000000,0.140000000,0.276000000
15:28:14,220719,50.561836123,-123.417273243,2220.336000000,19,0.132000000,0.140000000,0.276000000
15:28:15,220719,50.561836108,-123.417273242,2220.335000000,19,0.132000000,0.140000000,0.276000000
15:28:16,220719,50.561836113,-123.417273257,2220.338000000,19,0.132000000,0.140000000,0.276000000
15:28:17,220719,50.561836108,-123.417273258,2220.338000000,19,0.132000000,0.140000000,0.276000000
15:28:18,220719,50.561836105,-123.417273248,2220.341000000,19,0.132000000,0.140000000,0.276000000
15:28:19,220719,50.561836102,-123.417273257,2220.342000000,19,0.133000000,0.140000000,0.276000000
15:28:20,220719,50.561836090,-123.417273242,2220.341000000,19,0.133000000,0.140000000,0.276000000
15:28:21,220719,50.561836073,-123.417273230,2220.345000000,19,0.133000000,0.140000000,0.276000000
15:28:22,220719,50.561836070,-123.417273213,2220.348000000,19,0.133000000,0.140000000,0.276000000
15:28:23,220719,50.561836080,-123.417273220,2220.351000000,19,0.133000000,0.140000000,0.276000000
15:28:24,220719,50.561836080,-123.417273213,2220.352000000,19,0.133000000,0.140000000,0.276000000
15:28:25,220719,50.561836093,-123.417273213,2220.355000000,19,0.133000000,0.140000000,0.276000000
15:28:26,220719,50.561836117,-123.417273227,2220.357000000,19,0.133000000,0.140000000,0.276000000
15:28:27,220719,50.561836133,-123.417273240,2220.359000000,19,0.133000000,0.140000000,0.276000000
15:28:28,220719,50.561836155,-123.417273228,2220.358000000,19,0.133000000,0.140000000,0.276000000
15:28:29,220719,50.561836162,-123.417273230,2220.360000000,19,0.133000000,0.140000000,0.276000000
15:28:30,220719,50.561836168,-123.417273248,2220.363000000,19,0.133000000,0.140000000,0.276000000
15:28:31,220719,50.561836173,-123.417273253,2220.365000000,19,0.133000000,0.140000000,0.276000000
15:28:32,220719,50.561836157,-123.417273275,2220.364000000,19,0.133000000,0.140000000,0.276000000
15:28:33,220719,50.561836143,-123.417273270,2220.364000000,19,0.133000000,0.140000000,0.276000000
15:28:34,220719,50.561836125,-123.417273278,2220.363000000,19,0.133000000,0.140000000,0.276000000
15:28:35,220719,50.561836108,-123.417273293,2220.362000000,19,0.133000000,0.140000000,0.276000000
