TIME,DATE(ddMMyy),LATITUDEGGA,LONGITUDEGGA,ALTITUDEGGA,NUMBERSAT,LATERR,LONGERR,ALTERR
15:25:55,140719,50.623837973,-123.487429060,2089.054000000,19,0.144000000,0.128000000,0.314000000
15:25:56,140719,50.623838022,-123.487429080,2089.063000000,19,0.144000000,0.128000000,0.314000000
15:25:57,140719,50.623838057,-123.487429087,2089.071000000,19,0.144000000,0.128000000,0.314000000
15:25:58,140719,50.623838072,-123.487429082,2089.074000000,19,0.144000000,0.128000000,0.314000000
15:25:59,140719,50.623838040,-123.487429063,2089.071000000,19,0.144000000,0.128000000,0.314000000
15:26:00,140719,50.623838017,-123.487429032,2089.069000000,19,0.144000000,0.128000000,0.314000000
15:26:01,140719,50.623838002,-123.487428995,2089.067000000,19,0.144000000,0.128000000,0.313000000
15:26:02,140719,50.623838002,-123.487428987,2089.067000000,19,0.144000000,0.128000000,0.313000000
15:26:03,140719,50.623838008,-123.487428982,2089.066000000,19,0.144000000,0.128000000,0.313000000
15:26:04,140719,50.623838028,-123.487428995,2089.066000000,19,0.144000000,0.128000000,0.313000000
15:26:05,140719,50.623838033,-123.487428988,2089.067000000,19,0.144000000,0.128000000,0.313000000
15:26:06,140719,50.623838047,-123.487428987,2089.069000000,19,0.144000000,0.128000000,0.313000000
15:26:07,140719,50.623838068,-123.487428987,2089.071000000,19,0.144000000,0.128000000,0.313000000
15:26:08,140719,50.623838082,-123.487429003,2089.073000000,19,0.144000000,0.128000000,0.313000000
15:26:09,140719,50.623838097,-123.487429015,2089.075000000,19,0.144000000,0.128000000,0.313000000
15:26:10,140719,50.623838120,-123.487429042,2089.078000000,19,0.144000000,0.128000000,0.313000000
15:26:11,140719,50.623838143,-123.487429040,2089.078000000,19,0.144000000,0.128000000,0.313000000
15:26:12,140719,50.623838180,-123.487429058,2089.078000000,19,0.144000000,0.128000000,0.313000000
15:26:13,140719,50.623838223,-123.487429075,2089.079000000,19,0.144000000,0.128000000,0.313000000
15:26:14,140719,50.623838257,-123.487429115,2089.082000000,19,0.144000000,0.128000000,0.313000000
15:26:15,140719,50.623838295,-123.487429140,2089.083000000,19,0.144000000,0.128000000,0.313000000
15:26:16,140719,50.623838340,-123.487429155,2089.086000000,19,0.144000000,0.127000000,0.312000000
15:26:17,140719,50.623838380,-123.487429165,2089.091000000,19,0.144000000,0.127000000,0.312000000
15:26:18,140719,50.623838418,-123.487429183,2089.091000000,19,0.144000000,0.127000000,0.312000000
15:26:19,140719,50.623838433,-123.487429195,2089.091000000,19,0.144000000,0.127000000,0.312000000
15:26:20,140719,50.623838445,-123.487429205,2089.090000000,19,0.144000000,0.127000000,0.312000000
15:26:21,140719,50.623838483,-123.487429240,2089.092000000,19,0.144000000,0.127000000,0.312000000
15:26:22,140719,50.623838498,-123.487429267,2089.093000000,19,0.144000000,0.127000000,0.312000000
15:26:23,140719,50.623838503,-123.487429300,2089.092000000,19,0.144000000,0.127000000,0.312000000
15:26:24,140719,50.623838498,-123.487429312,2089.091000000,19,0.144000000,0.127000000,0.312000000
15:26:25,140719,50.623838485,-123.487429345,2089.093000000,19,0.144000000,0.127000000,0.312000000
15:26:26,140719,50.623838473,-123.487429370,2089.087000000,19,0.144000000,0.127000000,0.312000000
15:26:27,140719,50.623838478,-123.487429403,2089.085000000,19,0.144000000,0.127000000,0.312000000
15:26:28,140719,50.623838465,-123.487429417,2089.084000000,19,0.144000000,0.127000000,0.312000000
15:26:29,140719,50.623838460,-123.487429422,2089.083000000,19,0.144000000,0.127000000,0.312000000
15:26:30,140719,50.623838453,-123.487429433,2089.082000000,19,0.144000000,0.127000000,0.312000000
15:26:31,140719,50.623838450,-123.487429445,2089.081000000,19,0.144000000,0.127000000,0.312000000
15:26:32,140719,50.623838462,-123.487429457,2089.084000000,19,0.144000000,0.127000000,0.312000000
15:26:33,140719,50.623838462,-123.487429473,2089.082000000,19,0.144000000,0.127000000,0.312000000
15:26:34,140719,50.623838470,-123.487429482,2089.082000000,19,0.144000000,0.127000000,0.311000000
15:26:35,140719,50.623838493,-123.487429487,2089.085000000,19,0.144000000,0.127000000,0.311000000
15:26:36,140719,50.623838512,-123.487429495,2089.086000000,19,0.144000000,0.127000000,0.311000000
15:26:37,140719,50.623838530,-123.487429520,2089.085000000,19,0.144000000,0.127000000,0.311000000
15:26:38,140719,50.623838552,-123.487429548,2089.086000000,19,0.144000000,0.127000000,0.311000000
15:26:39,140719,50.623838575,-123.487429570,2089.086000000,19,0.144000000,0.127000000,0.311000000
15:26:40,140719,50.623838590,-123.487429578,2089.084000000,19,0.144000000,0.127000000,0.311000000
15:26:41,140719,50.623838613,-123.487429595,2089.086000000,19,0.144000000,0.127000000,0.311000000
15:26:42,140719,50.623838623,-123.487429598,2089.091000000,19,0.144000000,0.127000000,0.311000000
15:26:43,140719,50.623838613,-123.487429588,2089.094000000,19,0.144000000,0.127000000,0.311000000
15:26:44,140719,50.623838603,-123.487429588,2089.092000000,19,0.144000000,0.127000000,0.311000000
15:26:45,140719,50.623838603,-123.487429595,2089.095000000,19,0.144000000,0.127000000,0.311000000
15:26:46,140719,50.623838578,-123.487429603,2089.094000000,19,0.144000000,0.127000000,0.311000000
15:26:47,140719,50.623838550,-123.487429627,2089.088000000,19,0.144000000,0.127000000,0.311000000
15:26:48,140719,50.623838523,-123.487429657,2089.081000000,19,0.144000000,0.127000000,0.311000000
15:26:49,140719,50.623838510,-123.487429712,2089.075000000,19,0.143000000,0.127000000,0.311000000
15:26:50,140719,50.623838503,-123.487429762,2089.065000000,19,0.143000000,0.127000000,0.311000000
15:26:51,140719,50.623838490,-123.487429793,2089.056000000,19,0.143000000,0.127000000,0.311000000
15:26:52,140719,50.623838495,-123.487429835,2089.049000000,19,0.143000000,0.127000000,0.310000000
15:26:53,140719,50.623838505,-123.487429858,2089.048000000,19,0.143000000,0.127000000,0.310000000
15:26:54,140719,50.623838502,-123.487429868,2089.043000000,19,0.143000000,0.127000000,0.310000000
15:26:55,140719,50.623838513,-123.487429888,2089.045000000,19,0.143000000,0.127000000,0.310000000
15:26:56,140719,50.623838528,-123.487429902,2089.044000000,19,0.143000000,0.127000000,0.310000000
15:26:57,140719,50.623838532,-123.487429900,2089.042000000,19,0.143000000,0.127000000,0.310000000
15:26:58,140719,50.623838535,-123.487429892,2089.039000000,19,0.143000000,0.127000000,0.310000000
15:26:59,140719,50.623838560,-123.487429903,2089.040000000,19,0.143000000,0.127000000,0.310000000
15:27:00,140719,50.623838607,-123.487429937,2089.045000000,19,0.143000000,0.127000000,0.310000000
15:27:01,140719,50.623838618,-123.487429945,2089.044000000,19,0.143000000,0.127000000,0.310000000
15:27:02,140719,50.623838667,-123.487429975,2089.048000000,19,0.143000000,0.127000000,0.310000000
15:27:03,140719,50.623838692,-123.487429995,2089.052000000,19,0.143000000,0.127000000,0.310000000
15:27:04,140719,50.623838707,-123.487430010,2089.053000000,19,0.143000000,0.127000000,0.310000000
15:27:05,140719,50.623838663,-123.487429970,2089.048000000,19,0.143000000,0.127000000,0.310000000
15:27:06,140719,50.623838635,-123.487429962,2089.050000000,19,0.143000000,0.127000000,0.310000000
15:27:07,140719,50.623838613,-123.487429962,2089.049000000,19,0.143000000,0.127000000,0.310000000
15:27:08,140719,50.623838595,-123.487429970,2089.042000000,19,0.143000000,0.127000000,0.310000000
15:27:09,140719,50.623838587,-123.487429967,2089.042000000,19,0.143000000,0.127000000,0.310000000
15:27:10,140719,50.623838577,-123.487429958,2089.038000000,19,0.143000000,0.127000000,0.309000000
15:27:11,140719,50.623838580,-123.487429975,2089.037000000,19,0.143000000,0.127000000,0.309000000
15:27:12,140719,50.623838570,-123.487429968,2089.033000000,19,0.143000000,0.127000000,0.309000000
15:27:13,140719,50.623838555,-123.487429980,2089.028000000,19,0.143000000,0.127000000,0.309000000
15:27:14,140719,50.623838570,-123.487430023,2089.030000000,19,0.143000000,0.127000000,0.309000000
15:27:15,140719,50.623838560,-123.487430058,2089.028000000,19,0.143000000,0.127000000,0.309000000
15:27:16,140719,50.623838568,-123.487430100,2089.029000000,19,0.143000000,0.127000000,0.309000000
15:27:17,140719,50.623838587,-123.487430127,2089.032000000,19,0.143000000,0.127000000,0.309000000
15:27:18,140719,50.623838608,-123.487430165,2089.037000000,19,0.143000000,0.127000000,0.309000000
15:27:19,140719,50.623838613,-123.487430170,2089.039000000,19,0.143000000,0.127000000,0.309000000
15:27:20,140719,50.623838627,-123.487430195,2089.043000000,19,0.143000000,0.127000000,0.309000000
15:27:21,140719,50.623838648,-123.487430225,2089.048000000,19,0.143000000,0.127000000,0.309000000
15:27:22,140719,50.623838660,-123.487430258,2089.050000000,19,0.143000000,0.127000000,0.309000000
15:27:23,140719,50.623838685,-123.487430287,2089.058000000,19,0.143000000,0.127000000,0.309000000
15:27:24,140719,50.623838712,-123.487430298,2089.060000000,19,0.143000000,0.127000000,0.309000000
15:27:25,140719,50.623838735,-123.487430335,2089.066000000,19,0.143000000,0.127000000,0.308000000
15:27:26,140719,50.623838643,-123.487430127,2089.055000000,19,0.143000000,0.127000000,0.308000000
15:27:27,140719,50.623838565,-123.487429738,2089.074000000,19,0.143000000,0.127000000,0.308000000
15:27:28,140719,50.623838563,-123.487429780,2089.069000000,19,0.143000000,0.127000000,0.308000000
15:27:29,140719,50.623838475,-123.487429633,2089.069000000,19,0.143000000,0.127000000,0.308000000
15:27:30,140719,50.623838378,-123.487429653,2089.068000000,19,0.143000000,0.127000000,0.308000000
15:27:31,140719,50.623838265,-123.487429663,2089.059000000,19,0.143000000,0.127000000,0.308000000
15:27:32,140719,50.623838163,-123.487429657,2089.050000000,19,0.143000000,0.127000000,0.308000000
15:27:33,140719,50.623838053,-123.487429650,2089.038000000,19,0.143000000,0.127000000,0.308000000
15:27:34,140719,50.623837963,-123.487429640,2089.030000000,19,0.143000000,0.127000000,0.308000000
15:27:35,140719,50.623837885,-123.487429635,2089.016000000,19,0.143000000,0.127000000,0.308000000
15:27:36,140719,50.623837798,-123.487429638,2089.007000000,19,0.143000000,0.127000000,0.308000000
15:27:37,140719,50.623837722,-123.487429617,2088.997000000,19,0.143000000,0.127000000,0.308000000
15:27:38,140719,50.623837673,-123.487429598,2088.990000000,19,0.143000000,0.127000000,0.308000000
15:27:39,140719,50.623837620,-123.487429593,2088.979000000,19,0.143000000,0.127000000,0.308000000
15:27:40,140719,50.623837600,-123.487429660,2088.978000000,19,0.143000000,0.127000000,0.308000000
15:27:41,140719,50.623837593,-123.487429648,2088.979000000,19,0.143000000,0.127000000,0.308000000
15:27:42,140719,50.623837600,-123.487429658,2088.985000000,19,0.143000000,0.127000000,0.308000000
15:27:43,140719,50.623837598,-123.487429672,2088.988000000,19,0.143000000,0.127000000,0.307000000
15:27:44,140719,50.623837585,-123.487429675,2088.991000000,19,0.143000000,0.127000000,0.307000000
15:27:45,140719,50.623837588,-123.487429677,2088.992000000,19,0.143000000,0.127000000,0.307000000
15:27:46,140719,50.623837578,-123.487429675,2088.995000000,19,0.143000000,0.127000000,0.307000000
15:27:47,140719,50.623837572,-123.487429700,2088.993000000,19,0.143000000,0.127000000,0.307000000
15:27:48,140719,50.623837558,-123.487429710,2088.988000000,19,0.143000000,0.127000000,0.307000000
15:27:49,140719,50.623837563,-123.487429772,2088.983000000,19,0.143000000,0.127000000,0.307000000
15:27:50,140719,50.623837577,-123.487429782,2088.980000000,19,0.143000000,0.127000000,0.307000000
15:27:51,140719,50.623837583,-123.487429780,2088.975000000,19,0.143000000,0.127000000,0.307000000
15:27:52,140719,50.623837585,-123.487429845,2088.969000000,19,0.143000000,0.127000000,0.307000000
15:27:53,140719,50.623837575,-123.487429907,2088.961000000,19,0.143000000,0.127000000,0.307000000
15:27:54,140719,50.623837587,-123.487429968,2088.960000000,19,0.143000000,0.127000000,0.307000000
15:27:55,140719,50.623837577,-123.487430028,2088.954000000,19,0.143000000,0.127000000,0.307000000
15:27:56,140719,50.623837580,-123.487430078,2088.945000000,19,0.143000000,0.127000000,0.307000000
15:27:57,140719,50.623837553,-123.487430123,2088.940000000,19,0.143000000,0.127000000,0.307000000
15:27:58,140719,50.623837563,-123.487430153,2088.940000000,19,0.143000000,0.127000000,0.307000000
15:27:59,140719,50.623837563,-123.487430205,2088.941000000,19,0.143000000,0.127000000,0.307000000
15:28:00,140719,50.623837547,-123.487430308,2088.935000000,19,0.143000000,0.127000000,0.307000000
15:28:01,140719,50.623837535,-123.487430338,2088.932000000,19,0.143000000,0.127000000,0.306000000
15:28:02,140719,50.623837543,-123.487430428,2088.935000000,19,0.143000000,0.127000000,0.306000000
15:28:03,140719,50.623837662,-123.487430352,2088.952000000,19,0.143000000,0.127000000,0.306000000
15:28:04,140719,50.623837737,-123.487430327,2088.968000000,19,0.143000000,0.127000000,0.306000000
15:28:05,140719,50.623837822,-123.487430345,2088.984000000,19,0.143000000,0.127000000,0.306000000
15:28:06,140719,50.623837855,-123.487430382,2088.986000000,19,0.143000000,0.127000000,0.306000000
15:28:07,140719,50.623837817,-123.487430458,2088.976000000,19,0.143000000,0.127000000,0.306000000
15:28:08,140719,50.623837815,-123.487430522,2088.971000000,19,0.143000000,0.127000000,0.306000000
15:28:09,140719,50.623837855,-123.487430533,2088.968000000,19,0.143000000,0.127000000,0.306000000
15:28:10,140719,50.623838027,-123.487430675,2088.978000000,19,0.143000000,0.127000000,0.306000000
15:28:11,140719,50.623838067,-123.487430585,2088.990000000,19,0.143000000,0.127000000,0.306000000
15:28:12,140719,50.623838118,-123.487430542,2088.998000000,19,0.143000000,0.127000000,0.306000000
15:28:13,140719,50.623838138,-123.487430442,2089.005000000,19,0.143000000,0.127000000,0.306000000
15:28:14,140719,50.623838152,-123.487430328,2089.014000000,19,0.143000000,0.127000000,0.306000000
15:28:15,140719,50.623838135,-123.487430213,2089.018000000,19,0.143000000,0.127000000,0.306000000
15:28:16,140719,50.623838088,-123.487430197,2089.016000000,19,0.143000000,0.127000000,0.306000000
15:28:17,140719,50.623838058,-123.487430338,2089.005000000,19,0.143000000,0.127000000,0.306000000
15:28:18,140719,50.623838130,-123.487430445,2089.011000000,19,0.143000000,0.127000000,0.306000000
15:28:19,140719,50.623838173,-123.487430490,2089.017000000,19,0.143000000,0.127000000,0.305000000
15:28:20,140719,50.623838223,-123.487430543,2089.019000000,19,0.143000000,0.127000000,0.305000000
15:28:21,140719,50.623838223,-123.487430508,2089.018000000,19,0.143000000,0.127000000,0.305000000
15:28:22,140719,50.623838202,-123.487430453,2089.019000000,19,0.143000000,0.127000000,0.305000000
15:28:23,140719,50.623838212,-123.487430435,2089.023000000,19,0.143000000,0.127000000,0.305000000
15:28:24,140719,50.623838223,-123.487430427,2089.023000000,19,0.143000000,0.127000000,0.305000000
15:28:25,140719,50.623838260,-123.487430422,2089.025000000,19,0.143000000,0.127000000,0.305000000
15:28:26,140719,50.623838272,-123.487430408,2089.022000000,19,0.143000000,0.127000000,0.305000000
15:28:27,140719,50.623838288,-123.487430413,2089.020000000,19,0.143000000,0.127000000,0.305000000
15:28:28,140719,50.623838308,-123.487430445,2089.024000000,19,0.143000000,0.127000000,0.305000000
15:28:29,140719,50.623838327,-123.487430492,2089.024000000,19,0.143000000,0.127000000,0.305000000
15:28:30,140719,50.623838347,-123.487430537,2089.026000000,19,0.143000000,0.127000000,0.305000000
15:28:31,140719,50.623838380,-123.487430587,2089.024000000,19,0.143000000,0.127000000,0.305000000
15:28:32,140719,50.623838422,-123.487430660,2089.025000000,19,0.143000000,0.127000000,0.305000000
15:28:33,140719,50.623838413,-123.487430608,2089.030000000,19,0.143000000,0.127000000,0.305000000
15:28:34,140719,50.623838407,-123.487430558,2089.030000000,19,0.142000000,0.127000000,0.304000000
15:28:35,140719,50.623838385,-123.487430473,2089.035000000,19,0.142000000,0.127000000,0.304000000
15:28:36,140719,50.623838382,-123.487430475,2089.037000000,19,0.142000000,0.127000000,0.304000000
15:28:37,140719,50.623838423,-123.487430502,2089.042000000,19,0.142000000,0.127000000,0.304000000
15:28:38,140719,50.623838442,-123.487430515,2089.045000000,19,0.142000000,0.127000000,0.304000000
15:28:39,140719,50.623838438,-123.487430515,2089.046000000,19,0.142000000,0.127000000,0.304000000
15:28:40,140719,50.623838430,-123.487430483,2089.042000000,19,0.142000000,0.127000000,0.304000000
15:28:41,140719,50.623838475,-123.487430557,2089.035000000,18,0.144000000,0.130000000,0.314000000
15:28:42,140719,50.623838533,-123.487430653,2089.026000000,18,0.144000000,0.130000000,0.314000000
15:28:43,140719,50.623838607,-123.487430742,2089.023000000,18,0.144000000,0.130000000,0.314000000
15:28:44,140719,50.623838675,-123.487430823,2089.023000000,18,0.144000000,0.130000000,0.314000000
15:28:45,140719,50.623838765,-123.487430925,2089.022000000,18,0.144000000,0.130000000,0.314000000
15:28:46,140719,50.623838843,-123.487431002,2089.020000000,18,0.144000000,0.130000000,0.314000000
15:28:47,140719,50.623838893,-123.487431082,2089.015000000,18,0.143000000,0.130000000,0.313000000
15:28:48,140719,50.623838990,-123.487431182,2089.013000000,18,0.143000000,0.130000000,0.313000000
15:28:49,140719,50.623839062,-123.487431262,2089.010000000,18,0.143000000,0.130000000,0.313000000
15:28:50,140719,50.623839133,-123.487431330,2089.015000000,18,0.143000000,0.130000000,0.313000000
15:28:51,140719,50.623839165,-123.487431367,2089.013000000,18,0.143000000,0.130000000,0.313000000
15:28:52,140719,50.623839240,-123.487431412,2089.013000000,18,0.143000000,0.130000000,0.313000000
15:28:53,140719,50.623839312,-123.487431492,2089.014000000,18,0.143000000,0.130000000,0.313000000
15:28:54,140719,50.623839388,-123.487431567,2089.018000000,18,0.143000000,0.130000000,0.313000000
15:28:55,140719,50.623839452,-123.487431648,2089.017000000,18,0.143000000,0.130000000,0.313000000
15:28:56,140719,50.623839510,-123.487431700,2089.020000000,18,0.143000000,0.130000000,0.313000000
15:28:57,140719,50.623839577,-123.487431765,2089.025000000,18,0.143000000,0.130000000,0.313000000
15:28:58,140719,50.623839628,-123.487431852,2089.024000000,18,0.143000000,0.130000000,0.313000000
15:28:59,140719,50.623839653,-123.487431912,2089.023000000,18,0.143000000,0.130000000,0.313000000
15:29:00,140719,50.623839670,-123.487431928,2089.019000000,18,0.143000000,0.130000000,0.313000000
15:29:01,140719,50.623839705,-123.487431980,2089.015000000,18,0.143000000,0.130000000,0.313000000
15:29:02,140719,50.623839743,-123.487432027,2089.013000000,18,0.143000000,0.130000000,0.312000000
15:29:03,140719,50.623839767,-123.487432067,2089.008000000,18,0.143000000,0.130000000,0.312000000
15:29:04,140719,50.623839813,-123.487432110,2089.005000000,18,0.143000000,0.130000000,0.312000000
15:29:05,140719,50.623839865,-123.487432172,2089.009000000,18,0.143000000,0.130000000,0.312000000
15:29:06,140719,50.623839927,-123.487432257,2089.011000000,18,0.143000000,0.130000000,0.312000000
15:29:07,140719,50.623839968,-123.487432308,2089.016000000,18,0.143000000,0.130000000,0.312000000
15:29:08,140719,50.623840002,-123.487432338,2089.016000000,18,0.143000000,0.130000000,0.312000000
15:29:09,140719,50.623840043,-123.487432393,2089.016000000,18,0.143000000,0.130000000,0.312000000
15:29:10,140719,50.623840080,-123.487432423,2089.020000000,18,0.143000000,0.130000000,0.312000000
15:29:11,140719,50.623840088,-123.487432425,2089.018000000,18,0.143000000,0.130000000,0.312000000
15:29:12,140719,50.623840103,-123.487432417,2089.015000000,18,0.143000000,0.130000000,0.312000000
15:29:13,140719,50.623840117,-123.487432390,2089.017000000,18,0.143000000,0.130000000,0.312000000
15:29:14,140719,50.623840132,-123.487432388,2089.015000000,18,0.143000000,0.130000000,0.312000000
15:29:15,140719,50.623840147,-123.487432402,2089.017000000,18,0.143000000,0.130000000,0.312000000
15:29:16,140719,50.623840172,-123.487432417,2089.019000000,18,0.143000000,0.130000000,0.312000000
15:29:17,140719,50.623840190,-123.487432418,2089.017000000,18,0.143000000,0.130000000,0.312000000
15:29:18,140719,50.623840198,-123.487432417,2089.022000000,18,0.143000000,0.130000000,0.312000000
15:29:19,140719,50.623840210,-123.487432393,2089.027000000,18,0.143000000,0.130000000,0.312000000
15:29:20,140719,50.623840205,-123.487432375,2089.030000000,18,0.143000000,0.130000000,0.311000000
15:29:21,140719,50.623840217,-123.487432380,2089.035000000,18,0.143000000,0.130000000,0.311000000
15:29:22,140719,50.623840220,-123.487432370,2089.037000000,18,0.143000000,0.130000000,0.311000000
15:29:23,140719,50.623840227,-123.487432375,2089.036000000,18,0.143000000,0.130000000,0.311000000
15:29:24,140719,50.623840255,-123.487432383,2089.034000000,18,0.143000000,0.130000000,0.311000000
15:29:25,140719,50.623840242,-123.487432333,2089.037000000,18,0.143000000,0.130000000,0.311000000
15:29:26,140719,50.623840258,-123.487432345,2089.036000000,18,0.143000000,0.130000000,0.311000000
15:29:27,140719,50.623840277,-123.487432342,2089.039000000,18,0.143000000,0.130000000,0.311000000
15:29:28,140719,50.623840275,-123.487432317,2089.038000000,18,0.143000000,0.130000000,0.311000000
15:29:29,140719,50.623840268,-123.487432283,2089.036000000,18,0.143000000,0.130000000,0.311000000
15:29:30,140719,50.623840262,-123.487432282,2089.038000000,18,0.143000000,0.130000000,0.311000000
15:29:31,140719,50.623840247,-123.487432270,2089.038000000,18,0.143000000,0.130000000,0.311000000
15:29:32,140719,50.623840237,-123.487432257,2089.040000000,18,0.143000000,0.130000000,0.311000000
15:29:33,140719,50.623840225,-123.487432250,2089.038000000,18,0.143000000,0.130000000,0.311000000
15:29:34,140719,50.623840228,-123.487432262,2089.038000000,18,0.143000000,0.130000000,0.311000000
15:29:35,140719,50.623840235,-123.487432258,2089.039000000,18,0.143000000,0.130000000,0.310000000
15:29:36,140719,50.623840247,-123.487432258,2089.037000000,18,0.143000000,0.130000000,0.310000000
15:29:37,140719,50.623840262,-123.487432288,2089.038000000,18,0.143000000,0.130000000,0.310000000
15:29:38,140719,50.623840253,-123.487432283,2089.035000000,18,0.143000000,0.130000000,0.310000000
15:29:39,140719,50.623840270,-123.487432310,2089.032000000,18,0.143000000,0.130000000,0.310000000
15:29:40,140719,50.623840213,-123.487432185,2089.031000000,17,0.144000000,0.139000000,0.312000000
15:29:41,140719,50.623840185,-123.487432257,2089.024000000,17,0.144000000,0.139000000,0.312000000
15:29:42,140719,50.623840150,-123.487432275,2089.025000000,17,0.144000000,0.139000000,0.312000000
15:29:43,140719,50.623840122,-123.487432295,2089.027000000,17,0.144000000,0.139000000,0.312000000
15:29:44,140719,50.623840102,-123.487432303,2089.029000000,17,0.144000000,0.139000000,0.312000000
15:29:45,140719,50.623840073,-123.487432288,2089.033000000,17,0.144000000,0.139000000,0.312000000
15:29:46,140719,50.623840025,-123.487432253,2089.029000000,17,0.144000000,0.139000000,0.312000000
15:29:47,140719,50.623839965,-123.487432218,2089.027000000,17,0.144000000,0.139000000,0.312000000
15:29:48,140719,50.623839898,-123.487432193,2089.024000000,17,0.144000000,0.139000000,0.312000000
15:29:49,140719,50.623839828,-123.487432155,2089.019000000,17,0.144000000,0.139000000,0.312000000
15:29:50,140719,50.623839783,-123.487432110,2089.016000000,17,0.144000000,0.139000000,0.312000000
15:29:51,140719,50.623839742,-123.487432097,2089.012000000,17,0.144000000,0.139000000,0.312000000
15:29:52,140719,50.623839707,-123.487432067,2089.010000000,17,0.144000000,0.139000000,0.312000000
15:29:53,140719,50.623839687,-123.487432008,2089.010000000,17,0.144000000,0.139000000,0.312000000
15:29:54,140719,50.623839688,-123.487431988,2089.011000000,17,0.144000000,0.139000000,0.312000000
15:29:55,140719,50.623839692,-123.487431945,2089.005000000,17,0.144000000,0.139000000,0.312000000
15:29:56,140719,50.623839655,-123.487431857,2089.012000000,17,0.144000000,0.139000000,0.312000000
15:29:57,140719,50.623839617,-123.487431725,2089.015000000,17,0.144000000,0.139000000,0.312000000
15:29:58,140719,50.623839595,-123.487431715,2089.018000000,17,0.144000000,0.139000000,0.311000000
15:29:59,140719,50.623839565,-123.487431707,2089.016000000,17,0.144000000,0.139000000,0.311000000
15:30:00,140719,50.623839522,-123.487431643,2089.016000000,17,0.144000000,0.139000000,0.311000000
15:30:01,140719,50.623839487,-123.487431577,2089.019000000,17,0.144000000,0.139000000,0.311000000
15:30:02,140719,50.623839465,-123.487431527,2089.019000000,17,0.144000000,0.139000000,0.311000000
15:30:03,140719,50.623839432,-123.487431440,2089.019000000,17,0.144000000,0.139000000,0.311000000
15:30:04,140719,50.623839402,-123.487431383,2089.018000000,17,0.144000000,0.139000000,0.311000000
15:30:05,140719,50.623839365,-123.487431335,2089.017000000,17,0.144000000,0.139000000,0.311000000
15:30:06,140719,50.623839320,-123.487431280,2089.016000000,17,0.144000000,0.139000000,0.311000000
15:30:07,140719,50.623839283,-123.487431235,2089.015000000,17,0.144000000,0.139000000,0.311000000
15:30:08,140719,50.623839242,-123.487431203,2089.017000000,17,0.144000000,0.139000000,0.311000000
15:30:09,140719,50.623839198,-123.487431155,2089.016000000,17,0.144000000,0.139000000,0.311000000
15:30:10,140719,50.623839172,-123.487431093,2089.012000000,17,0.144000000,0.139000000,0.311000000
15:30:11,140719,50.623839168,-123.487431092,2089.012000000,17,0.144000000,0.139000000,0.311000000
15:30:12,140719,50.623839168,-123.487431102,2089.013000000,17,0.144000000,0.139000000,0.311000000
15:30:13,140719,50.623839165,-123.487431082,2089.013000000,17,0.144000000,0.139000000,0.310000000
15:30:14,140719,50.623839158,-123.487431105,2089.014000000,17,0.144000000,0.139000000,0.310000000
15:30:15,140719,50.623839128,-123.487431083,2089.011000000,17,0.144000000,0.139000000,0.310000000
15:30:16,140719,50.623839133,-123.487431103,2089.010000000,17,0.144000000,0.139000000,0.310000000
15:30:17,140719,50.623839140,-123.487431123,2089.007000000,17,0.144000000,0.139000000,0.310000000
15:30:18,140719,50.623839173,-123.487431200,2089.008000000,17,0.144000000,0.139000000,0.310000000
15:30:19,140719,50.623839165,-123.487431147,2089.009000000,17,0.144000000,0.139000000,0.310000000
15:30:20,140719,50.623839173,-123.487431140,2089.015000000,17,0.144000000,0.139000000,0.310000000
15:30:21,140719,50.623839163,-123.487431070,2089.016000000,17,0.144000000,0.139000000,0.310000000
15:30:22,140719,50.623839135,-123.487431027,2089.017000000,17,0.144000000,0.139000000,0.310000000
15:30:23,140719,50.623839090,-123.487430992,2089.012000000,17,0.144000000,0.139000000,0.310000000
15:30:24,140719,50.623839053,-123.487430958,2089.008000000,17,0.144000000,0.139000000,0.310000000
15:30:25,140719,50.623839003,-123.487430887,2089.003000000,17,0.144000000,0.139000000,0.310000000
15:30:26,140719,50.623838952,-123.487430853,2088.997000000,17,0.144000000,0.139000000,0.310000000
15:30:27,140719,50.623838902,-123.487430788,2088.994000000,17,0.144000000,0.139000000,0.310000000
15:30:28,140719,50.623839023,-123.487431137,2088.993000000,17,0.144000000,0.139000000,0.310000000
15:30:29,140719,50.623839132,-123.487431367,2088.991000000,17,0.144000000,0.139000000,0.310000000
15:30:30,140719,50.623839192,-123.487431372,2088.997000000,17,0.144000000,0.139000000,0.310000000
15:30:31,140719,50.623839157,-123.487431462,2088.995000000,17,0.144000000,0.139000000,0.309000000
15:30:32,140719,50.623839143,-123.487431487,2088.986000000,17,0.144000000,0.139000000,0.309000000
15:30:33,140719,50.623839115,-123.487431417,2088.985000000,16,0.148000000,0.148000000,0.311000000
15:30:34,140719,50.623839233,-123.487431707,2088.985000000,16,0.148000000,0.148000000,0.311000000
15:30:35,140719,50.623839365,-123.487431838,2088.990000000,16,0.148000000,0.148000000,0.311000000
15:30:36,140719,50.623839398,-123.487431787,2088.994000000,16,0.148000000,0.148000000,0.311000000
15:30:37,140719,50.623839365,-123.487431778,2088.991000000,17,0.144000000,0.139000000,0.309000000
15:30:38,140719,50.623839275,-123.487431887,2088.990000000,17,0.144000000,0.139000000,0.309000000
15:30:39,140719,50.623839178,-123.487431800,2088.967000000,17,0.144000000,0.139000000,0.309000000
15:30:40,140719,50.623839050,-123.487431860,2088.944000000,17,0.144000000,0.139000000,0.309000000
15:30:41,140719,50.623838932,-123.487431918,2088.920000000,17,0.144000000,0.139000000,0.309000000
15:30:42,140719,50.623838828,-123.487431963,2088.898000000,17,0.144000000,0.139000000,0.309000000
15:30:43,140719,50.623838728,-123.487432028,2088.878000000,17,0.144000000,0.139000000,0.309000000
15:30:44,140719,50.623838632,-123.487432172,2088.856000000,17,0.144000000,0.139000000,0.309000000
15:30:45,140719,50.623838522,-123.487432312,2088.839000000,16,0.163000000,0.145000000,0.324000000
15:30:46,140719,50.623838448,-123.487432497,2088.824000000,16,0.163000000,0.145000000,0.324000000
15:30:47,140719,50.623838363,-123.487432660,2088.804000000,16,0.163000000,0.145000000,0.324000000
15:30:48,140719,50.623838305,-123.487432782,2088.782000000,16,0.163000000,0.145000000,0.324000000
15:30:49,140719,50.623838135,-123.487432892,2088.768000000,16,0.163000000,0.145000000,0.324000000
15:30:50,140719,50.623838062,-123.487433018,2088.751000000,16,0.163000000,0.145000000,0.324000000
15:30:51,140719,50.623837988,-123.487433137,2088.735000000,16,0.163000000,0.145000000,0.324000000
15:30:52,140719,50.623837782,-123.487433223,2088.718000000,16,0.163000000,0.145000000,0.324000000
15:30:53,140719,50.623837808,-123.487433482,2088.697000000,16,0.163000000,0.145000000,0.324000000
15:30:54,140719,50.623837785,-123.487433700,2088.682000000,16,0.163000000,0.145000000,0.324000000
15:30:55,140719,50.623837738,-123.487433872,2088.667000000,16,0.163000000,0.145000000,0.324000000
15:30:56,140719,50.623837698,-123.487434012,2088.652000000,16,0.163000000,0.145000000,0.324000000
15:30:57,140719,50.623837702,-123.487434158,2088.644000000,16,0.163000000,0.145000000,0.324000000
15:30:58,140719,50.623837660,-123.487434268,2088.624000000,16,0.163000000,0.145000000,0.324000000
15:30:59,140719,50.623837647,-123.487434402,2088.617000000,17,0.143000000,0.139000000,0.308000000
15:31:00,140719,50.623837633,-123.487434483,2088.610000000,17,0.143000000,0.139000000,0.308000000
15:31:01,140719,50.623837620,-123.487434582,2088.598000000,17,0.143000000,0.139000000,0.308000000
15:31:02,140719,50.623837628,-123.487434708,2088.591000000,17,0.143000000,0.139000000,0.308000000
15:31:03,140719,50.623837632,-123.487434822,2088.585000000,17,0.143000000,0.139000000,0.308000000
15:31:04,140719,50.623837662,-123.487434967,2088.582000000,17,0.143000000,0.139000000,0.308000000
15:31:05,140719,50.623837643,-123.487434952,2088.583000000,17,0.143000000,0.139000000,0.307000000
15:31:06,140719,50.623837665,-123.487435002,2088.583000000,17,0.143000000,0.139000000,0.307000000
15:31:07,140719,50.623837625,-123.487434997,2088.590000000,17,0.143000000,0.139000000,0.307000000
15:31:08,140719,50.623837643,-123.487435020,2088.594000000,17,0.143000000,0.139000000,0.307000000
15:31:09,140719,50.623837648,-123.487435050,2088.595000000,17,0.143000000,0.139000000,0.307000000
15:31:10,140719,50.623837652,-123.487435042,2088.595000000,17,0.143000000,0.139000000,0.307000000
15:31:11,140719,50.623837653,-123.487435053,2088.595000000,17,0.143000000,0.139000000,0.307000000
15:31:12,140719,50.623837652,-123.487435057,2088.593000000,17,0.143000000,0.139000000,0.307000000
15:31:13,140719,50.623837648,-123.487435043,2088.598000000,17,0.143000000,0.139000000,0.307000000
15:31:14,140719,50.623837652,-123.487435025,2088.602000000,17,0.143000000,0.139000000,0.307000000
15:31:15,140719,50.623837670,-123.487434980,2088.609000000,17,0.143000000,0.139000000,0.307000000
15:31:16,140719,50.623837695,-123.487434958,2088.615000000,17,0.143000000,0.139000000,0.307000000
15:31:17,140719,50.623837713,-123.487434922,2088.621000000,17,0.143000000,0.139000000,0.307000000
15:31:18,140719,50.623837733,-123.487434860,2088.627000000,17,0.143000000,0.139000000,0.307000000
15:31:19,140719,50.623837795,-123.487434850,2088.639000000,17,0.143000000,0.139000000,0.307000000
15:31:20,140719,50.623837813,-123.487434793,2088.644000000,17,0.143000000,0.139000000,0.307000000
15:31:21,140719,50.623837833,-123.487434727,2088.651000000,17,0.143000000,0.139000000,0.307000000
15:31:22,140719,50.623837852,-123.487434665,2088.658000000,17,0.143000000,0.139000000,0.307000000
15:31:23,140719,50.623837890,-123.487434600,2088.667000000,17,0.143000000,0.139000000,0.306000000
15:31:24,140719,50.623837927,-123.487434540,2088.671000000,17,0.143000000,0.139000000,0.306000000
15:31:25,140719,50.623837943,-123.487434483,2088.676000000,17,0.143000000,0.139000000,0.306000000
15:31:26,140719,50.623837995,-123.487434442,2088.688000000,17,0.143000000,0.139000000,0.306000000
15:31:27,140719,50.623838007,-123.487434370,2088.694000000,17,0.143000000,0.139000000,0.306000000
15:31:28,140719,50.623838025,-123.487434322,2088.705000000,17,0.143000000,0.139000000,0.306000000
15:31:29,140719,50.623838020,-123.487434237,2088.710000000,17,0.143000000,0.139000000,0.306000000
15:31:30,140719,50.623838000,-123.487434142,2088.712000000,17,0.143000000,0.139000000,0.306000000
15:31:31,140719,50.623837983,-123.487434068,2088.719000000,17,0.143000000,0.139000000,0.306000000
15:31:32,140719,50.623837968,-123.487433985,2088.722000000,17,0.143000000,0.139000000,0.306000000
15:31:33,140719,50.623837962,-123.487433922,2088.726000000,17,0.143000000,0.139000000,0.306000000
15:31:34,140719,50.623837955,-123.487433818,2088.732000000,17,0.143000000,0.139000000,0.306000000
15:31:35,140719,50.623837947,-123.487433713,2088.733000000,17,0.143000000,0.139000000,0.306000000
15:31:36,140719,50.623837960,-123.487433630,2088.740000000,17,0.143000000,0.139000000,0.306000000
15:31:37,140719,50.623837965,-123.487433550,2088.746000000,17,0.143000000,0.139000000,0.306000000
15:31:38,140719,50.623837988,-123.487433503,2088.751000000,17,0.143000000,0.139000000,0.306000000
15:31:39,140719,50.623838007,-123.487433468,2088.756000000,17,0.143000000,0.139000000,0.306000000
15:31:40,140719,50.623838038,-123.487433448,2088.763000000,17,0.143000000,0.139000000,0.306000000
15:31:41,140719,50.623838085,-123.487433415,2088.773000000,17,0.143000000,0.139000000,0.305000000
15:31:42,140719,50.623838135,-123.487433337,2088.782000000,17,0.143000000,0.139000000,0.305000000
15:31:43,140719,50.623838167,-123.487433273,2088.792000000,17,0.143000000,0.139000000,0.305000000
15:31:44,140719,50.623838220,-123.487433223,2088.804000000,17,0.143000000,0.139000000,0.305000000
15:31:45,140719,50.623838277,-123.487433185,2088.816000000,17,0.143000000,0.139000000,0.305000000
15:31:46,140719,50.623838312,-123.487433140,2088.822000000,17,0.143000000,0.139000000,0.305000000
15:31:47,140719,50.623838325,-123.487433082,2088.825000000,17,0.143000000,0.139000000,0.305000000
15:31:48,140719,50.623838337,-123.487433040,2088.829000000,17,0.143000000,0.139000000,0.305000000
15:31:49,140719,50.623838350,-123.487433028,2088.834000000,17,0.143000000,0.139000000,0.305000000
15:31:50,140719,50.623838378,-123.487433038,2088.834000000,17,0.143000000,0.139000000,0.305000000
15:31:51,140719,50.623838390,-123.487433000,2088.833000000,17,0.143000000,0.139000000,0.305000000
15:31:52,140719,50.623838415,-123.487432983,2088.832000000,17,0.143000000,0.139000000,0.305000000
15:31:53,140719,50.623838417,-123.487432978,2088.835000000,17,0.143000000,0.139000000,0.305000000
15:31:54,140719,50.623838425,-123.487432987,2088.836000000,17,0.143000000,0.139000000,0.305000000
15:31:55,140719,50.623838423,-123.487432988,2088.839000000,17,0.143000000,0.139000000,0.305000000
15:31:56,140719,50.623838430,-123.487432967,2088.842000000,17,0.143000000,0.139000000,0.305000000
15:31:57,140719,50.623838440,-123.487432932,2088.843000000,17,0.143000000,0.139000000,0.305000000
15:31:58,140719,50.623838442,-123.487432885,2088.844000000,17,0.143000000,0.139000000,0.305000000
15:31:59,140719,50.623838487,-123.487432868,2088.851000000,17,0.143000000,0.139000000,0.304000000
15:32:00,140719,50.623838538,-123.487432875,2088.855000000,17,0.143000000,0.139000000,0.304000000
15:32:01,140719,50.623838583,-123.487432873,2088.856000000,17,0.143000000,0.139000000,0.304000000
15:32:02,140719,50.623838647,-123.487432900,2088.859000000,17,0.143000000,0.139000000,0.304000000
15:32:03,140719,50.623838680,-123.487432893,2088.863000000,17,0.143000000,0.139000000,0.304000000
15:32:04,140719,50.623838707,-123.487432918,2088.866000000,17,0.143000000,0.139000000,0.304000000
15:32:05,140719,50.623838742,-123.487432925,2088.869000000,17,0.143000000,0.139000000,0.304000000
15:32:06,140719,50.623838792,-123.487432940,2088.873000000,17,0.143000000,0.139000000,0.304000000
15:32:07,140719,50.623838832,-123.487432947,2088.876000000,17,0.143000000,0.139000000,0.304000000
15:32:08,140719,50.623838897,-123.487432982,2088.883000000,17,0.143000000,0.139000000,0.304000000
15:32:09,140719,50.623838930,-123.487432985,2088.887000000,17,0.143000000,0.139000000,0.304000000
15:32:10,140719,50.623838957,-123.487433008,2088.891000000,17,0.143000000,0.139000000,0.304000000
15:32:11,140719,50.623838953,-123.487433028,2088.889000000,17,0.143000000,0.139000000,0.304000000
15:32:12,140719,50.623838947,-123.487433028,2088.888000000,17,0.143000000,0.139000000,0.304000000
15:32:13,140719,50.623838927,-123.487433018,2088.891000000,17,0.143000000,0.139000000,0.304000000
15:32:14,140719,50.623838893,-123.487432998,2088.891000000,17,0.143000000,0.139000000,0.303000000
15:32:15,140719,50.623838897,-123.487432988,2088.893000000,17,0.143000000,0.139000000,0.303000000
15:32:16,140719,50.623838872,-123.487432970,2088.889000000,17,0.143000000,0.139000000,0.303000000
15:32:17,140719,50.623838873,-123.487432973,2088.891000000,17,0.143000000,0.139000000,0.303000000
15:32:18,140719,50.623838867,-123.487432980,2088.893000000,17,0.143000000,0.139000000,0.303000000
15:32:19,140719,50.623838883,-123.487433002,2088.902000000,17,0.143000000,0.139000000,0.303000000
15:32:20,140719,50.623838870,-123.487432988,2088.903000000,17,0.143000000,0.139000000,0.303000000
15:32:21,140719,50.623838865,-123.487432977,2088.906000000,17,0.143000000,0.139000000,0.303000000
15:32:22,140719,50.623838850,-123.487432952,2088.907000000,17,0.143000000,0.139000000,0.303000000
15:32:23,140719,50.623838860,-123.487432927,2088.910000000,17,0.143000000,0.139000000,0.303000000
15:32:24,140719,50.623838870,-123.487432920,2088.916000000,17,0.143000000,0.139000000,0.303000000
15:32:25,140719,50.623838888,-123.487432920,2088.920000000,17,0.143000000,0.139000000,0.303000000
15:32:26,140719,50.623838905,-123.487432917,2088.922000000,17,0.143000000,0.139000000,0.303000000
15:32:27,140719,50.623838943,-123.487432928,2088.930000000,17,0.143000000,0.139000000,0.303000000
15:32:28,140719,50.623838962,-123.487432945,2088.935000000,17,0.143000000,0.139000000,0.303000000
15:32:29,140719,50.623838968,-123.487432960,2088.933000000,17,0.143000000,0.139000000,0.303000000
15:32:30,140719,50.623838953,-123.487432948,2088.934000000,17,0.143000000,0.139000000,0.303000000
15:32:31,140719,50.623838925,-123.487432957,2088.932000000,18,0.121000000,0.137000000,0.269000000
15:32:32,140719,50.623838893,-123.487432938,2088.929000000,18,0.121000000,0.137000000,0.269000000
15:32:33,140719,50.623838848,-123.487432912,2088.924000000,18,0.121000000,0.137000000,0.269000000
15:32:34,140719,50.623838823,-123.487432915,2088.919000000,18,0.121000000,0.137000000,0.269000000
15:32:35,140719,50.623838792,-123.487432930,2088.918000000,18,0.121000000,0.137000000,0.269000000
15:32:36,140719,50.623838765,-123.487432955,2088.915000000,18,0.121000000,0.137000000,0.269000000
15:32:37,140719,50.623838738,-123.487432968,2088.912000000,18,0.121000000,0.137000000,0.269000000
15:32:38,140719,50.623838718,-123.487432977,2088.909000000,18,0.121000000,0.137000000,0.269000000
15:32:39,140719,50.623838695,-123.487432965,2088.905000000,18,0.121000000,0.137000000,0.269000000
15:32:40,140719,50.623838668,-123.487432948,2088.902000000,18,0.121000000,0.137000000,0.269000000
15:32:41,140719,50.623838657,-123.487432907,2088.898000000,18,0.121000000,0.137000000,0.269000000
15:32:42,140719,50.623838637,-123.487432880,2088.896000000,18,0.121000000,0.137000000,0.269000000
15:32:43,140719,50.623838608,-123.487432840,2088.891000000,18,0.121000000,0.137000000,0.268000000
15:32:44,140719,50.623838588,-123.487432798,2088.891000000,18,0.121000000,0.137000000,0.268000000
15:32:45,140719,50.623838578,-123.487432768,2088.892000000,18,0.121000000,0.137000000,0.268000000
15:32:46,140719,50.623838595,-123.487432767,2088.897000000,18,0.121000000,0.137000000,0.268000000
15:32:47,140719,50.623838597,-123.487432723,2088.893000000,18,0.121000000,0.137000000,0.268000000
15:32:48,140719,50.623838572,-123.487432667,2088.891000000,18,0.121000000,0.137000000,0.268000000
15:32:49,140719,50.623838558,-123.487432630,2088.888000000,17,0.126000000,0.139000000,0.280000000
15:32:50,140719,50.623838558,-123.487432627,2088.888000000,17,0.126000000,0.139000000,0.280000000
15:32:51,140719,50.623838550,-123.487432605,2088.885000000,17,0.126000000,0.139000000,0.280000000
15:32:52,140719,50.623838537,-123.487432577,2088.885000000,17,0.126000000,0.139000000,0.280000000
15:32:53,140719,50.623838512,-123.487432570,2088.885000000,17,0.126000000,0.139000000,0.280000000
15:32:54,140719,50.623838498,-123.487432600,2088.886000000,17,0.126000000,0.139000000,0.280000000
15:32:55,140719,50.623838483,-123.487432632,2088.885000000,17,0.126000000,0.139000000,0.280000000
15:32:56,140719,50.623838487,-123.487432645,2088.886000000,17,0.126000000,0.139000000,0.280000000
15:32:57,140719,50.623838470,-123.487432647,2088.884000000,17,0.126000000,0.139000000,0.280000000
15:32:58,140719,50.623838452,-123.487432650,2088.880000000,17,0.126000000,0.139000000,0.280000000
15:32:59,140719,50.623838440,-123.487432628,2088.880000000,17,0.126000000,0.139000000,0.280000000
15:33:00,140719,50.623838425,-123.487432620,2088.878000000,17,0.126000000,0.139000000,0.280000000
15:33:01,140719,50.623838407,-123.487432590,2088.877000000,17,0.126000000,0.139000000,0.280000000
15:33:02,140719,50.623838398,-123.487432568,2088.874000000,17,0.126000000,0.139000000,0.280000000
15:33:03,140719,50.623838395,-123.487432535,2088.872000000,17,0.126000000,0.139000000,0.280000000
15:33:04,140719,50.623838395,-123.487432522,2088.869000000,17,0.126000000,0.139000000,0.280000000
15:33:05,140719,50.623838393,-123.487432498,2088.867000000,17,0.126000000,0.139000000,0.280000000
15:33:06,140719,50.623838395,-123.487432503,2088.866000000,17,0.126000000,0.139000000,0.280000000
15:33:07,140719,50.623838395,-123.487432502,2088.871000000,17,0.126000000,0.139000000,0.280000000
15:33:08,140719,50.623838378,-123.487432480,2088.872000000,17,0.126000000,0.139000000,0.280000000
15:33:09,140719,50.623838363,-123.487432432,2088.871000000,17,0.126000000,0.139000000,0.280000000
15:33:10,140719,50.623838373,-123.487432443,2088.875000000,17,0.126000000,0.139000000,0.280000000
15:33:11,140719,50.623838363,-123.487432442,2088.872000000,17,0.126000000,0.139000000,0.280000000
15:33:12,140719,50.623838353,-123.487432467,2088.877000000,17,0.126000000,0.139000000,0.280000000
15:33:13,140719,50.623838352,-123.487432483,2088.875000000,17,0.126000000,0.139000000,0.279000000
15:33:14,140719,50.623838338,-123.487432480,2088.876000000,17,0.126000000,0.139000000,0.279000000
15:33:15,140719,50.623838332,-123.487432502,2088.879000000,17,0.126000000,0.139000000,0.279000000
15:33:16,140719,50.623838322,-123.487432487,2088.875000000,17,0.126000000,0.139000000,0.279000000
15:33:17,140719,50.623838295,-123.487432460,2088.874000000,17,0.126000000,0.139000000,0.279000000
15:33:18,140719,50.623838263,-123.487432438,2088.873000000,17,0.126000000,0.139000000,0.279000000
15:33:19,140719,50.623838225,-123.487432390,2088.871000000,17,0.126000000,0.139000000,0.279000000
15:33:20,140719,50.623838198,-123.487432367,2088.875000000,17,0.126000000,0.139000000,0.279000000
15:33:21,140719,50.623838162,-123.487432320,2088.875000000,17,0.126000000,0.139000000,0.279000000
15:33:22,140719,50.623838138,-123.487432308,2088.873000000,17,0.126000000,0.139000000,0.279000000
15:33:23,140719,50.623838140,-123.487432310,2088.875000000,17,0.126000000,0.139000000,0.279000000
15:33:24,140719,50.623838130,-123.487432293,2088.871000000,17,0.126000000,0.139000000,0.279000000
15:33:25,140719,50.623838127,-123.487432277,2088.871000000,17,0.126000000,0.139000000,0.279000000
15:33:26,140719,50.623838112,-123.487432273,2088.867000000,17,0.126000000,0.139000000,0.279000000
15:33:27,140719,50.623838105,-123.487432252,2088.865000000,17,0.126000000,0.139000000,0.279000000
15:33:28,140719,50.623838102,-123.487432245,2088.858000000,17,0.126000000,0.139000000,0.279000000
15:33:29,140719,50.623838115,-123.487432235,2088.861000000,17,0.126000000,0.139000000,0.279000000
15:33:30,140719,50.623838115,-123.487432220,2088.864000000,17,0.126000000,0.139000000,0.279000000
15:33:31,140719,50.623838125,-123.487432227,2088.866000000,17,0.126000000,0.139000000,0.279000000
15:33:32,140719,50.623838135,-123.487432227,2088.865000000,17,0.126000000,0.139000000,0.279000000
15:33:33,140719,50.623838143,-123.487432223,2088.865000000,17,0.126000000,0.139000000,0.279000000
15:33:34,140719,50.623838165,-123.487432232,2088.864000000,17,0.126000000,0.139000000,0.279000000
15:33:35,140719,50.623838162,-123.487432225,2088.862000000,17,0.126000000,0.139000000,0.279000000
15:33:36,140719,50.623838170,-123.487432242,2088.865000000,17,0.126000000,0.139000000,0.279000000
15:33:37,140719,50.623838175,-123.487432225,2088.866000000,17,0.126000000,0.139000000,0.279000000
15:33:38,140719,50.623838170,-123.487432223,2088.865000000,17,0.126000000,0.139000000,0.279000000
15:33:39,140719,50.623838162,-123.487432215,2088.864000000,17,0.126000000,0.139000000,0.279000000
15:33:40,140719,50.623838158,-123.487432213,2088.862000000,17,0.126000000,0.139000000,0.279000000
15:33:41,140719,50.623838123,-123.487432188,2088.861000000,17,0.126000000,0.139000000,0.279000000
15:33:42,140719,50.623838093,-123.487432157,2088.864000000,17,0.126000000,0.139000000,0.279000000
15:33:43,140719,50.623838063,-123.487432135,2088.867000000,17,0.126000000,0.139000000,0.279000000
15:33:44,140719,50.623838053,-123.487432133,2088.867000000,17,0.126000000,0.139000000,0.279000000
15:33:45,140719,50.623838045,-123.487432142,2088.867000000,17,0.126000000,0.139000000,0.279000000
15:33:46,140719,50.623838023,-123.487432110,2088.867000000,17,0.126000000,0.139000000,0.279000000
15:33:47,140719,50.623838043,-123.487432093,2088.866000000,17,0.126000000,0.139000000,0.279000000
15:33:48,140719,50.623838040,-123.487432070,2088.865000000,17,0.126000000,0.139000000,0.279000000
15:33:49,140719,50.623838045,-123.487432072,2088.869000000,17,0.126000000,0.139000000,0.279000000
15:33:50,140719,50.623838032,-123.487432068,2088.869000000,17,0.126000000,0.139000000,0.279000000
15:33:51,140719,50.623838025,-123.487432065,2088.868000000,17,0.126000000,0.139000000,0.279000000
15:33:52,140719,50.623838015,-123.487432095,2088.869000000,17,0.126000000,0.139000000,0.279000000
15:33:53,140719,50.623838003,-123.487432092,2088.869000000,17,0.126000000,0.139000000,0.279000000
15:33:54,140719,50.623837985,-123.487432082,2088.869000000,17,0.126000000,0.139000000,0.279000000
15:33:55,140719,50.623837990,-123.487432077,2088.871000000,17,0.126000000,0.139000000,0.279000000
15:33:56,140719,50.623837983,-123.487432063,2088.873000000,17,0.126000000,0.139000000,0.279000000
15:33:57,140719,50.623837973,-123.487432060,2088.874000000,17,0.126000000,0.139000000,0.279000000
15:33:58,140719,50.623837958,-123.487432042,2088.870000000,17,0.126000000,0.139000000,0.279000000
15:33:59,140719,50.623837943,-123.487432058,2088.870000000,17,0.126000000,0.139000000,0.279000000
15:34:00,140719,50.623837930,-123.487432093,2088.867000000,17,0.126000000,0.139000000,0.279000000
15:34:01,140719,50.623837915,-123.487432108,2088.869000000,17,0.126000000,0.139000000,0.279000000
15:34:02,140719,50.623837910,-123.487432140,2088.870000000,17,0.126000000,0.139000000,0.279000000
15:34:03,140719,50.623837902,-123.487432143,2088.871000000,17,0.126000000,0.139000000,0.279000000
15:34:04,140719,50.623837900,-123.487432188,2088.873000000,17,0.126000000,0.139000000,0.279000000
15:34:05,140719,50.623837917,-123.487432195,2088.873000000,17,0.126000000,0.139000000,0.279000000
15:34:06,140719,50.623837928,-123.487432215,2088.873000000,17,0.126000000,0.139000000,0.279000000
15:34:07,140719,50.623837932,-123.487432228,2088.875000000,17,0.126000000,0.139000000,0.279000000
15:34:08,140719,50.623837933,-123.487432232,2088.875000000,17,0.126000000,0.139000000,0.279000000
15:34:09,140719,50.623837940,-123.487432265,2088.874000000,17,0.126000000,0.139000000,0.279000000
15:34:10,140719,50.623837965,-123.487432317,2088.875000000,17,0.126000000,0.139000000,0.278000000
15:34:11,140719,50.623837980,-123.487432345,2088.876000000,17,0.126000000,0.139000000,0.278000000
15:34:12,140719,50.623838002,-123.487432383,2088.879000000,17,0.126000000,0.139000000,0.278000000
15:34:13,140719,50.623838032,-123.487432427,2088.886000000,17,0.126000000,0.139000000,0.278000000
15:34:14,140719,50.623838052,-123.487432477,2088.890000000,17,0.126000000,0.139000000,0.278000000
15:34:15,140719,50.623838068,-123.487432497,2088.894000000,17,0.126000000,0.139000000,0.278000000
15:34:16,140719,50.623838092,-123.487432522,2088.896000000,17,0.126000000,0.139000000,0.278000000
15:34:17,140719,50.623838093,-123.487432558,2088.899000000,17,0.126000000,0.139000000,0.278000000
15:34:18,140719,50.623838078,-123.487432562,2088.902000000,17,0.126000000,0.139000000,0.278000000
15:34:19,140719,50.623838060,-123.487432548,2088.904000000,17,0.126000000,0.139000000,0.278000000
15:34:20,140719,50.623838052,-123.487432547,2088.906000000,17,0.126000000,0.139000000,0.278000000
15:34:21,140719,50.623838023,-123.487432530,2088.905000000,17,0.126000000,0.139000000,0.278000000
15:34:22,140719,50.623838003,-123.487432520,2088.904000000,17,0.126000000,0.139000000,0.278000000
15:34:23,140719,50.623837990,-123.487432532,2088.902000000,17,0.126000000,0.139000000,0.278000000
15:34:24,140719,50.623837988,-123.487432537,2088.900000000,17,0.126000000,0.139000000,0.278000000
15:34:25,140719,50.623837972,-123.487432528,2088.899000000,17,0.126000000,0.139000000,0.278000000
15:34:26,140719,50.623837965,-123.487432520,2088.895000000,17,0.126000000,0.139000000,0.278000000
15:34:27,140719,50.623837967,-123.487432522,2088.892000000,17,0.126000000,0.139000000,0.278000000
15:34:28,140719,50.623837973,-123.487432510,2088.893000000,17,0.126000000,0.139000000,0.278000000
15:34:29,140719,50.623837967,-123.487432482,2088.891000000,17,0.126000000,0.139000000,0.278000000
15:34:30,140719,50.623837972,-123.487432483,2088.893000000,17,0.126000000,0.139000000,0.278000000
15:34:31,140719,50.623837978,-123.487432505,2088.892000000,17,0.126000000,0.139000000,0.278000000
15:34:32,140719,50.623837977,-123.487432490,2088.887000000,17,0.126000000,0.139000000,0.278000000
15:34:33,140719,50.623838007,-123.487432503,2088.886000000,17,0.126000000,0.139000000,0.278000000
15:34:34,140719,50.623838028,-123.487432518,2088.883000000,17,0.126000000,0.139000000,0.278000000
15:34:35,140719,50.623838068,-123.487432548,2088.885000000,17,0.126000000,0.139000000,0.278000000
15:34:36,140719,50.623838082,-123.487432555,2088.884000000,17,0.126000000,0.139000000,0.278000000
15:34:37,140719,50.623838112,-123.487432572,2088.884000000,17,0.126000000,0.139000000,0.278000000
15:34:38,140719,50.623838130,-123.487432612,2088.885000000,17,0.126000000,0.139000000,0.278000000
15:34:39,140719,50.623838142,-123.487432600,2088.883000000,17,0.126000000,0.139000000,0.278000000
15:34:40,140719,50.623838155,-123.487432588,2088.885000000,17,0.126000000,0.139000000,0.278000000
15:34:41,140719,50.623838150,-123.487432590,2088.884000000,17,0.126000000,0.139000000,0.278000000
15:34:42,140719,50.623838145,-123.487432567,2088.885000000,17,0.126000000,0.139000000,0.278000000
15:34:43,140719,50.623838150,-123.487432543,2088.883000000,17,0.126000000,0.139000000,0.278000000
15:34:44,140719,50.623838142,-123.487432512,2088.885000000,17,0.126000000,0.139000000,0.278000000
15:34:45,140719,50.623838145,-123.487432512,2088.884000000,17,0.126000000,0.139000000,0.278000000
15:34:46,140719,50.623838133,-123.487432478,2088.882000000,17,0.126000000,0.139000000,0.278000000
15:34:47,140719,50.623838127,-123.487432470,2088.878000000,17,0.126000000,0.139000000,0.278000000
15:34:48,140719,50.623838117,-123.487432492,2088.880000000,17,0.126000000,0.139000000,0.278000000
15:34:49,140719,50.623838113,-123.487432488,2088.880000000,17,0.126000000,0.139000000,0.278000000
15:34:50,140719,50.623838107,-123.487432468,2088.876000000,17,0.126000000,0.139000000,0.278000000
15:34:51,140719,50.623838113,-123.487432467,2088.876000000,17,0.126000000,0.139000000,0.278000000
15:34:52,140719,50.623838112,-123.487432450,2088.874000000,17,0.126000000,0.139000000,0.278000000
15:34:53,140719,50.623838137,-123.487432443,2088.875000000,17,0.126000000,0.139000000,0.278000000
15:34:54,140719,50.623838158,-123.487432437,2088.874000000,17,0.126000000,0.139000000,0.278000000
15:34:55,140719,50.623838175,-123.487432413,2088.873000000,17,0.126000000,0.139000000,0.278000000
15:34:56,140719,50.623838202,-123.487432400,2088.873000000,17,0.126000000,0.139000000,0.278000000
15:34:57,140719,50.623838203,-123.487432375,2088.874000000,17,0.126000000,0.139000000,0.278000000
15:34:58,140719,50.623838208,-123.487432330,2088.877000000,17,0.126000000,0.139000000,0.278000000
15:34:59,140719,50.623838197,-123.487432290,2088.876000000,17,0.126000000,0.139000000,0.278000000
15:35:00,140719,50.623838198,-123.487432268,2088.882000000,17,0.126000000,0.139000000,0.278000000
15:35:01,140719,50.623838200,-123.487432263,2088.881000000,17,0.126000000,0.139000000,0.278000000
15:35:02,140719,50.623838202,-123.487432258,2088.883000000,17,0.126000000,0.139000000,0.278000000
15:35:03,140719,50.623838195,-123.487432265,2088.882000000,17,0.126000000,0.139000000,0.278000000
15:35:04,140719,50.623838187,-123.487432240,2088.880000000,17,0.126000000,0.139000000,0.277000000
15:35:05,140719,50.623838195,-123.487432242,2088.880000000,17,0.126000000,0.139000000,0.277000000
15:35:06,140719,50.623838198,-123.487432240,2088.882000000,17,0.126000000,0.139000000,0.277000000
15:35:07,140719,50.623838195,-123.487432240,2088.883000000,17,0.126000000,0.139000000,0.277000000
15:35:08,140719,50.623838203,-123.487432247,2088.885000000,17,0.126000000,0.139000000,0.277000000
15:35:09,140719,50.623838217,-123.487432250,2088.884000000,17,0.126000000,0.139000000,0.277000000
15:35:10,140719,50.623838245,-123.487432278,2088.883000000,17,0.126000000,0.139000000,0.277000000
15:35:11,140719,50.623838250,-123.487432298,2088.882000000,17,0.126000000,0.139000000,0.277000000
15:35:12,140719,50.623838267,-123.487432298,2088.884000000,17,0.126000000,0.139000000,0.277000000
15:35:13,140719,50.623838268,-123.487432292,2088.885000000,17,0.126000000,0.139000000,0.277000000
15:35:14,140719,50.623838262,-123.487432288,2088.885000000,17,0.126000000,0.139000000,0.277000000
15:35:15,140719,50.623838263,-123.487432273,2088.890000000,17,0.126000000,0.139000000,0.277000000
15:35:16,140719,50.623838275,-123.487432255,2088.891000000,17,0.126000000,0.139000000,0.277000000
15:35:17,140719,50.623838277,-123.487432237,2088.891000000,17,0.126000000,0.139000000,0.277000000
15:35:18,140719,50.623838273,-123.487432208,2088.893000000,17,0.126000000,0.139000000,0.277000000
15:35:19,140719,50.623838277,-123.487432188,2088.895000000,17,0.126000000,0.139000000,0.277000000
15:35:20,140719,50.623838273,-123.487432183,2088.897000000,17,0.126000000,0.139000000,0.277000000
15:35:21,140719,50.623838258,-123.487432157,2088.897000000,17,0.126000000,0.139000000,0.277000000
15:35:22,140719,50.623838257,-123.487432138,2088.900000000,17,0.126000000,0.139000000,0.277000000
15:35:23,140719,50.623838253,-123.487432153,2088.902000000,17,0.126000000,0.139000000,0.277000000
15:35:24,140719,50.623838257,-123.487432178,2088.908000000,17,0.126000000,0.139000000,0.277000000
15:35:25,140719,50.623838257,-123.487432183,2088.908000000,17,0.126000000,0.139000000,0.277000000
15:35:26,140719,50.623838272,-123.487432205,2088.911000000,17,0.126000000,0.139000000,0.277000000
15:35:27,140719,50.623838283,-123.487432223,2088.914000000,17,0.126000000,0.139000000,0.277000000
15:35:28,140719,50.623838307,-123.487432227,2088.915000000,17,0.126000000,0.139000000,0.277000000
15:35:29,140719,50.623838318,-123.487432242,2088.916000000,17,0.126000000,0.139000000,0.277000000
15:35:30,140719,50.623838352,-123.487432262,2088.916000000,17,0.126000000,0.139000000,0.277000000
15:35:31,140719,50.623838378,-123.487432288,2088.915000000,17,0.126000000,0.139000000,0.277000000
15:35:32,140719,50.623838408,-123.487432322,2088.918000000,17,0.126000000,0.139000000,0.277000000
15:35:33,140719,50.623838417,-123.487432310,2088.921000000,17,0.126000000,0.139000000,0.277000000
15:35:34,140719,50.623838422,-123.487432303,2088.923000000,17,0.126000000,0.139000000,0.277000000
15:35:35,140719,50.623838405,-123.487432257,2088.925000000,17,0.126000000,0.139000000,0.277000000
15:35:36,140719,50.623838393,-123.487432232,2088.928000000,17,0.126000000,0.139000000,0.277000000
15:35:37,140719,50.623838392,-123.487432217,2088.931000000,17,0.126000000,0.139000000,0.277000000
15:35:38,140719,50.623838383,-123.487432203,2088.937000000,17,0.126000000,0.139000000,0.277000000
15:35:39,140719,50.623838388,-123.487432192,2088.941000000,17,0.126000000,0.139000000,0.277000000
15:35:40,140719,50.623838370,-123.487432152,2088.943000000,17,0.126000000,0.139000000,0.277000000
15:35:41,140719,50.623838352,-123.487432152,2088.943000000,17,0.126000000,0.139000000,0.277000000
15:35:42,140719,50.623838352,-123.487432140,2088.942000000,17,0.126000000,0.139000000,0.277000000
15:35:43,140719,50.623838330,-123.487432112,2088.935000000,17,0.126000000,0.139000000,0.277000000
15:35:44,140719,50.623838327,-123.487432138,2088.938000000,17,0.126000000,0.139000000,0.277000000
15:35:45,140719,50.623838325,-123.487432157,2088.939000000,17,0.126000000,0.139000000,0.277000000
15:35:46,140719,50.623838327,-123.487432163,2088.940000000,17,0.126000000,0.139000000,0.277000000
15:35:47,140719,50.623838337,-123.487432193,2088.943000000,17,0.126000000,0.139000000,0.277000000
15:35:48,140719,50.623838372,-123.487432242,2088.946000000,17,0.126000000,0.139000000,0.277000000
15:35:49,140719,50.623838383,-123.487432270,2088.949000000,17,0.126000000,0.139000000,0.277000000
15:35:50,140719,50.623838400,-123.487432298,2088.949000000,17,0.126000000,0.139000000,0.277000000
15:35:51,140719,50.623838418,-123.487432328,2088.949000000,17,0.126000000,0.139000000,0.277000000
15:35:52,140719,50.623838425,-123.487432352,2088.951000000,17,0.126000000,0.139000000,0.277000000
15:35:53,140719,50.623838432,-123.487432380,2088.952000000,17,0.126000000,0.139000000,0.277000000
15:35:54,140719,50.623838450,-123.487432412,2088.948000000,17,0.126000000,0.139000000,0.277000000
15:35:55,140719,50.623838455,-123.487432440,2088.945000000,17,0.126000000,0.139000000,0.276000000
15:35:56,140719,50.623838463,-123.487432457,2088.942000000,17,0.126000000,0.139000000,0.276000000
15:35:57,140719,50.623838468,-123.487432472,2088.936000000,17,0.126000000,0.139000000,0.276000000
15:35:58,140719,50.623838485,-123.487432512,2088.936000000,17,0.126000000,0.139000000,0.276000000
15:35:59,140719,50.623838515,-123.487432537,2088.935000000,17,0.126000000,0.139000000,0.276000000
15:36:00,140719,50.623838532,-123.487432558,2088.936000000,17,0.126000000,0.139000000,0.276000000
15:36:01,140719,50.623838545,-123.487432575,2088.935000000,17,0.126000000,0.139000000,0.276000000
15:36:02,140719,50.623838558,-123.487432582,2088.934000000,17,0.126000000,0.139000000,0.276000000
15:36:03,140719,50.623838568,-123.487432580,2088.934000000,17,0.126000000,0.139000000,0.276000000
15:36:04,140719,50.623838575,-123.487432577,2088.931000000,17,0.126000000,0.139000000,0.276000000
15:36:05,140719,50.623838568,-123.487432583,2088.931000000,17,0.126000000,0.139000000,0.276000000
15:36:06,140719,50.623838573,-123.487432590,2088.928000000,17,0.126000000,0.139000000,0.276000000
15:36:07,140719,50.623838558,-123.487432603,2088.925000000,17,0.126000000,0.139000000,0.276000000
15:36:08,140719,50.623838540,-123.487432593,2088.924000000,17,0.126000000,0.139000000,0.276000000
15:36:09,140719,50.623838522,-123.487432570,2088.921000000,17,0.126000000,0.139000000,0.276000000
15:36:10,140719,50.623838513,-123.487432552,2088.918000000,17,0.126000000,0.139000000,0.276000000
15:36:11,140719,50.623838532,-123.487432552,2088.920000000,17,0.126000000,0.139000000,0.276000000
15:36:12,140719,50.623838542,-123.487432560,2088.922000000,17,0.126000000,0.139000000,0.276000000
15:36:13,140719,50.623838558,-123.487432582,2088.927000000,17,0.126000000,0.139000000,0.276000000
15:36:14,140719,50.623838565,-123.487432588,2088.927000000,17,0.126000000,0.139000000,0.276000000
15:36:15,140719,50.623838565,-123.487432592,2088.929000000,17,0.126000000,0.139000000,0.276000000
15:36:16,140719,50.623838570,-123.487432612,2088.929000000,17,0.126000000,0.139000000,0.276000000
15:36:17,140719,50.623838577,-123.487432633,2088.927000000,17,0.126000000,0.139000000,0.276000000
15:36:18,140719,50.623838603,-123.487432667,2088.926000000,17,0.126000000,0.139000000,0.276000000
15:36:19,140719,50.623838628,-123.487432692,2088.927000000,17,0.126000000,0.139000000,0.276000000
15:36:20,140719,50.623838632,-123.487432717,2088.928000000,17,0.126000000,0.139000000,0.276000000
15:36:21,140719,50.623838658,-123.487432732,2088.929000000,17,0.126000000,0.139000000,0.276000000
15:36:22,140719,50.623838657,-123.487432742,2088.928000000,17,0.126000000,0.139000000,0.276000000
15:36:23,140719,50.623838658,-123.487432768,2088.926000000,17,0.126000000,0.139000000,0.276000000
15:36:24,140719,50.623838640,-123.487432793,2088.924000000,17,0.126000000,0.139000000,0.276000000
15:36:25,140719,50.623838638,-123.487432838,2088.924000000,17,0.126000000,0.139000000,0.276000000
15:36:26,140719,50.623838635,-123.487432895,2088.923000000,17,0.126000000,0.139000000,0.276000000
15:36:27,140719,50.623838622,-123.487432893,2088.922000000,17,0.126000000,0.139000000,0.276000000
15:36:28,140719,50.623838608,-123.487432897,2088.925000000,17,0.126000000,0.139000000,0.276000000
15:36:29,140719,50.623838583,-123.487432890,2088.921000000,17,0.126000000,0.139000000,0.276000000
15:36:30,140719,50.623838578,-123.487432893,2088.920000000,17,0.126000000,0.139000000,0.276000000
15:36:31,140719,50.623838562,-123.487432885,2088.916000000,17,0.126000000,0.139000000,0.276000000
15:36:32,140719,50.623838548,-123.487432902,2088.916000000,17,0.126000000,0.139000000,0.276000000
15:36:33,140719,50.623838547,-123.487432885,2088.913000000,17,0.126000000,0.139000000,0.276000000
15:36:34,140719,50.623838547,-123.487432905,2088.910000000,17,0.126000000,0.139000000,0.276000000
15:36:35,140719,50.623838545,-123.487432883,2088.907000000,17,0.126000000,0.139000000,0.276000000
15:36:36,140719,50.623838538,-123.487432887,2088.909000000,17,0.126000000,0.139000000,0.276000000
15:36:37,140719,50.623838528,-123.487432883,2088.912000000,17,0.126000000,0.139000000,0.276000000
15:36:38,140719,50.623838510,-123.487432882,2088.913000000,17,0.126000000,0.139000000,0.276000000
15:36:39,140719,50.623838498,-123.487432870,2088.913000000,17,0.126000000,0.139000000,0.276000000
15:36:40,140719,50.623838490,-123.487432855,2088.914000000,17,0.126000000,0.139000000,0.276000000
15:36:41,140719,50.623838478,-123.487432862,2088.914000000,17,0.126000000,0.139000000,0.276000000
15:36:42,140719,50.623838480,-123.487432865,2088.911000000,17,0.126000000,0.139000000,0.276000000
15:36:43,140719,50.623838478,-123.487432878,2088.910000000,17,0.126000000,0.139000000,0.276000000
15:36:44,140719,50.623838472,-123.487432895,2088.910000000,17,0.126000000,0.139000000,0.276000000
15:36:45,140719,50.623838465,-123.487432905,2088.907000000,17,0.126000000,0.139000000,0.276000000
15:36:46,140719,50.623838470,-123.487432913,2088.905000000,17,0.126000000,0.139000000,0.275000000
15:36:47,140719,50.623838462,-123.487432918,2088.907000000,17,0.126000000,0.139000000,0.275000000
15:36:48,140719,50.623838467,-123.487432935,2088.910000000,17,0.126000000,0.139000000,0.275000000
15:36:49,140719,50.623838473,-123.487432935,2088.913000000,17,0.126000000,0.139000000,0.275000000
15:36:50,140719,50.623838475,-123.487432952,2088.916000000,17,0.126000000,0.139000000,0.275000000
15:36:51,140719,50.623838483,-123.487432978,2088.917000000,17,0.126000000,0.139000000,0.275000000
15:36:52,140719,50.623838492,-123.487432985,2088.917000000,17,0.126000000,0.139000000,0.275000000
15:36:53,140719,50.623838483,-123.487432977,2088.915000000,17,0.126000000,0.139000000,0.275000000
15:36:54,140719,50.623838483,-123.487432967,2088.912000000,17,0.126000000,0.139000000,0.275000000
15:36:55,140719,50.623838467,-123.487432967,2088.908000000,17,0.126000000,0.139000000,0.275000000
15:36:56,140719,50.623838453,-123.487432948,2088.909000000,17,0.126000000,0.139000000,0.275000000
15:36:57,140719,50.623838443,-123.487432955,2088.908000000,17,0.126000000,0.139000000,0.275000000
15:36:58,140719,50.623838442,-123.487432958,2088.906000000,17,0.126000000,0.139000000,0.275000000
15:36:59,140719,50.623838425,-123.487432962,2088.908000000,17,0.126000000,0.139000000,0.275000000
15:37:00,140719,50.623838415,-123.487432972,2088.913000000,17,0.126000000,0.139000000,0.275000000
15:37:01,140719,50.623838427,-123.487432987,2088.916000000,17,0.126000000,0.139000000,0.275000000
15:37:02,140719,50.623838430,-123.487433003,2088.919000000,17,0.126000000,0.139000000,0.275000000
15:37:03,140719,50.623838440,-123.487433012,2088.919000000,17,0.126000000,0.139000000,0.275000000
15:37:04,140719,50.623838458,-123.487433035,2088.917000000,17,0.126000000,0.139000000,0.275000000
15:37:05,140719,50.623838468,-123.487433088,2088.916000000,17,0.126000000,0.139000000,0.275000000
15:37:06,140719,50.623838492,-123.487433130,2088.914000000,17,0.126000000,0.139000000,0.275000000
15:37:07,140719,50.623838488,-123.487433162,2088.912000000,17,0.126000000,0.139000000,0.275000000
15:37:08,140719,50.623838513,-123.487433207,2088.913000000,17,0.126000000,0.139000000,0.275000000
15:37:09,140719,50.623838522,-123.487433235,2088.910000000,17,0.126000000,0.139000000,0.275000000
15:37:10,140719,50.623838523,-123.487433260,2088.910000000,17,0.126000000,0.139000000,0.275000000
15:37:11,140719,50.623838505,-123.487433280,2088.911000000,17,0.126000000,0.139000000,0.275000000
15:37:12,140719,50.623838472,-123.487433328,2088.909000000,17,0.126000000,0.139000000,0.275000000
15:37:13,140719,50.623838448,-123.487433335,2088.909000000,17,0.126000000,0.139000000,0.275000000
15:37:14,140719,50.623838442,-123.487433328,2088.908000000,17,0.126000000,0.139000000,0.275000000
15:37:15,140719,50.623838453,-123.487433315,2088.911000000,17,0.126000000,0.139000000,0.275000000
15:37:16,140719,50.623838458,-123.487433315,2088.910000000,17,0.126000000,0.139000000,0.275000000
15:37:17,140719,50.623838463,-123.487433303,2088.908000000,17,0.126000000,0.139000000,0.275000000
15:37:18,140719,50.623838467,-123.487433318,2088.906000000,17,0.126000000,0.139000000,0.275000000
15:37:19,140719,50.623838465,-123.487433313,2088.906000000,17,0.126000000,0.139000000,0.275000000
15:37:20,140719,50.623838463,-123.487433317,2088.908000000,17,0.126000000,0.139000000,0.275000000
15:37:21,140719,50.623838460,-123.487433320,2088.906000000,17,0.126000000,0.139000000,0.275000000
15:37:22,140719,50.623838473,-123.487433338,2088.907000000,17,0.126000000,0.139000000,0.275000000
15:37:23,140719,50.623838498,-123.487433373,2088.912000000,17,0.126000000,0.139000000,0.275000000
15:37:24,140719,50.623838508,-123.487433415,2088.915000000,17,0.126000000,0.139000000,0.275000000
15:37:25,140719,50.623838520,-123.487433435,2088.917000000,17,0.126000000,0.139000000,0.275000000
15:37:26,140719,50.623838513,-123.487433440,2088.921000000,17,0.126000000,0.139000000,0.275000000
15:37:27,140719,50.623838507,-123.487433437,2088.922000000,17,0.126000000,0.139000000,0.275000000
15:37:28,140719,50.623838497,-123.487433452,2088.925000000,17,0.126000000,0.139000000,0.275000000
15:37:29,140719,50.623838495,-123.487433465,2088.926000000,17,0.126000000,0.139000000,0.275000000
15:37:30,140719,50.623838493,-123.487433468,2088.924000000,17,0.126000000,0.139000000,0.275000000
15:37:31,140719,50.623838490,-123.487433473,2088.923000000,17,0.126000000,0.139000000,0.275000000
15:37:32,140719,50.623838473,-123.487433458,2088.923000000,17,0.126000000,0.139000000,0.275000000
15:37:33,140719,50.623838488,-123.487433480,2088.923000000,17,0.126000000,0.139000000,0.275000000
15:37:34,140719,50.623838478,-123.487433468,2088.922000000,17,0.126000000,0.139000000,0.274000000
15:37:35,140719,50.623838472,-123.487433447,2088.924000000,17,0.126000000,0.139000000,0.274000000
15:37:36,140719,50.623838462,-123.487433438,2088.926000000,17,0.126000000,0.139000000,0.274000000
15:37:37,140719,50.623838437,-123.487433413,2088.930000000,17,0.126000000,0.139000000,0.274000000
15:37:38,140719,50.623838415,-123.487433410,2088.930000000,17,0.126000000,0.139000000,0.274000000
15:37:39,140719,50.623838413,-123.487433433,2088.935000000,17,0.126000000,0.139000000,0.274000000
15:37:40,140719,50.623838407,-123.487433462,2088.935000000,17,0.126000000,0.139000000,0.274000000
15:37:41,140719,50.623838413,-123.487433508,2088.936000000,17,0.126000000,0.139000000,0.274000000
15:37:42,140719,50.623838440,-123.487433530,2088.936000000,17,0.126000000,0.139000000,0.274000000
15:37:43,140719,50.623838443,-123.487433563,2088.934000000,17,0.126000000,0.139000000,0.274000000
15:37:44,140719,50.623838460,-123.487433610,2088.933000000,17,0.126000000,0.139000000,0.274000000
15:37:45,140719,50.623838465,-123.487433612,2088.933000000,17,0.126000000,0.139000000,0.274000000
15:37:46,140719,50.623838452,-123.487433630,2088.936000000,17,0.126000000,0.139000000,0.274000000
15:37:47,140719,50.623838453,-123.487433655,2088.935000000,17,0.126000000,0.139000000,0.274000000
15:37:48,140719,50.623838468,-123.487433682,2088.938000000,17,0.126000000,0.139000000,0.274000000
15:37:49,140719,50.623838472,-123.487433692,2088.939000000,17,0.126000000,0.139000000,0.274000000
15:37:50,140719,50.623838482,-123.487433717,2088.940000000,17,0.126000000,0.139000000,0.274000000
15:37:51,140719,50.623838472,-123.487433717,2088.940000000,17,0.126000000,0.139000000,0.274000000
15:37:52,140719,50.623838450,-123.487433735,2088.942000000,17,0.126000000,0.139000000,0.274000000
15:37:53,140719,50.623838437,-123.487433720,2088.945000000,17,0.126000000,0.139000000,0.274000000
15:37:54,140719,50.623838427,-123.487433743,2088.941000000,17,0.126000000,0.139000000,0.274000000
15:37:55,140719,50.623838433,-123.487433763,2088.942000000,16,0.140000000,0.145000000,0.304000000
15:37:56,140719,50.623838447,-123.487433793,2088.945000000,16,0.140000000,0.145000000,0.304000000
15:37:57,140719,50.623838455,-123.487433808,2088.946000000,16,0.140000000,0.145000000,0.304000000
15:37:58,140719,50.623838485,-123.487433843,2088.950000000,16,0.140000000,0.145000000,0.304000000
15:37:59,140719,50.623838520,-123.487433898,2088.957000000,16,0.140000000,0.145000000,0.304000000
15:38:00,140719,50.623838568,-123.487433927,2088.965000000,16,0.140000000,0.145000000,0.304000000
15:38:01,140719,50.623838592,-123.487433935,2088.974000000,16,0.140000000,0.145000000,0.304000000
15:38:02,140719,50.623838617,-123.487433957,2088.980000000,16,0.140000000,0.145000000,0.304000000
15:38:03,140719,50.623838640,-123.487433955,2088.986000000,16,0.140000000,0.145000000,0.304000000
15:38:04,140719,50.623838677,-123.487433970,2088.992000000,16,0.140000000,0.145000000,0.304000000
15:38:05,140719,50.623838705,-123.487433978,2088.998000000,16,0.140000000,0.145000000,0.304000000
15:38:06,140719,50.623838737,-123.487433998,2089.004000000,16,0.140000000,0.145000000,0.304000000
15:38:07,140719,50.623838758,-123.487434008,2089.008000000,16,0.140000000,0.145000000,0.304000000
15:38:08,140719,50.623838788,-123.487434013,2089.014000000,16,0.140000000,0.145000000,0.304000000
15:38:09,140719,50.623838810,-123.487434012,2089.018000000,16,0.140000000,0.145000000,0.304000000
15:38:10,140719,50.623838817,-123.487434023,2089.021000000,16,0.140000000,0.145000000,0.304000000
15:38:11,140719,50.623838802,-123.487434010,2089.020000000,16,0.140000000,0.145000000,0.304000000
15:38:12,140719,50.623838787,-123.487434008,2089.023000000,16,0.140000000,0.145000000,0.304000000
15:38:13,140719,50.623838788,-123.487433975,2089.023000000,16,0.140000000,0.145000000,0.304000000
15:38:14,140719,50.623838785,-123.487433977,2089.029000000,16,0.140000000,0.145000000,0.304000000
15:38:15,140719,50.623838770,-123.487433980,2089.027000000,16,0.140000000,0.145000000,0.304000000
15:38:16,140719,50.623838790,-123.487433950,2089.025000000,16,0.140000000,0.145000000,0.304000000
15:38:17,140719,50.623838797,-123.487433900,2089.026000000,16,0.140000000,0.145000000,0.304000000
15:38:18,140719,50.623838827,-123.487433912,2089.027000000,16,0.140000000,0.145000000,0.304000000
15:38:19,140719,50.623838842,-123.487433880,2089.033000000,16,0.140000000,0.145000000,0.304000000
15:38:20,140719,50.623838850,-123.487433873,2089.038000000,16,0.140000000,0.145000000,0.304000000
15:38:21,140719,50.623838878,-123.487433873,2089.042000000,16,0.140000000,0.145000000,0.304000000
15:38:22,140719,50.623838892,-123.487433897,2089.045000000,16,0.140000000,0.145000000,0.304000000
15:38:23,140719,50.623838877,-123.487433898,2089.045000000,16,0.140000000,0.145000000,0.304000000
15:38:24,140719,50.623838852,-123.487433853,2089.051000000,16,0.140000000,0.145000000,0.304000000
15:38:25,140719,50.623838848,-123.487433843,2089.054000000,16,0.140000000,0.145000000,0.304000000
15:38:26,140719,50.623838853,-123.487433843,2089.057000000,16,0.140000000,0.145000000,0.304000000
15:38:27,140719,50.623838847,-123.487433817,2089.059000000,16,0.140000000,0.145000000,0.304000000
15:38:28,140719,50.623838857,-123.487433807,2089.063000000,16,0.140000000,0.145000000,0.303000000
15:38:29,140719,50.623838850,-123.487433800,2089.065000000,16,0.140000000,0.145000000,0.303000000
15:38:30,140719,50.623838847,-123.487433805,2089.065000000,16,0.140000000,0.145000000,0.303000000
15:38:31,140719,50.623838840,-123.487433802,2089.070000000,16,0.140000000,0.145000000,0.303000000
15:38:32,140719,50.623838810,-123.487433767,2089.071000000,16,0.140000000,0.145000000,0.303000000
15:38:33,140719,50.623838793,-123.487433758,2089.075000000,16,0.140000000,0.145000000,0.303000000
15:38:34,140719,50.623838790,-123.487433782,2089.078000000,16,0.140000000,0.145000000,0.303000000
15:38:35,140719,50.623838790,-123.487433808,2089.080000000,16,0.140000000,0.145000000,0.303000000
15:38:36,140719,50.623838793,-123.487433848,2089.086000000,16,0.140000000,0.145000000,0.303000000
15:38:37,140719,50.623838787,-123.487433867,2089.087000000,16,0.140000000,0.145000000,0.303000000
15:38:38,140719,50.623838788,-123.487433867,2089.092000000,16,0.140000000,0.145000000,0.303000000
15:38:39,140719,50.623838775,-123.487433855,2089.096000000,16,0.140000000,0.145000000,0.303000000
15:38:40,140719,50.623838772,-123.487433828,2089.096000000,16,0.140000000,0.145000000,0.303000000
15:38:41,140719,50.623838763,-123.487433795,2089.096000000,16,0.140000000,0.145000000,0.303000000
15:38:42,140719,50.623838790,-123.487433818,2089.094000000,16,0.140000000,0.145000000,0.303000000
15:38:43,140719,50.623838803,-123.487433838,2089.092000000,16,0.140000000,0.145000000,0.303000000
15:38:44,140719,50.623838828,-123.487433860,2089.094000000,16,0.140000000,0.145000000,0.303000000
15:38:45,140719,50.623838837,-123.487433868,2089.094000000,16,0.140000000,0.145000000,0.303000000
15:38:46,140719,50.623838860,-123.487433882,2089.099000000,16,0.140000000,0.145000000,0.303000000
15:38:47,140719,50.623838870,-123.487433883,2089.103000000,16,0.140000000,0.145000000,0.303000000
15:38:48,140719,50.623838898,-123.487433917,2089.110000000,16,0.140000000,0.145000000,0.303000000
15:38:49,140719,50.623838925,-123.487433940,2089.113000000,16,0.140000000,0.145000000,0.303000000
15:38:50,140719,50.623838957,-123.487433987,2089.116000000,16,0.140000000,0.145000000,0.303000000
15:38:51,140719,50.623838977,-123.487434015,2089.117000000,16,0.140000000,0.145000000,0.303000000
15:38:52,140719,50.623838972,-123.487433995,2089.117000000,16,0.140000000,0.145000000,0.303000000
15:38:53,140719,50.623838948,-123.487433963,2089.115000000,16,0.140000000,0.145000000,0.303000000
15:38:54,140719,50.623838940,-123.487433960,2089.111000000,16,0.140000000,0.145000000,0.303000000
15:38:55,140719,50.623838908,-123.487433927,2089.107000000,16,0.140000000,0.145000000,0.303000000
15:38:56,140719,50.623838903,-123.487433918,2089.105000000,16,0.140000000,0.145000000,0.303000000
15:38:57,140719,50.623838880,-123.487433930,2089.105000000,16,0.140000000,0.145000000,0.303000000
15:38:58,140719,50.623838890,-123.487433942,2089.102000000,16,0.140000000,0.145000000,0.303000000
15:38:59,140719,50.623838902,-123.487433972,2089.103000000,16,0.140000000,0.145000000,0.303000000
15:39:00,140719,50.623838890,-123.487433962,2089.103000000,16,0.140000000,0.145000000,0.303000000
15:39:01,140719,50.623838878,-123.487433943,2089.103000000,16,0.140000000,0.145000000,0.303000000
15:39:02,140719,50.623838878,-123.487433923,2089.102000000,16,0.140000000,0.145000000,0.303000000
15:39:03,140719,50.623838880,-123.487433918,2089.104000000,16,0.140000000,0.145000000,0.303000000
15:39:04,140719,50.623838912,-123.487433937,2089.102000000,16,0.140000000,0.145000000,0.303000000
15:39:05,140719,50.623838935,-123.487433938,2089.105000000,16,0.140000000,0.145000000,0.303000000
15:39:06,140719,50.623838973,-123.487433962,2089.110000000,16,0.140000000,0.145000000,0.303000000
