TIME,DATE(ddMMyy),LATITUDEGGA,LONGITUDEGGA,ALTITUDEGGA,NUMBERSAT,LATERR,LONGERR,ALTERR
19:13:09,120719,50.514269638,-123.436378573,1718.282000000,10,0.206000000,0.190000000,0.390000000
19:13:10,120719,50.514269667,-123.436378418,1718.287000000,10,0.206000000,0.190000000,0.390000000
19:13:11,120719,50.514269615,-123.436378295,1718.299000000,10,0.206000000,0.190000000,0.390000000
19:13:12,120719,50.514269653,-123.436378192,1718.300000000,10,0.206000000,0.190000000,0.390000000
19:13:13,120719,50.514269613,-123.436378145,1718.301000000,10,0.206000000,0.190000000,0.390000000
19:13:14,120719,50.514269578,-123.436378028,1718.294000000,10,0.206000000,0.190000000,0.390000000
19:13:15,120719,50.514269433,-123.436377853,1718.283000000,10,0.206000000,0.190000000,0.390000000
19:13:16,120719,50.514269148,-123.436377358,1718.293000000,10,0.206000000,0.190000000,0.390000000
19:13:17,120719,50.514268950,-123.436377040,1718.279000000,10,0.206000000,0.190000000,0.390000000
19:13:18,120719,50.514268843,-123.436377027,1718.268000000,10,0.206000000,0.190000000,0.390000000
19:13:19,120719,50.514268765,-123.436377042,1718.246000000,10,0.206000000,0.190000000,0.390000000
19:13:20,120719,50.514268727,-123.436377022,1718.228000000,10,0.206000000,0.190000000,0.390000000
19:13:21,120719,50.514268738,-123.436377007,1718.199000000,10,0.206000000,0.190000000,0.391000000
19:13:22,120719,50.514268683,-123.436377015,1718.178000000,10,0.206000000,0.190000000,0.391000000
19:13:23,120719,50.514268550,-123.436376958,1718.167000000,11,0.180000000,0.175000000,0.333000000
19:13:24,120719,50.514268447,-123.436376903,1718.168000000,11,0.180000000,0.175000000,0.333000000
19:13:25,120719,50.514268352,-123.436376813,1718.162000000,11,0.180000000,0.175000000,0.333000000
19:13:26,120719,50.514268315,-123.436376767,1718.153000000,11,0.180000000,0.175000000,0.333000000
19:13:27,120719,50.514268262,-123.436376643,1718.144000000,11,0.180000000,0.175000000,0.333000000
19:13:28,120719,50.514268272,-123.436376583,1718.126000000,11,0.180000000,0.175000000,0.333000000
19:13:29,120719,50.514268290,-123.436376615,1718.112000000,11,0.187000000,0.182000000,0.345000000
19:13:30,120719,50.514268292,-123.436376523,1718.101000000,11,0.187000000,0.182000000,0.345000000
19:13:31,120719,50.514268335,-123.436376508,1718.101000000,11,0.187000000,0.182000000,0.345000000
19:13:32,120719,50.514268298,-123.436376397,1718.100000000,11,0.194000000,0.189000000,0.358000000
19:13:33,120719,50.514268253,-123.436376190,1718.111000000,11,0.194000000,0.189000000,0.358000000
19:13:34,120719,50.514268260,-123.436376208,1718.114000000,11,0.194000000,0.189000000,0.358000000
19:13:35,120719,50.514268258,-123.436376092,1718.104000000,11,0.197000000,0.192000000,0.364000000
19:13:36,120719,50.514268245,-123.436376272,1718.083000000,11,0.197000000,0.192000000,0.364000000
19:13:37,120719,50.514268265,-123.436376337,1718.068000000,11,0.197000000,0.192000000,0.364000000
19:13:38,120719,50.514268227,-123.436376405,1718.066000000,11,0.180000000,0.175000000,0.333000000
19:13:39,120719,50.514268220,-123.436376550,1718.053000000,10,0.206000000,0.190000000,0.392000000
19:13:40,120719,50.514268237,-123.436376727,1718.044000000,10,0.206000000,0.190000000,0.392000000
19:13:41,120719,50.514268210,-123.436376803,1718.039000000,10,0.206000000,0.190000000,0.392000000
19:13:42,120719,50.514268212,-123.436376937,1718.034000000,10,0.206000000,0.191000000,0.392000000
19:13:43,120719,50.514268253,-123.436377033,1718.031000000,10,0.206000000,0.191000000,0.392000000
19:13:44,120719,50.514268273,-123.436377140,1718.027000000,10,0.206000000,0.191000000,0.392000000
19:13:45,120719,50.514268277,-123.436377255,1718.025000000,10,0.206000000,0.191000000,0.392000000
19:13:46,120719,50.514268290,-123.436377305,1718.014000000,10,0.206000000,0.191000000,0.392000000
19:13:47,120719,50.514268227,-123.436377198,1718.027000000,10,0.206000000,0.191000000,0.392000000
19:13:48,120719,50.514268028,-123.436376912,1718.054000000,8,0.223000000,0.231000000,0.396000000
19:13:49,120719,50.514267953,-123.436376430,1718.076000000,7,0.424000000,1.047000000,0.871000000
19:13:50,120719,50.514267800,-123.436375843,1718.109000000,7,0.424000000,1.047000000,0.871000000
19:13:51,120719,50.514267592,-123.436374963,1718.169000000,9,0.424000000,1.047000000,0.871000000
19:13:52,120719,50.514267552,-123.436374693,1718.187000000,9,0.339000000,0.464000000,0.677000000
19:13:53,120719,50.514266852,-123.436372375,1718.314000000,9,0.680000000,0.929000000,1.603000000
19:13:54,120719,50.514266873,-123.436372370,1718.317000000,9,0.680000000,0.929000000,1.603000000
19:13:55,120719,50.514266735,-123.436372070,1718.355000000,9,0.680000000,0.929000000,1.603000000
19:13:56,120719,50.514266673,-123.436371978,1718.373000000,9,0.765000000,1.047000000,1.806000000
19:13:57,120719,50.514266730,-123.436372122,1718.378000000,9,0.765000000,1.047000000,1.806000000
19:13:58,120719,50.514266803,-123.436372193,1718.382000000,9,0.765000000,1.047000000,1.806000000
19:13:59,120719,50.514266905,-123.436372165,1718.395000000,9,0.743000000,1.016000000,1.754000000
19:14:00,120719,50.514266943,-123.436371990,1718.411000000,10,0.731000000,0.872000000,1.464000000
19:14:01,120719,50.514266982,-123.436371715,1718.434000000,10,0.731000000,0.872000000,1.464000000
19:14:02,120719,50.514266958,-123.436371465,1718.454000000,10,0.731000000,0.872000000,1.464000000
19:14:03,120719,50.514266942,-123.436371183,1718.478000000,10,0.671000000,0.800000000,1.342000000
19:14:04,120719,50.514266977,-123.436371017,1718.491000000,10,0.671000000,0.800000000,1.342000000
19:14:05,120719,50.514266977,-123.436370910,1718.507000000,10,0.671000000,0.800000000,1.342000000
19:14:06,120719,50.514267003,-123.436370860,1718.513000000,11,0.362000000,0.465000000,0.754000000
19:14:07,120719,50.514267073,-123.436370837,1718.517000000,11,0.362000000,0.465000000,0.754000000
19:14:08,120719,50.514267165,-123.436370825,1718.527000000,11,0.362000000,0.465000000,0.754000000
19:14:09,120719,50.514267273,-123.436370817,1718.545000000,12,0.309000000,0.402000000,0.639000000
19:14:10,120719,50.514267362,-123.436370958,1718.558000000,12,0.309000000,0.402000000,0.639000000
19:14:11,120719,50.514267452,-123.436371070,1718.572000000,12,0.309000000,0.402000000,0.639000000
19:14:12,120719,50.514267527,-123.436371180,1718.581000000,12,0.801000000,1.043000000,1.657000000
19:14:13,120719,50.514267600,-123.436371133,1718.585000000,10,1.115000000,1.330000000,2.232000000
19:14:14,120719,50.514267633,-123.436371143,1718.586000000,10,1.115000000,1.330000000,2.232000000
19:14:15,120719,50.514267697,-123.436371145,1718.584000000,10,1.115000000,1.330000000,2.232000000
19:14:16,120719,50.514267740,-123.436370977,1718.581000000,10,0.772000000,0.921000000,1.546000000
19:14:17,120719,50.514267783,-123.436370960,1718.578000000,10,0.772000000,0.921000000,1.546000000
19:14:18,120719,50.514267803,-123.436370907,1718.575000000,10,0.772000000,0.921000000,1.546000000
19:14:19,120719,50.514267798,-123.436370873,1718.574000000,10,0.539000000,0.643000000,1.079000000
19:14:20,120719,50.514267808,-123.436370868,1718.581000000,10,0.539000000,0.643000000,1.079000000
19:14:21,120719,50.514267813,-123.436370852,1718.579000000,10,0.539000000,0.643000000,1.079000000
19:14:22,120719,50.514267823,-123.436370802,1718.582000000,10,0.379000000,0.453000000,0.759000000
19:14:23,120719,50.514267875,-123.436370778,1718.584000000,9,0.348000000,0.478000000,0.826000000
19:14:24,120719,50.514267937,-123.436370737,1718.585000000,9,0.348000000,0.478000000,0.826000000
19:14:25,120719,50.514267993,-123.436370688,1718.594000000,9,0.348000000,0.478000000,0.826000000
19:14:26,120719,50.514268028,-123.436370745,1718.606000000,9,0.531000000,0.728000000,1.259000000
19:14:27,120719,50.514267995,-123.436370403,1718.634000000,9,0.531000000,0.728000000,1.259000000
19:14:28,120719,50.514267917,-123.436369833,1718.667000000,7,1.132000000,2.801000000,2.328000000
19:14:29,120719,50.514267767,-123.436369235,1718.699000000,7,1.132000000,2.801000000,2.328000000
19:14:30,120719,50.514267598,-123.436368710,1718.729000000,7,1.132000000,2.801000000,2.328000000
19:14:31,120719,50.514267347,-123.436367902,1718.775000000,7,0.965000000,2.389000000,1.985000000
19:14:32,120719,50.514267053,-123.436366790,1718.831000000,7,0.965000000,2.389000000,1.985000000
19:14:33,120719,50.514269463,-123.436376793,1718.279000000,8,0.520000000,0.818000000,1.201000000
19:14:34,120719,50.514269955,-123.436378760,1718.155000000,8,0.520000000,0.818000000,1.201000000
19:14:35,120719,50.514270183,-123.436379182,1718.152000000,8,0.520000000,0.818000000,1.201000000
19:14:36,120719,50.514270347,-123.436379145,1718.172000000,8,0.486000000,0.764000000,1.122000000
19:14:37,120719,50.514270455,-123.436379253,1718.167000000,8,0.486000000,0.764000000,1.122000000
19:14:38,120719,50.514270630,-123.436379483,1718.151000000,8,0.486000000,0.764000000,1.122000000
19:14:39,120719,50.514270743,-123.436379860,1718.132000000,8,0.409000000,0.644000000,0.945000000
19:14:40,120719,50.514270892,-123.436380063,1718.120000000,8,0.409000000,0.644000000,0.945000000
19:14:41,120719,50.514270937,-123.436380182,1718.109000000,8,0.409000000,0.644000000,0.945000000
19:14:42,120719,50.514270842,-123.436379812,1718.136000000,9,0.352000000,0.483000000,0.836000000
19:14:43,120719,50.514270820,-123.436379435,1718.160000000,9,0.352000000,0.483000000,0.836000000
19:14:44,120719,50.514270772,-123.436379185,1718.179000000,9,0.352000000,0.483000000,0.836000000
19:14:45,120719,50.514270738,-123.436379070,1718.184000000,9,0.563000000,0.774000000,1.339000000
19:14:46,120719,50.514270702,-123.436378957,1718.192000000,9,0.563000000,0.774000000,1.339000000
19:14:47,120719,50.514270688,-123.436378852,1718.200000000,9,0.563000000,0.774000000,1.339000000
19:14:48,120719,50.514270695,-123.436378798,1718.208000000,9,0.538000000,0.741000000,1.281000000
19:14:49,120719,50.514270735,-123.436378802,1718.219000000,9,0.538000000,0.741000000,1.281000000
19:14:50,120719,50.514270847,-123.436378802,1718.233000000,9,0.538000000,0.741000000,1.281000000
19:14:51,120719,50.514270898,-123.436378803,1718.243000000,9,0.777000000,1.069000000,1.850000000
19:14:52,120719,50.514270973,-123.436378678,1718.261000000,9,0.777000000,1.069000000,1.850000000
19:14:53,120719,50.514271033,-123.436378533,1718.278000000,9,0.777000000,1.069000000,1.850000000
19:14:54,120719,50.514271120,-123.436378453,1718.290000000,9,0.800000000,1.101000000,1.906000000
19:14:55,120719,50.514271188,-123.436378383,1718.298000000,10,0.693000000,0.814000000,1.349000000
19:14:56,120719,50.514271192,-123.436378327,1718.304000000,10,0.693000000,0.814000000,1.349000000
19:14:57,120719,50.514271205,-123.436378198,1718.327000000,10,0.693000000,0.814000000,1.349000000
19:14:58,120719,50.514271208,-123.436378197,1718.323000000,9,0.573000000,0.789000000,1.367000000
19:14:59,120719,50.514271207,-123.436378175,1718.320000000,9,0.573000000,0.789000000,1.367000000
19:15:00,120719,50.514271203,-123.436378247,1718.307000000,9,0.573000000,0.789000000,1.367000000
19:15:01,120719,50.514271213,-123.436378250,1718.296000000,9,0.722000000,0.995000000,1.722000000
19:15:02,120719,50.514271252,-123.436378370,1718.288000000,9,0.722000000,0.995000000,1.722000000
19:15:03,120719,50.514271193,-123.436378032,1718.282000000,8,0.791000000,1.250000000,1.836000000
19:15:04,120719,50.514271192,-123.436378285,1718.265000000,8,0.791000000,1.250000000,1.836000000
19:15:05,120719,50.514271212,-123.436378587,1718.246000000,8,0.791000000,1.250000000,1.836000000
19:15:06,120719,50.514271178,-123.436378743,1718.238000000,8,0.553000000,0.875000000,1.285000000
19:15:07,120719,50.514271150,-123.436378872,1718.228000000,9,0.471000000,0.649000000,1.124000000
19:15:08,120719,50.514271137,-123.436379028,1718.211000000,9,0.471000000,0.649000000,1.124000000
19:15:09,120719,50.514271145,-123.436379167,1718.189000000,9,0.471000000,0.649000000,1.124000000
19:15:10,120719,50.514271190,-123.436379297,1718.164000000,9,0.857000000,1.182000000,2.047000000
19:15:11,120719,50.514271212,-123.436379502,1718.147000000,9,0.857000000,1.182000000,2.047000000
19:15:12,120719,50.514271205,-123.436379422,1718.149000000,9,0.857000000,1.182000000,2.047000000
19:15:13,120719,50.514271187,-123.436379385,1718.148000000,9,0.930000000,1.284000000,2.224000000
19:15:14,120719,50.514271170,-123.436379373,1718.145000000,9,0.930000000,1.284000000,2.224000000
19:15:15,120719,50.514271180,-123.436379337,1718.144000000,9,0.930000000,1.284000000,2.224000000
19:15:16,120719,50.514271212,-123.436379263,1718.144000000,9,0.913000000,1.260000000,2.183000000
19:15:17,120719,50.514271247,-123.436379163,1718.151000000,9,0.913000000,1.260000000,2.183000000
19:15:18,120719,50.514271272,-123.436379078,1718.155000000,10,0.875000000,1.047000000,1.752000000
19:15:19,120719,50.514271295,-123.436379198,1718.154000000,10,0.875000000,1.047000000,1.752000000
19:15:20,120719,50.514271272,-123.436379017,1718.171000000,10,0.875000000,1.047000000,1.752000000
19:15:21,120719,50.514271273,-123.436378805,1718.177000000,10,0.605000000,0.724000000,1.212000000
19:15:22,120719,50.514271250,-123.436378748,1718.181000000,10,0.605000000,0.724000000,1.212000000
19:15:23,120719,50.514271208,-123.436378647,1718.193000000,11,0.350000000,0.439000000,0.708000000
19:15:24,120719,50.514271187,-123.436378577,1718.197000000,11,0.350000000,0.439000000,0.708000000
19:15:25,120719,50.514271160,-123.436378468,1718.202000000,11,0.350000000,0.439000000,0.708000000
19:15:26,120719,50.514271143,-123.436378397,1718.202000000,11,0.395000000,0.496000000,0.799000000
19:15:27,120719,50.514271150,-123.436378232,1718.212000000,11,0.395000000,0.496000000,0.799000000
19:15:28,120719,50.514271140,-123.436378160,1718.217000000,11,0.395000000,0.496000000,0.799000000
19:15:29,120719,50.514271110,-123.436378035,1718.222000000,11,0.356000000,0.446000000,0.720000000
19:15:30,120719,50.514271118,-123.436377918,1718.232000000,11,0.356000000,0.446000000,0.720000000
19:15:31,120719,50.514271095,-123.436377832,1718.240000000,11,0.356000000,0.446000000,0.720000000
19:15:32,120719,50.514271095,-123.436377757,1718.248000000,11,0.272000000,0.341000000,0.551000000
19:15:33,120719,50.514271112,-123.436377775,1718.247000000,11,0.272000000,0.341000000,0.551000000
19:15:34,120719,50.514271090,-123.436377737,1718.249000000,11,0.272000000,0.341000000,0.551000000
19:15:35,120719,50.514271063,-123.436377697,1718.251000000,11,0.212000000,0.267000000,0.430000000
19:15:36,120719,50.514271057,-123.436377613,1718.252000000,11,0.212000000,0.267000000,0.430000000
19:15:37,120719,50.514271047,-123.436377485,1718.266000000,11,0.212000000,0.267000000,0.430000000
19:15:38,120719,50.514271032,-123.436377473,1718.266000000,11,0.165000000,0.207000000,0.334000000
19:15:39,120719,50.514270982,-123.436377350,1718.278000000,11,0.165000000,0.207000000,0.334000000
19:15:40,120719,50.514270933,-123.436377205,1718.288000000,11,0.165000000,0.207000000,0.334000000
19:15:41,120719,50.514270930,-123.436377127,1718.293000000,11,0.158000000,0.199000000,0.321000000
19:15:42,120719,50.514270922,-123.436377110,1718.291000000,11,0.158000000,0.199000000,0.321000000
19:15:43,120719,50.514270907,-123.436377097,1718.287000000,11,0.158000000,0.199000000,0.321000000
19:15:44,120719,50.514270905,-123.436376973,1718.282000000,11,0.158000000,0.199000000,0.321000000
19:15:45,120719,50.514270848,-123.436376927,1718.275000000,10,0.205000000,0.245000000,0.410000000
19:15:46,120719,50.514270805,-123.436376900,1718.273000000,10,0.205000000,0.245000000,0.410000000
19:15:47,120719,50.514270803,-123.436377143,1718.260000000,10,0.205000000,0.245000000,0.410000000
19:15:48,120719,50.514270768,-123.436377148,1718.257000000,10,0.205000000,0.245000000,0.410000000
19:15:49,120719,50.514270747,-123.436377103,1718.252000000,10,0.205000000,0.245000000,0.410000000
19:15:50,120719,50.514270727,-123.436377023,1718.252000000,10,0.205000000,0.245000000,0.410000000
19:15:51,120719,50.514270737,-123.436376985,1718.251000000,10,0.205000000,0.245000000,0.410000000
19:15:52,120719,50.514270793,-123.436376987,1718.253000000,10,0.205000000,0.245000000,0.410000000
19:15:53,120719,50.514270852,-123.436376993,1718.253000000,10,0.205000000,0.245000000,0.410000000
19:15:54,120719,50.514270912,-123.436377043,1718.250000000,10,0.205000000,0.245000000,0.410000000
19:15:55,120719,50.514270918,-123.436377045,1718.257000000,10,0.205000000,0.245000000,0.410000000
19:15:56,120719,50.514270935,-123.436377082,1718.257000000,10,0.205000000,0.245000000,0.410000000
19:15:57,120719,50.514270962,-123.436376853,1718.281000000,11,0.192000000,0.186000000,0.368000000
19:15:58,120719,50.514270992,-123.436376757,1718.292000000,11,0.192000000,0.186000000,0.368000000
19:15:59,120719,50.514271015,-123.436376675,1718.295000000,11,0.192000000,0.186000000,0.368000000
19:16:00,120719,50.514270965,-123.436376763,1718.295000000,10,0.205000000,0.246000000,0.410000000
19:16:01,120719,50.514270950,-123.436376730,1718.289000000,10,0.205000000,0.246000000,0.410000000
19:16:02,120719,50.514270927,-123.436376902,1718.280000000,10,0.205000000,0.246000000,0.410000000
19:16:03,120719,50.514270907,-123.436376993,1718.277000000,9,0.209000000,0.290000000,0.503000000
19:16:04,120719,50.514270773,-123.436376625,1718.293000000,8,0.290000000,0.462000000,0.680000000
19:16:05,120719,50.514270587,-123.436375983,1718.334000000,8,0.290000000,0.462000000,0.680000000
19:16:06,120719,50.514270398,-123.436375262,1718.359000000,8,0.290000000,0.462000000,0.680000000
19:16:07,120719,50.514270065,-123.436374078,1718.421000000,8,0.225000000,0.359000000,0.528000000
19:16:08,120719,50.514269787,-123.436373110,1718.481000000,8,0.225000000,0.359000000,0.528000000
19:16:09,120719,50.514269535,-123.436372102,1718.527000000,8,0.225000000,0.359000000,0.528000000
19:16:10,120719,50.514269245,-123.436371018,1718.587000000,7,0.416000000,1.034000000,0.855000000
19:16:11,120719,50.514268890,-123.436369743,1718.653000000,7,0.416000000,1.034000000,0.855000000
19:16:12,120719,50.514268327,-123.436367580,1718.777000000,8,0.498000000,0.730000000,1.002000000
19:16:13,120719,50.514267365,-123.436363837,1719.000000000,8,0.498000000,0.730000000,1.002000000
19:16:14,120719,50.514266788,-123.436361762,1719.124000000,8,0.498000000,0.730000000,1.002000000
19:16:15,120719,50.514266365,-123.436360328,1719.208000000,8,1.432000000,2.103000000,2.887000000
19:16:16,120719,50.514266150,-123.436359652,1719.251000000,8,1.432000000,2.103000000,2.887000000
19:16:17,120719,50.514266097,-123.436359360,1719.271000000,8,1.432000000,2.103000000,2.887000000
19:16:18,120719,50.514266060,-123.436359400,1719.268000000,8,1.012000000,1.486000000,2.041000000
19:16:19,120719,50.514266027,-123.436359528,1719.260000000,8,1.012000000,1.486000000,2.041000000
19:16:20,120719,50.514266013,-123.436359613,1719.263000000,8,1.012000000,1.486000000,2.041000000
19:16:21,120719,50.514266020,-123.436359845,1719.253000000,8,0.842000000,1.237000000,1.700000000
19:16:22,120719,50.514266073,-123.436360083,1719.241000000,8,0.842000000,1.237000000,1.700000000
19:16:23,120719,50.514266135,-123.436360370,1719.225000000,8,0.842000000,1.237000000,1.700000000
19:16:24,120719,50.514266210,-123.436360585,1719.210000000,8,0.913000000,1.341000000,1.845000000
19:16:25,120719,50.514266285,-123.436360912,1719.189000000,8,0.913000000,1.341000000,1.845000000
19:16:26,120719,50.514266312,-123.436361008,1719.182000000,8,0.913000000,1.341000000,1.845000000
19:16:27,120719,50.514266390,-123.436361212,1719.176000000,8,0.982000000,1.442000000,1.984000000
19:16:28,120719,50.514266500,-123.436361670,1719.153000000,8,0.982000000,1.442000000,1.984000000
19:16:29,120719,50.514266523,-123.436361615,1719.154000000,8,0.982000000,1.442000000,1.984000000
19:16:30,120719,50.514266540,-123.436361580,1719.166000000,8,0.973000000,1.429000000,1.968000000
19:16:31,120719,50.514266478,-123.436361207,1719.191000000,8,0.973000000,1.429000000,1.968000000
19:16:32,120719,50.514266702,-123.436361923,1719.143000000,8,0.973000000,1.429000000,1.968000000
19:16:33,120719,50.514266902,-123.436362447,1719.115000000,8,0.975000000,1.432000000,1.973000000
19:16:34,120719,50.514267065,-123.436362880,1719.090000000,8,0.975000000,1.432000000,1.973000000
19:16:35,120719,50.514267125,-123.436363125,1719.072000000,8,0.975000000,1.432000000,1.973000000
19:16:36,120719,50.514267208,-123.436363453,1719.044000000,8,0.927000000,1.361000000,1.876000000
19:16:37,120719,50.514267315,-123.436363672,1719.022000000,8,0.913000000,1.341000000,1.849000000
19:16:38,120719,50.514267155,-123.436363277,1719.052000000,7,1.845000000,4.594000000,3.798000000
19:16:39,120719,50.514267078,-123.436362932,1719.081000000,8,0.952000000,1.524000000,2.244000000
19:16:40,120719,50.514267045,-123.436362868,1719.095000000,7,8.115000000,20.212000000,16.711000000
19:16:41,120719,50.514267030,-123.436362822,1719.121000000,8,4.100000000,6.568000000,9.671000000
19:16:42,120719,50.514266942,-123.436362518,1719.148000000,8,4.100000000,6.568000000,9.671000000
19:16:43,120719,50.514266825,-123.436362318,1719.162000000,8,4.100000000,6.568000000,9.671000000
19:16:44,120719,50.514266763,-123.436362220,1719.174000000,8,2.818000000,4.516000000,6.651000000
19:16:45,120719,50.514266890,-123.436362798,1719.138000000,8,2.818000000,4.516000000,6.651000000
19:16:46,120719,50.514267350,-123.436364622,1719.033000000,8,2.818000000,4.516000000,6.651000000
19:16:47,120719,50.514267730,-123.436365663,1718.971000000,8,2.060000000,3.304000000,4.865000000
19:16:48,120719,50.514267845,-123.436365837,1718.958000000,8,2.060000000,3.304000000,4.865000000
19:16:49,120719,50.514267880,-123.436365837,1718.965000000,8,2.060000000,3.304000000,4.865000000
19:16:50,120719,50.514267963,-123.436366002,1718.959000000,8,1.749000000,2.805000000,4.131000000
19:16:51,120719,50.514268810,-123.436369340,1718.772000000,8,1.749000000,2.805000000,4.131000000
19:16:52,120719,50.514269807,-123.436373165,1718.567000000,8,1.749000000,2.805000000,4.131000000
19:16:53,120719,50.514272392,-123.436383417,1717.964000000,8,1.450000000,2.327000000,3.427000000
19:16:54,120719,50.514273295,-123.436386663,1717.765000000,9,1.250000000,1.746000000,3.038000000
19:16:55,120719,50.514273597,-123.436387617,1717.704000000,9,1.250000000,1.746000000,3.038000000
19:16:56,120719,50.514273733,-123.436388037,1717.676000000,9,1.250000000,1.746000000,3.038000000
19:16:57,120719,50.514273757,-123.436388025,1717.669000000,9,0.877000000,1.225000000,2.133000000
19:16:58,120719,50.514273728,-123.436387823,1717.690000000,10,0.806000000,0.759000000,1.589000000
19:16:59,120719,50.514273685,-123.436387615,1717.702000000,10,0.806000000,0.759000000,1.589000000
19:17:00,120719,50.514273630,-123.436387447,1717.697000000,10,0.806000000,0.759000000,1.589000000
19:17:01,120719,50.514273568,-123.436387300,1717.694000000,10,0.561000000,0.529000000,1.106000000
19:17:02,120719,50.514273528,-123.436387110,1717.711000000,10,0.561000000,0.529000000,1.106000000
19:17:03,120719,50.514273482,-123.436387072,1717.705000000,10,0.561000000,0.529000000,1.106000000
19:17:04,120719,50.514273492,-123.436387173,1717.697000000,9,0.396000000,0.373000000,0.781000000
19:17:05,120719,50.514273493,-123.436387285,1717.677000000,10,0.365000000,0.511000000,0.889000000
19:17:06,120719,50.514273427,-123.436387178,1717.683000000,9,0.289000000,0.340000000,0.573000000
19:17:07,120719,50.514273403,-123.436387170,1717.674000000,10,0.306000000,0.428000000,0.745000000
19:17:08,120719,50.514273368,-123.436387017,1717.681000000,10,0.275000000,0.332000000,0.552000000
19:17:09,120719,50.514273338,-123.436386873,1717.689000000,10,0.275000000,0.332000000,0.552000000
19:17:10,120719,50.514273300,-123.436386693,1717.702000000,10,0.275000000,0.332000000,0.552000000
19:17:11,120719,50.514273253,-123.436386500,1717.713000000,10,0.209000000,0.251000000,0.418000000
19:17:12,120719,50.514273212,-123.436386337,1717.726000000,10,0.209000000,0.251000000,0.418000000
19:17:13,120719,50.514273128,-123.436386118,1717.737000000,10,0.209000000,0.251000000,0.418000000
19:17:14,120719,50.514273068,-123.436386047,1717.746000000,10,0.205000000,0.247000000,0.411000000
19:17:15,120719,50.514273033,-123.436385875,1717.759000000,10,0.205000000,0.247000000,0.411000000
19:17:16,120719,50.514273038,-123.436385775,1717.759000000,9,0.208000000,0.292000000,0.508000000
19:17:17,120719,50.514273075,-123.436385710,1717.768000000,9,0.208000000,0.292000000,0.508000000
19:17:18,120719,50.514273155,-123.436385742,1717.773000000,9,0.208000000,0.292000000,0.508000000
19:17:19,120719,50.514273210,-123.436385817,1717.772000000,9,0.208000000,0.292000000,0.508000000
19:17:20,120719,50.514273272,-123.436385918,1717.784000000,9,0.208000000,0.292000000,0.508000000
19:17:21,120719,50.514273340,-123.436385977,1717.795000000,9,0.208000000,0.292000000,0.508000000
19:17:22,120719,50.514273298,-123.436385820,1717.815000000,9,0.208000000,0.292000000,0.508000000
19:17:23,120719,50.514273195,-123.436385752,1717.818000000,9,0.208000000,0.292000000,0.508000000
19:17:24,120719,50.514273168,-123.436385775,1717.818000000,9,0.208000000,0.292000000,0.508000000
19:17:25,120719,50.514273122,-123.436385872,1717.806000000,9,0.213000000,0.298000000,0.519000000
19:17:26,120719,50.514273063,-123.436385842,1717.805000000,9,0.213000000,0.298000000,0.519000000
19:17:27,120719,50.514273013,-123.436385807,1717.806000000,9,0.213000000,0.298000000,0.519000000
19:17:28,120719,50.514272955,-123.436385672,1717.816000000,9,0.212000000,0.298000000,0.519000000
19:17:29,120719,50.514272887,-123.436385488,1717.821000000,9,0.212000000,0.298000000,0.519000000
19:17:30,120719,50.514272898,-123.436385523,1717.823000000,9,0.212000000,0.298000000,0.519000000
19:17:31,120719,50.514272912,-123.436385655,1717.817000000,9,0.210000000,0.294000000,0.512000000
19:17:32,120719,50.514272895,-123.436385717,1717.808000000,9,0.210000000,0.294000000,0.512000000
19:17:33,120719,50.514272882,-123.436385822,1717.801000000,9,0.210000000,0.294000000,0.512000000
19:17:34,120719,50.514272937,-123.436385763,1717.810000000,9,0.208000000,0.292000000,0.509000000
19:17:35,120719,50.514273032,-123.436385733,1717.796000000,9,0.208000000,0.292000000,0.509000000
19:17:36,120719,50.514273117,-123.436385697,1717.802000000,10,0.204000000,0.193000000,0.405000000
19:17:37,120719,50.514273168,-123.436385580,1717.817000000,9,0.208000000,0.292000000,0.509000000
19:17:38,120719,50.514273235,-123.436385465,1717.830000000,9,0.208000000,0.292000000,0.509000000
19:17:39,120719,50.514273282,-123.436385388,1717.848000000,9,0.208000000,0.292000000,0.509000000
19:17:40,120719,50.514273272,-123.436385438,1717.851000000,9,0.208000000,0.292000000,0.510000000
19:17:41,120719,50.514273215,-123.436385425,1717.854000000,9,0.208000000,0.292000000,0.510000000
19:17:42,120719,50.514273175,-123.436385397,1717.858000000,9,0.208000000,0.292000000,0.510000000
19:17:43,120719,50.514273187,-123.436385308,1717.864000000,9,0.208000000,0.292000000,0.510000000
19:17:44,120719,50.514273173,-123.436385243,1717.870000000,9,0.208000000,0.292000000,0.510000000
19:17:45,120719,50.514273143,-123.436385173,1717.874000000,9,0.208000000,0.292000000,0.510000000
19:17:46,120719,50.514273060,-123.436385110,1717.877000000,9,0.208000000,0.292000000,0.510000000
19:17:47,120719,50.514272957,-123.436384997,1717.880000000,9,0.208000000,0.292000000,0.510000000
19:17:48,120719,50.514272870,-123.436384927,1717.887000000,9,0.208000000,0.292000000,0.510000000
19:17:49,120719,50.514272802,-123.436384783,1717.892000000,9,0.208000000,0.293000000,0.510000000
19:17:50,120719,50.514272718,-123.436384683,1717.901000000,9,0.208000000,0.293000000,0.510000000
19:17:51,120719,50.514272630,-123.436384513,1717.905000000,9,0.208000000,0.293000000,0.510000000
19:17:52,120719,50.514272582,-123.436384392,1717.904000000,9,0.208000000,0.293000000,0.510000000
19:17:53,120719,50.514272540,-123.436384258,1717.910000000,9,0.208000000,0.293000000,0.510000000
19:17:54,120719,50.514272523,-123.436384108,1717.919000000,9,0.208000000,0.293000000,0.510000000
19:17:55,120719,50.514272503,-123.436383942,1717.927000000,9,0.208000000,0.293000000,0.511000000
19:17:56,120719,50.514272493,-123.436383907,1717.927000000,9,0.208000000,0.293000000,0.511000000
19:17:57,120719,50.514272448,-123.436383887,1717.934000000,9,0.208000000,0.293000000,0.511000000
19:17:58,120719,50.514272480,-123.436383943,1717.935000000,9,0.208000000,0.293000000,0.511000000
19:17:59,120719,50.514272465,-123.436383753,1717.962000000,9,0.208000000,0.293000000,0.511000000
19:18:00,120719,50.514272453,-123.436383592,1717.979000000,9,0.208000000,0.293000000,0.511000000
19:18:01,120719,50.514272465,-123.436383405,1717.995000000,9,0.208000000,0.293000000,0.511000000
19:18:02,120719,50.514272508,-123.436383300,1718.002000000,9,0.208000000,0.293000000,0.511000000
19:18:03,120719,50.514272562,-123.436383150,1718.014000000,9,0.208000000,0.293000000,0.511000000
19:18:04,120719,50.514272590,-123.436383067,1718.011000000,9,0.208000000,0.293000000,0.511000000
19:18:05,120719,50.514272593,-123.436383075,1718.004000000,9,0.208000000,0.293000000,0.511000000
19:18:06,120719,50.514272573,-123.436383110,1717.994000000,9,0.208000000,0.293000000,0.511000000
19:18:07,120719,50.514272602,-123.436383203,1717.986000000,9,0.208000000,0.293000000,0.511000000
19:18:08,120719,50.514272577,-123.436383260,1717.986000000,9,0.208000000,0.293000000,0.511000000
19:18:09,120719,50.514272553,-123.436383282,1717.993000000,9,0.208000000,0.293000000,0.511000000
19:18:10,120719,50.514272493,-123.436383280,1718.006000000,9,0.208000000,0.293000000,0.512000000
19:18:11,120719,50.514272415,-123.436383212,1718.011000000,9,0.208000000,0.293000000,0.512000000
19:18:12,120719,50.514272368,-123.436383112,1718.014000000,9,0.208000000,0.293000000,0.512000000
19:18:13,120719,50.514272332,-123.436383078,1718.009000000,9,0.208000000,0.293000000,0.512000000
19:18:14,120719,50.514272295,-123.436383042,1718.008000000,9,0.208000000,0.293000000,0.512000000
19:18:15,120719,50.514272275,-123.436382932,1718.008000000,9,0.208000000,0.293000000,0.512000000
19:18:16,120719,50.514272243,-123.436382772,1718.015000000,9,0.208000000,0.293000000,0.512000000
19:18:17,120719,50.514272217,-123.436382738,1718.026000000,9,0.208000000,0.293000000,0.512000000
19:18:18,120719,50.514272178,-123.436382670,1718.036000000,9,0.208000000,0.293000000,0.512000000
19:18:19,120719,50.514272140,-123.436382558,1718.044000000,9,0.208000000,0.293000000,0.512000000
19:18:20,120719,50.514272147,-123.436382503,1718.044000000,9,0.208000000,0.293000000,0.512000000
19:18:21,120719,50.514272130,-123.436382427,1718.044000000,9,0.208000000,0.293000000,0.512000000
19:18:22,120719,50.514272157,-123.436382352,1718.050000000,10,0.205000000,0.248000000,0.411000000
19:18:23,120719,50.514272198,-123.436382257,1718.059000000,10,0.205000000,0.248000000,0.411000000
19:18:24,120719,50.514272183,-123.436382287,1718.067000000,10,0.205000000,0.248000000,0.411000000
19:18:25,120719,50.514272130,-123.436382272,1718.075000000,11,0.192000000,0.187000000,0.371000000
19:18:26,120719,50.514272073,-123.436382288,1718.073000000,10,0.205000000,0.248000000,0.411000000
19:18:27,120719,50.514271967,-123.436382272,1718.085000000,9,0.208000000,0.294000000,0.513000000
19:18:28,120719,50.514271842,-123.436381977,1718.099000000,9,0.208000000,0.294000000,0.513000000
19:18:29,120719,50.514271760,-123.436381898,1718.106000000,9,0.208000000,0.294000000,0.513000000
19:18:30,120719,50.514271655,-123.436381732,1718.104000000,9,0.208000000,0.294000000,0.513000000
19:18:31,120719,50.514271578,-123.436381652,1718.097000000,9,0.208000000,0.294000000,0.513000000
19:18:32,120719,50.514271488,-123.436381377,1718.119000000,9,0.208000000,0.294000000,0.513000000
19:18:33,120719,50.514271337,-123.436381233,1718.111000000,9,0.208000000,0.294000000,0.513000000
19:18:34,120719,50.514271315,-123.436381162,1718.119000000,9,0.208000000,0.294000000,0.513000000
19:18:35,120719,50.514271292,-123.436381188,1718.122000000,9,0.208000000,0.294000000,0.513000000
19:18:36,120719,50.514271268,-123.436381183,1718.124000000,9,0.208000000,0.294000000,0.513000000
19:18:37,120719,50.514271277,-123.436381192,1718.122000000,9,0.208000000,0.294000000,0.513000000
19:18:38,120719,50.514271265,-123.436381182,1718.117000000,9,0.208000000,0.294000000,0.513000000
19:18:39,120719,50.514271295,-123.436381190,1718.110000000,9,0.208000000,0.294000000,0.514000000
19:18:40,120719,50.514271370,-123.436381140,1718.106000000,9,0.208000000,0.294000000,0.514000000
19:18:41,120719,50.514271428,-123.436381087,1718.106000000,9,0.208000000,0.294000000,0.514000000
19:18:42,120719,50.514271480,-123.436381020,1718.112000000,9,0.208000000,0.294000000,0.514000000
19:18:43,120719,50.514271463,-123.436380913,1718.125000000,9,0.208000000,0.294000000,0.514000000
19:18:44,120719,50.514271455,-123.436380862,1718.142000000,9,0.208000000,0.294000000,0.514000000
19:18:45,120719,50.514271443,-123.436380820,1718.152000000,9,0.208000000,0.294000000,0.514000000
19:18:46,120719,50.514271432,-123.436380762,1718.160000000,9,0.208000000,0.294000000,0.514000000
19:18:47,120719,50.514271412,-123.436380655,1718.172000000,9,0.208000000,0.294000000,0.514000000
19:18:48,120719,50.514271383,-123.436380583,1718.174000000,9,0.208000000,0.294000000,0.514000000
19:18:49,120719,50.514271368,-123.436380532,1718.171000000,10,0.181000000,0.214000000,0.366000000
19:18:50,120719,50.514271348,-123.436380525,1718.171000000,10,0.181000000,0.214000000,0.366000000
19:18:51,120719,50.514271348,-123.436380508,1718.166000000,10,0.181000000,0.214000000,0.366000000
19:18:52,120719,50.514271323,-123.436380528,1718.157000000,10,0.181000000,0.214000000,0.366000000
19:18:53,120719,50.514271278,-123.436380530,1718.155000000,10,0.181000000,0.214000000,0.366000000
19:18:54,120719,50.514271220,-123.436380572,1718.148000000,10,0.181000000,0.214000000,0.366000000
19:18:55,120719,50.514271173,-123.436380637,1718.144000000,10,0.181000000,0.214000000,0.366000000
19:18:56,120719,50.514271163,-123.436380630,1718.144000000,10,0.181000000,0.214000000,0.366000000
19:18:57,120719,50.514271128,-123.436380630,1718.144000000,10,0.181000000,0.214000000,0.366000000
19:18:58,120719,50.514271118,-123.436380632,1718.147000000,10,0.181000000,0.214000000,0.366000000
19:18:59,120719,50.514271113,-123.436380550,1718.155000000,10,0.181000000,0.214000000,0.366000000
19:19:00,120719,50.514271137,-123.436380530,1718.151000000,10,0.181000000,0.214000000,0.366000000
19:19:01,120719,50.514271123,-123.436380445,1718.155000000,10,0.181000000,0.214000000,0.366000000
19:19:02,120719,50.514271127,-123.436380417,1718.155000000,10,0.181000000,0.214000000,0.366000000
19:19:03,120719,50.514271125,-123.436380335,1718.162000000,10,0.181000000,0.214000000,0.366000000
19:19:04,120719,50.514271117,-123.436380252,1718.170000000,10,0.181000000,0.214000000,0.366000000
19:19:05,120719,50.514271137,-123.436380212,1718.178000000,10,0.181000000,0.214000000,0.366000000
19:19:06,120719,50.514271155,-123.436380133,1718.185000000,10,0.181000000,0.214000000,0.366000000
19:19:07,120719,50.514271185,-123.436380077,1718.188000000,10,0.181000000,0.214000000,0.366000000
19:19:08,120719,50.514271197,-123.436380035,1718.187000000,10,0.181000000,0.214000000,0.366000000
19:19:09,120719,50.514271208,-123.436379997,1718.190000000,10,0.181000000,0.214000000,0.366000000
19:19:10,120719,50.514271193,-123.436379930,1718.192000000,9,0.181000000,0.214000000,0.367000000
19:19:11,120719,50.514271113,-123.436379838,1718.192000000,9,0.208000000,0.295000000,0.516000000
19:19:12,120719,50.514271027,-123.436379775,1718.194000000,9,0.208000000,0.295000000,0.516000000
19:19:13,120719,50.514270930,-123.436379803,1718.193000000,9,0.208000000,0.295000000,0.516000000
19:19:14,120719,50.514270833,-123.436379755,1718.200000000,9,0.208000000,0.295000000,0.516000000
19:19:15,120719,50.514270777,-123.436379638,1718.208000000,9,0.208000000,0.295000000,0.516000000
19:19:16,120719,50.514270730,-123.436379610,1718.201000000,9,0.208000000,0.295000000,0.516000000
19:19:17,120719,50.514270702,-123.436379545,1718.195000000,9,0.208000000,0.295000000,0.516000000
19:19:18,120719,50.514270702,-123.436379642,1718.182000000,9,0.208000000,0.295000000,0.516000000
19:19:19,120719,50.514270702,-123.436379642,1718.174000000,9,0.208000000,0.295000000,0.516000000
19:19:20,120719,50.514270710,-123.436379637,1718.161000000,9,0.208000000,0.295000000,0.516000000
19:19:21,120719,50.514270672,-123.436379578,1718.158000000,9,0.208000000,0.295000000,0.516000000
19:19:22,120719,50.514270647,-123.436379518,1718.165000000,9,0.208000000,0.295000000,0.516000000
19:19:23,120719,50.514270638,-123.436379448,1718.174000000,9,0.208000000,0.295000000,0.516000000
19:19:24,120719,50.514270613,-123.436379253,1718.191000000,9,0.208000000,0.295000000,0.516000000
19:19:25,120719,50.514270607,-123.436379178,1718.207000000,9,0.208000000,0.295000000,0.516000000
19:19:26,120719,50.514270617,-123.436379097,1718.221000000,9,0.208000000,0.295000000,0.517000000
19:19:27,120719,50.514270640,-123.436379005,1718.229000000,9,0.208000000,0.295000000,0.517000000
19:19:28,120719,50.514270663,-123.436378908,1718.233000000,9,0.208000000,0.295000000,0.517000000
19:19:29,120719,50.514270643,-123.436378790,1718.232000000,9,0.208000000,0.295000000,0.517000000
19:19:30,120719,50.514270667,-123.436378753,1718.228000000,9,0.208000000,0.295000000,0.517000000
19:19:31,120719,50.514270687,-123.436378667,1718.226000000,9,0.208000000,0.295000000,0.517000000
19:19:32,120719,50.514270685,-123.436378603,1718.227000000,9,0.208000000,0.295000000,0.517000000
19:19:33,120719,50.514270658,-123.436378540,1718.234000000,9,0.208000000,0.295000000,0.517000000
19:19:34,120719,50.514270588,-123.436378552,1718.241000000,9,0.208000000,0.295000000,0.517000000
19:19:35,120719,50.514270507,-123.436378635,1718.246000000,10,0.179000000,0.224000000,0.392000000
19:19:36,120719,50.514270402,-123.436378635,1718.247000000,10,0.179000000,0.224000000,0.392000000
19:19:37,120719,50.514270363,-123.436378697,1718.243000000,10,0.179000000,0.224000000,0.392000000
19:19:38,120719,50.514270322,-123.436378718,1718.239000000,10,1.306000000,1.637000000,2.866000000
19:19:39,120719,50.514270335,-123.436378710,1718.232000000,10,1.306000000,1.637000000,2.866000000
19:19:40,120719,50.514270372,-123.436378633,1718.229000000,9,2.572000000,3.660000000,6.409000000
19:19:41,120719,50.514270420,-123.436378557,1718.233000000,10,2.004000000,2.512000000,4.400000000
19:19:42,120719,50.514270452,-123.436378447,1718.239000000,9,2.859000000,4.070000000,7.127000000
19:19:43,120719,50.514270463,-123.436378390,1718.246000000,10,2.859000000,4.070000000,7.127000000
19:19:44,120719,50.514270455,-123.436378322,1718.255000000,10,2.001000000,2.359000000,4.070000000
19:19:45,120719,50.514270482,-123.436378337,1718.264000000,9,1.938000000,2.759000000,4.832000000
19:19:46,120719,50.514270552,-123.436378370,1718.263000000,9,1.938000000,2.759000000,4.832000000
19:19:47,120719,50.514270543,-123.436378190,1718.285000000,9,1.938000000,2.759000000,4.832000000
19:19:48,120719,50.514270562,-123.436378148,1718.285000000,9,1.332000000,1.898000000,3.323000000
19:19:49,120719,50.514270575,-123.436378093,1718.289000000,10,1.114000000,1.069000000,2.266000000
19:19:50,120719,50.514270592,-123.436378070,1718.298000000,10,1.114000000,1.069000000,2.266000000
19:19:51,120719,50.514270600,-123.436378072,1718.298000000,10,1.114000000,1.069000000,2.266000000
19:19:52,120719,50.514270570,-123.436378110,1718.301000000,10,0.767000000,0.736000000,1.560000000
19:19:53,120719,50.514270543,-123.436378138,1718.302000000,10,0.767000000,0.736000000,1.560000000
19:19:54,120719,50.514270533,-123.436378137,1718.304000000,10,0.767000000,0.736000000,1.560000000
19:19:55,120719,50.514270533,-123.436378135,1718.301000000,10,0.529000000,0.508000000,1.077000000
19:19:56,120719,50.514270500,-123.436378180,1718.291000000,10,0.529000000,0.508000000,1.077000000
19:19:57,120719,50.514270468,-123.436378138,1718.285000000,10,0.529000000,0.508000000,1.077000000
19:19:58,120719,50.514270477,-123.436378130,1718.285000000,10,0.366000000,0.351000000,0.745000000
19:19:59,120719,50.514270547,-123.436378160,1718.284000000,10,0.366000000,0.351000000,0.745000000
19:20:00,120719,50.514270578,-123.436378120,1718.294000000,10,0.366000000,0.351000000,0.745000000
19:20:01,120719,50.514270610,-123.436378152,1718.307000000,10,0.257000000,0.247000000,0.524000000
19:20:02,120719,50.514270660,-123.436378165,1718.313000000,10,0.257000000,0.247000000,0.524000000
19:20:03,120719,50.514270698,-123.436378170,1718.313000000,10,0.257000000,0.247000000,0.524000000
19:20:04,120719,50.514270722,-123.436378153,1718.307000000,10,0.203000000,0.195000000,0.413000000
19:20:05,120719,50.514270763,-123.436378168,1718.301000000,10,0.203000000,0.195000000,0.413000000
19:20:06,120719,50.514270813,-123.436378225,1718.294000000,10,0.203000000,0.195000000,0.413000000
19:20:07,120719,50.514270875,-123.436378275,1718.283000000,10,0.203000000,0.195000000,0.413000000
19:20:08,120719,50.514270930,-123.436378330,1718.272000000,10,0.203000000,0.195000000,0.413000000
19:20:09,120719,50.514270950,-123.436378317,1718.273000000,11,0.179000000,0.175000000,0.352000000
19:20:10,120719,50.514270918,-123.436378320,1718.273000000,10,0.179000000,0.175000000,0.352000000
19:20:11,120719,50.514270873,-123.436378280,1718.283000000,9,0.504000000,0.720000000,1.262000000
19:20:12,120719,50.514270847,-123.436378217,1718.293000000,9,0.504000000,0.720000000,1.262000000
19:20:13,120719,50.514270865,-123.436378147,1718.298000000,9,0.504000000,0.720000000,1.262000000
19:20:14,120719,50.514270885,-123.436378008,1718.314000000,9,0.359000000,0.513000000,0.899000000
19:20:15,120719,50.514270930,-123.436377925,1718.314000000,9,0.359000000,0.513000000,0.899000000
19:20:16,120719,50.514270933,-123.436377853,1718.314000000,9,0.359000000,0.513000000,0.899000000
19:20:17,120719,50.514270845,-123.436377867,1718.307000000,9,0.263000000,0.376000000,0.659000000
19:20:18,120719,50.514270773,-123.436377935,1718.298000000,9,0.263000000,0.376000000,0.659000000
19:20:19,120719,50.514270685,-123.436377882,1718.294000000,9,0.263000000,0.376000000,0.659000000
19:20:20,120719,50.514270680,-123.436377857,1718.297000000,9,0.207000000,0.297000000,0.520000000
19:20:21,120719,50.514270675,-123.436377788,1718.304000000,9,0.207000000,0.297000000,0.520000000
19:20:22,120719,50.514270667,-123.436377743,1718.311000000,9,0.207000000,0.297000000,0.520000000
19:20:23,120719,50.514270670,-123.436377497,1718.325000000,9,0.207000000,0.297000000,0.520000000
19:20:24,120719,50.514270703,-123.436377465,1718.320000000,9,0.207000000,0.297000000,0.520000000
19:20:25,120719,50.514270703,-123.436377425,1718.321000000,9,0.207000000,0.297000000,0.520000000
19:20:26,120719,50.514270682,-123.436377288,1718.329000000,9,0.207000000,0.297000000,0.520000000
19:20:27,120719,50.514270707,-123.436377300,1718.324000000,9,0.207000000,0.297000000,0.520000000
19:20:28,120719,50.514270777,-123.436377258,1718.322000000,9,0.207000000,0.297000000,0.520000000
19:20:29,120719,50.514270858,-123.436377272,1718.321000000,9,0.207000000,0.297000000,0.520000000
19:20:30,120719,50.514270900,-123.436377277,1718.319000000,9,0.207000000,0.297000000,0.520000000
19:20:31,120719,50.514270943,-123.436377328,1718.315000000,10,0.181000000,0.213000000,0.370000000
19:20:32,120719,50.514270985,-123.436377378,1718.309000000,10,0.181000000,0.213000000,0.370000000
19:20:33,120719,50.514271023,-123.436377308,1718.316000000,10,0.181000000,0.213000000,0.370000000
19:20:34,120719,50.514271023,-123.436377360,1718.315000000,10,0.181000000,0.213000000,0.370000000
19:20:35,120719,50.514270990,-123.436377418,1718.313000000,10,0.181000000,0.213000000,0.370000000
19:20:36,120719,50.514270943,-123.436377408,1718.318000000,10,0.181000000,0.213000000,0.370000000
19:20:37,120719,50.514270903,-123.436377498,1718.320000000,10,0.181000000,0.213000000,0.370000000
19:20:38,120719,50.514270858,-123.436377520,1718.320000000,11,0.179000000,0.175000000,0.354000000
19:20:39,120719,50.514270838,-123.436377525,1718.314000000,11,0.179000000,0.175000000,0.354000000
19:20:40,120719,50.514270872,-123.436377495,1718.311000000,11,0.179000000,0.175000000,0.354000000
19:20:41,120719,50.514270933,-123.436377483,1718.311000000,11,0.179000000,0.175000000,0.354000000
19:20:42,120719,50.514271052,-123.436377435,1718.309000000,11,0.179000000,0.175000000,0.354000000
19:20:43,120719,50.514271112,-123.436377420,1718.303000000,11,0.179000000,0.175000000,0.354000000
19:20:44,120719,50.514271167,-123.436377433,1718.299000000,11,0.179000000,0.175000000,0.354000000
19:20:45,120719,50.514271160,-123.436377365,1718.311000000,11,0.179000000,0.175000000,0.354000000
19:20:46,120719,50.514271142,-123.436377352,1718.317000000,11,0.179000000,0.175000000,0.354000000
19:20:47,120719,50.514271073,-123.436377272,1718.330000000,11,0.179000000,0.175000000,0.354000000
19:20:48,120719,50.514271055,-123.436377193,1718.337000000,11,0.179000000,0.175000000,0.354000000
19:20:49,120719,50.514271073,-123.436377163,1718.335000000,11,0.179000000,0.175000000,0.354000000
19:20:50,120719,50.514271093,-123.436377070,1718.345000000,11,0.179000000,0.175000000,0.354000000
19:20:51,120719,50.514271112,-123.436377098,1718.337000000,11,0.179000000,0.175000000,0.354000000
19:20:52,120719,50.514271105,-123.436377002,1718.333000000,10,0.202000000,0.195000000,0.416000000
19:20:53,120719,50.514271103,-123.436377022,1718.328000000,10,0.202000000,0.195000000,0.416000000
19:20:54,120719,50.514271097,-123.436377008,1718.325000000,10,0.202000000,0.195000000,0.416000000
19:20:55,120719,50.514271110,-123.436377007,1718.328000000,10,0.202000000,0.195000000,0.416000000
19:20:56,120719,50.514271125,-123.436377010,1718.327000000,10,0.202000000,0.195000000,0.416000000
19:20:57,120719,50.514271122,-123.436376988,1718.332000000,10,0.202000000,0.195000000,0.416000000
19:20:58,120719,50.514271127,-123.436376967,1718.342000000,10,0.202000000,0.195000000,0.416000000
19:20:59,120719,50.514271112,-123.436376890,1718.352000000,10,0.202000000,0.195000000,0.416000000
19:21:00,120719,50.514271097,-123.436376865,1718.367000000,10,0.202000000,0.195000000,0.416000000
19:21:01,120719,50.514271125,-123.436376978,1718.358000000,10,0.202000000,0.195000000,0.416000000
19:21:02,120719,50.514271112,-123.436376980,1718.361000000,10,0.202000000,0.195000000,0.416000000
19:21:03,120719,50.514271078,-123.436376950,1718.348000000,10,0.202000000,0.195000000,0.416000000
19:21:04,120719,50.514271133,-123.436377065,1718.339000000,10,0.202000000,0.195000000,0.417000000
19:21:05,120719,50.514271183,-123.436377102,1718.334000000,10,0.202000000,0.195000000,0.417000000
19:21:06,120719,50.514271222,-123.436377053,1718.337000000,10,0.202000000,0.195000000,0.417000000
19:21:07,120719,50.514271305,-123.436377057,1718.332000000,10,0.202000000,0.195000000,0.417000000
19:21:08,120719,50.514271367,-123.436377057,1718.331000000,10,0.202000000,0.195000000,0.417000000
19:21:09,120719,50.514271443,-123.436377045,1718.342000000,10,0.202000000,0.195000000,0.417000000
19:21:10,120719,50.514271488,-123.436376988,1718.343000000,10,0.202000000,0.195000000,0.417000000
19:21:11,120719,50.514271570,-123.436376997,1718.345000000,10,0.202000000,0.195000000,0.417000000
19:21:12,120719,50.514271625,-123.436377018,1718.343000000,10,0.202000000,0.195000000,0.417000000
19:21:13,120719,50.514271673,-123.436377007,1718.344000000,10,0.202000000,0.195000000,0.417000000
19:21:14,120719,50.514271688,-123.436377022,1718.350000000,10,0.202000000,0.195000000,0.417000000
19:21:15,120719,50.514271710,-123.436376957,1718.361000000,10,0.202000000,0.195000000,0.417000000
19:21:16,120719,50.514271658,-123.436376982,1718.359000000,10,0.202000000,0.196000000,0.417000000
19:21:17,120719,50.514271620,-123.436377023,1718.355000000,10,0.202000000,0.196000000,0.417000000
19:21:18,120719,50.514271565,-123.436377022,1718.347000000,10,0.202000000,0.196000000,0.417000000
19:21:19,120719,50.514271552,-123.436376998,1718.338000000,10,0.202000000,0.196000000,0.417000000
19:21:20,120719,50.514271540,-123.436376962,1718.326000000,10,0.202000000,0.196000000,0.417000000
19:21:21,120719,50.514271530,-123.436376947,1718.317000000,10,0.202000000,0.196000000,0.417000000
19:21:22,120719,50.514271468,-123.436376947,1718.310000000,10,0.202000000,0.196000000,0.418000000
19:21:23,120719,50.514271402,-123.436376917,1718.309000000,10,0.202000000,0.196000000,0.418000000
19:21:24,120719,50.514271348,-123.436376907,1718.315000000,10,0.202000000,0.196000000,0.418000000
19:21:25,120719,50.514271265,-123.436376898,1718.323000000,10,0.202000000,0.196000000,0.418000000
19:21:26,120719,50.514271225,-123.436376880,1718.323000000,10,0.202000000,0.196000000,0.418000000
19:21:27,120719,50.514271208,-123.436376818,1718.319000000,10,0.202000000,0.196000000,0.418000000
19:21:28,120719,50.514271240,-123.436376815,1718.315000000,10,0.202000000,0.196000000,0.418000000
19:21:29,120719,50.514271342,-123.436376808,1718.304000000,10,0.202000000,0.196000000,0.418000000
19:21:30,120719,50.514271403,-123.436376768,1718.301000000,10,0.202000000,0.196000000,0.418000000
19:21:31,120719,50.514271438,-123.436376770,1718.307000000,10,0.202000000,0.196000000,0.418000000
19:21:32,120719,50.514271452,-123.436376703,1718.309000000,10,0.202000000,0.196000000,0.418000000
19:21:33,120719,50.514271448,-123.436376658,1718.323000000,10,0.202000000,0.196000000,0.418000000
19:21:34,120719,50.514271392,-123.436376715,1718.328000000,10,0.202000000,0.196000000,0.418000000
19:21:35,120719,50.514271380,-123.436376713,1718.332000000,10,0.202000000,0.196000000,0.418000000
19:21:36,120719,50.514271360,-123.436376817,1718.339000000,10,0.202000000,0.196000000,0.418000000
19:21:37,120719,50.514271368,-123.436376788,1718.336000000,10,0.202000000,0.196000000,0.418000000
19:21:38,120719,50.514271350,-123.436376812,1718.330000000,10,0.202000000,0.196000000,0.418000000
19:21:39,120719,50.514271368,-123.436376942,1718.317000000,10,0.202000000,0.196000000,0.418000000
19:21:40,120719,50.514271345,-123.436376957,1718.310000000,10,0.202000000,0.196000000,0.419000000
19:21:41,120719,50.514271295,-123.436376980,1718.300000000,10,0.202000000,0.196000000,0.419000000
19:21:42,120719,50.514271270,-123.436376987,1718.300000000,10,0.202000000,0.196000000,0.419000000
19:21:43,120719,50.514271248,-123.436376950,1718.306000000,10,0.202000000,0.196000000,0.419000000
19:21:44,120719,50.514271215,-123.436376998,1718.304000000,10,0.202000000,0.196000000,0.419000000
19:21:45,120719,50.514271202,-123.436376973,1718.300000000,10,0.202000000,0.196000000,0.419000000
19:21:46,120719,50.514271168,-123.436376913,1718.300000000,10,0.202000000,0.196000000,0.419000000
19:21:47,120719,50.514271202,-123.436376875,1718.304000000,10,0.202000000,0.196000000,0.419000000
19:21:48,120719,50.514271205,-123.436376787,1718.311000000,10,0.202000000,0.196000000,0.419000000
19:21:49,120719,50.514271250,-123.436376760,1718.313000000,10,0.202000000,0.196000000,0.419000000
19:21:50,120719,50.514271248,-123.436376710,1718.322000000,10,0.202000000,0.196000000,0.419000000
19:21:51,120719,50.514271245,-123.436376667,1718.327000000,10,0.202000000,0.196000000,0.419000000
19:21:52,120719,50.514271237,-123.436376663,1718.330000000,10,0.202000000,0.196000000,0.419000000
19:21:53,120719,50.514271248,-123.436376657,1718.324000000,10,0.202000000,0.196000000,0.419000000
19:21:54,120719,50.514271280,-123.436376647,1718.316000000,11,0.179000000,0.175000000,0.358000000
19:21:55,120719,50.514271335,-123.436376643,1718.310000000,11,0.179000000,0.175000000,0.358000000
19:21:56,120719,50.514271380,-123.436376612,1718.305000000,11,0.179000000,0.175000000,0.358000000
19:21:57,120719,50.514271398,-123.436376503,1718.311000000,11,0.179000000,0.175000000,0.358000000
19:21:58,120719,50.514271387,-123.436376548,1718.304000000,11,0.179000000,0.175000000,0.358000000
19:21:59,120719,50.514271345,-123.436376622,1718.294000000,11,0.179000000,0.175000000,0.358000000
19:22:00,120719,50.514271333,-123.436376680,1718.289000000,11,0.179000000,0.175000000,0.358000000
19:22:01,120719,50.514271308,-123.436376757,1718.279000000,11,0.179000000,0.175000000,0.358000000
19:22:02,120719,50.514271292,-123.436376750,1718.275000000,11,0.179000000,0.175000000,0.358000000
19:22:03,120719,50.514271267,-123.436376757,1718.271000000,11,0.179000000,0.175000000,0.358000000
19:22:04,120719,50.514271243,-123.436376787,1718.266000000,11,0.179000000,0.175000000,0.358000000
19:22:05,120719,50.514271232,-123.436376743,1718.263000000,11,0.179000000,0.175000000,0.358000000
19:22:06,120719,50.514271198,-123.436376585,1718.268000000,11,0.179000000,0.175000000,0.358000000
19:22:07,120719,50.514271180,-123.436376402,1718.272000000,10,0.180000000,0.213000000,0.374000000
19:22:08,120719,50.514271227,-123.436376295,1718.285000000,10,0.180000000,0.213000000,0.374000000
19:22:09,120719,50.514271228,-123.436376222,1718.298000000,9,0.207000000,0.299000000,0.526000000
19:22:10,120719,50.514271238,-123.436376183,1718.318000000,9,0.207000000,0.299000000,0.526000000
19:22:11,120719,50.514271303,-123.436376162,1718.345000000,9,0.207000000,0.299000000,0.526000000
19:22:12,120719,50.514271378,-123.436376143,1718.371000000,9,0.207000000,0.299000000,0.526000000
19:22:13,120719,50.514271440,-123.436376162,1718.389000000,9,0.207000000,0.299000000,0.526000000
19:22:14,120719,50.514271447,-123.436376187,1718.397000000,9,0.207000000,0.299000000,0.526000000
19:22:15,120719,50.514271482,-123.436376205,1718.392000000,9,0.207000000,0.299000000,0.526000000
19:22:16,120719,50.514271473,-123.436376225,1718.382000000,9,0.207000000,0.299000000,0.526000000
19:22:17,120719,50.514271470,-123.436376290,1718.375000000,9,0.207000000,0.299000000,0.526000000
19:22:18,120719,50.514271505,-123.436376283,1718.372000000,9,0.207000000,0.299000000,0.526000000
19:22:19,120719,50.514271523,-123.436376338,1718.372000000,9,0.207000000,0.299000000,0.526000000
19:22:20,120719,50.514271517,-123.436376397,1718.371000000,10,0.201000000,0.196000000,0.421000000
19:22:21,120719,50.514271473,-123.436376397,1718.376000000,10,0.201000000,0.196000000,0.421000000
19:22:22,120719,50.514271435,-123.436376423,1718.374000000,10,0.201000000,0.196000000,0.421000000
19:22:23,120719,50.514271402,-123.436376425,1718.373000000,10,0.201000000,0.196000000,0.421000000
19:22:24,120719,50.514271400,-123.436376462,1718.370000000,10,0.201000000,0.196000000,0.421000000
19:22:25,120719,50.514271402,-123.436376477,1718.365000000,10,0.201000000,0.196000000,0.421000000
19:22:26,120719,50.514271408,-123.436376473,1718.358000000,10,0.201000000,0.196000000,0.421000000
19:22:27,120719,50.514271423,-123.436376495,1718.353000000,10,0.201000000,0.196000000,0.421000000
19:22:28,120719,50.514271418,-123.436376460,1718.355000000,10,0.201000000,0.196000000,0.421000000
19:22:29,120719,50.514271418,-123.436376393,1718.358000000,10,0.201000000,0.196000000,0.421000000
19:22:30,120719,50.514271405,-123.436376317,1718.371000000,10,0.201000000,0.196000000,0.421000000
19:22:31,120719,50.514271395,-123.436376248,1718.383000000,10,0.201000000,0.196000000,0.421000000
19:22:32,120719,50.514271417,-123.436376172,1718.386000000,10,0.201000000,0.196000000,0.421000000
19:22:33,120719,50.514271420,-123.436376143,1718.387000000,10,0.201000000,0.196000000,0.421000000
19:22:34,120719,50.514271452,-123.436376107,1718.391000000,10,0.201000000,0.196000000,0.421000000
19:22:35,120719,50.514271518,-123.436376120,1718.395000000,10,0.201000000,0.196000000,0.421000000
19:22:36,120719,50.514271595,-123.436376115,1718.405000000,10,0.201000000,0.196000000,0.421000000
19:22:37,120719,50.514271637,-123.436376162,1718.411000000,10,0.201000000,0.196000000,0.421000000
19:22:38,120719,50.514271620,-123.436376157,1718.417000000,10,0.201000000,0.196000000,0.422000000
19:22:39,120719,50.514271600,-123.436376168,1718.421000000,10,0.201000000,0.196000000,0.422000000
19:22:40,120719,50.514271567,-123.436376240,1718.419000000,10,0.201000000,0.196000000,0.422000000
19:22:41,120719,50.514271505,-123.436376318,1718.416000000,10,0.201000000,0.197000000,0.422000000
19:22:42,120719,50.514271487,-123.436376355,1718.414000000,10,0.201000000,0.197000000,0.422000000
19:22:43,120719,50.514271485,-123.436376383,1718.407000000,10,0.201000000,0.197000000,0.422000000
19:22:44,120719,50.514271453,-123.436376437,1718.403000000,10,0.201000000,0.197000000,0.422000000
19:22:45,120719,50.514271410,-123.436376488,1718.398000000,10,0.201000000,0.197000000,0.422000000
19:22:46,120719,50.514271360,-123.436376505,1718.402000000,10,0.201000000,0.197000000,0.422000000
19:22:47,120719,50.514271322,-123.436376522,1718.403000000,10,0.201000000,0.197000000,0.422000000
19:22:48,120719,50.514271272,-123.436376498,1718.407000000,10,0.201000000,0.197000000,0.422000000
19:22:49,120719,50.514271233,-123.436376527,1718.404000000,10,0.201000000,0.197000000,0.422000000
19:22:50,120719,50.514271222,-123.436376512,1718.404000000,10,0.201000000,0.197000000,0.422000000
19:22:51,120719,50.514271178,-123.436376495,1718.398000000,10,0.201000000,0.197000000,0.422000000
19:22:52,120719,50.514271195,-123.436376478,1718.395000000,10,0.201000000,0.197000000,0.422000000
19:22:53,120719,50.514271228,-123.436376435,1718.397000000,10,0.201000000,0.197000000,0.422000000
19:22:54,120719,50.514271260,-123.436376340,1718.402000000,10,0.201000000,0.197000000,0.422000000
19:22:55,120719,50.514271273,-123.436376277,1718.409000000,10,0.201000000,0.197000000,0.422000000
19:22:56,120719,50.514271278,-123.436376198,1718.420000000,10,0.201000000,0.197000000,0.423000000
19:22:57,120719,50.514271262,-123.436376143,1718.433000000,10,0.201000000,0.197000000,0.423000000
19:22:58,120719,50.514271285,-123.436376123,1718.447000000,10,0.201000000,0.197000000,0.423000000
19:22:59,120719,50.514271328,-123.436376160,1718.455000000,10,0.201000000,0.197000000,0.423000000
19:23:00,120719,50.514271400,-123.436376215,1718.458000000,11,0.179000000,0.175000000,0.361000000
19:23:01,120719,50.514271472,-123.436376253,1718.458000000,11,0.179000000,0.175000000,0.361000000
19:23:02,120719,50.514271498,-123.436376283,1718.461000000,11,0.179000000,0.175000000,0.361000000
19:23:03,120719,50.514271547,-123.436376300,1718.467000000,11,0.179000000,0.175000000,0.361000000
19:23:04,120719,50.514271535,-123.436376312,1718.473000000,11,0.179000000,0.175000000,0.361000000
19:23:05,120719,50.514271483,-123.436376347,1718.472000000,11,0.179000000,0.175000000,0.361000000
19:23:06,120719,50.514271430,-123.436376353,1718.470000000,11,0.179000000,0.175000000,0.361000000
19:23:07,120719,50.514271388,-123.436376395,1718.462000000,11,0.179000000,0.175000000,0.361000000
19:23:08,120719,50.514271343,-123.436376390,1718.459000000,11,0.179000000,0.175000000,0.361000000
19:23:09,120719,50.514271288,-123.436376400,1718.453000000,11,0.179000000,0.175000000,0.361000000
19:23:10,120719,50.514271257,-123.436376383,1718.451000000,11,0.179000000,0.175000000,0.361000000
19:23:11,120719,50.514271247,-123.436376437,1718.452000000,11,0.179000000,0.175000000,0.361000000
19:23:12,120719,50.514271205,-123.436376415,1718.455000000,11,0.179000000,0.175000000,0.361000000
19:23:13,120719,50.514271198,-123.436376427,1718.454000000,11,0.179000000,0.175000000,0.361000000
19:23:14,120719,50.514271175,-123.436376423,1718.458000000,11,0.179000000,0.175000000,0.361000000
19:23:15,120719,50.514271182,-123.436376410,1718.460000000,11,0.179000000,0.175000000,0.361000000
19:23:16,120719,50.514271187,-123.436376383,1718.466000000,11,0.179000000,0.175000000,0.361000000
19:23:17,120719,50.514271252,-123.436376368,1718.464000000,11,0.179000000,0.175000000,0.361000000
19:23:18,120719,50.514271268,-123.436376312,1718.467000000,11,0.179000000,0.175000000,0.362000000
19:23:19,120719,50.514271308,-123.436376218,1718.477000000,11,0.179000000,0.175000000,0.362000000
19:23:20,120719,50.514271352,-123.436376198,1718.482000000,11,0.179000000,0.175000000,0.362000000
19:23:21,120719,50.514271380,-123.436376163,1718.484000000,11,0.179000000,0.175000000,0.362000000
19:23:22,120719,50.514271340,-123.436376125,1718.489000000,11,0.179000000,0.175000000,0.362000000
19:23:23,120719,50.514271307,-123.436376158,1718.489000000,11,0.179000000,0.175000000,0.362000000
19:23:24,120719,50.514271258,-123.436376197,1718.485000000,11,0.179000000,0.175000000,0.362000000
19:23:25,120719,50.514271203,-123.436376248,1718.483000000,11,0.179000000,0.175000000,0.362000000
19:23:26,120719,50.514271133,-123.436376283,1718.483000000,11,0.179000000,0.175000000,0.362000000
19:23:27,120719,50.514271112,-123.436376318,1718.479000000,11,0.179000000,0.175000000,0.362000000
19:23:28,120719,50.514271087,-123.436376358,1718.471000000,11,0.179000000,0.175000000,0.362000000
19:23:29,120719,50.514271058,-123.436376313,1718.464000000,12,0.179000000,0.175000000,0.362000000
19:23:30,120719,50.514271037,-123.436376318,1718.458000000,12,0.169000000,0.171000000,0.351000000
19:23:31,120719,50.514271048,-123.436376370,1718.457000000,12,0.169000000,0.171000000,0.351000000
19:23:32,120719,50.514271030,-123.436376368,1718.460000000,12,0.169000000,0.171000000,0.351000000
19:23:33,120719,50.514270985,-123.436376348,1718.464000000,12,0.169000000,0.171000000,0.351000000
19:23:34,120719,50.514270945,-123.436376322,1718.470000000,12,0.169000000,0.171000000,0.351000000
19:23:35,120719,50.514271013,-123.436376275,1718.478000000,12,0.169000000,0.171000000,0.351000000
19:23:36,120719,50.514271080,-123.436376203,1718.490000000,12,0.169000000,0.170000000,0.351000000
19:23:37,120719,50.514271163,-123.436376187,1718.499000000,12,0.169000000,0.170000000,0.351000000
19:23:38,120719,50.514271223,-123.436376190,1718.508000000,12,0.169000000,0.170000000,0.351000000
19:23:39,120719,50.514271258,-123.436376148,1718.514000000,12,0.169000000,0.170000000,0.351000000
19:23:40,120719,50.514271273,-123.436376092,1718.511000000,12,0.169000000,0.170000000,0.351000000
19:23:41,120719,50.514271308,-123.436376045,1718.514000000,12,0.169000000,0.170000000,0.351000000
19:23:42,120719,50.514271332,-123.436376038,1718.518000000,12,0.169000000,0.170000000,0.352000000
19:23:43,120719,50.514271370,-123.436376013,1718.520000000,11,0.178000000,0.175000000,0.363000000
19:23:44,120719,50.514271420,-123.436376037,1718.520000000,11,0.178000000,0.175000000,0.363000000
19:23:45,120719,50.514271427,-123.436376047,1718.521000000,11,0.178000000,0.175000000,0.363000000
19:23:46,120719,50.514271408,-123.436376100,1718.517000000,11,0.178000000,0.175000000,0.363000000
19:23:47,120719,50.514271387,-123.436376175,1718.512000000,11,0.178000000,0.175000000,0.363000000
19:23:48,120719,50.514271348,-123.436376280,1718.511000000,11,0.178000000,0.175000000,0.363000000
19:23:49,120719,50.514271312,-123.436376350,1718.510000000,11,0.178000000,0.175000000,0.363000000
19:23:50,120719,50.514271267,-123.436376418,1718.506000000,11,0.178000000,0.175000000,0.363000000
19:23:51,120719,50.514271240,-123.436376520,1718.497000000,11,0.178000000,0.175000000,0.363000000
19:23:52,120719,50.514271193,-123.436376527,1718.490000000,11,0.178000000,0.175000000,0.363000000
19:23:53,120719,50.514271167,-123.436376530,1718.484000000,11,0.178000000,0.175000000,0.363000000
19:23:54,120719,50.514271152,-123.436376468,1718.480000000,11,0.178000000,0.175000000,0.363000000
19:23:55,120719,50.514271120,-123.436376415,1718.476000000,11,0.178000000,0.175000000,0.363000000
19:23:56,120719,50.514271077,-123.436376397,1718.469000000,11,0.178000000,0.175000000,0.363000000
19:23:57,120719,50.514271028,-123.436376360,1718.469000000,11,0.178000000,0.175000000,0.363000000
19:23:58,120719,50.514271037,-123.436376330,1718.477000000,11,0.178000000,0.175000000,0.363000000
19:23:59,120719,50.514271118,-123.436376260,1718.491000000,11,0.178000000,0.175000000,0.363000000
19:24:00,120719,50.514271232,-123.436376212,1718.502000000,11,0.178000000,0.175000000,0.363000000
19:24:01,120719,50.514271312,-123.436376178,1718.515000000,11,0.178000000,0.175000000,0.364000000
19:24:02,120719,50.514271360,-123.436376105,1718.527000000,11,0.178000000,0.175000000,0.364000000
19:24:03,120719,50.514271407,-123.436376035,1718.531000000,11,0.178000000,0.175000000,0.364000000
19:24:04,120719,50.514271442,-123.436376062,1718.529000000,10,0.180000000,0.212000000,0.379000000
19:24:05,120719,50.514271445,-123.436376115,1718.530000000,10,0.180000000,0.212000000,0.379000000
19:24:06,120719,50.514271453,-123.436376153,1718.528000000,10,0.180000000,0.212000000,0.379000000
19:24:07,120719,50.514271430,-123.436376145,1718.535000000,10,0.179000000,0.212000000,0.379000000
19:24:08,120719,50.514271413,-123.436376133,1718.528000000,10,0.179000000,0.212000000,0.379000000
19:24:09,120719,50.514271420,-123.436376172,1718.519000000,10,0.179000000,0.212000000,0.379000000
19:24:10,120719,50.514271393,-123.436376195,1718.519000000,10,0.179000000,0.212000000,0.379000000
19:24:11,120719,50.514271377,-123.436376232,1718.509000000,10,0.179000000,0.212000000,0.379000000
19:24:12,120719,50.514271375,-123.436376260,1718.509000000,10,0.179000000,0.212000000,0.379000000
19:24:13,120719,50.514271382,-123.436376277,1718.501000000,10,0.179000000,0.212000000,0.379000000
19:24:14,120719,50.514271338,-123.436376258,1718.493000000,10,0.179000000,0.212000000,0.379000000
19:24:15,120719,50.514271302,-123.436376348,1718.493000000,10,0.179000000,0.212000000,0.379000000
19:24:16,120719,50.514271302,-123.436376338,1718.499000000,10,0.179000000,0.212000000,0.379000000
19:24:17,120719,50.514271312,-123.436376278,1718.519000000,10,0.179000000,0.212000000,0.379000000
19:24:18,120719,50.514271325,-123.436376188,1718.526000000,10,0.179000000,0.212000000,0.379000000
19:24:19,120719,50.514271333,-123.436376123,1718.529000000,10,0.179000000,0.212000000,0.379000000
19:24:20,120719,50.514271355,-123.436376060,1718.530000000,10,0.179000000,0.212000000,0.379000000
19:24:21,120719,50.514271415,-123.436375945,1718.542000000,10,0.179000000,0.212000000,0.379000000
19:24:22,120719,50.514271463,-123.436375905,1718.546000000,10,0.179000000,0.212000000,0.380000000
19:24:23,120719,50.514271483,-123.436375942,1718.553000000,9,0.179000000,0.212000000,0.380000000
19:24:24,120719,50.514271490,-123.436376003,1718.534000000,9,0.206000000,0.302000000,0.532000000
19:24:25,120719,50.514271477,-123.436376007,1718.546000000,9,0.206000000,0.302000000,0.532000000
19:24:26,120719,50.514271472,-123.436376002,1718.540000000,9,0.206000000,0.302000000,0.532000000
19:24:27,120719,50.514271505,-123.436376080,1718.526000000,10,0.200000000,0.198000000,0.427000000
19:24:28,120719,50.514271503,-123.436376090,1718.518000000,10,0.200000000,0.198000000,0.427000000
19:24:29,120719,50.514271528,-123.436376177,1718.509000000,10,0.200000000,0.198000000,0.427000000
19:24:30,120719,50.514271535,-123.436376278,1718.496000000,10,0.200000000,0.198000000,0.427000000
19:24:31,120719,50.514271557,-123.436376285,1718.498000000,10,0.200000000,0.198000000,0.427000000
19:24:32,120719,50.514271562,-123.436376268,1718.491000000,10,0.200000000,0.198000000,0.427000000
19:24:33,120719,50.514271565,-123.436376232,1718.490000000,10,0.200000000,0.198000000,0.428000000
19:24:34,120719,50.514271577,-123.436376213,1718.489000000,10,0.200000000,0.198000000,0.428000000
19:24:35,120719,50.514271550,-123.436376198,1718.490000000,10,0.200000000,0.198000000,0.428000000
19:24:36,120719,50.514271532,-123.436376250,1718.482000000,10,0.200000000,0.198000000,0.428000000
19:24:37,120719,50.514271520,-123.436376287,1718.480000000,10,0.200000000,0.198000000,0.428000000
19:24:38,120719,50.514271505,-123.436376342,1718.465000000,10,0.200000000,0.198000000,0.428000000
19:24:39,120719,50.514271538,-123.436376362,1718.461000000,10,0.200000000,0.198000000,0.428000000
19:24:40,120719,50.514271545,-123.436376203,1718.474000000,10,0.200000000,0.198000000,0.428000000
19:24:41,120719,50.514271550,-123.436376132,1718.477000000,10,0.200000000,0.198000000,0.428000000
19:24:42,120719,50.514271593,-123.436376097,1718.476000000,10,0.200000000,0.198000000,0.428000000
19:24:43,120719,50.514271655,-123.436376138,1718.474000000,10,0.200000000,0.198000000,0.428000000
19:24:44,120719,50.514271730,-123.436376163,1718.470000000,10,0.200000000,0.198000000,0.428000000
19:24:45,120719,50.514271793,-123.436376207,1718.470000000,10,0.200000000,0.198000000,0.428000000
19:24:46,120719,50.514271797,-123.436376285,1718.464000000,10,0.200000000,0.198000000,0.428000000
19:24:47,120719,50.514271778,-123.436376318,1718.458000000,11,0.200000000,0.198000000,0.428000000
19:24:48,120719,50.514271787,-123.436376452,1718.455000000,11,0.178000000,0.175000000,0.366000000
19:24:49,120719,50.514271775,-123.436376478,1718.457000000,11,0.178000000,0.175000000,0.366000000
19:24:50,120719,50.514271780,-123.436376618,1718.440000000,11,0.178000000,0.175000000,0.366000000
19:24:51,120719,50.514271773,-123.436376750,1718.427000000,11,0.387000000,0.381000000,0.795000000
19:24:52,120719,50.514271775,-123.436376785,1718.417000000,11,0.387000000,0.381000000,0.795000000
19:24:53,120719,50.514271812,-123.436376873,1718.407000000,11,0.387000000,0.381000000,0.795000000
19:24:54,120719,50.514271823,-123.436376953,1718.406000000,11,0.422000000,0.416000000,0.867000000
19:24:55,120719,50.514271838,-123.436377133,1718.398000000,11,0.422000000,0.416000000,0.867000000
19:24:56,120719,50.514271823,-123.436377138,1718.393000000,11,0.422000000,0.416000000,0.867000000
19:24:57,120719,50.514271780,-123.436377068,1718.396000000,11,0.294000000,0.289000000,0.604000000
19:24:58,120719,50.514271778,-123.436377003,1718.407000000,11,0.294000000,0.289000000,0.604000000
19:24:59,120719,50.514271817,-123.436376917,1718.420000000,11,0.294000000,0.289000000,0.604000000
19:25:00,120719,50.514271835,-123.436376902,1718.430000000,11,0.207000000,0.204000000,0.426000000
19:25:01,120719,50.514271833,-123.436376847,1718.436000000,11,0.207000000,0.204000000,0.426000000
19:25:02,120719,50.514271843,-123.436376797,1718.436000000,11,0.207000000,0.204000000,0.426000000
19:25:03,120719,50.514271890,-123.436376720,1718.446000000,11,0.178000000,0.175000000,0.366000000
19:25:04,120719,50.514271943,-123.436376657,1718.450000000,11,0.178000000,0.175000000,0.366000000
19:25:05,120719,50.514271970,-123.436376590,1718.452000000,11,0.178000000,0.175000000,0.366000000
19:25:06,120719,50.514272010,-123.436376495,1718.456000000,11,0.178000000,0.175000000,0.367000000
19:25:07,120719,50.514272018,-123.436376422,1718.455000000,11,0.178000000,0.175000000,0.367000000
19:25:08,120719,50.514272010,-123.436376328,1718.457000000,11,0.178000000,0.175000000,0.367000000
19:25:09,120719,50.514272013,-123.436376292,1718.461000000,11,0.178000000,0.175000000,0.367000000
19:25:10,120719,50.514271988,-123.436376277,1718.465000000,11,0.178000000,0.175000000,0.367000000
19:25:11,120719,50.514271960,-123.436376357,1718.465000000,11,0.178000000,0.175000000,0.367000000
19:25:12,120719,50.514271915,-123.436376450,1718.461000000,11,0.178000000,0.175000000,0.367000000
19:25:13,120719,50.514271902,-123.436376400,1718.469000000,11,0.178000000,0.175000000,0.367000000
19:25:14,120719,50.514271880,-123.436376447,1718.468000000,11,0.178000000,0.175000000,0.367000000
19:25:15,120719,50.514271913,-123.436376443,1718.469000000,11,0.178000000,0.175000000,0.367000000
19:25:16,120719,50.514271955,-123.436376387,1718.470000000,11,0.178000000,0.175000000,0.367000000
19:25:17,120719,50.514271958,-123.436376388,1718.463000000,11,0.178000000,0.175000000,0.367000000
19:25:18,120719,50.514271965,-123.436376377,1718.458000000,11,0.178000000,0.175000000,0.367000000
19:25:19,120719,50.514271968,-123.436376418,1718.458000000,11,0.178000000,0.175000000,0.367000000
19:25:20,120719,50.514271953,-123.436376392,1718.471000000,11,0.178000000,0.175000000,0.367000000
19:25:21,120719,50.514271945,-123.436376347,1718.479000000,10,0.200000000,0.198000000,0.430000000
19:25:22,120719,50.514271917,-123.436376243,1718.488000000,10,0.200000000,0.198000000,0.430000000
19:25:23,120719,50.514271908,-123.436376240,1718.486000000,10,0.200000000,0.198000000,0.430000000
19:25:24,120719,50.514271930,-123.436376217,1718.482000000,10,0.200000000,0.198000000,0.430000000
19:25:25,120719,50.514271952,-123.436376203,1718.474000000,10,0.200000000,0.198000000,0.430000000
19:25:26,120719,50.514271970,-123.436376187,1718.470000000,10,0.200000000,0.198000000,0.430000000
19:25:27,120719,50.514271972,-123.436376107,1718.475000000,10,0.200000000,0.199000000,0.430000000
19:25:28,120719,50.514271943,-123.436376088,1718.475000000,10,0.200000000,0.199000000,0.430000000
19:25:29,120719,50.514271915,-123.436376003,1718.480000000,10,0.200000000,0.199000000,0.430000000
19:25:30,120719,50.514271908,-123.436375965,1718.488000000,10,0.200000000,0.199000000,0.430000000
19:25:31,120719,50.514271882,-123.436375928,1718.493000000,10,0.200000000,0.199000000,0.430000000
19:25:32,120719,50.514271898,-123.436375907,1718.498000000,10,0.200000000,0.199000000,0.430000000
19:25:33,120719,50.514271913,-123.436375893,1718.500000000,10,0.200000000,0.199000000,0.431000000
19:25:34,120719,50.514271908,-123.436375895,1718.492000000,10,0.200000000,0.199000000,0.431000000
19:25:35,120719,50.514271912,-123.436375997,1718.477000000,11,0.200000000,0.199000000,0.431000000
19:25:36,120719,50.514271895,-123.436376017,1718.474000000,11,0.178000000,0.175000000,0.368000000
19:25:37,120719,50.514271915,-123.436376040,1718.472000000,11,0.178000000,0.175000000,0.368000000
19:25:38,120719,50.514271927,-123.436376033,1718.467000000,11,0.178000000,0.175000000,0.368000000
19:25:39,120719,50.514271928,-123.436375995,1718.462000000,11,0.178000000,0.175000000,0.368000000
19:25:40,120719,50.514271948,-123.436375977,1718.467000000,11,0.178000000,0.175000000,0.368000000
19:25:41,120719,50.514271975,-123.436375903,1718.474000000,11,0.178000000,0.175000000,0.368000000
19:25:42,120719,50.514271975,-123.436375672,1718.494000000,10,0.179000000,0.212000000,0.383000000
19:25:43,120719,50.514271950,-123.436375567,1718.502000000,10,0.179000000,0.212000000,0.383000000
19:25:44,120719,50.514271945,-123.436375578,1718.492000000,10,0.179000000,0.212000000,0.383000000
19:25:45,120719,50.514271990,-123.436375798,1718.485000000,9,0.206000000,0.304000000,0.535000000
19:25:46,120719,50.514271998,-123.436375700,1718.501000000,9,0.206000000,0.304000000,0.535000000
19:25:47,120719,50.514272010,-123.436375602,1718.507000000,9,0.206000000,0.304000000,0.535000000
19:25:48,120719,50.514272008,-123.436375565,1718.507000000,9,0.206000000,0.304000000,0.536000000
19:25:49,120719,50.514272013,-123.436375582,1718.503000000,10,0.200000000,0.199000000,0.431000000
19:25:50,120719,50.514271978,-123.436375517,1718.519000000,10,0.200000000,0.199000000,0.431000000
19:25:51,120719,50.514271920,-123.436375490,1718.522000000,10,0.200000000,0.199000000,0.431000000
