TIME,DATE(ddMMyy),LATITUDEGGA,LONGITUDEGGA,ALTITUDEGGA,NUMBERSAT,LATERR,LONGERR,ALTERR
18:42:02,120719,50.583830488,-123.536679638,1758.861000000,15,0.176000000,0.143000000,0.289000000
18:42:03,120719,50.583830547,-123.536679513,1758.866000000,15,0.176000000,0.143000000,0.289000000
18:42:04,120719,50.583830582,-123.536679548,1758.868000000,15,0.176000000,0.143000000,0.289000000
18:42:05,120719,50.583830613,-123.536679622,1758.875000000,15,0.176000000,0.143000000,0.289000000
18:42:06,120719,50.583830642,-123.536679657,1758.876000000,15,0.176000000,0.143000000,0.289000000
18:42:07,120719,50.583830622,-123.536679602,1758.886000000,15,0.176000000,0.143000000,0.289000000
18:42:08,120719,50.583830683,-123.536679495,1758.888000000,15,0.176000000,0.143000000,0.289000000
18:42:09,120719,50.583830630,-123.536679533,1758.896000000,13,0.193000000,0.150000000,0.317000000
18:42:10,120719,50.583830595,-123.536679545,1758.896000000,13,0.193000000,0.150000000,0.317000000
18:42:11,120719,50.583830533,-123.536679525,1758.899000000,13,0.193000000,0.150000000,0.317000000
18:42:12,120719,50.583830527,-123.536679503,1758.901000000,13,0.193000000,0.150000000,0.317000000
18:42:13,120719,50.583830528,-123.536679518,1758.908000000,13,0.193000000,0.150000000,0.317000000
18:42:14,120719,50.583830532,-123.536679550,1758.916000000,14,0.185000000,0.144000000,0.294000000
18:42:15,120719,50.583830553,-123.536679582,1758.930000000,13,0.193000000,0.150000000,0.317000000
18:42:16,120719,50.583830557,-123.536679577,1758.936000000,13,0.193000000,0.150000000,0.317000000
18:42:17,120719,50.583830525,-123.536679608,1758.943000000,13,0.193000000,0.150000000,0.317000000
18:42:18,120719,50.583830472,-123.536679623,1758.954000000,13,0.193000000,0.150000000,0.317000000
18:42:19,120719,50.583830425,-123.536679640,1758.961000000,13,0.193000000,0.150000000,0.317000000
18:42:20,120719,50.583830422,-123.536679665,1758.972000000,13,0.193000000,0.150000000,0.317000000
18:42:21,120719,50.583830433,-123.536679703,1758.981000000,13,0.193000000,0.150000000,0.317000000
18:42:22,120719,50.583830418,-123.536679717,1758.992000000,13,0.193000000,0.150000000,0.317000000
18:42:23,120719,50.583830407,-123.536679757,1759.000000000,14,0.179000000,0.147000000,0.304000000
18:42:24,120719,50.583830362,-123.536679792,1759.008000000,14,0.179000000,0.147000000,0.304000000
18:42:25,120719,50.583830325,-123.536679822,1759.017000000,14,0.179000000,0.147000000,0.304000000
18:42:26,120719,50.583830287,-123.536679830,1759.024000000,14,0.179000000,0.147000000,0.304000000
18:42:27,120719,50.583830237,-123.536679870,1759.035000000,14,0.179000000,0.147000000,0.304000000
18:42:28,120719,50.583830182,-123.536679868,1759.045000000,14,0.179000000,0.147000000,0.304000000
18:42:29,120719,50.583830117,-123.536679880,1759.054000000,14,0.179000000,0.147000000,0.304000000
18:42:30,120719,50.583830067,-123.536679932,1759.062000000,14,0.179000000,0.147000000,0.304000000
18:42:31,120719,50.583830060,-123.536679998,1759.065000000,14,0.179000000,0.147000000,0.304000000
18:42:32,120719,50.583830050,-123.536680045,1759.072000000,14,0.179000000,0.147000000,0.304000000
18:42:33,120719,50.583829998,-123.536680132,1759.082000000,14,0.179000000,0.147000000,0.304000000
18:42:34,120719,50.583829982,-123.536680182,1759.086000000,12,0.195000000,0.158000000,0.322000000
18:42:35,120719,50.583829950,-123.536680178,1759.086000000,12,0.195000000,0.158000000,0.322000000
18:42:36,120719,50.583829895,-123.536680177,1759.088000000,12,0.195000000,0.158000000,0.322000000
18:42:37,120719,50.583829838,-123.536680160,1759.087000000,12,0.195000000,0.158000000,0.322000000
18:42:38,120719,50.583829745,-123.536680165,1759.089000000,12,0.195000000,0.158000000,0.322000000
18:42:39,120719,50.583829688,-123.536680153,1759.094000000,12,0.195000000,0.158000000,0.322000000
18:42:40,120719,50.583829625,-123.536680148,1759.102000000,12,0.195000000,0.158000000,0.322000000
18:42:41,120719,50.583829563,-123.536680142,1759.108000000,12,0.195000000,0.158000000,0.322000000
18:42:42,120719,50.583829520,-123.536680187,1759.116000000,13,0.195000000,0.158000000,0.322000000
18:42:43,120719,50.583829545,-123.536680213,1759.122000000,13,0.193000000,0.150000000,0.317000000
18:42:44,120719,50.583829557,-123.536680258,1759.121000000,13,0.193000000,0.150000000,0.317000000
18:42:45,120719,50.583829645,-123.536680318,1759.131000000,13,0.193000000,0.150000000,0.317000000
18:42:46,120719,50.583829675,-123.536680377,1759.140000000,13,0.194000000,0.150000000,0.317000000
18:42:47,120719,50.583829662,-123.536680410,1759.144000000,13,0.194000000,0.150000000,0.317000000
18:42:48,120719,50.583829630,-123.536680438,1759.156000000,13,0.194000000,0.150000000,0.317000000
18:42:49,120719,50.583829615,-123.536680425,1759.159000000,14,0.179000000,0.147000000,0.304000000
18:42:50,120719,50.583829595,-123.536680313,1759.158000000,14,0.179000000,0.147000000,0.304000000
18:42:51,120719,50.583829550,-123.536680357,1759.168000000,14,0.179000000,0.147000000,0.304000000
18:42:52,120719,50.583829528,-123.536680437,1759.178000000,13,0.194000000,0.150000000,0.317000000
18:42:53,120719,50.583829527,-123.536680462,1759.182000000,13,0.194000000,0.150000000,0.317000000
18:42:54,120719,50.583829507,-123.536680518,1759.191000000,13,0.194000000,0.150000000,0.317000000
18:42:55,120719,50.583829483,-123.536680537,1759.197000000,13,0.194000000,0.150000000,0.316000000
18:42:56,120719,50.583829442,-123.536680552,1759.202000000,13,0.194000000,0.150000000,0.316000000
18:42:57,120719,50.583829413,-123.536680547,1759.207000000,13,0.194000000,0.150000000,0.316000000
18:42:58,120719,50.583829382,-123.536680548,1759.207000000,13,0.194000000,0.150000000,0.316000000
18:42:59,120719,50.583829382,-123.536680555,1759.210000000,13,0.194000000,0.150000000,0.316000000
18:43:00,120719,50.583829393,-123.536680573,1759.219000000,13,0.194000000,0.150000000,0.316000000
18:43:01,120719,50.583829440,-123.536680588,1759.222000000,13,0.194000000,0.150000000,0.316000000
18:43:02,120719,50.583829468,-123.536680615,1759.232000000,13,0.194000000,0.150000000,0.316000000
18:43:03,120719,50.583829467,-123.536680597,1759.236000000,13,0.194000000,0.150000000,0.316000000
18:43:04,120719,50.583829468,-123.536680598,1759.237000000,13,0.194000000,0.150000000,0.316000000
18:43:05,120719,50.583829487,-123.536680587,1759.242000000,13,0.194000000,0.150000000,0.316000000
18:43:06,120719,50.583829493,-123.536680615,1759.247000000,14,0.180000000,0.147000000,0.303000000
18:43:07,120719,50.583829497,-123.536680640,1759.252000000,14,0.180000000,0.147000000,0.303000000
18:43:08,120719,50.583829518,-123.536680667,1759.251000000,14,0.180000000,0.147000000,0.303000000
18:43:09,120719,50.583829472,-123.536680707,1759.245000000,14,0.180000000,0.147000000,0.303000000
18:43:10,120719,50.583829450,-123.536680643,1759.255000000,14,0.180000000,0.147000000,0.303000000
18:43:11,120719,50.583829615,-123.536680655,1759.254000000,14,0.180000000,0.147000000,0.303000000
18:43:12,120719,50.583829692,-123.536680652,1759.241000000,14,0.180000000,0.147000000,0.303000000
18:43:13,120719,50.583829667,-123.536680643,1759.256000000,14,0.180000000,0.147000000,0.303000000
18:43:14,120719,50.583829600,-123.536680558,1759.246000000,14,0.180000000,0.147000000,0.303000000
18:43:15,120719,50.583829373,-123.536680573,1759.257000000,14,0.180000000,0.147000000,0.303000000
18:43:16,120719,50.583829398,-123.536680837,1759.272000000,14,0.180000000,0.147000000,0.303000000
18:43:17,120719,50.583829398,-123.536680930,1759.271000000,14,0.180000000,0.147000000,0.303000000
18:43:18,120719,50.583829412,-123.536680870,1759.273000000,14,0.180000000,0.147000000,0.303000000
18:43:19,120719,50.583829402,-123.536680843,1759.268000000,14,0.180000000,0.147000000,0.303000000
18:43:20,120719,50.583829457,-123.536680835,1759.267000000,14,0.180000000,0.147000000,0.303000000
18:43:21,120719,50.583829420,-123.536680823,1759.272000000,14,0.180000000,0.147000000,0.303000000
18:43:22,120719,50.583829418,-123.536680862,1759.276000000,14,0.180000000,0.147000000,0.303000000
18:43:23,120719,50.583829452,-123.536680868,1759.281000000,13,0.180000000,0.153000000,0.312000000
18:43:24,120719,50.583829483,-123.536680803,1759.280000000,13,0.180000000,0.153000000,0.312000000
18:43:25,120719,50.583829442,-123.536680900,1759.284000000,13,0.180000000,0.153000000,0.312000000
18:43:26,120719,50.583829448,-123.536680933,1759.288000000,13,0.180000000,0.153000000,0.312000000
18:43:27,120719,50.583829483,-123.536680905,1759.290000000,13,0.180000000,0.153000000,0.312000000
18:43:28,120719,50.583829475,-123.536680887,1759.295000000,13,0.180000000,0.153000000,0.312000000
18:43:29,120719,50.583829513,-123.536680858,1759.286000000,13,0.180000000,0.153000000,0.312000000
18:43:30,120719,50.583829502,-123.536680787,1759.284000000,13,0.180000000,0.153000000,0.312000000
18:43:31,120719,50.583829485,-123.536680782,1759.274000000,12,0.180000000,0.153000000,0.312000000
18:43:32,120719,50.583829492,-123.536680728,1759.263000000,12,0.181000000,0.166000000,0.312000000
18:43:33,120719,50.583829502,-123.536680687,1759.257000000,13,0.177000000,0.158000000,0.301000000
18:43:34,120719,50.583829507,-123.536680585,1759.251000000,14,0.176000000,0.151000000,0.289000000
18:43:35,120719,50.583829512,-123.536680517,1759.245000000,14,0.176000000,0.151000000,0.289000000
18:43:36,120719,50.583829563,-123.536680367,1759.227000000,13,0.177000000,0.161000000,0.301000000
18:43:37,120719,50.583829583,-123.536680275,1759.221000000,13,0.177000000,0.161000000,0.301000000
18:43:38,120719,50.583829608,-123.536680140,1759.208000000,13,0.177000000,0.161000000,0.301000000
18:43:39,120719,50.583829640,-123.536680032,1759.200000000,13,0.177000000,0.161000000,0.301000000
18:43:40,120719,50.583829650,-123.536679900,1759.189000000,13,0.177000000,0.161000000,0.301000000
18:43:41,120719,50.583829622,-123.536679843,1759.187000000,13,0.177000000,0.161000000,0.301000000
18:43:42,120719,50.583829660,-123.536679713,1759.174000000,13,0.177000000,0.161000000,0.301000000
18:43:43,120719,50.583829742,-123.536679587,1759.161000000,13,0.177000000,0.161000000,0.301000000
18:43:44,120719,50.583829788,-123.536679545,1759.154000000,13,0.177000000,0.161000000,0.301000000
18:43:45,120719,50.583829842,-123.536679417,1759.139000000,14,0.176000000,0.151000000,0.289000000
18:43:46,120719,50.583829888,-123.536679340,1759.129000000,14,0.176000000,0.151000000,0.289000000
18:43:47,120719,50.583829935,-123.536679240,1759.118000000,14,0.176000000,0.151000000,0.289000000
18:43:48,120719,50.583830020,-123.536679155,1759.110000000,14,0.176000000,0.151000000,0.289000000
18:43:49,120719,50.583829977,-123.536679022,1759.091000000,14,0.176000000,0.151000000,0.289000000
18:43:50,120719,50.583829950,-123.536678870,1759.079000000,13,0.176000000,0.151000000,0.289000000
18:43:51,120719,50.583829893,-123.536678748,1759.069000000,13,0.181000000,0.157000000,0.304000000
18:43:52,120719,50.583829778,-123.536678682,1759.058000000,12,0.199000000,0.165000000,0.322000000
18:43:53,120719,50.583829780,-123.536678582,1759.054000000,12,0.199000000,0.165000000,0.322000000
18:43:54,120719,50.583829728,-123.536678547,1759.049000000,13,0.199000000,0.165000000,0.322000000
18:43:55,120719,50.583829728,-123.536678465,1759.033000000,13,0.187000000,0.154000000,0.295000000
18:43:56,120719,50.583829720,-123.536678325,1759.018000000,13,0.187000000,0.154000000,0.295000000
18:43:57,120719,50.583829763,-123.536678240,1759.001000000,13,0.187000000,0.154000000,0.295000000
18:43:58,120719,50.583829782,-123.536678142,1758.991000000,13,0.187000000,0.154000000,0.295000000
18:43:59,120719,50.583829802,-123.536677973,1758.971000000,13,0.187000000,0.154000000,0.295000000
18:44:00,120719,50.583829922,-123.536677807,1758.948000000,13,0.187000000,0.154000000,0.295000000
18:44:01,120719,50.583829995,-123.536677608,1758.937000000,13,0.187000000,0.154000000,0.295000000
18:44:02,120719,50.583830033,-123.536677532,1758.925000000,13,0.187000000,0.154000000,0.295000000
18:44:03,120719,50.583830080,-123.536677450,1758.925000000,13,0.187000000,0.154000000,0.295000000
18:44:04,120719,50.583830117,-123.536677275,1758.914000000,13,0.187000000,0.154000000,0.295000000
18:44:05,120719,50.583830097,-123.536677207,1758.915000000,14,0.187000000,0.154000000,0.295000000
18:44:06,120719,50.583830078,-123.536677132,1758.914000000,14,0.177000000,0.151000000,0.289000000
18:44:07,120719,50.583830072,-123.536677010,1758.906000000,14,0.177000000,0.151000000,0.289000000
18:44:08,120719,50.583830060,-123.536676955,1758.901000000,14,0.177000000,0.151000000,0.289000000
18:44:09,120719,50.583830060,-123.536676795,1758.892000000,14,0.177000000,0.151000000,0.289000000
18:44:10,120719,50.583830073,-123.536676708,1758.882000000,15,0.176000000,0.144000000,0.289000000
18:44:11,120719,50.583830040,-123.536676682,1758.876000000,15,0.176000000,0.144000000,0.289000000
18:44:12,120719,50.583830067,-123.536676617,1758.870000000,15,0.176000000,0.144000000,0.289000000
18:44:13,120719,50.583830093,-123.536676563,1758.860000000,15,0.176000000,0.144000000,0.289000000
18:44:14,120719,50.583830185,-123.536676458,1758.852000000,15,0.176000000,0.144000000,0.289000000
18:44:15,120719,50.583830242,-123.536676432,1758.852000000,15,0.176000000,0.144000000,0.289000000
18:44:16,120719,50.583830280,-123.536676405,1758.858000000,14,0.185000000,0.146000000,0.294000000
18:44:17,120719,50.583830327,-123.536676375,1758.855000000,14,0.185000000,0.146000000,0.294000000
18:44:18,120719,50.583830355,-123.536676323,1758.849000000,14,0.185000000,0.146000000,0.294000000
18:44:19,120719,50.583830352,-123.536676355,1758.848000000,14,0.185000000,0.146000000,0.294000000
18:44:20,120719,50.583830372,-123.536676290,1758.857000000,14,0.185000000,0.146000000,0.294000000
18:44:21,120719,50.583830437,-123.536676325,1758.865000000,14,0.185000000,0.146000000,0.294000000
18:44:22,120719,50.583830527,-123.536676400,1758.870000000,14,0.185000000,0.146000000,0.294000000
18:44:23,120719,50.583830515,-123.536676307,1758.884000000,14,0.185000000,0.146000000,0.294000000
18:44:24,120719,50.583830520,-123.536676378,1758.894000000,14,0.185000000,0.146000000,0.294000000
18:44:25,120719,50.583830513,-123.536676413,1758.901000000,14,0.185000000,0.146000000,0.294000000
18:44:26,120719,50.583830440,-123.536676507,1758.897000000,14,0.185000000,0.146000000,0.294000000
18:44:27,120719,50.583830458,-123.536676533,1758.902000000,14,0.185000000,0.146000000,0.294000000
18:44:28,120719,50.583830485,-123.536676593,1758.917000000,14,0.185000000,0.146000000,0.294000000
18:44:29,120719,50.583830483,-123.536676543,1758.912000000,15,0.176000000,0.145000000,0.289000000
18:44:30,120719,50.583830400,-123.536676568,1758.916000000,15,0.176000000,0.145000000,0.289000000
18:44:31,120719,50.583830338,-123.536676587,1758.914000000,15,0.176000000,0.145000000,0.289000000
18:44:32,120719,50.583830328,-123.536676680,1758.917000000,15,0.176000000,0.145000000,0.289000000
18:44:33,120719,50.583830270,-123.536676728,1758.916000000,15,0.176000000,0.145000000,0.289000000
18:44:34,120719,50.583830230,-123.536676777,1758.914000000,15,0.176000000,0.145000000,0.289000000
18:44:35,120719,50.583830177,-123.536676830,1758.912000000,15,0.176000000,0.145000000,0.289000000
18:44:36,120719,50.583830173,-123.536676923,1758.915000000,15,0.176000000,0.145000000,0.289000000
18:44:37,120719,50.583830192,-123.536676990,1758.919000000,15,0.176000000,0.145000000,0.289000000
18:44:38,120719,50.583830167,-123.536677030,1758.916000000,15,0.176000000,0.145000000,0.289000000
18:44:39,120719,50.583830107,-123.536677065,1758.916000000,15,0.176000000,0.145000000,0.289000000
18:44:40,120719,50.583830077,-123.536677093,1758.918000000,15,0.176000000,0.145000000,0.289000000
18:44:41,120719,50.583830085,-123.536677123,1758.921000000,15,0.176000000,0.145000000,0.289000000
18:44:42,120719,50.583830068,-123.536677177,1758.925000000,15,0.176000000,0.145000000,0.289000000
18:44:43,120719,50.583830037,-123.536677290,1758.925000000,15,0.176000000,0.145000000,0.289000000
18:44:44,120719,50.583830052,-123.536677388,1758.924000000,15,0.176000000,0.145000000,0.289000000
18:44:45,120719,50.583830072,-123.536677485,1758.927000000,15,0.176000000,0.145000000,0.289000000
18:44:46,120719,50.583830100,-123.536677515,1758.931000000,15,0.176000000,0.145000000,0.289000000
18:44:47,120719,50.583830053,-123.536677573,1758.930000000,15,0.176000000,0.145000000,0.289000000
18:44:48,120719,50.583830013,-123.536677657,1758.931000000,15,0.176000000,0.145000000,0.289000000
18:44:49,120719,50.583829980,-123.536677705,1758.934000000,15,0.176000000,0.145000000,0.289000000
18:44:50,120719,50.583829968,-123.536677788,1758.945000000,15,0.176000000,0.145000000,0.289000000
18:44:51,120719,50.583829938,-123.536677843,1758.956000000,15,0.176000000,0.145000000,0.289000000
18:44:52,120719,50.583829887,-123.536677918,1758.961000000,15,0.176000000,0.145000000,0.289000000
18:44:53,120719,50.583829865,-123.536677948,1758.964000000,14,0.177000000,0.151000000,0.289000000
18:44:54,120719,50.583829815,-123.536678008,1758.971000000,14,0.177000000,0.151000000,0.289000000
18:44:55,120719,50.583829762,-123.536678023,1758.973000000,14,0.177000000,0.151000000,0.289000000
18:44:56,120719,50.583829733,-123.536678053,1758.977000000,14,0.177000000,0.151000000,0.289000000
18:44:57,120719,50.583829722,-123.536678065,1758.973000000,14,0.177000000,0.151000000,0.289000000
18:44:58,120719,50.583829667,-123.536678082,1758.972000000,14,0.177000000,0.151000000,0.289000000
18:44:59,120719,50.583829597,-123.536678100,1758.974000000,14,0.177000000,0.152000000,0.289000000
18:45:00,120719,50.583829565,-123.536678108,1758.971000000,14,0.177000000,0.152000000,0.289000000
18:45:01,120719,50.583829588,-123.536678078,1758.965000000,14,0.177000000,0.152000000,0.289000000
18:45:02,120719,50.583829588,-123.536678128,1758.966000000,14,0.177000000,0.152000000,0.289000000
18:45:03,120719,50.583829602,-123.536678118,1758.966000000,14,0.177000000,0.152000000,0.289000000
18:45:04,120719,50.583829575,-123.536678105,1758.963000000,14,0.177000000,0.152000000,0.289000000
18:45:05,120719,50.583829543,-123.536678122,1758.963000000,14,0.177000000,0.152000000,0.289000000
18:45:06,120719,50.583829503,-123.536678200,1758.975000000,14,0.177000000,0.152000000,0.289000000
18:45:07,120719,50.583829450,-123.536678270,1758.980000000,14,0.177000000,0.152000000,0.289000000
18:45:08,120719,50.583829397,-123.536678292,1758.981000000,14,0.177000000,0.152000000,0.289000000
18:45:09,120719,50.583829380,-123.536678283,1758.975000000,14,0.177000000,0.152000000,0.289000000
18:45:10,120719,50.583829362,-123.536678315,1758.976000000,14,0.177000000,0.152000000,0.289000000
18:45:11,120719,50.583829367,-123.536678310,1758.974000000,14,0.177000000,0.152000000,0.289000000
18:45:12,120719,50.583829385,-123.536678333,1758.977000000,14,0.177000000,0.152000000,0.289000000
18:45:13,120719,50.583829392,-123.536678427,1758.988000000,14,0.177000000,0.152000000,0.289000000
18:45:14,120719,50.583829400,-123.536678485,1758.994000000,14,0.177000000,0.152000000,0.289000000
18:45:15,120719,50.583829410,-123.536678503,1759.002000000,14,0.177000000,0.152000000,0.289000000
18:45:16,120719,50.583829433,-123.536678540,1759.011000000,14,0.177000000,0.152000000,0.289000000
18:45:17,120719,50.583829447,-123.536678625,1759.023000000,14,0.177000000,0.152000000,0.289000000
18:45:18,120719,50.583829433,-123.536678663,1759.029000000,14,0.177000000,0.152000000,0.289000000
18:45:19,120719,50.583829397,-123.536678673,1759.031000000,14,0.177000000,0.152000000,0.289000000
18:45:20,120719,50.583829392,-123.536678692,1759.031000000,14,0.177000000,0.152000000,0.288000000
18:45:21,120719,50.583829387,-123.536678725,1759.036000000,14,0.177000000,0.152000000,0.288000000
18:45:22,120719,50.583829363,-123.536678812,1759.050000000,14,0.177000000,0.152000000,0.288000000
18:45:23,120719,50.583829332,-123.536678863,1759.060000000,14,0.177000000,0.152000000,0.288000000
18:45:24,120719,50.583829247,-123.536678897,1759.070000000,14,0.177000000,0.152000000,0.288000000
18:45:25,120719,50.583829163,-123.536678895,1759.079000000,14,0.177000000,0.152000000,0.288000000
18:45:26,120719,50.583829130,-123.536678880,1759.090000000,14,0.177000000,0.152000000,0.288000000
18:45:27,120719,50.583829095,-123.536678862,1759.098000000,14,0.177000000,0.152000000,0.288000000
18:45:28,120719,50.583829077,-123.536678822,1759.106000000,14,0.177000000,0.152000000,0.288000000
18:45:29,120719,50.583829020,-123.536678857,1759.117000000,14,0.177000000,0.152000000,0.288000000
18:45:30,120719,50.583828987,-123.536678853,1759.127000000,14,0.177000000,0.152000000,0.288000000
18:45:31,120719,50.583829008,-123.536678768,1759.121000000,14,0.177000000,0.152000000,0.288000000
18:45:32,120719,50.583828947,-123.536678735,1759.121000000,14,0.177000000,0.152000000,0.288000000
18:45:33,120719,50.583828913,-123.536678720,1759.131000000,14,0.177000000,0.152000000,0.288000000
18:45:34,120719,50.583828905,-123.536678597,1759.119000000,14,0.177000000,0.152000000,0.288000000
18:45:35,120719,50.583828885,-123.536678523,1759.110000000,14,0.177000000,0.152000000,0.288000000
18:45:36,120719,50.583828947,-123.536678375,1759.094000000,14,0.177000000,0.152000000,0.288000000
18:45:37,120719,50.583828968,-123.536678422,1759.098000000,14,0.177000000,0.152000000,0.288000000
18:45:38,120719,50.583828995,-123.536678388,1759.098000000,13,0.181000000,0.158000000,0.302000000
18:45:39,120719,50.583828990,-123.536678367,1759.102000000,13,0.181000000,0.158000000,0.302000000
18:45:40,120719,50.583829008,-123.536678375,1759.102000000,13,0.181000000,0.158000000,0.302000000
18:45:41,120719,50.583829023,-123.536678360,1759.105000000,14,0.177000000,0.152000000,0.288000000
18:45:42,120719,50.583829015,-123.536678353,1759.108000000,12,0.191000000,0.171000000,0.317000000
18:45:43,120719,50.583828993,-123.536678352,1759.104000000,12,0.191000000,0.171000000,0.317000000
18:45:44,120719,50.583828987,-123.536678407,1759.107000000,12,0.191000000,0.171000000,0.317000000
18:45:45,120719,50.583829002,-123.536678452,1759.109000000,12,0.191000000,0.171000000,0.317000000
18:45:46,120719,50.583829002,-123.536678483,1759.110000000,12,0.191000000,0.171000000,0.317000000
18:45:47,120719,50.583828983,-123.536678500,1759.108000000,12,0.191000000,0.171000000,0.317000000
18:45:48,120719,50.583828970,-123.536678500,1759.102000000,12,0.191000000,0.171000000,0.317000000
18:45:49,120719,50.583828948,-123.536678440,1759.094000000,12,0.191000000,0.171000000,0.317000000
18:45:50,120719,50.583828920,-123.536678430,1759.095000000,12,0.191000000,0.171000000,0.317000000
18:45:51,120719,50.583828920,-123.536678272,1759.090000000,12,0.191000000,0.171000000,0.317000000
18:45:52,120719,50.583828877,-123.536678170,1759.094000000,13,0.177000000,0.162000000,0.300000000
18:45:53,120719,50.583828852,-123.536678048,1759.092000000,13,0.177000000,0.162000000,0.300000000
18:45:54,120719,50.583828825,-123.536677962,1759.093000000,13,0.177000000,0.162000000,0.300000000
18:45:55,120719,50.583828840,-123.536677867,1759.089000000,13,0.177000000,0.162000000,0.300000000
18:45:56,120719,50.583828853,-123.536677755,1759.083000000,13,0.177000000,0.162000000,0.300000000
18:45:57,120719,50.583828883,-123.536677628,1759.073000000,13,0.177000000,0.162000000,0.300000000
18:45:58,120719,50.583828920,-123.536677492,1759.058000000,13,0.177000000,0.162000000,0.300000000
18:45:59,120719,50.583828992,-123.536677360,1759.047000000,13,0.177000000,0.162000000,0.300000000
18:46:00,120719,50.583829030,-123.536677315,1759.042000000,13,0.177000000,0.162000000,0.300000000
18:46:01,120719,50.583829065,-123.536677373,1759.041000000,13,0.177000000,0.162000000,0.300000000
18:46:02,120719,50.583829063,-123.536677432,1759.043000000,13,0.177000000,0.162000000,0.300000000
18:46:03,120719,50.583829090,-123.536677410,1759.043000000,13,0.177000000,0.162000000,0.300000000
18:46:04,120719,50.583829120,-123.536677408,1759.046000000,13,0.177000000,0.162000000,0.300000000
18:46:05,120719,50.583829138,-123.536677355,1759.044000000,13,0.177000000,0.162000000,0.300000000
18:46:06,120719,50.583829155,-123.536677282,1759.044000000,13,0.177000000,0.162000000,0.300000000
18:46:07,120719,50.583829203,-123.536677192,1759.038000000,13,0.177000000,0.163000000,0.300000000
18:46:08,120719,50.583829213,-123.536677080,1759.026000000,13,0.177000000,0.163000000,0.300000000
18:46:09,120719,50.583829235,-123.536676987,1759.017000000,13,0.177000000,0.163000000,0.300000000
18:46:10,120719,50.583829243,-123.536676952,1759.011000000,13,0.177000000,0.163000000,0.300000000
18:46:11,120719,50.583829247,-123.536676940,1759.002000000,13,0.177000000,0.163000000,0.300000000
18:46:12,120719,50.583829255,-123.536676947,1758.998000000,13,0.177000000,0.163000000,0.300000000
18:46:13,120719,50.583829232,-123.536677022,1758.992000000,13,0.177000000,0.163000000,0.300000000
18:46:14,120719,50.583829172,-123.536677227,1759.000000000,13,0.177000000,0.163000000,0.300000000
18:46:15,120719,50.583829157,-123.536677297,1759.005000000,13,0.177000000,0.163000000,0.300000000
18:46:16,120719,50.583829130,-123.536677407,1759.012000000,13,0.177000000,0.163000000,0.300000000
18:46:17,120719,50.583829077,-123.536677540,1759.027000000,13,0.177000000,0.163000000,0.300000000
18:46:18,120719,50.583829057,-123.536677648,1759.040000000,13,0.177000000,0.163000000,0.300000000
18:46:19,120719,50.583829057,-123.536677745,1759.047000000,13,0.177000000,0.163000000,0.300000000
18:46:20,120719,50.583829082,-123.536677780,1759.056000000,13,0.177000000,0.163000000,0.300000000
18:46:21,120719,50.583829102,-123.536677885,1759.067000000,13,0.177000000,0.163000000,0.300000000
18:46:22,120719,50.583829150,-123.536677993,1759.066000000,13,0.177000000,0.163000000,0.300000000
18:46:23,120719,50.583829150,-123.536678182,1759.078000000,13,0.177000000,0.163000000,0.300000000
18:46:24,120719,50.583829112,-123.536678373,1759.093000000,13,0.177000000,0.163000000,0.300000000
18:46:25,120719,50.583829038,-123.536678543,1759.110000000,13,0.177000000,0.163000000,0.300000000
18:46:26,120719,50.583828995,-123.536678690,1759.126000000,13,0.177000000,0.163000000,0.300000000
18:46:27,120719,50.583828995,-123.536678817,1759.143000000,13,0.177000000,0.163000000,0.300000000
18:46:28,120719,50.583828952,-123.536678868,1759.152000000,13,0.177000000,0.163000000,0.300000000
18:46:29,120719,50.583828885,-123.536678858,1759.155000000,13,0.177000000,0.163000000,0.300000000
18:46:30,120719,50.583828800,-123.536678975,1759.163000000,13,0.177000000,0.163000000,0.300000000
18:46:31,120719,50.583828778,-123.536678990,1759.161000000,14,0.177000000,0.152000000,0.299000000
18:46:32,120719,50.583828697,-123.536679050,1759.166000000,14,0.177000000,0.152000000,0.299000000
18:46:33,120719,50.583828612,-123.536679095,1759.176000000,13,0.177000000,0.163000000,0.300000000
18:46:34,120719,50.583828615,-123.536679133,1759.188000000,13,0.177000000,0.163000000,0.300000000
18:46:35,120719,50.583828652,-123.536679163,1759.192000000,13,0.177000000,0.163000000,0.300000000
18:46:36,120719,50.583828693,-123.536679080,1759.176000000,13,0.177000000,0.163000000,0.300000000
18:46:37,120719,50.583828808,-123.536679045,1759.172000000,13,0.177000000,0.163000000,0.300000000
18:46:38,120719,50.583828853,-123.536678962,1759.163000000,13,0.177000000,0.163000000,0.300000000
18:46:39,120719,50.583828940,-123.536678855,1759.155000000,13,0.177000000,0.163000000,0.300000000
18:46:40,120719,50.583829005,-123.536678830,1759.154000000,13,0.177000000,0.163000000,0.300000000
18:46:41,120719,50.583829038,-123.536678830,1759.156000000,13,0.177000000,0.163000000,0.300000000
18:46:42,120719,50.583829073,-123.536678830,1759.158000000,13,0.177000000,0.163000000,0.300000000
18:46:43,120719,50.583829095,-123.536678872,1759.160000000,13,0.177000000,0.163000000,0.300000000
18:46:44,120719,50.583829062,-123.536678922,1759.167000000,13,0.177000000,0.163000000,0.300000000
18:46:45,120719,50.583829037,-123.536679040,1759.169000000,13,0.177000000,0.163000000,0.300000000
18:46:46,120719,50.583829027,-123.536679110,1759.174000000,13,0.177000000,0.163000000,0.300000000
18:46:47,120719,50.583828898,-123.536679378,1759.187000000,13,0.177000000,0.163000000,0.300000000
18:46:48,120719,50.583828853,-123.536679500,1759.196000000,13,0.177000000,0.163000000,0.300000000
18:46:49,120719,50.583828830,-123.536679590,1759.199000000,13,0.177000000,0.163000000,0.300000000
18:46:50,120719,50.583828832,-123.536679675,1759.206000000,14,0.177000000,0.153000000,0.288000000
18:46:51,120719,50.583828835,-123.536679742,1759.213000000,14,0.177000000,0.153000000,0.288000000
18:46:52,120719,50.583828837,-123.536679728,1759.212000000,13,0.177000000,0.163000000,0.300000000
18:46:53,120719,50.583828783,-123.536679803,1759.211000000,14,1.089000000,0.739000000,1.519000000
18:46:54,120719,50.583828728,-123.536679797,1759.212000000,14,1.089000000,0.739000000,1.519000000
18:46:55,120719,50.583828688,-123.536679785,1759.207000000,14,1.089000000,0.739000000,1.519000000
18:46:56,120719,50.583828650,-123.536679817,1759.207000000,14,1.098000000,0.746000000,1.532000000
18:46:57,120719,50.583828637,-123.536679828,1759.202000000,13,1.076000000,0.710000000,1.478000000
18:46:58,120719,50.583828657,-123.536679858,1759.198000000,13,1.076000000,0.710000000,1.478000000
18:46:59,120719,50.583828672,-123.536679875,1759.194000000,13,1.076000000,0.710000000,1.478000000
18:47:00,120719,50.583828672,-123.536679838,1759.185000000,13,0.744000000,0.491000000,1.022000000
18:47:01,120719,50.583828670,-123.536679778,1759.176000000,13,0.744000000,0.491000000,1.022000000
18:47:02,120719,50.583828688,-123.536679770,1759.170000000,13,0.744000000,0.491000000,1.022000000
18:47:03,120719,50.583828728,-123.536679747,1759.163000000,13,0.513000000,0.339000000,0.705000000
18:47:04,120719,50.583828707,-123.536679825,1759.169000000,13,0.513000000,0.339000000,0.705000000
18:47:05,120719,50.583828705,-123.536679837,1759.161000000,13,0.513000000,0.339000000,0.705000000
18:47:06,120719,50.583828647,-123.536679945,1759.171000000,12,0.370000000,0.249000000,0.537000000
18:47:07,120719,50.583828645,-123.536679938,1759.162000000,12,0.370000000,0.249000000,0.537000000
18:47:08,120719,50.583828648,-123.536679983,1759.165000000,12,0.370000000,0.249000000,0.537000000
18:47:09,120719,50.583828668,-123.536680028,1759.172000000,12,0.262000000,0.176000000,0.380000000
18:47:10,120719,50.583828660,-123.536680045,1759.169000000,12,0.262000000,0.176000000,0.380000000
18:47:11,120719,50.583828663,-123.536679952,1759.156000000,13,0.230000000,0.152000000,0.316000000
18:47:12,120719,50.583828660,-123.536679822,1759.138000000,13,0.230000000,0.152000000,0.316000000
18:47:13,120719,50.583828648,-123.536679820,1759.140000000,13,0.230000000,0.152000000,0.316000000
18:47:14,120719,50.583828645,-123.536679840,1759.138000000,13,0.230000000,0.152000000,0.316000000
18:47:15,120719,50.583828630,-123.536679810,1759.138000000,13,0.230000000,0.152000000,0.316000000
18:47:16,120719,50.583828560,-123.536679830,1759.141000000,13,0.230000000,0.152000000,0.316000000
18:47:17,120719,50.583828507,-123.536679775,1759.137000000,14,0.230000000,0.152000000,0.316000000
18:47:18,120719,50.583828460,-123.536679765,1759.131000000,14,0.222000000,0.151000000,0.309000000
18:47:19,120719,50.583828427,-123.536679737,1759.124000000,14,0.222000000,0.151000000,0.309000000
18:47:20,120719,50.583828412,-123.536679708,1759.122000000,14,0.222000000,0.151000000,0.309000000
18:47:21,120719,50.583828418,-123.536679687,1759.120000000,14,0.222000000,0.151000000,0.309000000
18:47:22,120719,50.583828442,-123.536679670,1759.120000000,14,0.222000000,0.151000000,0.309000000
18:47:23,120719,50.583828472,-123.536679662,1759.114000000,14,0.222000000,0.151000000,0.309000000
18:47:24,120719,50.583828507,-123.536679643,1759.113000000,14,0.222000000,0.151000000,0.309000000
18:47:25,120719,50.583828515,-123.536679615,1759.111000000,14,0.222000000,0.151000000,0.309000000
18:47:26,120719,50.583828583,-123.536679402,1759.091000000,14,0.222000000,0.151000000,0.309000000
18:47:27,120719,50.583828678,-123.536679242,1759.079000000,13,0.222000000,0.151000000,0.309000000
18:47:28,120719,50.583828777,-123.536679207,1759.075000000,13,0.222000000,0.159000000,0.310000000
18:47:29,120719,50.583828873,-123.536679075,1759.064000000,13,0.222000000,0.159000000,0.310000000
18:47:30,120719,50.583828967,-123.536679065,1759.053000000,13,0.222000000,0.159000000,0.310000000
18:47:31,120719,50.583829040,-123.536679092,1759.057000000,13,0.222000000,0.159000000,0.310000000
18:47:32,120719,50.583829145,-123.536679132,1759.059000000,13,0.222000000,0.159000000,0.310000000
18:47:33,120719,50.583829193,-123.536679130,1759.061000000,13,0.222000000,0.159000000,0.310000000
18:47:34,120719,50.583829212,-123.536679157,1759.059000000,13,0.222000000,0.159000000,0.310000000
18:47:35,120719,50.583829198,-123.536679198,1759.061000000,13,0.222000000,0.159000000,0.310000000
18:47:36,120719,50.583829110,-123.536679242,1759.058000000,13,0.222000000,0.159000000,0.310000000
18:47:37,120719,50.583829082,-123.536679198,1759.061000000,13,0.222000000,0.159000000,0.310000000
18:47:38,120719,50.583829035,-123.536679240,1759.059000000,12,0.222000000,0.159000000,0.310000000
18:47:39,120719,50.583829003,-123.536679385,1759.069000000,12,0.223000000,0.166000000,0.328000000
18:47:40,120719,50.583828907,-123.536679468,1759.075000000,12,0.223000000,0.166000000,0.328000000
18:47:41,120719,50.583828805,-123.536679533,1759.079000000,12,0.223000000,0.166000000,0.328000000
18:47:42,120719,50.583828775,-123.536679575,1759.069000000,12,0.223000000,0.166000000,0.328000000
18:47:43,120719,50.583828700,-123.536679592,1759.068000000,12,0.223000000,0.166000000,0.328000000
18:47:44,120719,50.583828650,-123.536679650,1759.075000000,12,0.223000000,0.166000000,0.328000000
18:47:45,120719,50.583828608,-123.536679680,1759.081000000,12,0.223000000,0.166000000,0.328000000
18:47:46,120719,50.583828567,-123.536679705,1759.082000000,13,0.223000000,0.155000000,0.324000000
18:47:47,120719,50.583828588,-123.536679772,1759.090000000,13,0.223000000,0.155000000,0.324000000
18:47:48,120719,50.583828580,-123.536679775,1759.088000000,13,0.223000000,0.155000000,0.324000000
18:47:49,120719,50.583828563,-123.536679862,1759.100000000,13,0.223000000,0.155000000,0.324000000
18:47:50,120719,50.583828558,-123.536679912,1759.109000000,13,0.223000000,0.155000000,0.324000000
18:47:51,120719,50.583828558,-123.536680023,1759.117000000,13,0.223000000,0.155000000,0.324000000
18:47:52,120719,50.583828573,-123.536680102,1759.128000000,13,0.223000000,0.155000000,0.324000000
18:47:53,120719,50.583828608,-123.536680178,1759.140000000,14,0.222000000,0.151000000,0.309000000
18:47:54,120719,50.583828638,-123.536680267,1759.147000000,14,0.222000000,0.151000000,0.309000000
18:47:55,120719,50.583828662,-123.536680317,1759.152000000,14,0.222000000,0.151000000,0.309000000
18:47:56,120719,50.583828688,-123.536680347,1759.156000000,14,0.222000000,0.151000000,0.309000000
18:47:57,120719,50.583828715,-123.536680345,1759.177000000,14,0.222000000,0.151000000,0.309000000
18:47:58,120719,50.583828748,-123.536680280,1759.176000000,14,0.222000000,0.151000000,0.309000000
18:47:59,120719,50.583828743,-123.536680252,1759.172000000,14,0.251000000,0.171000000,0.350000000
18:48:00,120719,50.583828722,-123.536680262,1759.174000000,14,0.251000000,0.171000000,0.350000000
18:48:01,120719,50.583828702,-123.536680157,1759.167000000,14,0.251000000,0.171000000,0.350000000
18:48:02,120719,50.583828682,-123.536680013,1759.157000000,14,0.250000000,0.171000000,0.349000000
18:48:03,120719,50.583828655,-123.536679917,1759.148000000,14,0.250000000,0.171000000,0.349000000
18:48:04,120719,50.583828662,-123.536679805,1759.138000000,14,0.250000000,0.171000000,0.349000000
18:48:05,120719,50.583828720,-123.536679683,1759.126000000,14,0.222000000,0.151000000,0.309000000
18:48:06,120719,50.583828755,-123.536679638,1759.122000000,14,0.222000000,0.151000000,0.309000000
18:48:07,120719,50.583828792,-123.536679592,1759.113000000,14,0.222000000,0.151000000,0.309000000
18:48:08,120719,50.583828858,-123.536679522,1759.104000000,14,0.222000000,0.151000000,0.309000000
18:48:09,120719,50.583828938,-123.536679467,1759.102000000,14,0.222000000,0.151000000,0.309000000
18:48:10,120719,50.583829048,-123.536679330,1759.084000000,14,0.222000000,0.151000000,0.309000000
18:48:11,120719,50.583829075,-123.536679335,1759.087000000,14,0.222000000,0.151000000,0.309000000
18:48:12,120719,50.583829012,-123.536679490,1759.105000000,14,0.222000000,0.151000000,0.309000000
18:48:13,120719,50.583829003,-123.536679563,1759.112000000,14,0.222000000,0.151000000,0.309000000
18:48:14,120719,50.583828995,-123.536679523,1759.111000000,14,0.222000000,0.151000000,0.309000000
18:48:15,120719,50.583828993,-123.536679570,1759.115000000,14,0.222000000,0.151000000,0.309000000
18:48:16,120719,50.583828922,-123.536679750,1759.131000000,14,0.222000000,0.151000000,0.309000000
18:48:17,120719,50.583828883,-123.536679845,1759.142000000,13,0.223000000,0.155000000,0.323000000
18:48:18,120719,50.583828842,-123.536679993,1759.157000000,13,0.223000000,0.155000000,0.323000000
18:48:19,120719,50.583828815,-123.536680113,1759.174000000,13,0.223000000,0.155000000,0.323000000
18:48:20,120719,50.583828775,-123.536680275,1759.197000000,13,0.223000000,0.155000000,0.323000000
18:48:21,120719,50.583828883,-123.536680187,1759.197000000,13,0.223000000,0.155000000,0.323000000
18:48:22,120719,50.583828898,-123.536680107,1759.195000000,13,0.223000000,0.155000000,0.323000000
18:48:23,120719,50.583828885,-123.536680068,1759.198000000,13,0.223000000,0.155000000,0.323000000
18:48:24,120719,50.583828883,-123.536680087,1759.199000000,13,0.223000000,0.155000000,0.323000000
18:48:25,120719,50.583828880,-123.536680072,1759.200000000,13,0.223000000,0.155000000,0.323000000
18:48:26,120719,50.583828868,-123.536680058,1759.198000000,13,0.223000000,0.155000000,0.323000000
18:48:27,120719,50.583828847,-123.536680115,1759.201000000,13,0.223000000,0.155000000,0.323000000
18:48:28,120719,50.583828822,-123.536680120,1759.201000000,13,0.223000000,0.155000000,0.323000000
18:48:29,120719,50.583828813,-123.536680095,1759.197000000,13,0.223000000,0.155000000,0.323000000
18:48:30,120719,50.583828812,-123.536680005,1759.188000000,13,0.223000000,0.155000000,0.323000000
18:48:31,120719,50.583828768,-123.536680038,1759.190000000,12,0.223000000,0.166000000,0.327000000
18:48:32,120719,50.583828747,-123.536680013,1759.181000000,12,0.223000000,0.166000000,0.327000000
18:48:33,120719,50.583828725,-123.536679988,1759.179000000,12,0.223000000,0.166000000,0.327000000
18:48:34,120719,50.583828700,-123.536679995,1759.185000000,12,0.223000000,0.166000000,0.327000000
18:48:35,120719,50.583828687,-123.536679970,1759.189000000,12,0.223000000,0.166000000,0.327000000
18:48:36,120719,50.583828702,-123.536679938,1759.194000000,12,0.223000000,0.166000000,0.327000000
18:48:37,120719,50.583828713,-123.536679905,1759.193000000,12,0.223000000,0.166000000,0.327000000
18:48:38,120719,50.583828713,-123.536679870,1759.194000000,12,0.223000000,0.166000000,0.327000000
18:48:39,120719,50.583828698,-123.536679858,1759.195000000,12,0.223000000,0.166000000,0.327000000
18:48:40,120719,50.583828708,-123.536679853,1759.193000000,12,0.223000000,0.166000000,0.327000000
18:48:41,120719,50.583828700,-123.536679913,1759.199000000,12,0.223000000,0.166000000,0.327000000
18:48:42,120719,50.583828665,-123.536679967,1759.199000000,12,0.223000000,0.166000000,0.327000000
18:48:43,120719,50.583828628,-123.536679922,1759.193000000,11,0.235000000,0.174000000,0.350000000
18:48:44,120719,50.583828605,-123.536679863,1759.180000000,11,0.235000000,0.174000000,0.350000000
18:48:45,120719,50.583828535,-123.536679953,1759.185000000,12,0.234000000,0.157000000,0.338000000
18:48:46,120719,50.583828460,-123.536680157,1759.201000000,12,0.234000000,0.157000000,0.338000000
18:48:47,120719,50.583828358,-123.536680437,1759.233000000,12,0.234000000,0.157000000,0.338000000
18:48:48,120719,50.583828325,-123.536680512,1759.238000000,12,0.234000000,0.157000000,0.338000000
18:48:49,120719,50.583828320,-123.536680468,1759.242000000,12,0.234000000,0.157000000,0.338000000
18:48:50,120719,50.583828268,-123.536680475,1759.241000000,11,0.235000000,0.174000000,0.350000000
18:48:51,120719,50.583828220,-123.536680597,1759.251000000,11,0.235000000,0.174000000,0.350000000
18:48:52,120719,50.583828283,-123.536680527,1759.255000000,11,0.235000000,0.174000000,0.350000000
18:48:53,120719,50.583828323,-123.536680582,1759.261000000,11,0.235000000,0.174000000,0.350000000
18:48:54,120719,50.583828395,-123.536680597,1759.261000000,11,0.235000000,0.174000000,0.350000000
18:48:55,120719,50.583828462,-123.536680560,1759.258000000,11,0.235000000,0.174000000,0.350000000
18:48:56,120719,50.583828478,-123.536680633,1759.265000000,11,0.235000000,0.174000000,0.350000000
18:48:57,120719,50.583828500,-123.536680647,1759.266000000,11,0.235000000,0.174000000,0.350000000
18:48:58,120719,50.583828502,-123.536680550,1759.257000000,11,0.235000000,0.174000000,0.350000000
18:48:59,120719,50.583828512,-123.536680407,1759.246000000,11,0.235000000,0.174000000,0.350000000
18:49:00,120719,50.583828505,-123.536680268,1759.236000000,11,0.235000000,0.174000000,0.350000000
18:49:01,120719,50.583828495,-123.536680148,1759.228000000,11,0.235000000,0.174000000,0.350000000
18:49:02,120719,50.583828487,-123.536680060,1759.210000000,11,0.235000000,0.174000000,0.350000000
18:49:03,120719,50.583828438,-123.536680097,1759.216000000,13,0.222000000,0.160000000,0.310000000
18:49:04,120719,50.583828365,-123.536680098,1759.216000000,13,0.229000000,0.153000000,0.316000000
18:49:05,120719,50.583828342,-123.536679903,1759.205000000,13,0.223000000,0.155000000,0.322000000
18:49:06,120719,50.583828318,-123.536679848,1759.202000000,12,0.234000000,0.157000000,0.338000000
18:49:07,120719,50.583828295,-123.536679923,1759.202000000,12,0.234000000,0.157000000,0.338000000
18:49:08,120719,50.583828327,-123.536679928,1759.203000000,12,0.234000000,0.157000000,0.338000000
18:49:09,120719,50.583828345,-123.536679898,1759.202000000,12,0.306000000,0.206000000,0.442000000
18:49:10,120719,50.583828358,-123.536679992,1759.210000000,12,0.306000000,0.206000000,0.442000000
18:49:11,120719,50.583828353,-123.536680143,1759.225000000,13,0.249000000,0.166000000,0.344000000
18:49:12,120719,50.583828338,-123.536680093,1759.209000000,12,0.229000000,0.162000000,0.318000000
18:49:13,120719,50.583828372,-123.536680008,1759.199000000,12,0.229000000,0.162000000,0.318000000
18:49:14,120719,50.583828417,-123.536679935,1759.194000000,12,0.229000000,0.162000000,0.318000000
18:49:15,120719,50.583828425,-123.536679935,1759.190000000,12,0.229000000,0.162000000,0.318000000
18:49:16,120719,50.583828462,-123.536679837,1759.185000000,12,0.229000000,0.162000000,0.318000000
18:49:17,120719,50.583828462,-123.536679705,1759.167000000,12,0.229000000,0.162000000,0.318000000
18:49:18,120719,50.583828495,-123.536679558,1759.155000000,12,0.235000000,0.166000000,0.326000000
18:49:19,120719,50.583828528,-123.536679373,1759.128000000,12,0.235000000,0.166000000,0.326000000
18:49:20,120719,50.583828633,-123.536679265,1759.129000000,12,0.235000000,0.166000000,0.326000000
18:49:21,120719,50.583828735,-123.536679110,1759.123000000,12,0.255000000,0.181000000,0.354000000
18:49:22,120719,50.583828872,-123.536678955,1759.108000000,12,0.255000000,0.181000000,0.354000000
18:49:23,120719,50.583828985,-123.536678850,1759.095000000,13,0.236000000,0.171000000,0.330000000
18:49:24,120719,50.583829065,-123.536678758,1759.083000000,13,0.236000000,0.171000000,0.330000000
18:49:25,120719,50.583829085,-123.536678820,1759.084000000,13,0.236000000,0.171000000,0.330000000
18:49:26,120719,50.583829088,-123.536678792,1759.077000000,13,0.242000000,0.162000000,0.334000000
18:49:27,120719,50.583829093,-123.536678810,1759.076000000,13,0.242000000,0.162000000,0.334000000
18:49:28,120719,50.583829100,-123.536678633,1759.052000000,13,0.242000000,0.162000000,0.334000000
18:49:29,120719,50.583829047,-123.536678572,1759.046000000,13,0.258000000,0.172000000,0.355000000
18:49:30,120719,50.583829067,-123.536678412,1759.026000000,12,0.248000000,0.167000000,0.357000000
18:49:31,120719,50.583829060,-123.536678322,1759.015000000,12,0.248000000,0.167000000,0.357000000
18:49:32,120719,50.583829070,-123.536678268,1759.006000000,12,0.248000000,0.167000000,0.357000000
18:49:33,120719,50.583829110,-123.536678252,1759.002000000,12,0.234000000,0.158000000,0.338000000
18:49:34,120719,50.583829118,-123.536678247,1759.000000000,12,0.234000000,0.158000000,0.338000000
18:49:35,120719,50.583829122,-123.536678197,1758.995000000,12,0.234000000,0.158000000,0.338000000
18:49:36,120719,50.583829085,-123.536678262,1759.006000000,12,0.234000000,0.158000000,0.338000000
18:49:37,120719,50.583829133,-123.536678103,1758.997000000,12,0.234000000,0.158000000,0.338000000
18:49:38,120719,50.583829172,-123.536678025,1758.978000000,12,0.234000000,0.158000000,0.338000000
18:49:39,120719,50.583829022,-123.536678362,1759.017000000,13,0.229000000,0.153000000,0.316000000
18:49:40,120719,50.583828875,-123.536678842,1759.055000000,13,0.229000000,0.153000000,0.316000000
18:49:41,120719,50.583828767,-123.536679243,1759.090000000,13,0.229000000,0.153000000,0.316000000
18:49:42,120719,50.583828697,-123.536679602,1759.114000000,13,0.229000000,0.153000000,0.316000000
18:49:43,120719,50.583828667,-123.536679867,1759.141000000,13,0.229000000,0.153000000,0.316000000
18:49:44,120719,50.583828632,-123.536680133,1759.165000000,14,0.221000000,0.152000000,0.309000000
18:49:45,120719,50.583828615,-123.536680318,1759.178000000,13,0.229000000,0.153000000,0.316000000
18:49:46,120719,50.583828562,-123.536680453,1759.192000000,13,0.229000000,0.153000000,0.316000000
18:49:47,120719,50.583828492,-123.536680522,1759.198000000,14,0.229000000,0.153000000,0.316000000
18:49:48,120719,50.583828415,-123.536680532,1759.201000000,13,0.221000000,0.152000000,0.309000000
18:49:49,120719,50.583828373,-123.536680618,1759.209000000,11,0.234000000,0.158000000,0.338000000
18:49:50,120719,50.583828320,-123.536680752,1759.230000000,11,0.235000000,0.174000000,0.349000000
18:49:51,120719,50.583828288,-123.536680950,1759.255000000,11,0.235000000,0.174000000,0.349000000
18:49:52,120719,50.583828223,-123.536681100,1759.266000000,11,0.235000000,0.174000000,0.349000000
18:49:53,120719,50.583828198,-123.536681178,1759.277000000,11,0.235000000,0.174000000,0.349000000
18:49:54,120719,50.583828165,-123.536681275,1759.288000000,12,0.223000000,0.166000000,0.325000000
18:49:55,120719,50.583828162,-123.536681368,1759.294000000,12,0.223000000,0.166000000,0.325000000
18:49:56,120719,50.583828132,-123.536681450,1759.303000000,11,0.235000000,0.174000000,0.349000000
18:49:57,120719,50.583828105,-123.536681513,1759.312000000,12,0.223000000,0.166000000,0.325000000
18:49:58,120719,50.583828097,-123.536681572,1759.326000000,11,0.235000000,0.174000000,0.349000000
18:49:59,120719,50.583828122,-123.536681627,1759.335000000,12,0.223000000,0.167000000,0.325000000
18:50:00,120719,50.583828093,-123.536681742,1759.353000000,12,0.223000000,0.167000000,0.325000000
18:50:01,120719,50.583828088,-123.536681823,1759.365000000,12,0.223000000,0.167000000,0.325000000
18:50:02,120719,50.583828042,-123.536681928,1759.379000000,12,0.223000000,0.167000000,0.325000000
18:50:03,120719,50.583828040,-123.536682028,1759.392000000,13,0.223000000,0.155000000,0.321000000
18:50:04,120719,50.583828010,-123.536682098,1759.408000000,12,0.223000000,0.155000000,0.321000000
18:50:05,120719,50.583827993,-123.536682153,1759.418000000,12,0.223000000,0.167000000,0.325000000
18:50:06,120719,50.583827972,-123.536682220,1759.427000000,12,0.223000000,0.167000000,0.325000000
18:50:07,120719,50.583827945,-123.536682297,1759.435000000,12,0.223000000,0.167000000,0.325000000
18:50:08,120719,50.583827923,-123.536682337,1759.441000000,12,0.223000000,0.167000000,0.325000000
18:50:09,120719,50.583827937,-123.536682422,1759.452000000,12,0.223000000,0.167000000,0.325000000
18:50:10,120719,50.583827942,-123.536682517,1759.464000000,12,0.223000000,0.167000000,0.325000000
18:50:11,120719,50.583827980,-123.536682590,1759.473000000,12,0.223000000,0.167000000,0.325000000
18:50:12,120719,50.583827990,-123.536682680,1759.486000000,12,0.223000000,0.167000000,0.325000000
18:50:13,120719,50.583828042,-123.536682803,1759.500000000,12,0.223000000,0.167000000,0.325000000
18:50:14,120719,50.583828055,-123.536682868,1759.497000000,12,0.223000000,0.167000000,0.325000000
18:50:15,120719,50.583828085,-123.536682808,1759.496000000,12,0.223000000,0.167000000,0.325000000
18:50:16,120719,50.583828065,-123.536682918,1759.505000000,11,0.223000000,0.167000000,0.325000000
18:50:17,120719,50.583828067,-123.536682995,1759.507000000,11,0.235000000,0.174000000,0.349000000
18:50:18,120719,50.583828102,-123.536683025,1759.504000000,12,0.234000000,0.158000000,0.337000000
18:50:19,120719,50.583828115,-123.536683055,1759.508000000,12,0.234000000,0.158000000,0.337000000
18:50:20,120719,50.583828138,-123.536683098,1759.508000000,12,0.234000000,0.158000000,0.337000000
18:50:21,120719,50.583828132,-123.536683077,1759.505000000,12,0.234000000,0.158000000,0.337000000
18:50:22,120719,50.583828072,-123.536683127,1759.520000000,12,0.234000000,0.158000000,0.337000000
18:50:23,120719,50.583828052,-123.536683002,1759.508000000,12,0.234000000,0.158000000,0.337000000
18:50:24,120719,50.583828022,-123.536682918,1759.502000000,12,0.234000000,0.158000000,0.337000000
18:50:25,120719,50.583828018,-123.536682825,1759.497000000,12,0.234000000,0.158000000,0.337000000
18:50:26,120719,50.583828013,-123.536682763,1759.490000000,13,0.229000000,0.153000000,0.316000000
18:50:27,120719,50.583828000,-123.536682688,1759.484000000,13,0.229000000,0.153000000,0.316000000
18:50:28,120719,50.583827953,-123.536682680,1759.482000000,13,0.229000000,0.153000000,0.316000000
18:50:29,120719,50.583827915,-123.536682632,1759.475000000,13,0.229000000,0.154000000,0.316000000
18:50:30,120719,50.583827895,-123.536682575,1759.466000000,14,0.221000000,0.153000000,0.308000000
18:50:31,120719,50.583827858,-123.536682488,1759.451000000,14,0.221000000,0.153000000,0.308000000
18:50:32,120719,50.583827785,-123.536682527,1759.453000000,13,0.223000000,0.155000000,0.321000000
18:50:33,120719,50.583827717,-123.536682592,1759.465000000,13,0.223000000,0.155000000,0.321000000
18:50:34,120719,50.583827712,-123.536682625,1759.475000000,13,0.223000000,0.155000000,0.321000000
18:50:35,120719,50.583827737,-123.536682622,1759.479000000,13,0.223000000,0.156000000,0.321000000
18:50:36,120719,50.583827752,-123.536682645,1759.489000000,13,0.223000000,0.156000000,0.321000000
18:50:37,120719,50.583827782,-123.536682565,1759.486000000,13,0.223000000,0.156000000,0.321000000
18:50:38,120719,50.583827797,-123.536682590,1759.492000000,13,0.223000000,0.156000000,0.321000000
18:50:39,120719,50.583827838,-123.536682573,1759.492000000,13,0.223000000,0.156000000,0.321000000
18:50:40,120719,50.583827870,-123.536682583,1759.496000000,12,0.234000000,0.158000000,0.337000000
18:50:41,120719,50.583827895,-123.536682647,1759.505000000,12,0.234000000,0.158000000,0.337000000
18:50:42,120719,50.583827892,-123.536682707,1759.518000000,12,0.234000000,0.158000000,0.337000000
18:50:43,120719,50.583827900,-123.536682698,1759.519000000,12,0.234000000,0.158000000,0.337000000
18:50:44,120719,50.583827972,-123.536682535,1759.509000000,12,0.234000000,0.158000000,0.337000000
18:50:45,120719,50.583828005,-123.536682543,1759.506000000,12,0.234000000,0.158000000,0.337000000
18:50:46,120719,50.583828002,-123.536682545,1759.503000000,11,0.234000000,0.158000000,0.337000000
18:50:47,120719,50.583827908,-123.536682507,1759.498000000,11,0.236000000,0.174000000,0.349000000
18:50:48,120719,50.583827880,-123.536682457,1759.493000000,11,0.236000000,0.174000000,0.349000000
18:50:49,120719,50.583827833,-123.536682317,1759.488000000,11,0.236000000,0.174000000,0.349000000
18:50:50,120719,50.583827758,-123.536682232,1759.480000000,11,0.236000000,0.174000000,0.348000000
18:50:51,120719,50.583827705,-123.536682175,1759.478000000,12,0.236000000,0.174000000,0.348000000
18:50:52,120719,50.583827635,-123.536682207,1759.479000000,12,0.234000000,0.158000000,0.337000000
18:50:53,120719,50.583827593,-123.536682093,1759.468000000,12,0.234000000,0.158000000,0.337000000
18:50:54,120719,50.583827573,-123.536682062,1759.461000000,12,0.234000000,0.158000000,0.337000000
18:50:55,120719,50.583827522,-123.536682100,1759.462000000,13,0.223000000,0.156000000,0.320000000
18:50:56,120719,50.583827500,-123.536682108,1759.461000000,13,0.223000000,0.156000000,0.320000000
18:50:57,120719,50.583827480,-123.536682082,1759.461000000,13,0.223000000,0.156000000,0.320000000
18:50:58,120719,50.583827502,-123.536682060,1759.460000000,13,0.223000000,0.156000000,0.320000000
18:50:59,120719,50.583827567,-123.536682078,1759.459000000,13,0.223000000,0.156000000,0.320000000
18:51:00,120719,50.583827648,-123.536682115,1759.467000000,13,0.223000000,0.156000000,0.320000000
18:51:01,120719,50.583827695,-123.536682077,1759.463000000,13,0.223000000,0.156000000,0.320000000
18:51:02,120719,50.583827740,-123.536682110,1759.471000000,13,0.223000000,0.156000000,0.320000000
18:51:03,120719,50.583827773,-123.536682153,1759.476000000,13,0.223000000,0.156000000,0.320000000
18:51:04,120719,50.583827840,-123.536682082,1759.473000000,13,0.223000000,0.156000000,0.320000000
18:51:05,120719,50.583827870,-123.536682065,1759.468000000,13,0.223000000,0.156000000,0.320000000
18:51:06,120719,50.583827890,-123.536682055,1759.467000000,13,0.223000000,0.156000000,0.320000000
18:51:07,120719,50.583827898,-123.536682042,1759.462000000,13,0.223000000,0.156000000,0.320000000
18:51:08,120719,50.583827920,-123.536682058,1759.468000000,13,0.223000000,0.156000000,0.320000000
18:51:09,120719,50.583827923,-123.536682027,1759.467000000,13,0.223000000,0.156000000,0.320000000
18:51:10,120719,50.583827907,-123.536682013,1759.461000000,13,0.223000000,0.156000000,0.320000000
18:51:11,120719,50.583827907,-123.536681890,1759.447000000,13,0.223000000,0.156000000,0.320000000
18:51:12,120719,50.583827853,-123.536681945,1759.457000000,13,0.223000000,0.156000000,0.320000000
18:51:13,120719,50.583827827,-123.536681965,1759.460000000,13,0.223000000,0.156000000,0.320000000
18:51:14,120719,50.583827770,-123.536681950,1759.459000000,13,0.223000000,0.156000000,0.320000000
18:51:15,120719,50.583827703,-123.536681957,1759.460000000,13,0.223000000,0.156000000,0.320000000
18:51:16,120719,50.583827660,-123.536681945,1759.453000000,13,0.223000000,0.156000000,0.320000000
18:51:17,120719,50.583827598,-123.536681958,1759.450000000,13,0.223000000,0.156000000,0.320000000
18:51:18,120719,50.583827565,-123.536681952,1759.447000000,13,0.223000000,0.156000000,0.320000000
18:51:19,120719,50.583827557,-123.536681947,1759.445000000,13,0.223000000,0.156000000,0.320000000
18:51:20,120719,50.583827527,-123.536681937,1759.439000000,13,0.223000000,0.156000000,0.320000000
18:51:21,120719,50.583827492,-123.536681927,1759.438000000,13,0.223000000,0.156000000,0.320000000
18:51:22,120719,50.583827488,-123.536681877,1759.434000000,13,0.223000000,0.156000000,0.320000000
18:51:23,120719,50.583827505,-123.536681873,1759.431000000,13,0.223000000,0.156000000,0.320000000
18:51:24,120719,50.583827557,-123.536681845,1759.430000000,13,0.223000000,0.156000000,0.320000000
18:51:25,120719,50.583827577,-123.536681877,1759.436000000,13,0.223000000,0.156000000,0.320000000
18:51:26,120719,50.583827598,-123.536681917,1759.443000000,13,0.223000000,0.156000000,0.320000000
18:51:27,120719,50.583827673,-123.536681757,1759.419000000,13,0.223000000,0.156000000,0.320000000
18:51:28,120719,50.583827753,-123.536681502,1759.391000000,11,0.223000000,0.167000000,0.323000000
18:51:29,120719,50.583827775,-123.536681393,1759.383000000,11,0.236000000,0.174000000,0.348000000
18:51:30,120719,50.583827798,-123.536681370,1759.380000000,11,0.236000000,0.174000000,0.348000000
18:51:31,120719,50.583827822,-123.536681303,1759.370000000,11,0.236000000,0.174000000,0.348000000
18:51:32,120719,50.583827833,-123.536681275,1759.367000000,11,0.236000000,0.174000000,0.348000000
18:51:33,120719,50.583827852,-123.536681263,1759.372000000,11,0.236000000,0.174000000,0.348000000
18:51:34,120719,50.583827817,-123.536681338,1759.382000000,11,0.236000000,0.174000000,0.348000000
18:51:35,120719,50.583827780,-123.536681217,1759.367000000,11,0.236000000,0.174000000,0.348000000
18:51:36,120719,50.583827745,-123.536681075,1759.352000000,11,0.236000000,0.174000000,0.348000000
18:51:37,120719,50.583827722,-123.536680888,1759.329000000,11,0.236000000,0.174000000,0.348000000
18:51:38,120719,50.583827728,-123.536680742,1759.310000000,11,0.236000000,0.174000000,0.348000000
18:51:39,120719,50.583827790,-123.536680555,1759.286000000,11,0.236000000,0.174000000,0.348000000
18:51:40,120719,50.583827872,-123.536680430,1759.271000000,11,0.236000000,0.174000000,0.348000000
18:51:41,120719,50.583828033,-123.536680320,1759.255000000,10,0.236000000,0.174000000,0.348000000
18:51:42,120719,50.583828150,-123.536680263,1759.247000000,10,0.243000000,0.292000000,0.600000000
18:51:43,120719,50.583828223,-123.536680180,1759.242000000,10,0.243000000,0.292000000,0.600000000
18:51:44,120719,50.583828300,-123.536680077,1759.227000000,10,0.243000000,0.292000000,0.600000000
18:51:45,120719,50.583828332,-123.536680100,1759.235000000,10,0.243000000,0.292000000,0.599000000
18:51:46,120719,50.583828403,-123.536680068,1759.236000000,10,0.243000000,0.292000000,0.599000000
18:51:47,120719,50.583828413,-123.536680060,1759.240000000,10,0.243000000,0.292000000,0.599000000
18:51:48,120719,50.583828417,-123.536680025,1759.232000000,10,0.243000000,0.291000000,0.599000000
18:51:49,120719,50.583828408,-123.536679953,1759.229000000,10,0.243000000,0.291000000,0.599000000
18:51:50,120719,50.583828400,-123.536679950,1759.230000000,10,0.243000000,0.291000000,0.599000000
18:51:51,120719,50.583828367,-123.536679912,1759.223000000,10,0.243000000,0.291000000,0.599000000
18:51:52,120719,50.583828302,-123.536679872,1759.212000000,10,0.243000000,0.291000000,0.599000000
18:51:53,120719,50.583828208,-123.536679875,1759.202000000,10,0.243000000,0.291000000,0.599000000
18:51:54,120719,50.583828132,-123.536679852,1759.192000000,10,0.243000000,0.291000000,0.599000000
18:51:55,120719,50.583828102,-123.536679808,1759.179000000,10,0.243000000,0.291000000,0.599000000
18:51:56,120719,50.583828042,-123.536679802,1759.179000000,11,0.236000000,0.174000000,0.348000000
18:51:57,120719,50.583827993,-123.536679762,1759.174000000,11,0.236000000,0.174000000,0.348000000
18:51:58,120719,50.583827980,-123.536679795,1759.177000000,11,0.236000000,0.174000000,0.348000000
18:51:59,120719,50.583828017,-123.536679848,1759.183000000,11,0.236000000,0.174000000,0.348000000
18:52:00,120719,50.583828035,-123.536679877,1759.187000000,11,0.236000000,0.174000000,0.348000000
18:52:01,120719,50.583828072,-123.536679920,1759.192000000,11,0.236000000,0.174000000,0.348000000
18:52:02,120719,50.583828152,-123.536679932,1759.197000000,11,0.236000000,0.174000000,0.348000000
18:52:03,120719,50.583828235,-123.536679947,1759.201000000,11,0.236000000,0.174000000,0.348000000
18:52:04,120719,50.583828253,-123.536680007,1759.209000000,11,0.236000000,0.174000000,0.348000000
18:52:05,120719,50.583828277,-123.536679988,1759.209000000,11,0.236000000,0.174000000,0.348000000
18:52:06,120719,50.583828323,-123.536679850,1759.193000000,11,0.236000000,0.174000000,0.348000000
18:52:07,120719,50.583828330,-123.536679853,1759.196000000,11,0.236000000,0.174000000,0.348000000
18:52:08,120719,50.583828343,-123.536679865,1759.202000000,11,0.236000000,0.174000000,0.348000000
18:52:09,120719,50.583828353,-123.536679897,1759.210000000,11,0.236000000,0.174000000,0.348000000
18:52:10,120719,50.583828357,-123.536679815,1759.202000000,11,0.236000000,0.174000000,0.348000000
18:52:11,120719,50.583828258,-123.536679857,1759.208000000,11,0.236000000,0.174000000,0.348000000
18:52:12,120719,50.583828170,-123.536679835,1759.208000000,11,0.236000000,0.174000000,0.348000000
18:52:13,120719,50.583828048,-123.536679838,1759.202000000,11,0.236000000,0.174000000,0.348000000
18:52:14,120719,50.583827963,-123.536679787,1759.201000000,11,0.236000000,0.174000000,0.348000000
18:52:15,120719,50.583827882,-123.536679745,1759.199000000,11,0.236000000,0.174000000,0.348000000
18:52:16,120719,50.583827850,-123.536679695,1759.194000000,11,0.236000000,0.174000000,0.348000000
18:52:17,120719,50.583827835,-123.536679678,1759.188000000,11,0.236000000,0.174000000,0.348000000
18:52:18,120719,50.583827837,-123.536679638,1759.185000000,11,0.236000000,0.174000000,0.348000000
18:52:19,120719,50.583827843,-123.536679647,1759.184000000,11,0.236000000,0.174000000,0.348000000
18:52:20,120719,50.583827837,-123.536679708,1759.192000000,11,0.236000000,0.174000000,0.348000000
18:52:21,120719,50.583827825,-123.536679698,1759.195000000,11,0.236000000,0.174000000,0.348000000
18:52:22,120719,50.583827867,-123.536679605,1759.187000000,11,0.236000000,0.174000000,0.348000000
18:52:23,120719,50.583827933,-123.536679637,1759.194000000,11,0.236000000,0.174000000,0.347000000
18:52:24,120719,50.583827967,-123.536679643,1759.198000000,11,0.236000000,0.174000000,0.347000000
18:52:25,120719,50.583827997,-123.536679663,1759.205000000,11,0.236000000,0.174000000,0.347000000
18:52:26,120719,50.583828022,-123.536679675,1759.215000000,11,0.236000000,0.174000000,0.347000000
18:52:27,120719,50.583828047,-123.536679675,1759.218000000,11,0.236000000,0.174000000,0.347000000
18:52:28,120719,50.583828077,-123.536679702,1759.223000000,11,0.236000000,0.174000000,0.347000000
18:52:29,120719,50.583828095,-123.536679708,1759.223000000,11,0.236000000,0.174000000,0.347000000
18:52:30,120719,50.583828130,-123.536679722,1759.226000000,11,0.236000000,0.174000000,0.347000000
18:52:31,120719,50.583828168,-123.536679725,1759.225000000,11,0.236000000,0.174000000,0.347000000
18:52:32,120719,50.583828195,-123.536679723,1759.224000000,11,0.236000000,0.174000000,0.347000000
18:52:33,120719,50.583828240,-123.536679718,1759.222000000,11,0.236000000,0.174000000,0.347000000
18:52:34,120719,50.583828257,-123.536679605,1759.207000000,11,0.236000000,0.174000000,0.347000000
18:52:35,120719,50.583828247,-123.536679588,1759.205000000,11,0.236000000,0.174000000,0.347000000
18:52:36,120719,50.583828225,-123.536679612,1759.204000000,11,0.236000000,0.174000000,0.347000000
18:52:37,120719,50.583828197,-123.536679630,1759.204000000,11,0.236000000,0.174000000,0.347000000
18:52:38,120719,50.583828187,-123.536679582,1759.197000000,11,0.236000000,0.174000000,0.347000000
18:52:39,120719,50.583828172,-123.536679613,1759.196000000,11,0.236000000,0.174000000,0.347000000
18:52:40,120719,50.583828173,-123.536679590,1759.190000000,11,0.236000000,0.174000000,0.347000000
18:52:41,120719,50.583828178,-123.536679497,1759.176000000,11,0.236000000,0.174000000,0.347000000
18:52:42,120719,50.583828182,-123.536679403,1759.162000000,11,0.236000000,0.174000000,0.347000000
18:52:43,120719,50.583828198,-123.536679335,1759.153000000,11,0.236000000,0.174000000,0.347000000
18:52:44,120719,50.583828177,-123.536679318,1759.146000000,10,0.243000000,0.288000000,0.595000000
18:52:45,120719,50.583828178,-123.536679265,1759.139000000,10,0.243000000,0.288000000,0.595000000
18:52:46,120719,50.583828215,-123.536679247,1759.140000000,10,0.243000000,0.288000000,0.595000000
18:52:47,120719,50.583828287,-123.536679233,1759.144000000,10,0.243000000,0.288000000,0.595000000
18:52:48,120719,50.583828352,-123.536679258,1759.147000000,10,0.243000000,0.288000000,0.595000000
18:52:49,120719,50.583828408,-123.536679312,1759.155000000,10,0.243000000,0.288000000,0.595000000
18:52:50,120719,50.583828455,-123.536679395,1759.168000000,10,0.243000000,0.287000000,0.595000000
18:52:51,120719,50.583828478,-123.536679455,1759.170000000,10,0.243000000,0.287000000,0.595000000
18:52:52,120719,50.583828508,-123.536679497,1759.169000000,10,0.243000000,0.287000000,0.595000000
18:52:53,120719,50.583828525,-123.536679532,1759.169000000,10,0.243000000,0.287000000,0.595000000
18:52:54,120719,50.583828542,-123.536679548,1759.174000000,10,0.243000000,0.287000000,0.595000000
18:52:55,120719,50.583828490,-123.536679815,1759.197000000,10,0.243000000,0.287000000,0.595000000
18:52:56,120719,50.583828500,-123.536679887,1759.198000000,10,0.243000000,0.287000000,0.595000000
18:52:57,120719,50.583828513,-123.536679935,1759.199000000,10,0.243000000,0.287000000,0.595000000
18:52:58,120719,50.583828522,-123.536679807,1759.185000000,10,0.243000000,0.287000000,0.595000000
18:52:59,120719,50.583828450,-123.536679710,1759.176000000,10,0.243000000,0.287000000,0.594000000
18:53:00,120719,50.583828397,-123.536679527,1759.156000000,10,0.243000000,0.287000000,0.594000000
18:53:01,120719,50.583828353,-123.536679423,1759.149000000,10,0.243000000,0.287000000,0.594000000
18:53:02,120719,50.583828302,-123.536679322,1759.139000000,10,0.243000000,0.287000000,0.594000000
18:53:03,120719,50.583828390,-123.536678995,1759.102000000,10,0.243000000,0.287000000,0.594000000
18:53:04,120719,50.583828510,-123.536678665,1759.060000000,10,0.243000000,0.287000000,0.594000000
18:53:05,120719,50.583828622,-123.536678488,1759.038000000,10,0.243000000,0.287000000,0.594000000
18:53:06,120719,50.583828665,-123.536678497,1759.033000000,10,0.243000000,0.287000000,0.594000000
18:53:07,120719,50.583828652,-123.536678638,1759.042000000,10,0.243000000,0.287000000,0.594000000
18:53:08,120719,50.583828732,-123.536678465,1759.018000000,10,0.243000000,0.286000000,0.594000000
18:53:09,120719,50.583828800,-123.536678195,1758.991000000,10,0.243000000,0.286000000,0.594000000
18:53:10,120719,50.583828793,-123.536678322,1759.008000000,10,0.243000000,0.286000000,0.594000000
18:53:11,120719,50.583828813,-123.536678487,1759.031000000,10,0.243000000,0.286000000,0.594000000
18:53:12,120719,50.583828710,-123.536678925,1759.083000000,10,0.243000000,0.286000000,0.594000000
18:53:13,120719,50.583828685,-123.536679140,1759.105000000,10,0.243000000,0.286000000,0.594000000
18:53:14,120719,50.583828670,-123.536679440,1759.138000000,10,0.243000000,0.286000000,0.593000000
18:53:15,120719,50.583828698,-123.536679452,1759.141000000,10,0.243000000,0.286000000,0.593000000
18:53:16,120719,50.583828715,-123.536679412,1759.133000000,10,0.243000000,0.286000000,0.593000000
18:53:17,120719,50.583828748,-123.536679237,1759.108000000,10,0.243000000,0.286000000,0.593000000
18:53:18,120719,50.583828712,-123.536679322,1759.110000000,10,0.243000000,0.286000000,0.593000000
18:53:19,120719,50.583828713,-123.536679338,1759.106000000,10,0.243000000,0.286000000,0.593000000
18:53:20,120719,50.583828663,-123.536679402,1759.110000000,10,0.243000000,0.286000000,0.593000000
18:53:21,120719,50.583828605,-123.536679435,1759.111000000,10,0.243000000,0.286000000,0.593000000
18:53:22,120719,50.583828567,-123.536679455,1759.109000000,10,0.243000000,0.286000000,0.593000000
18:53:23,120719,50.583828538,-123.536679437,1759.102000000,10,0.243000000,0.285000000,0.593000000
18:53:24,120719,50.583828540,-123.536679437,1759.099000000,10,0.243000000,0.285000000,0.593000000
18:53:25,120719,50.583828555,-123.536679530,1759.105000000,10,0.243000000,0.285000000,0.593000000
18:53:26,120719,50.583828568,-123.536679583,1759.110000000,10,0.243000000,0.285000000,0.593000000
18:53:27,120719,50.583828580,-123.536679563,1759.109000000,10,0.243000000,0.285000000,0.593000000
18:53:28,120719,50.583828587,-123.536679490,1759.099000000,10,0.243000000,0.285000000,0.593000000
18:53:29,120719,50.583828630,-123.536679437,1759.091000000,10,0.243000000,0.285000000,0.592000000
18:53:30,120719,50.583828665,-123.536679412,1759.087000000,10,0.243000000,0.285000000,0.592000000
18:53:31,120719,50.583828698,-123.536679357,1759.082000000,10,0.243000000,0.285000000,0.592000000
18:53:32,120719,50.583828703,-123.536679345,1759.080000000,10,0.243000000,0.285000000,0.592000000
18:53:33,120719,50.583828687,-123.536679373,1759.083000000,10,0.243000000,0.285000000,0.592000000
18:53:34,120719,50.583828642,-123.536679318,1759.078000000,10,0.243000000,0.285000000,0.592000000
18:53:35,120719,50.583828630,-123.536679228,1759.070000000,10,0.243000000,0.285000000,0.592000000
18:53:36,120719,50.583828582,-123.536679195,1759.064000000,10,0.243000000,0.285000000,0.592000000
18:53:37,120719,50.583828543,-123.536679208,1759.065000000,10,0.243000000,0.285000000,0.592000000
18:53:38,120719,50.583828530,-123.536679257,1759.068000000,10,0.243000000,0.284000000,0.592000000
18:53:39,120719,50.583828518,-123.536679318,1759.072000000,10,0.243000000,0.284000000,0.592000000
18:53:40,120719,50.583828523,-123.536679348,1759.076000000,10,0.243000000,0.284000000,0.592000000
18:53:41,120719,50.583828490,-123.536679570,1759.105000000,10,0.243000000,0.284000000,0.592000000
18:53:42,120719,50.583828472,-123.536679700,1759.121000000,10,0.243000000,0.284000000,0.592000000
18:53:43,120719,50.583828500,-123.536679752,1759.124000000,10,0.243000000,0.284000000,0.592000000
18:53:44,120719,50.583828533,-123.536679772,1759.124000000,10,0.243000000,0.284000000,0.591000000
18:53:45,120719,50.583828555,-123.536679837,1759.128000000,10,0.243000000,0.284000000,0.591000000
18:53:46,120719,50.583828582,-123.536679837,1759.134000000,10,0.243000000,0.284000000,0.591000000
18:53:47,120719,50.583828585,-123.536679792,1759.136000000,10,0.243000000,0.284000000,0.591000000
18:53:48,120719,50.583828550,-123.536679768,1759.142000000,10,0.243000000,0.284000000,0.591000000
18:53:49,120719,50.583828550,-123.536679768,1759.146000000,10,0.243000000,0.284000000,0.591000000
18:53:50,120719,50.583828593,-123.536679770,1759.146000000,10,0.243000000,0.284000000,0.591000000
18:53:51,120719,50.583828630,-123.536679810,1759.154000000,10,0.243000000,0.284000000,0.591000000
18:53:52,120719,50.583828660,-123.536679898,1759.172000000,10,0.243000000,0.284000000,0.591000000
18:53:53,120719,50.583828700,-123.536679943,1759.180000000,10,0.243000000,0.284000000,0.591000000
18:53:54,120719,50.583828743,-123.536680022,1759.191000000,10,0.243000000,0.284000000,0.591000000
18:53:55,120719,50.583828840,-123.536679870,1759.174000000,10,0.243000000,0.284000000,0.591000000
18:53:56,120719,50.583828878,-123.536679842,1759.175000000,10,0.243000000,0.283000000,0.590000000
18:53:57,120719,50.583828902,-123.536679742,1759.164000000,10,0.243000000,0.283000000,0.590000000
18:53:58,120719,50.583828877,-123.536679748,1759.168000000,10,0.243000000,0.283000000,0.590000000
18:53:59,120719,50.583828790,-123.536679700,1759.162000000,10,0.243000000,0.283000000,0.590000000
18:54:00,120719,50.583828727,-123.536679678,1759.158000000,10,0.243000000,0.283000000,0.590000000
18:54:01,120719,50.583828682,-123.536679657,1759.155000000,11,0.228000000,0.190000000,0.369000000
18:54:02,120719,50.583828648,-123.536679598,1759.147000000,11,0.228000000,0.190000000,0.369000000
18:54:03,120719,50.583828605,-123.536679545,1759.140000000,11,0.228000000,0.190000000,0.369000000
18:54:04,120719,50.583828558,-123.536679488,1759.134000000,11,0.228000000,0.190000000,0.369000000
18:54:05,120719,50.583828497,-123.536679532,1759.133000000,11,0.228000000,0.190000000,0.369000000
18:54:06,120719,50.583828507,-123.536679577,1759.134000000,11,0.228000000,0.190000000,0.369000000
18:54:07,120719,50.583828528,-123.536679593,1759.132000000,11,0.228000000,0.190000000,0.369000000
18:54:08,120719,50.583828533,-123.536679622,1759.132000000,11,0.228000000,0.190000000,0.369000000
18:54:09,120719,50.583828538,-123.536679582,1759.120000000,11,0.228000000,0.190000000,0.369000000
18:54:10,120719,50.583828532,-123.536679567,1759.114000000,11,0.228000000,0.190000000,0.369000000
18:54:11,120719,50.583828568,-123.536679585,1759.115000000,11,0.228000000,0.190000000,0.369000000
18:54:12,120719,50.583828598,-123.536679630,1759.122000000,11,0.228000000,0.190000000,0.369000000
18:54:13,120719,50.583828662,-123.536679682,1759.132000000,11,0.228000000,0.190000000,0.369000000
18:54:14,120719,50.583828707,-123.536679837,1759.148000000,11,0.228000000,0.190000000,0.369000000
18:54:15,120719,50.583828687,-123.536680048,1759.175000000,10,0.228000000,0.190000000,0.369000000
18:54:16,120719,50.583828698,-123.536680142,1759.185000000,10,0.243000000,0.282000000,0.589000000
18:54:17,120719,50.583828718,-123.536680142,1759.186000000,10,0.243000000,0.282000000,0.589000000
18:54:18,120719,50.583828762,-123.536680110,1759.182000000,10,0.243000000,0.282000000,0.589000000
18:54:19,120719,50.583828873,-123.536679943,1759.172000000,10,0.243000000,0.282000000,0.589000000
18:54:20,120719,50.583828923,-123.536679940,1759.171000000,10,0.243000000,0.282000000,0.589000000
18:54:21,120719,50.583828960,-123.536679967,1759.178000000,10,0.243000000,0.282000000,0.589000000
18:54:22,120719,50.583828937,-123.536679905,1759.176000000,10,0.243000000,0.282000000,0.589000000
18:54:23,120719,50.583828852,-123.536679775,1759.166000000,10,0.243000000,0.282000000,0.589000000
18:54:24,120719,50.583828768,-123.536679668,1759.157000000,10,0.243000000,0.282000000,0.589000000
18:54:25,120719,50.583828720,-123.536679542,1759.144000000,10,0.243000000,0.282000000,0.588000000
18:54:26,120719,50.583828668,-123.536679503,1759.140000000,10,0.243000000,0.282000000,0.588000000
18:54:27,120719,50.583828642,-123.536679447,1759.131000000,10,0.243000000,0.282000000,0.588000000
18:54:28,120719,50.583828652,-123.536679482,1759.140000000,10,0.243000000,0.281000000,0.588000000
18:54:29,120719,50.583828653,-123.536679567,1759.151000000,10,0.243000000,0.281000000,0.588000000
18:54:30,120719,50.583828668,-123.536679525,1759.153000000,10,0.243000000,0.281000000,0.588000000
18:54:31,120719,50.583828685,-123.536679537,1759.160000000,10,0.244000000,0.281000000,0.588000000
18:54:32,120719,50.583828733,-123.536679558,1759.168000000,10,0.244000000,0.281000000,0.588000000
18:54:33,120719,50.583828758,-123.536679563,1759.172000000,10,0.244000000,0.281000000,0.588000000
18:54:34,120719,50.583828798,-123.536679627,1759.186000000,10,0.244000000,0.281000000,0.588000000
18:54:35,120719,50.583828855,-123.536679588,1759.187000000,10,0.244000000,0.281000000,0.588000000
18:54:36,120719,50.583828878,-123.536679637,1759.198000000,10,0.244000000,0.281000000,0.588000000
18:54:37,120719,50.583828928,-123.536679612,1759.196000000,10,0.244000000,0.281000000,0.588000000
18:54:38,120719,50.583828987,-123.536679598,1759.200000000,10,0.244000000,0.281000000,0.588000000
18:54:39,120719,50.583829012,-123.536679513,1759.192000000,10,0.244000000,0.281000000,0.587000000
18:54:40,120719,50.583829043,-123.536679505,1759.194000000,10,0.244000000,0.281000000,0.587000000
18:54:41,120719,50.583829022,-123.536679493,1759.194000000,10,0.244000000,0.281000000,0.587000000
18:54:42,120719,50.583829005,-123.536679492,1759.192000000,10,0.244000000,0.281000000,0.587000000
18:54:43,120719,50.583829013,-123.536679458,1759.184000000,10,0.244000000,0.281000000,0.587000000
18:54:44,120719,50.583829030,-123.536679395,1759.176000000,10,0.244000000,0.281000000,0.587000000
18:54:45,120719,50.583829035,-123.536679410,1759.177000000,10,0.244000000,0.281000000,0.587000000
18:54:46,120719,50.583828987,-123.536679365,1759.169000000,10,0.244000000,0.280000000,0.587000000
18:54:47,120719,50.583828898,-123.536679305,1759.155000000,10,0.244000000,0.280000000,0.587000000
18:54:48,120719,50.583828857,-123.536679275,1759.147000000,10,0.244000000,0.280000000,0.587000000
18:54:49,120719,50.583828842,-123.536679275,1759.147000000,10,0.244000000,0.280000000,0.587000000
18:54:50,120719,50.583828812,-123.536679257,1759.144000000,10,0.244000000,0.280000000,0.587000000
18:54:51,120719,50.583828795,-123.536679238,1759.140000000,10,0.244000000,0.280000000,0.587000000
18:54:52,120719,50.583828862,-123.536679215,1759.136000000,10,0.244000000,0.280000000,0.587000000
18:54:53,120719,50.583828945,-123.536679292,1759.143000000,10,0.244000000,0.280000000,0.587000000
18:54:54,120719,50.583828992,-123.536679392,1759.151000000,10,0.244000000,0.280000000,0.587000000
18:54:55,120719,50.583829042,-123.536679457,1759.158000000,10,0.244000000,0.280000000,0.586000000
18:54:56,120719,50.583829062,-123.536679537,1759.166000000,10,0.244000000,0.280000000,0.586000000
18:54:57,120719,50.583829088,-123.536679627,1759.173000000,10,0.244000000,0.280000000,0.586000000
18:54:58,120719,50.583829102,-123.536679662,1759.174000000,10,0.244000000,0.280000000,0.586000000
18:54:59,120719,50.583829087,-123.536679650,1759.175000000,10,0.244000000,0.280000000,0.586000000
18:55:00,120719,50.583829045,-123.536679718,1759.188000000,10,0.244000000,0.280000000,0.586000000
18:55:01,120719,50.583829118,-123.536679398,1759.152000000,10,0.244000000,0.279000000,0.586000000
18:55:02,120719,50.583829165,-123.536679222,1759.132000000,10,0.244000000,0.279000000,0.586000000
18:55:03,120719,50.583829180,-123.536679233,1759.136000000,10,0.244000000,0.279000000,0.586000000
18:55:04,120719,50.583829197,-123.536679210,1759.131000000,11,0.228000000,0.190000000,0.370000000
18:55:05,120719,50.583829130,-123.536679135,1759.121000000,12,0.228000000,0.190000000,0.370000000
18:55:06,120719,50.583829127,-123.536678895,1759.085000000,11,0.228000000,0.167000000,0.350000000
18:55:07,120719,50.583829032,-123.536678855,1759.078000000,11,0.228000000,0.190000000,0.371000000
18:55:08,120719,50.583828970,-123.536678827,1759.072000000,11,0.228000000,0.190000000,0.371000000
