TIME,DATE(ddMMyy),LATITUDEGGA,LONGITUDEGGA,ALTITUDEGGA,NUMBERSAT,LATERR,LONGERR,ALTERR
18:08:20,120719,50.624105918,-123.539689078,2334.764000000,15,0.180000000,0.151000000,0.351000000
18:08:21,120719,50.624105948,-123.539689062,2334.763000000,15,0.180000000,0.151000000,0.351000000
18:08:22,120719,50.624105965,-123.539689072,2334.765000000,15,0.180000000,0.151000000,0.351000000
18:08:23,120719,50.624105983,-123.539689090,2334.766000000,15,0.180000000,0.151000000,0.351000000
18:08:24,120719,50.624105923,-123.539689052,2334.759000000,15,0.180000000,0.151000000,0.351000000
18:08:25,120719,50.624105903,-123.539689062,2334.756000000,15,0.180000000,0.151000000,0.351000000
18:08:26,120719,50.624105858,-123.539689042,2334.756000000,15,0.180000000,0.151000000,0.350000000
18:08:27,120719,50.624105812,-123.539689038,2334.754000000,15,0.180000000,0.151000000,0.350000000
18:08:28,120719,50.624105787,-123.539689018,2334.754000000,15,0.180000000,0.151000000,0.350000000
18:08:29,120719,50.624105772,-123.539688990,2334.753000000,15,0.180000000,0.151000000,0.350000000
18:08:30,120719,50.624105767,-123.539688968,2334.753000000,15,0.180000000,0.151000000,0.350000000
18:08:31,120719,50.624105743,-123.539688945,2334.752000000,15,0.180000000,0.151000000,0.350000000
18:08:32,120719,50.624105678,-123.539688920,2334.744000000,15,0.180000000,0.151000000,0.350000000
18:08:33,120719,50.624105655,-123.539688883,2334.737000000,15,0.180000000,0.151000000,0.350000000
18:08:34,120719,50.624105648,-123.539688865,2334.734000000,15,0.180000000,0.151000000,0.350000000
18:08:35,120719,50.624105638,-123.539688847,2334.729000000,15,0.180000000,0.151000000,0.350000000
18:08:36,120719,50.624105605,-123.539688848,2334.726000000,15,0.180000000,0.151000000,0.350000000
18:08:37,120719,50.624105582,-123.539688845,2334.731000000,15,0.180000000,0.151000000,0.350000000
18:08:38,120719,50.624105548,-123.539688873,2334.729000000,15,0.180000000,0.151000000,0.350000000
18:08:39,120719,50.624105507,-123.539688912,2334.728000000,15,0.180000000,0.151000000,0.350000000
18:08:40,120719,50.624105450,-123.539688933,2334.721000000,15,0.180000000,0.151000000,0.350000000
18:08:41,120719,50.624105407,-123.539688950,2334.713000000,15,0.180000000,0.151000000,0.350000000
18:08:42,120719,50.624105437,-123.539688953,2334.718000000,15,0.180000000,0.151000000,0.350000000
18:08:43,120719,50.624105510,-123.539688990,2334.726000000,15,0.180000000,0.151000000,0.350000000
18:08:44,120719,50.624105568,-123.539688993,2334.734000000,15,0.180000000,0.151000000,0.350000000
18:08:45,120719,50.624105605,-123.539689010,2334.740000000,15,0.180000000,0.151000000,0.350000000
18:08:46,120719,50.624105628,-123.539689012,2334.742000000,15,0.180000000,0.151000000,0.350000000
18:08:47,120719,50.624105630,-123.539689037,2334.742000000,15,0.179000000,0.151000000,0.350000000
18:08:48,120719,50.624105623,-123.539689065,2334.743000000,15,0.179000000,0.151000000,0.350000000
18:08:49,120719,50.624105640,-123.539689078,2334.745000000,15,0.179000000,0.151000000,0.350000000
18:08:50,120719,50.624105672,-123.539689113,2334.750000000,15,0.179000000,0.151000000,0.349000000
18:08:51,120719,50.624105683,-123.539689137,2334.755000000,15,0.179000000,0.151000000,0.349000000
18:08:52,120719,50.624105702,-123.539689152,2334.761000000,15,0.179000000,0.151000000,0.349000000
18:08:53,120719,50.624105735,-123.539689175,2334.769000000,15,0.179000000,0.151000000,0.349000000
18:08:54,120719,50.624105738,-123.539689198,2334.772000000,15,0.179000000,0.151000000,0.349000000
18:08:55,120719,50.624105682,-123.539689222,2334.770000000,15,0.179000000,0.151000000,0.349000000
18:08:56,120719,50.624105583,-123.539689230,2334.758000000,15,0.179000000,0.151000000,0.349000000
18:08:57,120719,50.624105500,-123.539689262,2334.746000000,15,0.179000000,0.151000000,0.349000000
18:08:58,120719,50.624105403,-123.539689282,2334.738000000,15,0.179000000,0.151000000,0.349000000
18:08:59,120719,50.624105335,-123.539689278,2334.728000000,15,0.179000000,0.151000000,0.349000000
18:09:00,120719,50.624105277,-123.539689285,2334.723000000,15,0.179000000,0.151000000,0.349000000
18:09:01,120719,50.624105260,-123.539689282,2334.722000000,15,0.179000000,0.151000000,0.349000000
18:09:02,120719,50.624105243,-123.539689277,2334.726000000,15,0.179000000,0.151000000,0.349000000
18:09:03,120719,50.624105233,-123.539689260,2334.730000000,15,0.179000000,0.151000000,0.349000000
18:09:04,120719,50.624105213,-123.539689250,2334.732000000,15,0.179000000,0.151000000,0.349000000
18:09:05,120719,50.624105205,-123.539689247,2334.733000000,15,0.179000000,0.151000000,0.349000000
18:09:06,120719,50.624105258,-123.539689238,2334.740000000,15,0.179000000,0.151000000,0.349000000
18:09:07,120719,50.624105340,-123.539689223,2334.752000000,15,0.179000000,0.151000000,0.349000000
18:09:08,120719,50.624105412,-123.539689188,2334.762000000,15,0.179000000,0.151000000,0.349000000
18:09:09,120719,50.624105483,-123.539689153,2334.771000000,15,0.179000000,0.151000000,0.349000000
18:09:10,120719,50.624105538,-123.539689140,2334.777000000,15,0.179000000,0.151000000,0.349000000
18:09:11,120719,50.624105595,-123.539689133,2334.782000000,15,0.179000000,0.151000000,0.349000000
18:09:12,120719,50.624105642,-123.539689150,2334.785000000,15,0.179000000,0.151000000,0.349000000
18:09:13,120719,50.624105695,-123.539689157,2334.790000000,15,0.179000000,0.151000000,0.349000000
18:09:14,120719,50.624105762,-123.539689147,2334.801000000,15,0.179000000,0.151000000,0.348000000
18:09:15,120719,50.624105810,-123.539689155,2334.809000000,15,0.179000000,0.151000000,0.348000000
18:09:16,120719,50.624105852,-123.539689157,2334.818000000,15,0.179000000,0.151000000,0.348000000
18:09:17,120719,50.624105885,-123.539689155,2334.824000000,15,0.179000000,0.151000000,0.348000000
18:09:18,120719,50.624105917,-123.539689157,2334.831000000,15,0.179000000,0.151000000,0.348000000
18:09:19,120719,50.624105920,-123.539689147,2334.830000000,15,0.179000000,0.151000000,0.348000000
18:09:20,120719,50.624105945,-123.539689140,2334.822000000,15,0.179000000,0.151000000,0.348000000
18:09:21,120719,50.624105967,-123.539689138,2334.817000000,15,0.179000000,0.151000000,0.348000000
18:09:22,120719,50.624105970,-123.539689128,2334.813000000,15,0.179000000,0.151000000,0.348000000
18:09:23,120719,50.624105970,-123.539689132,2334.808000000,15,0.179000000,0.151000000,0.348000000
18:09:24,120719,50.624105975,-123.539689135,2334.805000000,15,0.179000000,0.151000000,0.348000000
18:09:25,120719,50.624105933,-123.539689133,2334.799000000,15,0.179000000,0.151000000,0.348000000
18:09:26,120719,50.624105905,-123.539689118,2334.791000000,15,0.179000000,0.151000000,0.348000000
18:09:27,120719,50.624105875,-123.539689063,2334.780000000,15,0.179000000,0.151000000,0.348000000
18:09:28,120719,50.624105873,-123.539689025,2334.770000000,15,0.179000000,0.151000000,0.348000000
18:09:29,120719,50.624105843,-123.539689015,2334.761000000,15,0.179000000,0.151000000,0.348000000
18:09:30,120719,50.624105888,-123.539689033,2334.760000000,15,0.179000000,0.151000000,0.348000000
18:09:31,120719,50.624105970,-123.539689007,2334.766000000,15,0.179000000,0.151000000,0.348000000
18:09:32,120719,50.624106040,-123.539689010,2334.769000000,15,0.179000000,0.151000000,0.348000000
18:09:33,120719,50.624106082,-123.539689050,2334.771000000,15,0.179000000,0.151000000,0.348000000
18:09:34,120719,50.624106125,-123.539689042,2334.773000000,15,0.179000000,0.151000000,0.348000000
18:09:35,120719,50.624106157,-123.539689055,2334.771000000,15,0.179000000,0.151000000,0.348000000
18:09:36,120719,50.624106167,-123.539689063,2334.770000000,15,0.179000000,0.151000000,0.348000000
18:09:37,120719,50.624106180,-123.539689052,2334.772000000,15,0.179000000,0.151000000,0.348000000
18:09:38,120719,50.624106223,-123.539689038,2334.775000000,15,0.178000000,0.151000000,0.347000000
18:09:39,120719,50.624106287,-123.539689067,2334.782000000,15,0.178000000,0.151000000,0.347000000
18:09:40,120719,50.624106323,-123.539689087,2334.787000000,15,0.178000000,0.151000000,0.347000000
18:09:41,120719,50.624106347,-123.539689090,2334.789000000,15,0.178000000,0.151000000,0.347000000
18:09:42,120719,50.624106310,-123.539689095,2334.784000000,15,0.178000000,0.151000000,0.347000000
18:09:43,120719,50.624106277,-123.539689090,2334.775000000,15,0.178000000,0.151000000,0.347000000
18:09:44,120719,50.624106243,-123.539689112,2334.769000000,15,0.178000000,0.151000000,0.347000000
18:09:45,120719,50.624106198,-123.539689145,2334.761000000,15,0.178000000,0.151000000,0.347000000
18:09:46,120719,50.624106130,-123.539689162,2334.750000000,15,0.178000000,0.151000000,0.347000000
18:09:47,120719,50.624106083,-123.539689185,2334.744000000,15,0.178000000,0.151000000,0.347000000
18:09:48,120719,50.624106040,-123.539689200,2334.737000000,15,0.178000000,0.151000000,0.347000000
18:09:49,120719,50.624106025,-123.539689213,2334.734000000,15,0.178000000,0.151000000,0.347000000
18:09:50,120719,50.624106023,-123.539689230,2334.735000000,15,0.178000000,0.151000000,0.347000000
18:09:51,120719,50.624106033,-123.539689248,2334.737000000,15,0.178000000,0.151000000,0.347000000
18:09:52,120719,50.624106052,-123.539689262,2334.739000000,15,0.178000000,0.151000000,0.347000000
18:09:53,120719,50.624106100,-123.539689253,2334.743000000,15,0.178000000,0.151000000,0.347000000
18:09:54,120719,50.624106180,-123.539689260,2334.752000000,15,0.178000000,0.151000000,0.347000000
18:09:55,120719,50.624106245,-123.539689282,2334.761000000,15,0.178000000,0.151000000,0.347000000
18:09:56,120719,50.624106303,-123.539689298,2334.764000000,15,0.178000000,0.151000000,0.347000000
18:09:57,120719,50.624106355,-123.539689315,2334.769000000,15,0.178000000,0.151000000,0.347000000
18:09:58,120719,50.624106402,-123.539689317,2334.775000000,15,0.178000000,0.151000000,0.347000000
18:09:59,120719,50.624106445,-123.539689345,2334.781000000,15,0.178000000,0.151000000,0.347000000
18:10:00,120719,50.624106478,-123.539689362,2334.783000000,15,0.178000000,0.151000000,0.347000000
18:10:01,120719,50.624106505,-123.539689335,2334.787000000,15,0.178000000,0.151000000,0.347000000
18:10:02,120719,50.624106528,-123.539689335,2334.791000000,15,0.178000000,0.151000000,0.346000000
18:10:03,120719,50.624106583,-123.539689322,2334.801000000,15,0.178000000,0.151000000,0.346000000
18:10:04,120719,50.624106610,-123.539689333,2334.805000000,15,0.178000000,0.151000000,0.346000000
18:10:05,120719,50.624106633,-123.539689365,2334.810000000,15,0.178000000,0.151000000,0.346000000
18:10:06,120719,50.624106615,-123.539689370,2334.812000000,15,0.178000000,0.151000000,0.346000000
18:10:07,120719,50.624106555,-123.539689378,2334.805000000,15,0.178000000,0.151000000,0.346000000
18:10:08,120719,50.624106495,-123.539689408,2334.799000000,15,0.178000000,0.151000000,0.346000000
18:10:09,120719,50.624106463,-123.539689452,2334.793000000,15,0.178000000,0.151000000,0.346000000
18:10:10,120719,50.624106433,-123.539689467,2334.788000000,15,0.178000000,0.151000000,0.346000000
18:10:11,120719,50.624106415,-123.539689475,2334.781000000,15,0.178000000,0.151000000,0.346000000
18:10:12,120719,50.624106413,-123.539689470,2334.776000000,15,0.178000000,0.151000000,0.346000000
18:10:13,120719,50.624106445,-123.539689477,2334.778000000,15,0.178000000,0.151000000,0.346000000
18:10:14,120719,50.624106493,-123.539689473,2334.785000000,15,0.178000000,0.151000000,0.346000000
18:10:15,120719,50.624106510,-123.539689493,2334.790000000,15,0.178000000,0.151000000,0.346000000
18:10:16,120719,50.624106517,-123.539689465,2334.790000000,15,0.178000000,0.151000000,0.346000000
18:10:17,120719,50.624106537,-123.539689425,2334.792000000,15,0.178000000,0.151000000,0.346000000
18:10:18,120719,50.624106537,-123.539689395,2334.790000000,15,0.178000000,0.151000000,0.346000000
18:10:19,120719,50.624106645,-123.539689305,2334.796000000,15,0.178000000,0.151000000,0.346000000
18:10:20,120719,50.624106777,-123.539689217,2334.806000000,15,0.178000000,0.151000000,0.346000000
18:10:21,120719,50.624106868,-123.539689172,2334.815000000,15,0.178000000,0.151000000,0.346000000
18:10:22,120719,50.624106917,-123.539689147,2334.821000000,15,0.178000000,0.151000000,0.346000000
18:10:23,120719,50.624106985,-123.539689085,2334.825000000,15,0.178000000,0.151000000,0.345000000
18:10:24,120719,50.624106908,-123.539689100,2334.816000000,15,0.178000000,0.151000000,0.345000000
18:10:25,120719,50.624106803,-123.539689125,2334.805000000,15,0.178000000,0.151000000,0.345000000
18:10:26,120719,50.624106725,-123.539689137,2334.795000000,15,0.178000000,0.151000000,0.345000000
18:10:27,120719,50.624106672,-123.539689163,2334.795000000,15,0.178000000,0.151000000,0.345000000
18:10:28,120719,50.624106668,-123.539689200,2334.797000000,15,0.178000000,0.151000000,0.345000000
18:10:29,120719,50.624106660,-123.539689192,2334.796000000,15,0.178000000,0.151000000,0.345000000
18:10:30,120719,50.624106615,-123.539689203,2334.793000000,15,0.178000000,0.151000000,0.345000000
18:10:31,120719,50.624106607,-123.539689222,2334.794000000,15,0.178000000,0.151000000,0.345000000
18:10:32,120719,50.624106605,-123.539689230,2334.793000000,15,0.177000000,0.151000000,0.345000000
18:10:33,120719,50.624106607,-123.539689223,2334.790000000,15,0.177000000,0.151000000,0.345000000
18:10:34,120719,50.624106603,-123.539689245,2334.786000000,15,0.177000000,0.151000000,0.345000000
18:10:35,120719,50.624106593,-123.539689252,2334.782000000,15,0.177000000,0.151000000,0.345000000
18:10:36,120719,50.624106585,-123.539689290,2334.782000000,15,0.177000000,0.151000000,0.345000000
18:10:37,120719,50.624106568,-123.539689298,2334.781000000,15,0.177000000,0.151000000,0.345000000
18:10:38,120719,50.624106565,-123.539689283,2334.786000000,15,0.177000000,0.151000000,0.345000000
18:10:39,120719,50.624106550,-123.539689302,2334.786000000,15,0.177000000,0.151000000,0.345000000
18:10:40,120719,50.624106538,-123.539689310,2334.785000000,15,0.177000000,0.151000000,0.345000000
18:10:41,120719,50.624106517,-123.539689303,2334.783000000,15,0.177000000,0.151000000,0.345000000
18:10:42,120719,50.624106533,-123.539689300,2334.788000000,15,0.177000000,0.151000000,0.345000000
18:10:43,120719,50.624106552,-123.539689292,2334.791000000,15,0.177000000,0.151000000,0.345000000
18:10:44,120719,50.624106535,-123.539689295,2334.792000000,15,0.177000000,0.151000000,0.345000000
18:10:45,120719,50.624106523,-123.539689323,2334.793000000,15,0.177000000,0.151000000,0.345000000
18:10:46,120719,50.624106498,-123.539689353,2334.794000000,15,0.177000000,0.151000000,0.345000000
18:10:47,120719,50.624106473,-123.539689358,2334.791000000,15,0.177000000,0.151000000,0.344000000
18:10:48,120719,50.624106415,-123.539689360,2334.781000000,15,0.177000000,0.151000000,0.344000000
18:10:49,120719,50.624106330,-123.539689378,2334.771000000,15,0.177000000,0.151000000,0.344000000
18:10:50,120719,50.624106253,-123.539689348,2334.765000000,15,0.177000000,0.150000000,0.344000000
18:10:51,120719,50.624106203,-123.539689350,2334.759000000,15,0.177000000,0.150000000,0.344000000
18:10:52,120719,50.624106158,-123.539689328,2334.753000000,15,0.177000000,0.150000000,0.344000000
18:10:53,120719,50.624106110,-123.539689315,2334.748000000,15,0.177000000,0.150000000,0.344000000
18:10:54,120719,50.624106060,-123.539689310,2334.742000000,15,0.177000000,0.150000000,0.344000000
18:10:55,120719,50.624106077,-123.539689308,2334.734000000,15,0.177000000,0.150000000,0.344000000
18:10:56,120719,50.624106073,-123.539689332,2334.720000000,15,0.177000000,0.150000000,0.344000000
18:10:57,120719,50.624106073,-123.539689327,2334.705000000,15,0.177000000,0.150000000,0.344000000
18:10:58,120719,50.624106065,-123.539689325,2334.688000000,15,0.177000000,0.150000000,0.344000000
18:10:59,120719,50.624106063,-123.539689352,2334.678000000,15,0.177000000,0.150000000,0.344000000
18:11:00,120719,50.624106072,-123.539689367,2334.671000000,15,0.177000000,0.150000000,0.344000000
18:11:01,120719,50.624106058,-123.539689367,2334.660000000,15,0.177000000,0.150000000,0.344000000
18:11:02,120719,50.624106012,-123.539689350,2334.649000000,15,0.177000000,0.150000000,0.344000000
18:11:03,120719,50.624105937,-123.539689342,2334.636000000,15,0.177000000,0.150000000,0.344000000
18:11:04,120719,50.624105860,-123.539689365,2334.622000000,15,0.177000000,0.150000000,0.344000000
18:11:05,120719,50.624105822,-123.539689387,2334.616000000,15,0.177000000,0.150000000,0.344000000
18:11:06,120719,50.624105808,-123.539689410,2334.615000000,15,0.177000000,0.150000000,0.344000000
18:11:07,120719,50.624105815,-123.539689437,2334.615000000,15,0.177000000,0.150000000,0.344000000
18:11:08,120719,50.624105798,-123.539689457,2334.609000000,15,0.177000000,0.150000000,0.344000000
18:11:09,120719,50.624105775,-123.539689465,2334.603000000,15,0.177000000,0.150000000,0.344000000
18:11:10,120719,50.624105788,-123.539689478,2334.601000000,15,0.177000000,0.150000000,0.344000000
18:11:11,120719,50.624105808,-123.539689503,2334.600000000,15,0.177000000,0.150000000,0.343000000
18:11:12,120719,50.624105790,-123.539689530,2334.596000000,15,0.177000000,0.150000000,0.343000000
18:11:13,120719,50.624105735,-123.539689528,2334.589000000,15,0.177000000,0.150000000,0.343000000
18:11:14,120719,50.624105688,-123.539689538,2334.580000000,15,0.177000000,0.150000000,0.343000000
18:11:15,120719,50.624105650,-123.539689548,2334.576000000,15,0.177000000,0.150000000,0.343000000
18:11:16,120719,50.624105622,-123.539689537,2334.571000000,15,0.177000000,0.150000000,0.343000000
18:11:17,120719,50.624105598,-123.539689555,2334.569000000,15,0.177000000,0.150000000,0.343000000
18:11:18,120719,50.624105598,-123.539689577,2334.572000000,15,0.177000000,0.150000000,0.343000000
18:11:19,120719,50.624105642,-123.539689577,2334.577000000,15,0.177000000,0.150000000,0.343000000
18:11:20,120719,50.624105703,-123.539689600,2334.582000000,15,0.177000000,0.150000000,0.343000000
18:11:21,120719,50.624105742,-123.539689603,2334.586000000,15,0.177000000,0.150000000,0.343000000
18:11:22,120719,50.624105763,-123.539689620,2334.587000000,15,0.177000000,0.150000000,0.343000000
18:11:23,120719,50.624105770,-123.539689623,2334.585000000,15,0.177000000,0.150000000,0.343000000
18:11:24,120719,50.624105775,-123.539689642,2334.583000000,15,0.177000000,0.150000000,0.343000000
18:11:25,120719,50.624105755,-123.539689642,2334.581000000,15,0.177000000,0.150000000,0.343000000
18:11:26,120719,50.624105770,-123.539689660,2334.581000000,15,0.176000000,0.150000000,0.343000000
18:11:27,120719,50.624105772,-123.539689672,2334.581000000,15,0.176000000,0.150000000,0.343000000
18:11:28,120719,50.624105788,-123.539689692,2334.581000000,15,0.176000000,0.150000000,0.343000000
18:11:29,120719,50.624105793,-123.539689715,2334.581000000,15,0.176000000,0.150000000,0.343000000
18:11:30,120719,50.624105777,-123.539689717,2334.582000000,15,0.176000000,0.150000000,0.343000000
18:11:31,120719,50.624105737,-123.539689703,2334.577000000,15,0.176000000,0.150000000,0.343000000
18:11:32,120719,50.624105717,-123.539689687,2334.572000000,15,0.176000000,0.150000000,0.342000000
18:11:33,120719,50.624105698,-123.539689698,2334.569000000,15,0.176000000,0.150000000,0.342000000
18:11:34,120719,50.624105675,-123.539689678,2334.565000000,15,0.176000000,0.150000000,0.342000000
18:11:35,120719,50.624105653,-123.539689672,2334.563000000,15,0.176000000,0.150000000,0.342000000
18:11:36,120719,50.624105627,-123.539689677,2334.561000000,15,0.176000000,0.150000000,0.342000000
18:11:37,120719,50.624105592,-123.539689683,2334.557000000,15,0.176000000,0.150000000,0.342000000
18:11:38,120719,50.624105567,-123.539689695,2334.555000000,15,0.176000000,0.150000000,0.342000000
18:11:39,120719,50.624105565,-123.539689697,2334.558000000,15,0.176000000,0.150000000,0.342000000
18:11:40,120719,50.624105562,-123.539689717,2334.557000000,15,0.176000000,0.150000000,0.342000000
18:11:41,120719,50.624105545,-123.539689720,2334.555000000,15,0.176000000,0.150000000,0.342000000
18:11:42,120719,50.624105528,-123.539689758,2334.554000000,15,0.176000000,0.150000000,0.342000000
18:11:43,120719,50.624105575,-123.539689785,2334.561000000,15,0.176000000,0.150000000,0.342000000
18:11:44,120719,50.624105612,-123.539689815,2334.572000000,15,0.176000000,0.150000000,0.342000000
18:11:45,120719,50.624105637,-123.539689850,2334.582000000,15,0.176000000,0.150000000,0.342000000
18:11:46,120719,50.624105655,-123.539689887,2334.591000000,15,0.176000000,0.150000000,0.342000000
18:11:47,120719,50.624105700,-123.539689917,2334.599000000,15,0.176000000,0.150000000,0.342000000
18:11:48,120719,50.624105733,-123.539689947,2334.607000000,15,0.176000000,0.150000000,0.342000000
18:11:49,120719,50.624105665,-123.539689943,2334.601000000,15,0.176000000,0.150000000,0.342000000
18:11:50,120719,50.624105585,-123.539689930,2334.591000000,15,0.176000000,0.150000000,0.342000000
18:11:51,120719,50.624105487,-123.539689913,2334.579000000,15,0.176000000,0.150000000,0.342000000
18:11:52,120719,50.624105422,-123.539689898,2334.575000000,15,0.176000000,0.150000000,0.342000000
18:11:53,120719,50.624105385,-123.539689947,2334.567000000,15,0.176000000,0.150000000,0.342000000
18:11:54,120719,50.624105372,-123.539689940,2334.565000000,15,0.176000000,0.150000000,0.342000000
18:11:55,120719,50.624105357,-123.539689942,2334.558000000,15,0.176000000,0.150000000,0.342000000
18:11:56,120719,50.624105365,-123.539689928,2334.558000000,15,0.176000000,0.150000000,0.341000000
18:11:57,120719,50.624105380,-123.539689923,2334.557000000,15,0.176000000,0.150000000,0.341000000
18:11:58,120719,50.624105400,-123.539689920,2334.565000000,15,0.176000000,0.150000000,0.341000000
18:11:59,120719,50.624105427,-123.539689905,2334.570000000,14,0.176000000,0.150000000,0.341000000
18:12:00,120719,50.624105418,-123.539689917,2334.566000000,14,0.176000000,0.161000000,0.363000000
18:12:01,120719,50.624105375,-123.539689925,2334.562000000,14,0.176000000,0.161000000,0.363000000
18:12:02,120719,50.624105333,-123.539689918,2334.555000000,14,0.176000000,0.161000000,0.363000000
18:12:03,120719,50.624105323,-123.539689900,2334.553000000,14,0.176000000,0.161000000,0.363000000
18:12:04,120719,50.624105318,-123.539689868,2334.557000000,14,0.176000000,0.161000000,0.363000000
18:12:05,120719,50.624105300,-123.539689855,2334.557000000,14,0.176000000,0.161000000,0.363000000
18:12:06,120719,50.624105255,-123.539689865,2334.555000000,14,0.176000000,0.161000000,0.363000000
18:12:07,120719,50.624105208,-123.539689872,2334.551000000,14,0.176000000,0.161000000,0.363000000
18:12:08,120719,50.624105202,-123.539689862,2334.550000000,14,0.176000000,0.161000000,0.363000000
18:12:09,120719,50.624105187,-123.539689848,2334.547000000,14,0.176000000,0.161000000,0.363000000
18:12:10,120719,50.624105180,-123.539689850,2334.549000000,14,0.176000000,0.161000000,0.363000000
18:12:11,120719,50.624105187,-123.539689860,2334.553000000,14,0.176000000,0.161000000,0.363000000
18:12:12,120719,50.624105195,-123.539689858,2334.557000000,14,0.176000000,0.161000000,0.363000000
18:12:13,120719,50.624105203,-123.539689838,2334.562000000,14,0.176000000,0.161000000,0.363000000
18:12:14,120719,50.624105187,-123.539689813,2334.560000000,14,0.176000000,0.161000000,0.363000000
18:12:15,120719,50.624105185,-123.539689780,2334.564000000,14,0.176000000,0.161000000,0.362000000
18:12:16,120719,50.624105180,-123.539689772,2334.567000000,14,0.176000000,0.161000000,0.362000000
18:12:17,120719,50.624105168,-123.539689735,2334.565000000,14,0.176000000,0.161000000,0.362000000
18:12:18,120719,50.624105125,-123.539689713,2334.559000000,14,0.176000000,0.161000000,0.362000000
18:12:19,120719,50.624105118,-123.539689698,2334.560000000,14,0.176000000,0.161000000,0.362000000
18:12:20,120719,50.624105128,-123.539689680,2334.562000000,14,0.176000000,0.161000000,0.362000000
18:12:21,120719,50.624105113,-123.539689655,2334.562000000,14,0.176000000,0.161000000,0.362000000
18:12:22,120719,50.624105088,-123.539689620,2334.559000000,14,0.176000000,0.161000000,0.362000000
18:12:23,120719,50.624105062,-123.539689592,2334.551000000,14,0.176000000,0.161000000,0.362000000
18:12:24,120719,50.624105015,-123.539689575,2334.544000000,14,0.176000000,0.161000000,0.362000000
18:12:25,120719,50.624104943,-123.539689563,2334.533000000,14,0.176000000,0.161000000,0.362000000
18:12:26,120719,50.624104863,-123.539689543,2334.522000000,14,0.176000000,0.161000000,0.362000000
18:12:27,120719,50.624104795,-123.539689550,2334.517000000,14,0.176000000,0.161000000,0.362000000
18:12:28,120719,50.624104710,-123.539689542,2334.510000000,14,0.176000000,0.161000000,0.362000000
18:12:29,120719,50.624104657,-123.539689557,2334.502000000,14,0.176000000,0.161000000,0.362000000
18:12:30,120719,50.624104643,-123.539689555,2334.504000000,14,0.175000000,0.161000000,0.362000000
18:12:31,120719,50.624104678,-123.539689558,2334.510000000,14,0.175000000,0.161000000,0.362000000
18:12:32,120719,50.624104717,-123.539689545,2334.514000000,14,0.175000000,0.161000000,0.362000000
18:12:33,120719,50.624104747,-123.539689542,2334.516000000,14,0.175000000,0.161000000,0.362000000
18:12:34,120719,50.624104772,-123.539689547,2334.519000000,14,0.175000000,0.161000000,0.362000000
18:12:35,120719,50.624104805,-123.539689558,2334.525000000,14,0.175000000,0.161000000,0.362000000
18:12:36,120719,50.624104823,-123.539689557,2334.528000000,14,0.175000000,0.161000000,0.362000000
18:12:37,120719,50.624104852,-123.539689543,2334.532000000,14,0.175000000,0.161000000,0.362000000
18:12:38,120719,50.624104862,-123.539689518,2334.535000000,14,0.175000000,0.161000000,0.362000000
18:12:39,120719,50.624104900,-123.539689498,2334.541000000,14,0.175000000,0.161000000,0.361000000
18:12:40,120719,50.624104937,-123.539689477,2334.548000000,14,0.175000000,0.161000000,0.361000000
18:12:41,120719,50.624104970,-123.539689462,2334.554000000,14,0.175000000,0.161000000,0.361000000
18:12:42,120719,50.624104947,-123.539689442,2334.550000000,14,0.175000000,0.161000000,0.361000000
18:12:43,120719,50.624104895,-123.539689457,2334.541000000,14,0.175000000,0.161000000,0.361000000
18:12:44,120719,50.624104843,-123.539689458,2334.532000000,14,0.175000000,0.161000000,0.361000000
18:12:45,120719,50.624104813,-123.539689475,2334.527000000,14,0.175000000,0.161000000,0.361000000
18:12:46,120719,50.624104788,-123.539689490,2334.523000000,14,0.175000000,0.161000000,0.361000000
18:12:47,120719,50.624104740,-123.539689513,2334.516000000,14,0.175000000,0.161000000,0.361000000
18:12:48,120719,50.624104715,-123.539689502,2334.507000000,14,0.175000000,0.161000000,0.361000000
18:12:49,120719,50.624104710,-123.539689467,2334.505000000,14,0.175000000,0.161000000,0.361000000
18:12:50,120719,50.624104675,-123.539689487,2334.503000000,14,0.175000000,0.161000000,0.361000000
18:12:51,120719,50.624104665,-123.539689483,2334.505000000,14,0.175000000,0.161000000,0.361000000
18:12:52,120719,50.624104675,-123.539689497,2334.513000000,14,0.175000000,0.161000000,0.361000000
18:12:53,120719,50.624104675,-123.539689483,2334.521000000,14,0.175000000,0.161000000,0.361000000
18:12:54,120719,50.624104667,-123.539689470,2334.527000000,14,0.175000000,0.161000000,0.361000000
18:12:55,120719,50.624104692,-123.539689465,2334.534000000,14,0.175000000,0.161000000,0.361000000
18:12:56,120719,50.624104727,-123.539689488,2334.543000000,14,0.175000000,0.161000000,0.361000000
18:12:57,120719,50.624104783,-123.539689470,2334.554000000,14,0.175000000,0.161000000,0.361000000
18:12:58,120719,50.624104837,-123.539689473,2334.563000000,14,0.175000000,0.161000000,0.361000000
18:12:59,120719,50.624104858,-123.539689468,2334.566000000,14,0.175000000,0.161000000,0.361000000
18:13:00,120719,50.624104878,-123.539689453,2334.572000000,14,0.175000000,0.161000000,0.361000000
18:13:01,120719,50.624104905,-123.539689428,2334.580000000,14,0.175000000,0.161000000,0.361000000
18:13:02,120719,50.624104920,-123.539689420,2334.589000000,14,0.175000000,0.161000000,0.361000000
18:13:03,120719,50.624104917,-123.539689400,2334.591000000,14,0.175000000,0.161000000,0.360000000
18:13:04,120719,50.624104887,-123.539689383,2334.589000000,14,0.175000000,0.161000000,0.360000000
18:13:05,120719,50.624104880,-123.539689383,2334.586000000,14,0.175000000,0.161000000,0.360000000
18:13:06,120719,50.624104870,-123.539689382,2334.584000000,14,0.175000000,0.161000000,0.360000000
18:13:07,120719,50.624104830,-123.539689383,2334.585000000,14,0.175000000,0.161000000,0.360000000
18:13:08,120719,50.624104763,-123.539689400,2334.582000000,14,0.175000000,0.161000000,0.360000000
18:13:09,120719,50.624104708,-123.539689425,2334.581000000,14,0.175000000,0.161000000,0.360000000
18:13:10,120719,50.624104663,-123.539689442,2334.581000000,14,0.175000000,0.161000000,0.360000000
18:13:11,120719,50.624104628,-123.539689470,2334.581000000,14,0.175000000,0.161000000,0.360000000
18:13:12,120719,50.624104593,-123.539689478,2334.576000000,14,0.175000000,0.161000000,0.360000000
18:13:13,120719,50.624104557,-123.539689467,2334.571000000,14,0.175000000,0.161000000,0.360000000
18:13:14,120719,50.624104485,-123.539689452,2334.563000000,14,0.175000000,0.161000000,0.360000000
18:13:15,120719,50.624104453,-123.539689415,2334.565000000,14,0.175000000,0.161000000,0.360000000
18:13:16,120719,50.624104435,-123.539689412,2334.563000000,14,0.175000000,0.161000000,0.360000000
18:13:17,120719,50.624104423,-123.539689410,2334.562000000,14,0.175000000,0.161000000,0.360000000
18:13:18,120719,50.624104438,-123.539689407,2334.568000000,14,0.175000000,0.161000000,0.360000000
18:13:19,120719,50.624104518,-123.539689382,2334.581000000,14,0.175000000,0.161000000,0.360000000
18:13:20,120719,50.624104642,-123.539689365,2334.606000000,14,0.175000000,0.161000000,0.360000000
18:13:21,120719,50.624104768,-123.539689378,2334.627000000,14,0.174000000,0.161000000,0.360000000
18:13:22,120719,50.624104885,-123.539689365,2334.646000000,14,0.174000000,0.161000000,0.360000000
18:13:23,120719,50.624105020,-123.539689355,2334.660000000,14,0.174000000,0.161000000,0.360000000
18:13:24,120719,50.624105260,-123.539689208,2334.693000000,14,0.174000000,0.161000000,0.360000000
18:13:25,120719,50.624105353,-123.539689117,2334.711000000,14,0.174000000,0.161000000,0.360000000
18:13:26,120719,50.624105392,-123.539689115,2334.719000000,14,0.174000000,0.161000000,0.360000000
18:13:27,120719,50.624105423,-123.539689088,2334.727000000,14,0.174000000,0.161000000,0.360000000
18:13:28,120719,50.624105452,-123.539689105,2334.733000000,14,0.174000000,0.161000000,0.360000000
18:13:29,120719,50.624105477,-123.539689067,2334.738000000,14,0.174000000,0.161000000,0.360000000
18:13:30,120719,50.624105450,-123.539689065,2334.734000000,14,0.174000000,0.161000000,0.359000000
18:13:31,120719,50.624105427,-123.539689043,2334.732000000,14,0.174000000,0.161000000,0.359000000
18:13:32,120719,50.624105417,-123.539689057,2334.735000000,14,0.174000000,0.161000000,0.359000000
18:13:33,120719,50.624105408,-123.539689073,2334.739000000,14,0.174000000,0.161000000,0.359000000
18:13:34,120719,50.624105418,-123.539689075,2334.742000000,14,0.174000000,0.161000000,0.359000000
18:13:35,120719,50.624105435,-123.539689082,2334.743000000,14,0.174000000,0.161000000,0.359000000
18:13:36,120719,50.624105467,-123.539689092,2334.748000000,14,0.174000000,0.161000000,0.359000000
18:13:37,120719,50.624105480,-123.539689093,2334.749000000,14,0.174000000,0.161000000,0.359000000
18:13:38,120719,50.624105525,-123.539689088,2334.756000000,14,0.174000000,0.161000000,0.359000000
18:13:39,120719,50.624105577,-123.539689038,2334.763000000,14,0.174000000,0.161000000,0.359000000
18:13:40,120719,50.624105620,-123.539689038,2334.769000000,14,0.174000000,0.161000000,0.359000000
18:13:41,120719,50.624105695,-123.539689023,2334.779000000,14,0.174000000,0.161000000,0.359000000
18:13:42,120719,50.624105797,-123.539688972,2334.790000000,14,0.174000000,0.161000000,0.359000000
18:13:43,120719,50.624105893,-123.539688945,2334.800000000,14,0.174000000,0.161000000,0.359000000
18:13:44,120719,50.624105988,-123.539688912,2334.811000000,14,0.174000000,0.161000000,0.359000000
18:13:45,120719,50.624106002,-123.539688943,2334.813000000,14,0.174000000,0.161000000,0.359000000
18:13:46,120719,50.624106037,-123.539688942,2334.813000000,14,0.174000000,0.161000000,0.359000000
18:13:47,120719,50.624106040,-123.539688918,2334.813000000,14,0.174000000,0.161000000,0.359000000
18:13:48,120719,50.624106017,-123.539688990,2334.805000000,14,0.174000000,0.161000000,0.359000000
18:13:49,120719,50.624106002,-123.539689023,2334.804000000,14,0.174000000,0.161000000,0.359000000
18:13:50,120719,50.624105962,-123.539689050,2334.804000000,14,0.174000000,0.161000000,0.359000000
18:13:51,120719,50.624105913,-123.539689073,2334.794000000,14,0.174000000,0.161000000,0.359000000
18:13:52,120719,50.624105908,-123.539689073,2334.793000000,14,0.174000000,0.161000000,0.359000000
18:13:53,120719,50.624105940,-123.539689045,2334.794000000,14,0.174000000,0.161000000,0.359000000
18:13:54,120719,50.624105943,-123.539689018,2334.794000000,14,0.174000000,0.161000000,0.358000000
18:13:55,120719,50.624105907,-123.539688995,2334.788000000,14,0.174000000,0.161000000,0.358000000
18:13:56,120719,50.624105882,-123.539689005,2334.777000000,14,0.174000000,0.161000000,0.358000000
18:13:57,120719,50.624105877,-123.539689020,2334.772000000,14,0.174000000,0.161000000,0.358000000
18:13:58,120719,50.624105863,-123.539689045,2334.766000000,14,0.174000000,0.161000000,0.358000000
18:13:59,120719,50.624105868,-123.539689048,2334.760000000,14,0.174000000,0.161000000,0.358000000
18:14:00,120719,50.624105883,-123.539689072,2334.762000000,14,0.174000000,0.161000000,0.358000000
18:14:01,120719,50.624105933,-123.539689110,2334.771000000,14,0.174000000,0.161000000,0.358000000
18:14:02,120719,50.624105952,-123.539689142,2334.778000000,14,0.174000000,0.161000000,0.358000000
18:14:03,120719,50.624105983,-123.539689135,2334.786000000,14,0.174000000,0.161000000,0.358000000
18:14:04,120719,50.624106025,-123.539689145,2334.789000000,14,0.174000000,0.161000000,0.358000000
18:14:05,120719,50.624106035,-123.539689122,2334.791000000,14,0.174000000,0.161000000,0.358000000
18:14:06,120719,50.624106030,-123.539689148,2334.788000000,14,0.174000000,0.161000000,0.358000000
18:14:07,120719,50.624105992,-123.539689132,2334.780000000,14,0.174000000,0.161000000,0.358000000
18:14:08,120719,50.624105983,-123.539689175,2334.778000000,14,0.174000000,0.161000000,0.358000000
18:14:09,120719,50.624105973,-123.539689215,2334.776000000,14,0.174000000,0.161000000,0.358000000
18:14:10,120719,50.624105955,-123.539689258,2334.771000000,14,0.174000000,0.161000000,0.358000000
18:14:11,120719,50.624105948,-123.539689275,2334.769000000,14,0.174000000,0.161000000,0.358000000
18:14:12,120719,50.624105942,-123.539689327,2334.765000000,14,0.174000000,0.161000000,0.358000000
18:14:13,120719,50.624105910,-123.539689345,2334.755000000,14,0.174000000,0.161000000,0.358000000
18:14:14,120719,50.624105892,-123.539689318,2334.751000000,14,0.174000000,0.161000000,0.358000000
18:14:15,120719,50.624105853,-123.539689293,2334.741000000,14,0.173000000,0.161000000,0.358000000
18:14:16,120719,50.624105793,-123.539689312,2334.728000000,14,0.173000000,0.161000000,0.358000000
18:14:17,120719,50.624105722,-123.539689315,2334.716000000,14,0.173000000,0.161000000,0.358000000
18:14:18,120719,50.624105670,-123.539689323,2334.704000000,14,0.173000000,0.161000000,0.357000000
18:14:19,120719,50.624105665,-123.539689293,2334.700000000,14,0.173000000,0.161000000,0.357000000
18:14:20,120719,50.624105668,-123.539689273,2334.704000000,14,0.173000000,0.161000000,0.357000000
18:14:21,120719,50.624105623,-123.539689315,2334.685000000,14,0.173000000,0.161000000,0.357000000
18:14:22,120719,50.624105655,-123.539689275,2334.680000000,14,0.173000000,0.161000000,0.357000000
18:14:23,120719,50.624105722,-123.539689242,2334.686000000,14,0.173000000,0.161000000,0.357000000
18:14:24,120719,50.624105805,-123.539689238,2334.698000000,14,0.173000000,0.161000000,0.357000000
18:14:25,120719,50.624105857,-123.539689220,2334.706000000,14,0.173000000,0.161000000,0.357000000
18:14:26,120719,50.624105877,-123.539689207,2334.710000000,14,0.173000000,0.161000000,0.357000000
18:14:27,120719,50.624105885,-123.539689198,2334.712000000,14,0.173000000,0.161000000,0.357000000
18:14:28,120719,50.624105910,-123.539689138,2334.711000000,14,0.173000000,0.161000000,0.357000000
18:14:29,120719,50.624105925,-123.539689105,2334.710000000,14,0.173000000,0.161000000,0.357000000
18:14:30,120719,50.624105965,-123.539689092,2334.713000000,14,0.173000000,0.161000000,0.357000000
18:14:31,120719,50.624106040,-123.539689088,2334.723000000,14,0.173000000,0.161000000,0.357000000
18:14:32,120719,50.624106097,-123.539689095,2334.732000000,14,0.173000000,0.161000000,0.357000000
18:14:33,120719,50.624106178,-123.539689130,2334.743000000,14,0.173000000,0.161000000,0.357000000
18:14:34,120719,50.624106237,-123.539689173,2334.750000000,14,0.173000000,0.161000000,0.357000000
18:14:35,120719,50.624106270,-123.539689195,2334.753000000,14,0.173000000,0.161000000,0.357000000
18:14:36,120719,50.624106280,-123.539689213,2334.753000000,14,0.173000000,0.161000000,0.357000000
18:14:37,120719,50.624106313,-123.539689210,2334.758000000,14,0.173000000,0.161000000,0.357000000
18:14:38,120719,50.624106345,-123.539689188,2334.757000000,14,0.173000000,0.161000000,0.357000000
18:14:39,120719,50.624106350,-123.539689200,2334.762000000,14,0.173000000,0.161000000,0.357000000
18:14:40,120719,50.624106353,-123.539689218,2334.753000000,14,0.173000000,0.161000000,0.357000000
18:14:41,120719,50.624106357,-123.539689182,2334.751000000,14,0.173000000,0.161000000,0.356000000
18:14:42,120719,50.624106293,-123.539689207,2334.739000000,14,0.173000000,0.161000000,0.356000000
18:14:43,120719,50.624106242,-123.539689205,2334.728000000,14,0.173000000,0.161000000,0.356000000
18:14:44,120719,50.624106202,-123.539689222,2334.723000000,14,0.173000000,0.161000000,0.356000000
18:14:45,120719,50.624106172,-123.539689250,2334.718000000,14,0.173000000,0.161000000,0.356000000
18:14:46,120719,50.624106158,-123.539689242,2334.714000000,14,0.173000000,0.161000000,0.356000000
18:14:47,120719,50.624106163,-123.539689217,2334.713000000,14,0.173000000,0.161000000,0.356000000
18:14:48,120719,50.624106185,-123.539689185,2334.713000000,14,0.173000000,0.161000000,0.356000000
18:14:49,120719,50.624106170,-123.539689225,2334.705000000,14,0.173000000,0.161000000,0.356000000
18:14:50,120719,50.624106135,-123.539689230,2334.695000000,14,0.173000000,0.161000000,0.356000000
18:14:51,120719,50.624106148,-123.539689195,2334.693000000,14,0.173000000,0.161000000,0.356000000
18:14:52,120719,50.624106140,-123.539689182,2334.693000000,14,0.173000000,0.161000000,0.356000000
18:14:53,120719,50.624106105,-123.539689165,2334.688000000,14,0.173000000,0.161000000,0.356000000
18:14:54,120719,50.624106073,-123.539689138,2334.684000000,14,0.173000000,0.161000000,0.356000000
18:14:55,120719,50.624106088,-123.539689135,2334.687000000,14,0.173000000,0.161000000,0.356000000
18:14:56,120719,50.624106125,-123.539689157,2334.690000000,14,0.173000000,0.161000000,0.356000000
18:14:57,120719,50.624106133,-123.539689198,2334.690000000,14,0.173000000,0.161000000,0.356000000
18:14:58,120719,50.624106125,-123.539689217,2334.686000000,14,0.173000000,0.161000000,0.356000000
18:14:59,120719,50.624106097,-123.539689238,2334.682000000,14,0.173000000,0.161000000,0.356000000
18:15:00,120719,50.624106080,-123.539689277,2334.674000000,14,0.173000000,0.161000000,0.356000000
18:15:01,120719,50.624106043,-123.539689313,2334.671000000,14,0.173000000,0.161000000,0.356000000
18:15:02,120719,50.624106038,-123.539689295,2334.673000000,14,0.173000000,0.161000000,0.355000000
18:15:03,120719,50.624106060,-123.539689252,2334.676000000,14,0.173000000,0.161000000,0.355000000
18:15:04,120719,50.624106082,-123.539689237,2334.675000000,14,0.173000000,0.161000000,0.355000000
18:15:05,120719,50.624106080,-123.539689203,2334.673000000,14,0.173000000,0.161000000,0.355000000
18:15:06,120719,50.624106083,-123.539689178,2334.671000000,14,0.173000000,0.161000000,0.355000000
18:15:07,120719,50.624106117,-123.539689157,2334.676000000,14,0.173000000,0.161000000,0.355000000
18:15:08,120719,50.624106155,-123.539689160,2334.686000000,14,0.172000000,0.161000000,0.355000000
18:15:09,120719,50.624106183,-123.539689192,2334.694000000,14,0.172000000,0.161000000,0.355000000
18:15:10,120719,50.624106213,-123.539689207,2334.700000000,14,0.172000000,0.161000000,0.355000000
18:15:11,120719,50.624106215,-123.539689230,2334.699000000,14,0.172000000,0.161000000,0.355000000
18:15:12,120719,50.624106203,-123.539689250,2334.698000000,14,0.172000000,0.161000000,0.355000000
18:15:13,120719,50.624106173,-123.539689247,2334.694000000,14,0.172000000,0.161000000,0.355000000
18:15:14,120719,50.624106142,-123.539689233,2334.691000000,14,0.172000000,0.161000000,0.355000000
18:15:15,120719,50.624106123,-123.539689193,2334.690000000,14,0.172000000,0.161000000,0.355000000
18:15:16,120719,50.624106107,-123.539689173,2334.686000000,14,0.172000000,0.161000000,0.355000000
18:15:17,120719,50.624106063,-123.539689175,2334.680000000,14,0.172000000,0.161000000,0.355000000
18:15:18,120719,50.624106022,-123.539689188,2334.673000000,14,0.172000000,0.161000000,0.355000000
18:15:19,120719,50.624106028,-123.539689163,2334.674000000,14,0.172000000,0.161000000,0.355000000
18:15:20,120719,50.624106065,-123.539689168,2334.677000000,14,0.172000000,0.161000000,0.355000000
18:15:21,120719,50.624106077,-123.539689173,2334.680000000,14,0.172000000,0.161000000,0.355000000
18:15:22,120719,50.624106072,-123.539689182,2334.680000000,14,0.172000000,0.161000000,0.355000000
18:15:23,120719,50.624106043,-123.539689188,2334.681000000,14,0.172000000,0.161000000,0.355000000
18:15:24,120719,50.624106055,-123.539689228,2334.679000000,14,0.172000000,0.161000000,0.355000000
18:15:25,120719,50.624106090,-123.539689227,2334.685000000,14,0.172000000,0.161000000,0.355000000
18:15:26,120719,50.624106110,-123.539689220,2334.685000000,14,0.172000000,0.161000000,0.354000000
18:15:27,120719,50.624106088,-123.539689237,2334.681000000,14,0.172000000,0.161000000,0.354000000
18:15:28,120719,50.624106065,-123.539689222,2334.678000000,14,0.172000000,0.161000000,0.354000000
18:15:29,120719,50.624106073,-123.539689212,2334.681000000,14,0.172000000,0.161000000,0.354000000
18:15:30,120719,50.624106098,-123.539689175,2334.683000000,14,0.172000000,0.161000000,0.354000000
18:15:31,120719,50.624106102,-123.539689137,2334.678000000,14,0.172000000,0.161000000,0.354000000
18:15:32,120719,50.624106108,-123.539689132,2334.672000000,14,0.172000000,0.161000000,0.354000000
18:15:33,120719,50.624106082,-123.539689140,2334.664000000,14,0.172000000,0.161000000,0.354000000
18:15:34,120719,50.624106060,-123.539689140,2334.661000000,14,0.172000000,0.161000000,0.354000000
18:15:35,120719,50.624106063,-123.539689143,2334.660000000,14,0.172000000,0.161000000,0.354000000
18:15:36,120719,50.624106063,-123.539689142,2334.657000000,14,0.172000000,0.161000000,0.354000000
18:15:37,120719,50.624106052,-123.539689125,2334.653000000,14,0.172000000,0.161000000,0.354000000
18:15:38,120719,50.624106053,-123.539689073,2334.654000000,14,0.172000000,0.161000000,0.354000000
18:15:39,120719,50.624106053,-123.539689030,2334.653000000,14,0.172000000,0.161000000,0.354000000
18:15:40,120719,50.624106068,-123.539689003,2334.648000000,14,0.172000000,0.161000000,0.354000000
18:15:41,120719,50.624106082,-123.539688978,2334.650000000,14,0.172000000,0.161000000,0.354000000
18:15:42,120719,50.624106085,-123.539688978,2334.648000000,14,0.172000000,0.161000000,0.354000000
18:15:43,120719,50.624106073,-123.539688988,2334.646000000,14,0.172000000,0.161000000,0.354000000
18:15:44,120719,50.624106062,-123.539688990,2334.643000000,14,0.172000000,0.161000000,0.354000000
18:15:45,120719,50.624106067,-123.539688987,2334.645000000,14,0.172000000,0.161000000,0.354000000
18:15:46,120719,50.624106088,-123.539689033,2334.646000000,14,0.172000000,0.161000000,0.354000000
18:15:47,120719,50.624106080,-123.539689027,2334.644000000,14,0.172000000,0.161000000,0.354000000
18:15:48,120719,50.624106043,-123.539689030,2334.637000000,14,0.172000000,0.161000000,0.354000000
18:15:49,120719,50.624106008,-123.539689023,2334.637000000,14,0.172000000,0.161000000,0.354000000
18:15:50,120719,50.624106030,-123.539689033,2334.631000000,14,0.172000000,0.161000000,0.353000000
18:15:51,120719,50.624106003,-123.539689012,2334.632000000,14,0.172000000,0.161000000,0.353000000
18:15:52,120719,50.624106003,-123.539688988,2334.630000000,14,0.172000000,0.161000000,0.353000000
18:15:53,120719,50.624105990,-123.539688983,2334.626000000,14,0.172000000,0.161000000,0.353000000
18:15:54,120719,50.624105985,-123.539688960,2334.630000000,14,0.172000000,0.161000000,0.353000000
18:15:55,120719,50.624106003,-123.539688907,2334.626000000,14,0.172000000,0.161000000,0.353000000
18:15:56,120719,50.624105998,-123.539688947,2334.629000000,14,0.172000000,0.161000000,0.353000000
18:15:57,120719,50.624106002,-123.539688923,2334.624000000,14,0.172000000,0.161000000,0.353000000
18:15:58,120719,50.624105982,-123.539688942,2334.619000000,14,0.172000000,0.161000000,0.353000000
18:15:59,120719,50.624105943,-123.539688948,2334.614000000,14,0.172000000,0.161000000,0.353000000
18:16:00,120719,50.624105962,-123.539688943,2334.614000000,14,0.172000000,0.161000000,0.353000000
18:16:01,120719,50.624105987,-123.539688957,2334.616000000,14,0.172000000,0.161000000,0.353000000
18:16:02,120719,50.624105992,-123.539688950,2334.615000000,14,0.171000000,0.161000000,0.353000000
18:16:03,120719,50.624106008,-123.539688910,2334.618000000,14,0.171000000,0.161000000,0.353000000
18:16:04,120719,50.624106025,-123.539688923,2334.618000000,14,0.171000000,0.161000000,0.353000000
18:16:05,120719,50.624106043,-123.539688908,2334.616000000,14,0.171000000,0.161000000,0.353000000
18:16:06,120719,50.624106042,-123.539688912,2334.612000000,14,0.171000000,0.161000000,0.353000000
18:16:07,120719,50.624106038,-123.539688915,2334.610000000,14,0.171000000,0.161000000,0.353000000
18:16:08,120719,50.624106055,-123.539688970,2334.612000000,14,0.171000000,0.161000000,0.353000000
18:16:09,120719,50.624106083,-123.539688983,2334.614000000,14,0.171000000,0.161000000,0.353000000
18:16:10,120719,50.624106115,-123.539688962,2334.611000000,14,0.171000000,0.161000000,0.353000000
18:16:11,120719,50.624106110,-123.539688953,2334.611000000,14,0.171000000,0.161000000,0.353000000
18:16:12,120719,50.624106127,-123.539688917,2334.609000000,14,0.171000000,0.161000000,0.353000000
18:16:13,120719,50.624106097,-123.539688963,2334.605000000,14,0.171000000,0.161000000,0.353000000
18:16:14,120719,50.624106090,-123.539688908,2334.596000000,14,0.171000000,0.161000000,0.352000000
18:16:15,120719,50.624106097,-123.539688962,2334.600000000,14,0.171000000,0.161000000,0.352000000
18:16:16,120719,50.624106048,-123.539688947,2334.593000000,14,0.171000000,0.161000000,0.352000000
18:16:17,120719,50.624106115,-123.539688958,2334.603000000,14,0.171000000,0.161000000,0.352000000
18:16:18,120719,50.624106138,-123.539688967,2334.601000000,14,0.171000000,0.161000000,0.352000000
18:16:19,120719,50.624106157,-123.539688962,2334.602000000,14,0.171000000,0.161000000,0.352000000
18:16:20,120719,50.624106157,-123.539688923,2334.602000000,14,0.171000000,0.161000000,0.352000000
18:16:21,120719,50.624106230,-123.539688915,2334.610000000,14,0.171000000,0.161000000,0.352000000
18:16:22,120719,50.624106283,-123.539688888,2334.620000000,14,0.171000000,0.161000000,0.352000000
18:16:23,120719,50.624106330,-123.539688860,2334.628000000,14,0.171000000,0.161000000,0.352000000
18:16:24,120719,50.624106323,-123.539688912,2334.621000000,14,0.171000000,0.161000000,0.352000000
18:16:25,120719,50.624106317,-123.539688898,2334.621000000,14,0.171000000,0.161000000,0.352000000
18:16:26,120719,50.624106313,-123.539688895,2334.619000000,14,0.171000000,0.161000000,0.352000000
18:16:27,120719,50.624106285,-123.539688905,2334.625000000,14,0.171000000,0.161000000,0.352000000
18:16:28,120719,50.624106163,-123.539688918,2334.608000000,14,0.171000000,0.161000000,0.352000000
18:16:29,120719,50.624106115,-123.539688950,2334.595000000,14,0.171000000,0.161000000,0.352000000
18:16:30,120719,50.624106035,-123.539688943,2334.575000000,14,0.171000000,0.161000000,0.352000000
18:16:31,120719,50.624105972,-123.539689015,2334.565000000,14,0.171000000,0.161000000,0.352000000
18:16:32,120719,50.624105965,-123.539689060,2334.562000000,14,0.171000000,0.161000000,0.352000000
18:16:33,120719,50.624105938,-123.539689098,2334.564000000,14,0.171000000,0.161000000,0.352000000
18:16:34,120719,50.624105948,-123.539689112,2334.567000000,14,0.171000000,0.161000000,0.352000000
18:16:35,120719,50.624105980,-123.539689113,2334.572000000,14,0.171000000,0.161000000,0.352000000
18:16:36,120719,50.624106103,-123.539689075,2334.591000000,14,0.171000000,0.161000000,0.352000000
18:16:37,120719,50.624106193,-123.539689032,2334.603000000,14,0.171000000,0.161000000,0.351000000
18:16:38,120719,50.624106257,-123.539689032,2334.612000000,14,0.171000000,0.161000000,0.351000000
18:16:39,120719,50.624106262,-123.539689065,2334.610000000,14,0.171000000,0.161000000,0.351000000
18:16:40,120719,50.624106268,-123.539689073,2334.610000000,14,0.171000000,0.161000000,0.351000000
18:16:41,120719,50.624106273,-123.539689098,2334.611000000,14,0.171000000,0.161000000,0.351000000
18:16:42,120719,50.624106270,-123.539689108,2334.607000000,14,0.171000000,0.161000000,0.351000000
18:16:43,120719,50.624106273,-123.539689103,2334.615000000,14,0.171000000,0.161000000,0.351000000
18:16:44,120719,50.624106240,-123.539689135,2334.609000000,14,0.171000000,0.161000000,0.351000000
18:16:45,120719,50.624106208,-123.539689198,2334.601000000,14,0.171000000,0.161000000,0.351000000
18:16:46,120719,50.624106160,-123.539689227,2334.591000000,14,0.171000000,0.161000000,0.351000000
18:16:47,120719,50.624106148,-123.539689232,2334.587000000,14,0.171000000,0.161000000,0.351000000
18:16:48,120719,50.624106198,-123.539689242,2334.587000000,14,0.171000000,0.161000000,0.351000000
18:16:49,120719,50.624106280,-123.539689238,2334.593000000,14,0.171000000,0.161000000,0.351000000
18:16:50,120719,50.624106263,-123.539689267,2334.593000000,14,0.171000000,0.161000000,0.351000000
18:16:51,120719,50.624106262,-123.539689277,2334.603000000,14,0.171000000,0.161000000,0.351000000
18:16:52,120719,50.624106245,-123.539689257,2334.600000000,14,0.171000000,0.161000000,0.351000000
18:16:53,120719,50.624106247,-123.539689235,2334.601000000,14,0.171000000,0.161000000,0.351000000
18:16:54,120719,50.624106233,-123.539689257,2334.603000000,14,0.171000000,0.161000000,0.351000000
18:16:55,120719,50.624106237,-123.539689240,2334.603000000,14,0.170000000,0.161000000,0.351000000
18:16:56,120719,50.624106268,-123.539689252,2334.607000000,14,0.170000000,0.161000000,0.351000000
18:16:57,120719,50.624106300,-123.539689253,2334.614000000,14,0.170000000,0.161000000,0.351000000
18:16:58,120719,50.624106337,-123.539689260,2334.618000000,14,0.170000000,0.161000000,0.350000000
18:16:59,120719,50.624106330,-123.539689265,2334.613000000,14,0.170000000,0.161000000,0.350000000
18:17:00,120719,50.624106335,-123.539689285,2334.612000000,14,0.170000000,0.161000000,0.350000000
18:17:01,120719,50.624106375,-123.539689298,2334.620000000,14,0.170000000,0.161000000,0.350000000
18:17:02,120719,50.624106428,-123.539689285,2334.632000000,14,0.170000000,0.161000000,0.350000000
18:17:03,120719,50.624106482,-123.539689277,2334.644000000,14,0.170000000,0.161000000,0.350000000
18:17:04,120719,50.624106548,-123.539689272,2334.652000000,14,0.170000000,0.161000000,0.350000000
18:17:05,120719,50.624106588,-123.539689273,2334.658000000,14,0.170000000,0.161000000,0.350000000
18:17:06,120719,50.624106578,-123.539689223,2334.661000000,14,0.170000000,0.161000000,0.350000000
18:17:07,120719,50.624106568,-123.539689285,2334.646000000,14,0.170000000,0.161000000,0.350000000
18:17:08,120719,50.624106532,-123.539689238,2334.645000000,14,0.170000000,0.161000000,0.350000000
18:17:09,120719,50.624106527,-123.539689262,2334.636000000,14,0.170000000,0.161000000,0.350000000
18:17:10,120719,50.624106507,-123.539689245,2334.643000000,14,0.170000000,0.161000000,0.350000000
18:17:11,120719,50.624106513,-123.539689237,2334.629000000,14,0.170000000,0.161000000,0.350000000
18:17:12,120719,50.624106483,-123.539689205,2334.642000000,14,0.170000000,0.161000000,0.350000000
18:17:13,120719,50.624106535,-123.539689248,2334.640000000,14,0.170000000,0.161000000,0.350000000
18:17:14,120719,50.624106552,-123.539689192,2334.647000000,14,0.170000000,0.161000000,0.350000000
18:17:15,120719,50.624106512,-123.539689195,2334.632000000,14,0.170000000,0.161000000,0.350000000
18:17:16,120719,50.624106502,-123.539689182,2334.629000000,14,0.170000000,0.161000000,0.350000000
18:17:17,120719,50.624106518,-123.539689158,2334.633000000,14,0.170000000,0.161000000,0.350000000
18:17:18,120719,50.624106538,-123.539689145,2334.644000000,14,0.170000000,0.161000000,0.350000000
18:17:19,120719,50.624106572,-123.539689138,2334.655000000,14,0.170000000,0.161000000,0.350000000
18:17:20,120719,50.624106653,-123.539689118,2334.663000000,14,0.170000000,0.161000000,0.350000000
18:17:21,120719,50.624106705,-123.539689110,2334.669000000,14,0.170000000,0.161000000,0.350000000
18:17:22,120719,50.624106752,-123.539689053,2334.675000000,14,0.170000000,0.161000000,0.349000000
18:17:23,120719,50.624106787,-123.539689035,2334.675000000,14,0.170000000,0.161000000,0.349000000
18:17:24,120719,50.624106772,-123.539689015,2334.674000000,14,0.170000000,0.161000000,0.349000000
18:17:25,120719,50.624106757,-123.539689008,2334.670000000,14,0.170000000,0.161000000,0.349000000
18:17:26,120719,50.624106742,-123.539688985,2334.671000000,14,0.170000000,0.161000000,0.349000000
18:17:27,120719,50.624106737,-123.539688948,2334.671000000,14,0.170000000,0.161000000,0.349000000
18:17:28,120719,50.624106688,-123.539688927,2334.671000000,14,0.170000000,0.161000000,0.349000000
18:17:29,120719,50.624106660,-123.539688925,2334.665000000,14,0.170000000,0.161000000,0.349000000
18:17:30,120719,50.624106642,-123.539688890,2334.667000000,14,0.170000000,0.161000000,0.349000000
18:17:31,120719,50.624106650,-123.539688850,2334.663000000,14,0.170000000,0.161000000,0.349000000
18:17:32,120719,50.624106713,-123.539688788,2334.670000000,14,0.170000000,0.161000000,0.349000000
18:17:33,120719,50.624106700,-123.539688843,2334.674000000,14,0.170000000,0.161000000,0.349000000
18:17:34,120719,50.624106658,-123.539688858,2334.670000000,14,0.170000000,0.161000000,0.349000000
18:17:35,120719,50.624106735,-123.539688912,2334.682000000,14,0.170000000,0.161000000,0.349000000
18:17:36,120719,50.624106743,-123.539688910,2334.677000000,14,0.170000000,0.161000000,0.349000000
18:17:37,120719,50.624106740,-123.539688925,2334.674000000,14,0.170000000,0.161000000,0.349000000
18:17:38,120719,50.624106747,-123.539688870,2334.684000000,14,0.170000000,0.161000000,0.349000000
18:17:39,120719,50.624106708,-123.539688768,2334.686000000,14,0.170000000,0.161000000,0.349000000
18:17:40,120719,50.624106647,-123.539688652,2334.693000000,14,0.170000000,0.161000000,0.349000000
18:17:41,120719,50.624106633,-123.539688653,2334.692000000,14,0.170000000,0.161000000,0.349000000
18:17:42,120719,50.624106703,-123.539688650,2334.692000000,14,0.170000000,0.161000000,0.349000000
18:17:43,120719,50.624106717,-123.539688705,2334.702000000,14,0.170000000,0.161000000,0.348000000
18:17:44,120719,50.624106735,-123.539688748,2334.707000000,14,0.170000000,0.161000000,0.348000000
18:17:45,120719,50.624106785,-123.539688758,2334.713000000,14,0.170000000,0.161000000,0.348000000
18:17:46,120719,50.624106823,-123.539688765,2334.717000000,14,0.170000000,0.161000000,0.348000000
18:17:47,120719,50.624106837,-123.539688778,2334.723000000,14,0.170000000,0.161000000,0.348000000
18:17:48,120719,50.624106807,-123.539688888,2334.719000000,14,0.170000000,0.161000000,0.348000000
18:17:49,120719,50.624106770,-123.539688913,2334.719000000,14,0.170000000,0.161000000,0.348000000
18:17:50,120719,50.624106702,-123.539688920,2334.725000000,14,0.170000000,0.161000000,0.348000000
18:17:51,120719,50.624106675,-123.539688955,2334.706000000,14,0.170000000,0.161000000,0.348000000
18:17:52,120719,50.624106668,-123.539688918,2334.710000000,14,0.169000000,0.161000000,0.348000000
18:17:53,120719,50.624106658,-123.539688933,2334.709000000,14,0.169000000,0.161000000,0.348000000
18:17:54,120719,50.624106620,-123.539688930,2334.701000000,14,0.169000000,0.161000000,0.348000000
18:17:55,120719,50.624106615,-123.539688907,2334.696000000,14,0.169000000,0.161000000,0.348000000
18:17:56,120719,50.624106637,-123.539688867,2334.693000000,14,0.169000000,0.161000000,0.348000000
18:17:57,120719,50.624106703,-123.539688840,2334.698000000,14,0.169000000,0.161000000,0.348000000
18:17:58,120719,50.624106727,-123.539688837,2334.697000000,14,0.169000000,0.161000000,0.348000000
18:17:59,120719,50.624106745,-123.539688827,2334.700000000,14,0.169000000,0.161000000,0.348000000
18:18:00,120719,50.624106778,-123.539688813,2334.704000000,14,0.169000000,0.161000000,0.348000000
18:18:01,120719,50.624106798,-123.539688780,2334.710000000,14,0.169000000,0.161000000,0.348000000
18:18:02,120719,50.624106848,-123.539688768,2334.717000000,14,0.169000000,0.161000000,0.348000000
18:18:03,120719,50.624106932,-123.539688753,2334.727000000,14,0.169000000,0.161000000,0.348000000
18:18:04,120719,50.624106982,-123.539688778,2334.734000000,14,0.169000000,0.161000000,0.348000000
18:18:05,120719,50.624106998,-123.539688795,2334.732000000,14,0.169000000,0.161000000,0.348000000
18:18:06,120719,50.624107023,-123.539688793,2334.733000000,14,0.169000000,0.161000000,0.348000000
18:18:07,120719,50.624107053,-123.539688792,2334.732000000,14,0.169000000,0.161000000,0.347000000
18:18:08,120719,50.624107090,-123.539688775,2334.740000000,14,0.169000000,0.161000000,0.347000000
18:18:09,120719,50.624107128,-123.539688770,2334.745000000,14,0.169000000,0.161000000,0.347000000
18:18:10,120719,50.624107148,-123.539688732,2334.749000000,14,0.169000000,0.161000000,0.347000000
18:18:11,120719,50.624107150,-123.539688710,2334.751000000,14,0.169000000,0.161000000,0.347000000
18:18:12,120719,50.624107138,-123.539688673,2334.751000000,14,0.169000000,0.161000000,0.347000000
18:18:13,120719,50.624107140,-123.539688667,2334.756000000,14,0.169000000,0.161000000,0.347000000
18:18:14,120719,50.624107162,-123.539688610,2334.766000000,14,0.169000000,0.161000000,0.347000000
18:18:15,120719,50.624107213,-123.539688593,2334.778000000,14,0.169000000,0.161000000,0.347000000
18:18:16,120719,50.624107165,-123.539688538,2334.782000000,14,0.169000000,0.161000000,0.347000000
18:18:17,120719,50.624107118,-123.539688443,2334.784000000,14,0.169000000,0.161000000,0.347000000
18:18:18,120719,50.624107083,-123.539688372,2334.786000000,14,0.169000000,0.161000000,0.347000000
18:18:19,120719,50.624107083,-123.539688313,2334.793000000,14,0.169000000,0.161000000,0.347000000
18:18:20,120719,50.624107075,-123.539688290,2334.797000000,14,0.169000000,0.161000000,0.347000000
18:18:21,120719,50.624107107,-123.539688267,2334.802000000,14,0.169000000,0.161000000,0.347000000
18:18:22,120719,50.624107095,-123.539688250,2334.804000000,14,0.169000000,0.161000000,0.347000000
18:18:23,120719,50.624107108,-123.539688293,2334.807000000,14,0.169000000,0.161000000,0.347000000
18:18:24,120719,50.624107123,-123.539688235,2334.814000000,14,0.169000000,0.161000000,0.347000000
18:18:25,120719,50.624107117,-123.539688157,2334.820000000,14,0.169000000,0.161000000,0.347000000
18:18:26,120719,50.624107122,-123.539688128,2334.821000000,14,0.169000000,0.161000000,0.347000000
18:18:27,120719,50.624107112,-123.539688080,2334.826000000,14,0.169000000,0.161000000,0.347000000
18:18:28,120719,50.624107123,-123.539688038,2334.829000000,14,0.169000000,0.161000000,0.346000000
18:18:29,120719,50.624107147,-123.539688030,2334.834000000,14,0.169000000,0.161000000,0.346000000
18:18:30,120719,50.624107142,-123.539688048,2334.840000000,14,0.169000000,0.161000000,0.346000000
18:18:31,120719,50.624107152,-123.539688013,2334.843000000,14,0.169000000,0.161000000,0.346000000
18:18:32,120719,50.624107152,-123.539688023,2334.845000000,14,0.169000000,0.161000000,0.346000000
18:18:33,120719,50.624107142,-123.539688068,2334.839000000,14,0.169000000,0.161000000,0.346000000
18:18:34,120719,50.624107127,-123.539688058,2334.843000000,14,0.169000000,0.161000000,0.346000000
18:18:35,120719,50.624107135,-123.539687983,2334.850000000,14,0.169000000,0.161000000,0.346000000
18:18:36,120719,50.624107095,-123.539687968,2334.850000000,14,0.169000000,0.161000000,0.346000000
18:18:37,120719,50.624107015,-123.539687887,2334.849000000,14,0.169000000,0.161000000,0.346000000
18:18:38,120719,50.624106922,-123.539687832,2334.846000000,14,0.169000000,0.161000000,0.346000000
18:18:39,120719,50.624106858,-123.539687813,2334.845000000,14,0.169000000,0.161000000,0.346000000
18:18:40,120719,50.624106782,-123.539687770,2334.843000000,14,0.169000000,0.161000000,0.346000000
18:18:41,120719,50.624106757,-123.539687752,2334.840000000,14,0.169000000,0.161000000,0.346000000
18:18:42,120719,50.624106775,-123.539687768,2334.841000000,14,0.169000000,0.161000000,0.346000000
18:18:43,120719,50.624106873,-123.539687823,2334.850000000,14,0.169000000,0.161000000,0.346000000
18:18:44,120719,50.624106973,-123.539687850,2334.862000000,14,0.169000000,0.161000000,0.346000000
18:18:45,120719,50.624107022,-123.539687730,2334.880000000,14,0.169000000,0.161000000,0.346000000
18:18:46,120719,50.624107057,-123.539687777,2334.892000000,14,0.168000000,0.161000000,0.346000000
18:18:47,120719,50.624107138,-123.539687728,2334.911000000,14,0.168000000,0.161000000,0.346000000
18:18:48,120719,50.624107205,-123.539687643,2334.930000000,14,0.168000000,0.161000000,0.346000000
18:18:49,120719,50.624107203,-123.539687535,2334.941000000,14,0.168000000,0.161000000,0.346000000
18:18:50,120719,50.624107125,-123.539687480,2334.944000000,14,0.168000000,0.161000000,0.346000000
18:18:51,120719,50.624107048,-123.539687402,2334.948000000,14,0.168000000,0.161000000,0.346000000
18:18:52,120719,50.624107028,-123.539687468,2334.948000000,14,0.168000000,0.161000000,0.345000000
18:18:53,120719,50.624107015,-123.539687543,2334.939000000,14,0.168000000,0.161000000,0.345000000
18:18:54,120719,50.624106995,-123.539687600,2334.930000000,14,0.168000000,0.161000000,0.345000000
18:18:55,120719,50.624106967,-123.539687535,2334.928000000,14,0.168000000,0.161000000,0.345000000
18:18:56,120719,50.624106950,-123.539687507,2334.928000000,14,0.168000000,0.161000000,0.345000000
18:18:57,120719,50.624107002,-123.539687543,2334.940000000,14,0.168000000,0.161000000,0.345000000
18:18:58,120719,50.624106840,-123.539687538,2334.923000000,14,0.168000000,0.161000000,0.345000000
18:18:59,120719,50.624106853,-123.539687563,2334.925000000,14,0.168000000,0.161000000,0.345000000
18:19:00,120719,50.624106868,-123.539687628,2334.914000000,14,0.168000000,0.161000000,0.345000000
18:19:01,120719,50.624106905,-123.539687615,2334.916000000,14,0.168000000,0.161000000,0.345000000
18:19:02,120719,50.624106873,-123.539687622,2334.915000000,14,0.168000000,0.161000000,0.345000000
18:19:03,120719,50.624106928,-123.539687315,2334.913000000,14,0.168000000,0.161000000,0.345000000
18:19:04,120719,50.624106913,-123.539687448,2334.929000000,14,0.168000000,0.161000000,0.345000000
18:19:05,120719,50.624106898,-123.539687542,2334.932000000,14,0.168000000,0.161000000,0.345000000
18:19:06,120719,50.624106887,-123.539687545,2334.946000000,14,0.168000000,0.161000000,0.345000000
18:19:07,120719,50.624106835,-123.539687588,2334.950000000,14,0.168000000,0.161000000,0.345000000
18:19:08,120719,50.624106777,-123.539687675,2334.945000000,14,0.168000000,0.161000000,0.345000000
18:19:09,120719,50.624106717,-123.539687717,2334.936000000,14,0.168000000,0.161000000,0.345000000
18:19:10,120719,50.624106695,-123.539687747,2334.931000000,14,0.168000000,0.161000000,0.345000000
18:19:11,120719,50.624106695,-123.539687725,2334.937000000,14,0.168000000,0.161000000,0.345000000
18:19:12,120719,50.624106682,-123.539687673,2334.948000000,14,0.168000000,0.161000000,0.345000000
18:19:13,120719,50.624106693,-123.539687628,2334.955000000,14,0.168000000,0.161000000,0.344000000
18:19:14,120719,50.624106667,-123.539687668,2334.961000000,14,0.168000000,0.161000000,0.344000000
18:19:15,120719,50.624106635,-123.539687703,2334.959000000,14,0.168000000,0.161000000,0.344000000
18:19:16,120719,50.624106623,-123.539687727,2334.959000000,14,0.168000000,0.161000000,0.344000000
18:19:17,120719,50.624106617,-123.539687770,2334.953000000,14,0.168000000,0.161000000,0.344000000
18:19:18,120719,50.624106637,-123.539687835,2334.950000000,14,0.168000000,0.161000000,0.344000000
18:19:19,120719,50.624106682,-123.539687825,2334.956000000,14,0.168000000,0.161000000,0.344000000
18:19:20,120719,50.624106755,-123.539687855,2334.963000000,14,0.168000000,0.161000000,0.344000000
18:19:21,120719,50.624106768,-123.539687838,2334.967000000,14,0.168000000,0.161000000,0.344000000
18:19:22,120719,50.624106797,-123.539687920,2334.967000000,14,0.168000000,0.161000000,0.344000000
18:19:23,120719,50.624106787,-123.539687967,2334.962000000,14,0.168000000,0.161000000,0.344000000
18:19:24,120719,50.624106737,-123.539687922,2334.970000000,14,0.168000000,0.161000000,0.344000000
18:19:25,120719,50.624106698,-123.539687860,2334.966000000,14,0.168000000,0.161000000,0.344000000
18:19:26,120719,50.624106653,-123.539687815,2334.970000000,14,0.168000000,0.161000000,0.344000000
18:19:27,120719,50.624106612,-123.539687777,2334.970000000,14,0.168000000,0.161000000,0.344000000
18:19:28,120719,50.624106635,-123.539687782,2334.974000000,14,0.168000000,0.161000000,0.344000000
18:19:29,120719,50.624106655,-123.539687840,2334.971000000,14,0.168000000,0.161000000,0.344000000
18:19:30,120719,50.624106672,-123.539687857,2334.971000000,14,0.168000000,0.161000000,0.344000000
18:19:31,120719,50.624106645,-123.539687870,2334.964000000,14,0.168000000,0.161000000,0.344000000
18:19:32,120719,50.624106683,-123.539687875,2334.962000000,14,0.168000000,0.161000000,0.344000000
18:19:33,120719,50.624106657,-123.539688003,2334.947000000,14,0.168000000,0.161000000,0.344000000
18:19:34,120719,50.624106647,-123.539687867,2334.948000000,14,0.168000000,0.161000000,0.343000000
18:19:35,120719,50.624106663,-123.539687895,2334.951000000,14,0.168000000,0.161000000,0.343000000
18:19:36,120719,50.624106727,-123.539688038,2334.937000000,14,0.168000000,0.161000000,0.343000000
18:19:37,120719,50.624106790,-123.539688160,2334.933000000,14,0.168000000,0.161000000,0.343000000
18:19:38,120719,50.624106872,-123.539688288,2334.930000000,14,0.168000000,0.161000000,0.343000000
18:19:39,120719,50.624106910,-123.539688370,2334.925000000,14,0.168000000,0.161000000,0.343000000
18:19:40,120719,50.624106905,-123.539688392,2334.910000000,14,0.168000000,0.161000000,0.343000000
18:19:41,120719,50.624106938,-123.539688557,2334.891000000,14,0.168000000,0.161000000,0.343000000
18:19:42,120719,50.624106963,-123.539688525,2334.880000000,14,0.168000000,0.161000000,0.343000000
18:19:43,120719,50.624107038,-123.539688448,2334.889000000,14,0.167000000,0.161000000,0.343000000
18:19:44,120719,50.624107050,-123.539688438,2334.888000000,14,0.167000000,0.161000000,0.343000000
18:19:45,120719,50.624107067,-123.539688417,2334.892000000,14,0.167000000,0.161000000,0.343000000
18:19:46,120719,50.624107110,-123.539688497,2334.887000000,14,0.167000000,0.161000000,0.343000000
18:19:47,120719,50.624107140,-123.539688527,2334.885000000,14,0.167000000,0.161000000,0.343000000
18:19:48,120719,50.624107195,-123.539688593,2334.881000000,14,0.167000000,0.161000000,0.343000000
18:19:49,120719,50.624107207,-123.539688623,2334.872000000,14,0.167000000,0.161000000,0.343000000
