TIME,DATE(ddMMyy),LATITUDEGGA,LONGITUDEGGA,ALTITUDEGGA,NUMBERSAT,LATERR,LONGERR,ALTERR
19:12:29,200719,50.642092547,-123.553801345,1988.009000000,20,0.140000000,0.125000000,0.290000000
19:12:30,200719,50.642092455,-123.553801268,1988.015000000,20,0.140000000,0.125000000,0.290000000
19:12:31,200719,50.642092342,-123.553801182,1988.020000000,20,0.140000000,0.125000000,0.290000000
19:12:32,200719,50.642092247,-123.553801072,1988.025000000,20,0.140000000,0.125000000,0.290000000
19:12:33,200719,50.642092195,-123.553800958,1988.031000000,20,0.140000000,0.125000000,0.290000000
19:12:34,200719,50.642092137,-123.553800857,1988.039000000,20,0.140000000,0.125000000,0.290000000
19:12:35,200719,50.642092075,-123.553800775,1988.044000000,20,0.140000000,0.125000000,0.290000000
19:12:36,200719,50.642092010,-123.553800718,1988.048000000,20,0.140000000,0.125000000,0.290000000
19:12:37,200719,50.642091950,-123.553800682,1988.048000000,20,0.140000000,0.125000000,0.290000000
19:12:38,200719,50.642091870,-123.553800658,1988.045000000,20,0.140000000,0.125000000,0.290000000
19:12:39,200719,50.642091815,-123.553800608,1988.038000000,20,0.140000000,0.125000000,0.290000000
19:12:40,200719,50.642091772,-123.553800545,1988.030000000,20,0.140000000,0.125000000,0.290000000
19:12:41,200719,50.642091728,-123.553800477,1988.023000000,20,0.140000000,0.125000000,0.290000000
19:12:42,200719,50.642091700,-123.553800423,1988.017000000,20,0.140000000,0.125000000,0.290000000
19:12:43,200719,50.642091665,-123.553800357,1988.015000000,20,0.140000000,0.125000000,0.290000000
19:12:44,200719,50.642091638,-123.553800292,1988.013000000,20,0.140000000,0.125000000,0.290000000
19:12:45,200719,50.642091625,-123.553800203,1988.012000000,20,0.140000000,0.125000000,0.290000000
19:12:46,200719,50.642091605,-123.553800147,1988.010000000,20,0.140000000,0.125000000,0.290000000
19:12:47,200719,50.642091585,-123.553800073,1988.013000000,20,0.140000000,0.125000000,0.290000000
19:12:48,200719,50.642091585,-123.553800018,1988.013000000,20,0.140000000,0.125000000,0.290000000
19:12:49,200719,50.642091575,-123.553799988,1988.009000000,20,0.140000000,0.125000000,0.290000000
19:12:50,200719,50.642091588,-123.553799937,1988.003000000,20,0.140000000,0.125000000,0.290000000
19:12:51,200719,50.642091592,-123.553799883,1988.003000000,20,0.140000000,0.125000000,0.290000000
19:12:52,200719,50.642091583,-123.553799833,1987.998000000,20,0.140000000,0.125000000,0.290000000
19:12:53,200719,50.642091583,-123.553799810,1987.998000000,20,0.140000000,0.125000000,0.290000000
19:12:54,200719,50.642091565,-123.553799788,1987.999000000,20,0.140000000,0.125000000,0.290000000
19:12:55,200719,50.642091542,-123.553799757,1988.000000000,20,0.140000000,0.125000000,0.290000000
19:12:56,200719,50.642091528,-123.553799690,1988.000000000,20,0.140000000,0.125000000,0.290000000
19:12:57,200719,50.642091527,-123.553799633,1988.006000000,20,0.140000000,0.125000000,0.291000000
19:12:58,200719,50.642091525,-123.553799590,1988.003000000,20,0.140000000,0.125000000,0.291000000
19:12:59,200719,50.642091530,-123.553799553,1988.012000000,20,0.140000000,0.125000000,0.291000000
19:13:00,200719,50.642091525,-123.553799513,1988.017000000,20,0.140000000,0.125000000,0.291000000
19:13:01,200719,50.642091512,-123.553799508,1988.023000000,20,0.140000000,0.125000000,0.291000000
19:13:02,200719,50.642091490,-123.553799527,1988.026000000,20,0.140000000,0.125000000,0.291000000
19:13:03,200719,50.642091467,-123.553799518,1988.030000000,20,0.140000000,0.125000000,0.291000000
19:13:04,200719,50.642091437,-123.553799538,1988.031000000,20,0.140000000,0.125000000,0.291000000
19:13:05,200719,50.642091408,-123.553799550,1988.034000000,20,0.140000000,0.125000000,0.291000000
19:13:06,200719,50.642091393,-123.553799550,1988.033000000,20,0.140000000,0.125000000,0.291000000
19:13:07,200719,50.642091375,-123.553799532,1988.037000000,20,0.140000000,0.125000000,0.291000000
19:13:08,200719,50.642091372,-123.553799505,1988.041000000,20,0.140000000,0.125000000,0.291000000
19:13:09,200719,50.642091352,-123.553799468,1988.047000000,20,0.140000000,0.125000000,0.291000000
19:13:10,200719,50.642091343,-123.553799465,1988.050000000,20,0.140000000,0.125000000,0.291000000
19:13:11,200719,50.642091320,-123.553799462,1988.062000000,20,0.140000000,0.125000000,0.291000000
19:13:12,200719,50.642091292,-123.553799455,1988.070000000,20,0.140000000,0.125000000,0.291000000
19:13:13,200719,50.642091270,-123.553799507,1988.076000000,20,0.140000000,0.125000000,0.291000000
19:13:14,200719,50.642091253,-123.553799552,1988.084000000,20,0.140000000,0.125000000,0.291000000
19:13:15,200719,50.642091238,-123.553799583,1988.091000000,20,0.140000000,0.125000000,0.291000000
19:13:16,200719,50.642091232,-123.553799613,1988.098000000,20,0.140000000,0.125000000,0.291000000
19:13:17,200719,50.642091230,-123.553799642,1988.105000000,20,0.140000000,0.125000000,0.291000000
19:13:18,200719,50.642091218,-123.553799652,1988.111000000,20,0.140000000,0.125000000,0.291000000
19:13:19,200719,50.642091188,-123.553799652,1988.115000000,20,0.140000000,0.125000000,0.291000000
19:13:20,200719,50.642091145,-123.553799645,1988.117000000,20,0.140000000,0.125000000,0.291000000
19:13:21,200719,50.642091105,-123.553799657,1988.118000000,20,0.140000000,0.125000000,0.291000000
19:13:22,200719,50.642091075,-123.553799660,1988.119000000,20,0.140000000,0.125000000,0.291000000
19:13:23,200719,50.642091048,-123.553799668,1988.122000000,20,0.140000000,0.125000000,0.291000000
19:13:24,200719,50.642091032,-123.553799677,1988.120000000,20,0.140000000,0.125000000,0.291000000
19:13:25,200719,50.642091018,-123.553799675,1988.125000000,20,0.140000000,0.125000000,0.291000000
19:13:26,200719,50.642091020,-123.553799690,1988.128000000,20,0.140000000,0.125000000,0.291000000
19:13:27,200719,50.642091025,-123.553799723,1988.133000000,20,0.140000000,0.125000000,0.291000000
19:13:28,200719,50.642091035,-123.553799700,1988.142000000,20,0.140000000,0.125000000,0.291000000
19:13:29,200719,50.642091047,-123.553799667,1988.147000000,20,0.140000000,0.125000000,0.291000000
19:13:30,200719,50.642091053,-123.553799647,1988.151000000,20,0.140000000,0.125000000,0.291000000
19:13:31,200719,50.642091052,-123.553799622,1988.155000000,20,0.140000000,0.125000000,0.291000000
19:13:32,200719,50.642091045,-123.553799600,1988.162000000,20,0.140000000,0.125000000,0.291000000
19:13:33,200719,50.642091025,-123.553799588,1988.168000000,20,0.140000000,0.125000000,0.291000000
19:13:34,200719,50.642091002,-123.553799572,1988.174000000,20,0.140000000,0.125000000,0.291000000
19:13:35,200719,50.642090982,-123.553799557,1988.178000000,20,0.140000000,0.125000000,0.291000000
19:13:36,200719,50.642090955,-123.553799563,1988.181000000,20,0.140000000,0.125000000,0.292000000
19:13:37,200719,50.642090942,-123.553799570,1988.183000000,20,0.140000000,0.125000000,0.292000000
19:13:38,200719,50.642090927,-123.553799562,1988.191000000,20,0.140000000,0.125000000,0.292000000
19:13:39,200719,50.642090927,-123.553799558,1988.194000000,20,0.140000000,0.125000000,0.292000000
19:13:40,200719,50.642090925,-123.553799537,1988.200000000,20,0.140000000,0.125000000,0.292000000
19:13:41,200719,50.642090908,-123.553799515,1988.205000000,20,0.140000000,0.125000000,0.292000000
19:13:42,200719,50.642090883,-123.553799490,1988.205000000,20,0.140000000,0.125000000,0.292000000
19:13:43,200719,50.642090858,-123.553799433,1988.207000000,20,0.140000000,0.125000000,0.292000000
19:13:44,200719,50.642090838,-123.553799403,1988.210000000,20,0.140000000,0.125000000,0.292000000
19:13:45,200719,50.642090842,-123.553799390,1988.217000000,20,0.140000000,0.125000000,0.292000000
19:13:46,200719,50.642090837,-123.553799380,1988.218000000,20,0.140000000,0.125000000,0.292000000
19:13:47,200719,50.642090812,-123.553799363,1988.222000000,20,0.140000000,0.125000000,0.292000000
19:13:48,200719,50.642090793,-123.553799340,1988.221000000,20,0.140000000,0.125000000,0.292000000
19:13:49,200719,50.642090785,-123.553799327,1988.222000000,20,0.140000000,0.125000000,0.292000000
19:13:50,200719,50.642090770,-123.553799342,1988.222000000,20,0.140000000,0.125000000,0.292000000
19:13:51,200719,50.642090758,-123.553799358,1988.224000000,20,0.140000000,0.125000000,0.292000000
19:13:52,200719,50.642090763,-123.553799368,1988.227000000,20,0.140000000,0.125000000,0.292000000
19:13:53,200719,50.642090758,-123.553799378,1988.227000000,20,0.140000000,0.125000000,0.292000000
19:13:54,200719,50.642090745,-123.553799347,1988.229000000,20,0.140000000,0.125000000,0.292000000
19:13:55,200719,50.642090722,-123.553799335,1988.228000000,20,0.140000000,0.125000000,0.292000000
19:13:56,200719,50.642090680,-123.553799325,1988.231000000,20,0.140000000,0.125000000,0.292000000
19:13:57,200719,50.642090640,-123.553799315,1988.232000000,20,0.140000000,0.125000000,0.292000000
19:13:58,200719,50.642090610,-123.553799302,1988.236000000,20,0.140000000,0.125000000,0.292000000
19:13:59,200719,50.642090588,-123.553799292,1988.238000000,20,0.140000000,0.125000000,0.292000000
19:14:00,200719,50.642090573,-123.553799295,1988.240000000,20,0.140000000,0.125000000,0.292000000
19:14:01,200719,50.642090563,-123.553799312,1988.242000000,20,0.140000000,0.125000000,0.292000000
19:14:02,200719,50.642090558,-123.553799328,1988.248000000,20,0.140000000,0.125000000,0.292000000
19:14:03,200719,50.642090565,-123.553799335,1988.250000000,20,0.140000000,0.125000000,0.292000000
19:14:04,200719,50.642090578,-123.553799328,1988.255000000,20,0.140000000,0.125000000,0.292000000
19:14:05,200719,50.642090557,-123.553799300,1988.253000000,20,0.140000000,0.125000000,0.292000000
19:14:06,200719,50.642090570,-123.553799278,1988.252000000,20,0.140000000,0.125000000,0.292000000
19:14:07,200719,50.642090578,-123.553799263,1988.250000000,20,0.140000000,0.125000000,0.292000000
19:14:08,200719,50.642090592,-123.553799245,1988.249000000,20,0.140000000,0.125000000,0.292000000
19:14:09,200719,50.642090588,-123.553799218,1988.249000000,20,0.140000000,0.125000000,0.292000000
19:14:10,200719,50.642090605,-123.553799232,1988.253000000,20,0.140000000,0.125000000,0.292000000
19:14:11,200719,50.642090607,-123.553799197,1988.254000000,20,0.140000000,0.125000000,0.292000000
19:14:12,200719,50.642090605,-123.553799217,1988.250000000,20,0.140000000,0.125000000,0.292000000
19:14:13,200719,50.642090590,-123.553799208,1988.252000000,20,0.140000000,0.125000000,0.292000000
19:14:14,200719,50.642090563,-123.553799203,1988.251000000,20,0.140000000,0.125000000,0.292000000
19:14:15,200719,50.642090547,-123.553799225,1988.252000000,20,0.140000000,0.125000000,0.293000000
19:14:16,200719,50.642090537,-123.553799255,1988.250000000,20,0.140000000,0.125000000,0.293000000
19:14:17,200719,50.642090517,-123.553799265,1988.249000000,20,0.140000000,0.125000000,0.293000000
19:14:18,200719,50.642090500,-123.553799262,1988.250000000,20,0.140000000,0.125000000,0.293000000
19:14:19,200719,50.642090513,-123.553799270,1988.248000000,20,0.140000000,0.125000000,0.293000000
19:14:20,200719,50.642090533,-123.553799237,1988.245000000,20,0.140000000,0.125000000,0.293000000
19:14:21,200719,50.642090545,-123.553799210,1988.245000000,20,0.140000000,0.125000000,0.293000000
19:14:22,200719,50.642090550,-123.553799200,1988.247000000,20,0.140000000,0.125000000,0.293000000
19:14:23,200719,50.642090547,-123.553799198,1988.245000000,20,0.140000000,0.125000000,0.293000000
19:14:24,200719,50.642090550,-123.553799215,1988.245000000,20,0.140000000,0.125000000,0.293000000
19:14:25,200719,50.642090538,-123.553799235,1988.244000000,20,0.140000000,0.125000000,0.293000000
19:14:26,200719,50.642090533,-123.553799260,1988.244000000,20,0.140000000,0.125000000,0.293000000
19:14:27,200719,50.642090522,-123.553799273,1988.246000000,20,0.140000000,0.125000000,0.293000000
19:14:28,200719,50.642090532,-123.553799283,1988.246000000,20,0.140000000,0.125000000,0.293000000
19:14:29,200719,50.642090527,-123.553799270,1988.248000000,20,0.140000000,0.125000000,0.293000000
19:14:30,200719,50.642090525,-123.553799277,1988.253000000,20,0.140000000,0.125000000,0.293000000
19:14:31,200719,50.642090535,-123.553799247,1988.256000000,20,0.140000000,0.125000000,0.293000000
19:14:32,200719,50.642090582,-123.553799227,1988.257000000,20,0.140000000,0.125000000,0.293000000
19:14:33,200719,50.642090602,-123.553799215,1988.260000000,20,0.140000000,0.125000000,0.293000000
19:14:34,200719,50.642090613,-123.553799187,1988.260000000,20,0.140000000,0.125000000,0.293000000
19:14:35,200719,50.642090655,-123.553799170,1988.264000000,20,0.140000000,0.125000000,0.293000000
19:14:36,200719,50.642090628,-123.553799203,1988.261000000,20,0.140000000,0.125000000,0.293000000
19:14:37,200719,50.642090613,-123.553799232,1988.264000000,20,0.140000000,0.125000000,0.293000000
19:14:38,200719,50.642090558,-123.553799267,1988.265000000,20,0.140000000,0.125000000,0.293000000
19:14:39,200719,50.642090560,-123.553799253,1988.256000000,20,0.140000000,0.125000000,0.293000000
19:14:40,200719,50.642090540,-123.553799268,1988.257000000,20,0.140000000,0.125000000,0.293000000
19:14:41,200719,50.642090515,-123.553799287,1988.256000000,20,0.140000000,0.125000000,0.293000000
19:14:42,200719,50.642090505,-123.553799290,1988.254000000,20,0.140000000,0.125000000,0.293000000
19:14:43,200719,50.642090505,-123.553799290,1988.253000000,20,0.140000000,0.125000000,0.293000000
19:14:44,200719,50.642090520,-123.553799277,1988.252000000,20,0.140000000,0.125000000,0.293000000
19:14:45,200719,50.642090545,-123.553799265,1988.255000000,20,0.140000000,0.125000000,0.293000000
19:14:46,200719,50.642090558,-123.553799250,1988.255000000,20,0.140000000,0.125000000,0.293000000
19:14:47,200719,50.642090593,-123.553799228,1988.264000000,20,0.140000000,0.125000000,0.293000000
19:14:48,200719,50.642090588,-123.553799252,1988.258000000,20,0.140000000,0.125000000,0.293000000
19:14:49,200719,50.642090585,-123.553799307,1988.258000000,20,0.140000000,0.125000000,0.293000000
19:14:50,200719,50.642090577,-123.553799322,1988.256000000,20,0.140000000,0.125000000,0.293000000
19:14:51,200719,50.642090582,-123.553799333,1988.254000000,20,0.140000000,0.125000000,0.293000000
19:14:52,200719,50.642090585,-123.553799338,1988.255000000,20,0.140000000,0.125000000,0.293000000
19:14:53,200719,50.642090582,-123.553799375,1988.256000000,20,0.140000000,0.125000000,0.293000000
19:14:54,200719,50.642090567,-123.553799398,1988.256000000,20,0.139000000,0.125000000,0.293000000
19:14:55,200719,50.642090540,-123.553799408,1988.255000000,20,0.139000000,0.125000000,0.293000000
19:14:56,200719,50.642090543,-123.553799393,1988.255000000,20,0.139000000,0.125000000,0.293000000
19:14:57,200719,50.642090538,-123.553799395,1988.256000000,20,0.139000000,0.125000000,0.294000000
19:14:58,200719,50.642090538,-123.553799413,1988.255000000,20,0.139000000,0.125000000,0.294000000
19:14:59,200719,50.642090532,-123.553799393,1988.255000000,20,0.139000000,0.125000000,0.294000000
19:15:00,200719,50.642090510,-123.553799413,1988.250000000,20,0.139000000,0.125000000,0.294000000
19:15:01,200719,50.642090508,-123.553799453,1988.250000000,20,0.139000000,0.125000000,0.294000000
19:15:02,200719,50.642090485,-123.553799485,1988.248000000,20,0.139000000,0.125000000,0.294000000
19:15:03,200719,50.642090475,-123.553799520,1988.246000000,20,0.139000000,0.125000000,0.294000000
19:15:04,200719,50.642090478,-123.553799523,1988.248000000,20,0.139000000,0.125000000,0.294000000
19:15:05,200719,50.642090485,-123.553799540,1988.248000000,20,0.139000000,0.125000000,0.294000000
19:15:06,200719,50.642090480,-123.553799555,1988.245000000,20,0.139000000,0.125000000,0.294000000
19:15:07,200719,50.642090502,-123.553799575,1988.249000000,20,0.139000000,0.125000000,0.294000000
19:15:08,200719,50.642090540,-123.553799542,1988.248000000,20,0.139000000,0.125000000,0.294000000
19:15:09,200719,50.642090572,-123.553799512,1988.254000000,20,0.139000000,0.125000000,0.294000000
19:15:10,200719,50.642090580,-123.553799515,1988.257000000,20,0.139000000,0.125000000,0.294000000
19:15:11,200719,50.642090585,-123.553799532,1988.262000000,20,0.139000000,0.125000000,0.294000000
19:15:12,200719,50.642090550,-123.553799542,1988.266000000,20,0.139000000,0.125000000,0.294000000
19:15:13,200719,50.642090562,-123.553799582,1988.266000000,20,0.139000000,0.125000000,0.294000000
19:15:14,200719,50.642090583,-123.553799555,1988.265000000,20,0.139000000,0.125000000,0.294000000
19:15:15,200719,50.642090578,-123.553799583,1988.261000000,20,0.139000000,0.125000000,0.294000000
19:15:16,200719,50.642090577,-123.553799607,1988.257000000,20,0.139000000,0.125000000,0.294000000
19:15:17,200719,50.642090528,-123.553799630,1988.256000000,20,0.139000000,0.125000000,0.294000000
19:15:18,200719,50.642090537,-123.553799672,1988.252000000,20,0.139000000,0.125000000,0.294000000
19:15:19,200719,50.642090572,-123.553799687,1988.260000000,20,0.139000000,0.125000000,0.294000000
19:15:20,200719,50.642090555,-123.553799705,1988.262000000,20,0.139000000,0.125000000,0.294000000
19:15:21,200719,50.642090562,-123.553799685,1988.263000000,20,0.139000000,0.125000000,0.294000000
19:15:22,200719,50.642090565,-123.553799697,1988.262000000,20,0.139000000,0.125000000,0.294000000
19:15:23,200719,50.642090552,-123.553799727,1988.261000000,20,0.139000000,0.125000000,0.294000000
19:15:24,200719,50.642090555,-123.553799722,1988.258000000,20,0.139000000,0.125000000,0.294000000
19:15:25,200719,50.642090560,-123.553799765,1988.255000000,20,0.139000000,0.125000000,0.294000000
19:15:26,200719,50.642090570,-123.553799793,1988.252000000,20,0.139000000,0.125000000,0.294000000
19:15:27,200719,50.642090605,-123.553799792,1988.255000000,20,0.139000000,0.125000000,0.294000000
19:15:28,200719,50.642090633,-123.553799825,1988.257000000,20,0.139000000,0.125000000,0.294000000
19:15:29,200719,50.642090632,-123.553799833,1988.260000000,20,0.139000000,0.125000000,0.294000000
19:15:30,200719,50.642090635,-123.553799865,1988.261000000,20,0.139000000,0.125000000,0.294000000
19:15:31,200719,50.642090643,-123.553799872,1988.264000000,20,0.139000000,0.125000000,0.294000000
19:15:32,200719,50.642090657,-123.553799862,1988.266000000,20,0.139000000,0.125000000,0.294000000
19:15:33,200719,50.642090673,-123.553799852,1988.265000000,20,0.139000000,0.125000000,0.294000000
19:15:34,200719,50.642090710,-123.553799803,1988.268000000,20,0.139000000,0.125000000,0.294000000
19:15:35,200719,50.642090728,-123.553799800,1988.271000000,20,0.139000000,0.125000000,0.294000000
19:15:36,200719,50.642090737,-123.553799802,1988.267000000,20,0.139000000,0.125000000,0.294000000
19:15:37,200719,50.642090718,-123.553799815,1988.266000000,20,0.139000000,0.125000000,0.294000000
19:15:38,200719,50.642090698,-123.553799848,1988.262000000,20,0.139000000,0.125000000,0.294000000
19:15:39,200719,50.642090682,-123.553799855,1988.260000000,20,0.139000000,0.125000000,0.294000000
19:15:40,200719,50.642090680,-123.553799858,1988.259000000,20,0.139000000,0.125000000,0.294000000
19:15:41,200719,50.642090678,-123.553799848,1988.257000000,20,0.139000000,0.125000000,0.294000000
19:15:42,200719,50.642090683,-123.553799857,1988.253000000,20,0.139000000,0.125000000,0.295000000
19:15:43,200719,50.642090693,-123.553799850,1988.257000000,20,0.139000000,0.125000000,0.295000000
19:15:44,200719,50.642090697,-123.553799837,1988.259000000,20,0.139000000,0.125000000,0.295000000
19:15:45,200719,50.642090715,-123.553799815,1988.263000000,20,0.139000000,0.125000000,0.295000000
19:15:46,200719,50.642090728,-123.553799818,1988.261000000,20,0.139000000,0.125000000,0.295000000
19:15:47,200719,50.642090718,-123.553799812,1988.266000000,20,0.139000000,0.125000000,0.295000000
19:15:48,200719,50.642090727,-123.553799840,1988.269000000,20,0.139000000,0.125000000,0.295000000
19:15:49,200719,50.642090730,-123.553799847,1988.269000000,20,0.139000000,0.125000000,0.295000000
19:15:50,200719,50.642090728,-123.553799870,1988.267000000,20,0.139000000,0.125000000,0.295000000
19:15:51,200719,50.642090742,-123.553799880,1988.269000000,20,0.139000000,0.125000000,0.295000000
19:15:52,200719,50.642090750,-123.553799898,1988.269000000,20,0.139000000,0.125000000,0.295000000
19:15:53,200719,50.642090758,-123.553799880,1988.267000000,20,0.139000000,0.125000000,0.295000000
19:15:54,200719,50.642090748,-123.553799867,1988.265000000,20,0.139000000,0.125000000,0.295000000
19:15:55,200719,50.642090768,-123.553799845,1988.269000000,20,0.139000000,0.125000000,0.295000000
19:15:56,200719,50.642090782,-123.553799835,1988.270000000,20,0.139000000,0.125000000,0.295000000
19:15:57,200719,50.642090780,-123.553799808,1988.274000000,20,0.139000000,0.125000000,0.295000000
19:15:58,200719,50.642090777,-123.553799805,1988.276000000,20,0.139000000,0.125000000,0.295000000
19:15:59,200719,50.642090773,-123.553799803,1988.279000000,20,0.139000000,0.125000000,0.295000000
19:16:00,200719,50.642090772,-123.553799800,1988.286000000,20,0.139000000,0.125000000,0.295000000
19:16:01,200719,50.642090763,-123.553799808,1988.283000000,20,0.139000000,0.125000000,0.295000000
19:16:02,200719,50.642090760,-123.553799813,1988.279000000,20,0.139000000,0.125000000,0.295000000
19:16:03,200719,50.642090762,-123.553799812,1988.283000000,20,0.139000000,0.125000000,0.295000000
19:16:04,200719,50.642090738,-123.553799850,1988.276000000,20,0.139000000,0.125000000,0.295000000
19:16:05,200719,50.642090737,-123.553799832,1988.282000000,20,0.139000000,0.125000000,0.295000000
19:16:06,200719,50.642090743,-123.553799837,1988.283000000,20,0.139000000,0.125000000,0.295000000
19:16:07,200719,50.642090745,-123.553799815,1988.284000000,20,0.139000000,0.125000000,0.295000000
19:16:08,200719,50.642090745,-123.553799773,1988.288000000,20,0.139000000,0.125000000,0.295000000
19:16:09,200719,50.642090760,-123.553799738,1988.288000000,20,0.139000000,0.125000000,0.295000000
19:16:10,200719,50.642090758,-123.553799710,1988.293000000,20,0.139000000,0.125000000,0.295000000
19:16:11,200719,50.642090768,-123.553799707,1988.294000000,20,0.139000000,0.125000000,0.295000000
19:16:12,200719,50.642090780,-123.553799680,1988.294000000,20,0.139000000,0.125000000,0.295000000
19:16:13,200719,50.642090782,-123.553799712,1988.296000000,20,0.139000000,0.125000000,0.295000000
19:16:14,200719,50.642090787,-123.553799715,1988.293000000,20,0.139000000,0.125000000,0.295000000
19:16:15,200719,50.642090782,-123.553799723,1988.293000000,20,0.139000000,0.125000000,0.295000000
19:16:16,200719,50.642090778,-123.553799723,1988.295000000,20,0.139000000,0.125000000,0.295000000
19:16:17,200719,50.642090777,-123.553799732,1988.297000000,20,0.139000000,0.125000000,0.295000000
19:16:18,200719,50.642090787,-123.553799723,1988.298000000,20,0.139000000,0.125000000,0.295000000
19:16:19,200719,50.642090800,-123.553799718,1988.300000000,20,0.139000000,0.125000000,0.295000000
19:16:20,200719,50.642090800,-123.553799715,1988.301000000,20,0.139000000,0.125000000,0.295000000
19:16:21,200719,50.642090790,-123.553799728,1988.301000000,20,0.139000000,0.125000000,0.295000000
19:16:22,200719,50.642090758,-123.553799745,1988.298000000,20,0.139000000,0.125000000,0.295000000
19:16:23,200719,50.642090742,-123.553799752,1988.295000000,20,0.139000000,0.125000000,0.295000000
19:16:24,200719,50.642090730,-123.553799750,1988.291000000,20,0.139000000,0.125000000,0.295000000
19:16:25,200719,50.642090728,-123.553799757,1988.294000000,20,0.139000000,0.125000000,0.295000000
19:16:26,200719,50.642090742,-123.553799787,1988.292000000,20,0.139000000,0.125000000,0.295000000
19:16:27,200719,50.642090750,-123.553799790,1988.293000000,20,0.139000000,0.125000000,0.296000000
19:16:28,200719,50.642090752,-123.553799800,1988.292000000,20,0.139000000,0.125000000,0.296000000
19:16:29,200719,50.642090758,-123.553799810,1988.290000000,20,0.139000000,0.125000000,0.296000000
19:16:30,200719,50.642090767,-123.553799812,1988.288000000,20,0.139000000,0.125000000,0.296000000
19:16:31,200719,50.642090783,-123.553799807,1988.287000000,20,0.139000000,0.125000000,0.296000000
19:16:32,200719,50.642090817,-123.553799788,1988.288000000,20,0.139000000,0.125000000,0.296000000
19:16:33,200719,50.642090853,-123.553799767,1988.289000000,20,0.139000000,0.125000000,0.296000000
19:16:34,200719,50.642090880,-123.553799743,1988.287000000,20,0.139000000,0.125000000,0.296000000
19:16:35,200719,50.642090882,-123.553799740,1988.285000000,20,0.139000000,0.125000000,0.296000000
19:16:36,200719,50.642090882,-123.553799748,1988.284000000,20,0.139000000,0.125000000,0.296000000
19:16:37,200719,50.642090878,-123.553799755,1988.286000000,20,0.139000000,0.125000000,0.296000000
19:16:38,200719,50.642090865,-123.553799775,1988.284000000,20,0.139000000,0.125000000,0.296000000
19:16:39,200719,50.642090860,-123.553799795,1988.282000000,20,0.139000000,0.125000000,0.296000000
19:16:40,200719,50.642090863,-123.553799812,1988.280000000,20,0.139000000,0.125000000,0.296000000
19:16:41,200719,50.642090870,-123.553799810,1988.277000000,20,0.139000000,0.125000000,0.296000000
19:16:42,200719,50.642090867,-123.553799813,1988.269000000,20,0.139000000,0.125000000,0.296000000
19:16:43,200719,50.642090878,-123.553799788,1988.271000000,20,0.139000000,0.125000000,0.296000000
19:16:44,200719,50.642090908,-123.553799778,1988.272000000,20,0.139000000,0.125000000,0.296000000
19:16:45,200719,50.642090905,-123.553799788,1988.276000000,20,0.139000000,0.125000000,0.296000000
19:16:46,200719,50.642090912,-123.553799798,1988.281000000,20,0.139000000,0.125000000,0.296000000
19:16:47,200719,50.642090910,-123.553799800,1988.282000000,20,0.139000000,0.125000000,0.296000000
19:16:48,200719,50.642090923,-123.553799787,1988.287000000,20,0.139000000,0.125000000,0.296000000
19:16:49,200719,50.642090940,-123.553799782,1988.287000000,20,0.139000000,0.125000000,0.296000000
19:16:50,200719,50.642090947,-123.553799795,1988.285000000,20,0.139000000,0.125000000,0.296000000
19:16:51,200719,50.642090957,-123.553799785,1988.287000000,20,0.139000000,0.125000000,0.296000000
19:16:52,200719,50.642090963,-123.553799797,1988.282000000,20,0.139000000,0.125000000,0.296000000
19:16:53,200719,50.642090957,-123.553799810,1988.280000000,20,0.139000000,0.125000000,0.296000000
19:16:54,200719,50.642090952,-123.553799817,1988.280000000,20,0.139000000,0.125000000,0.296000000
19:16:55,200719,50.642090950,-123.553799825,1988.290000000,20,0.139000000,0.125000000,0.296000000
19:16:56,200719,50.642090968,-123.553799828,1988.297000000,20,0.139000000,0.125000000,0.296000000
19:16:57,200719,50.642090993,-123.553799825,1988.305000000,20,0.139000000,0.125000000,0.296000000
19:16:58,200719,50.642091023,-123.553799818,1988.310000000,20,0.139000000,0.125000000,0.296000000
19:16:59,200719,50.642091050,-123.553799827,1988.309000000,20,0.139000000,0.125000000,0.296000000
19:17:00,200719,50.642091070,-123.553799802,1988.312000000,20,0.139000000,0.125000000,0.296000000
19:17:01,200719,50.642091068,-123.553799805,1988.310000000,20,0.139000000,0.125000000,0.296000000
19:17:02,200719,50.642091050,-123.553799828,1988.310000000,20,0.139000000,0.125000000,0.296000000
19:17:03,200719,50.642091038,-123.553799852,1988.310000000,20,0.139000000,0.125000000,0.296000000
19:17:04,200719,50.642091027,-123.553799827,1988.320000000,20,0.139000000,0.125000000,0.296000000
19:17:05,200719,50.642091003,-123.553799893,1988.319000000,20,0.139000000,0.125000000,0.296000000
19:17:06,200719,50.642090967,-123.553799918,1988.311000000,20,0.139000000,0.125000000,0.296000000
19:17:07,200719,50.642090958,-123.553799915,1988.310000000,20,0.139000000,0.125000000,0.296000000
19:17:08,200719,50.642090957,-123.553799917,1988.309000000,20,0.139000000,0.125000000,0.296000000
19:17:09,200719,50.642090953,-123.553799923,1988.305000000,20,0.139000000,0.125000000,0.296000000
19:17:10,200719,50.642090957,-123.553799923,1988.303000000,20,0.139000000,0.125000000,0.296000000
19:17:11,200719,50.642090958,-123.553799915,1988.305000000,20,0.139000000,0.125000000,0.296000000
19:17:12,200719,50.642090973,-123.553799912,1988.308000000,20,0.139000000,0.125000000,0.296000000
19:17:13,200719,50.642090988,-123.553799927,1988.307000000,20,0.139000000,0.125000000,0.296000000
19:17:14,200719,50.642090998,-123.553799947,1988.309000000,20,0.139000000,0.125000000,0.296000000
19:17:15,200719,50.642091002,-123.553799963,1988.309000000,20,0.139000000,0.125000000,0.296000000
19:17:16,200719,50.642091000,-123.553799955,1988.311000000,20,0.139000000,0.125000000,0.296000000
19:17:17,200719,50.642091003,-123.553799957,1988.311000000,20,0.139000000,0.125000000,0.296000000
19:17:18,200719,50.642091000,-123.553799953,1988.311000000,20,0.139000000,0.125000000,0.297000000
19:17:19,200719,50.642090993,-123.553799968,1988.312000000,20,0.139000000,0.125000000,0.297000000
19:17:20,200719,50.642090990,-123.553800000,1988.314000000,20,0.139000000,0.125000000,0.297000000
19:17:21,200719,50.642090995,-123.553800027,1988.313000000,20,0.139000000,0.125000000,0.297000000
19:17:22,200719,50.642090998,-123.553800032,1988.310000000,20,0.139000000,0.125000000,0.297000000
19:17:23,200719,50.642090990,-123.553800022,1988.311000000,20,0.139000000,0.125000000,0.297000000
19:17:24,200719,50.642090983,-123.553800028,1988.307000000,20,0.139000000,0.125000000,0.297000000
19:17:25,200719,50.642090973,-123.553800027,1988.307000000,20,0.139000000,0.125000000,0.297000000
19:17:26,200719,50.642090965,-123.553800060,1988.306000000,20,0.139000000,0.125000000,0.297000000
19:17:27,200719,50.642090948,-123.553800075,1988.306000000,20,0.139000000,0.125000000,0.297000000
19:17:28,200719,50.642090948,-123.553800062,1988.304000000,20,0.139000000,0.125000000,0.297000000
19:17:29,200719,50.642090945,-123.553800045,1988.299000000,20,0.139000000,0.125000000,0.297000000
19:17:30,200719,50.642090940,-123.553800023,1988.298000000,20,0.139000000,0.125000000,0.297000000
19:17:31,200719,50.642090932,-123.553800018,1988.295000000,20,0.139000000,0.125000000,0.297000000
19:17:32,200719,50.642090905,-123.553800023,1988.292000000,20,0.139000000,0.125000000,0.297000000
19:17:33,200719,50.642090890,-123.553799995,1988.296000000,20,0.139000000,0.125000000,0.297000000
19:17:34,200719,50.642090880,-123.553799987,1988.300000000,20,0.139000000,0.125000000,0.297000000
19:17:35,200719,50.642090872,-123.553799987,1988.298000000,20,0.139000000,0.125000000,0.297000000
19:17:36,200719,50.642090867,-123.553799975,1988.298000000,20,0.139000000,0.125000000,0.297000000
19:17:37,200719,50.642090857,-123.553799973,1988.297000000,20,0.139000000,0.125000000,0.297000000
19:17:38,200719,50.642090853,-123.553799980,1988.292000000,20,0.139000000,0.125000000,0.297000000
19:17:39,200719,50.642090863,-123.553799977,1988.288000000,20,0.139000000,0.125000000,0.297000000
19:17:40,200719,50.642090858,-123.553799977,1988.285000000,20,0.139000000,0.125000000,0.297000000
19:17:41,200719,50.642090857,-123.553799965,1988.283000000,20,0.139000000,0.125000000,0.297000000
19:17:42,200719,50.642090835,-123.553799980,1988.284000000,20,0.139000000,0.125000000,0.297000000
19:17:43,200719,50.642090828,-123.553799985,1988.285000000,20,0.139000000,0.125000000,0.297000000
19:17:44,200719,50.642090823,-123.553800002,1988.282000000,20,0.139000000,0.125000000,0.297000000
19:17:45,200719,50.642090828,-123.553799983,1988.284000000,20,0.139000000,0.125000000,0.297000000
19:17:46,200719,50.642090823,-123.553799923,1988.284000000,20,0.139000000,0.125000000,0.297000000
19:17:47,200719,50.642090838,-123.553799887,1988.281000000,20,0.139000000,0.125000000,0.297000000
19:17:48,200719,50.642090843,-123.553799875,1988.282000000,20,0.139000000,0.125000000,0.297000000
19:17:49,200719,50.642090838,-123.553799903,1988.281000000,20,0.139000000,0.125000000,0.297000000
19:17:50,200719,50.642090833,-123.553799915,1988.281000000,20,0.139000000,0.125000000,0.297000000
19:17:51,200719,50.642090820,-123.553799947,1988.280000000,20,0.139000000,0.125000000,0.297000000
19:17:52,200719,50.642090805,-123.553799952,1988.278000000,20,0.139000000,0.125000000,0.297000000
19:17:53,200719,50.642090803,-123.553799948,1988.277000000,20,0.139000000,0.125000000,0.297000000
19:17:54,200719,50.642090805,-123.553799932,1988.277000000,20,0.139000000,0.125000000,0.297000000
19:17:55,200719,50.642090803,-123.553799915,1988.275000000,20,0.139000000,0.125000000,0.297000000
19:17:56,200719,50.642090790,-123.553799900,1988.270000000,20,0.139000000,0.125000000,0.297000000
19:17:57,200719,50.642090787,-123.553799885,1988.272000000,20,0.139000000,0.125000000,0.297000000
19:17:58,200719,50.642090770,-123.553799888,1988.268000000,20,0.139000000,0.125000000,0.297000000
19:17:59,200719,50.642090757,-123.553799875,1988.268000000,20,0.139000000,0.125000000,0.297000000
19:18:00,200719,50.642090748,-123.553799873,1988.264000000,20,0.139000000,0.125000000,0.297000000
19:18:01,200719,50.642090757,-123.553799882,1988.266000000,20,0.139000000,0.125000000,0.297000000
19:18:02,200719,50.642090753,-123.553799887,1988.264000000,20,0.139000000,0.125000000,0.297000000
19:18:03,200719,50.642090740,-123.553799907,1988.261000000,20,0.139000000,0.125000000,0.297000000
19:18:04,200719,50.642090742,-123.553799927,1988.257000000,20,0.139000000,0.125000000,0.297000000
19:18:05,200719,50.642090730,-123.553799923,1988.253000000,20,0.139000000,0.125000000,0.297000000
19:18:06,200719,50.642090738,-123.553799907,1988.256000000,20,0.139000000,0.125000000,0.297000000
19:18:07,200719,50.642090740,-123.553799897,1988.258000000,20,0.139000000,0.125000000,0.297000000
19:18:08,200719,50.642090777,-123.553799880,1988.267000000,20,0.139000000,0.125000000,0.297000000
19:18:09,200719,50.642090782,-123.553799868,1988.268000000,20,0.139000000,0.125000000,0.298000000
19:18:10,200719,50.642090772,-123.553799870,1988.271000000,20,0.139000000,0.125000000,0.298000000
19:18:11,200719,50.642090765,-123.553799855,1988.274000000,20,0.139000000,0.125000000,0.298000000
19:18:12,200719,50.642090768,-123.553799862,1988.274000000,20,0.139000000,0.125000000,0.298000000
19:18:13,200719,50.642090763,-123.553799862,1988.271000000,20,0.139000000,0.125000000,0.298000000
19:18:14,200719,50.642090727,-123.553799888,1988.267000000,20,0.139000000,0.125000000,0.298000000
19:18:15,200719,50.642090700,-123.553799930,1988.266000000,20,0.139000000,0.125000000,0.298000000
19:18:16,200719,50.642090672,-123.553799937,1988.259000000,20,0.139000000,0.125000000,0.298000000
19:18:17,200719,50.642090650,-123.553799938,1988.254000000,20,0.139000000,0.125000000,0.298000000
19:18:18,200719,50.642090635,-123.553799928,1988.253000000,20,0.139000000,0.125000000,0.298000000
19:18:19,200719,50.642090623,-123.553799907,1988.255000000,20,0.139000000,0.125000000,0.298000000
19:18:20,200719,50.642090652,-123.553799907,1988.259000000,20,0.139000000,0.125000000,0.298000000
19:18:21,200719,50.642090657,-123.553799892,1988.263000000,20,0.139000000,0.125000000,0.298000000
19:18:22,200719,50.642090665,-123.553799873,1988.265000000,20,0.139000000,0.125000000,0.298000000
19:18:23,200719,50.642090680,-123.553799867,1988.264000000,20,0.139000000,0.125000000,0.298000000
19:18:24,200719,50.642090697,-123.553799853,1988.265000000,20,0.139000000,0.125000000,0.298000000
19:18:25,200719,50.642090715,-123.553799860,1988.267000000,20,0.139000000,0.125000000,0.298000000
19:18:26,200719,50.642090730,-123.553799862,1988.268000000,20,0.139000000,0.125000000,0.298000000
19:18:27,200719,50.642090722,-123.553799855,1988.269000000,20,0.139000000,0.125000000,0.298000000
19:18:28,200719,50.642090727,-123.553799877,1988.269000000,20,0.139000000,0.125000000,0.298000000
19:18:29,200719,50.642090725,-123.553799850,1988.274000000,20,0.139000000,0.125000000,0.298000000
19:18:30,200719,50.642090730,-123.553799882,1988.271000000,20,0.139000000,0.125000000,0.298000000
19:18:31,200719,50.642090737,-123.553799922,1988.273000000,20,0.139000000,0.125000000,0.298000000
19:18:32,200719,50.642090732,-123.553799913,1988.275000000,20,0.139000000,0.125000000,0.298000000
19:18:33,200719,50.642090730,-123.553799917,1988.276000000,20,0.139000000,0.125000000,0.298000000
19:18:34,200719,50.642090740,-123.553799907,1988.279000000,20,0.139000000,0.125000000,0.298000000
19:18:35,200719,50.642090738,-123.553799913,1988.281000000,20,0.139000000,0.125000000,0.298000000
19:18:36,200719,50.642090737,-123.553799927,1988.283000000,20,0.139000000,0.125000000,0.298000000
19:18:37,200719,50.642090723,-123.553799923,1988.290000000,20,0.139000000,0.125000000,0.298000000
19:18:38,200719,50.642090707,-123.553799955,1988.285000000,20,0.139000000,0.125000000,0.298000000
19:18:39,200719,50.642090727,-123.553799977,1988.281000000,20,0.139000000,0.125000000,0.298000000
19:18:40,200719,50.642090763,-123.553800018,1988.270000000,20,0.139000000,0.125000000,0.298000000
19:18:41,200719,50.642090772,-123.553800030,1988.272000000,20,0.139000000,0.125000000,0.298000000
19:18:42,200719,50.642090765,-123.553800053,1988.272000000,20,0.139000000,0.125000000,0.298000000
19:18:43,200719,50.642090785,-123.553800057,1988.273000000,20,0.139000000,0.125000000,0.298000000
19:18:44,200719,50.642090802,-123.553800062,1988.276000000,20,0.139000000,0.125000000,0.298000000
19:18:45,200719,50.642090803,-123.553800048,1988.279000000,20,0.139000000,0.125000000,0.298000000
19:18:46,200719,50.642090808,-123.553800043,1988.285000000,20,0.139000000,0.125000000,0.298000000
19:18:47,200719,50.642090818,-123.553800038,1988.288000000,20,0.139000000,0.125000000,0.298000000
19:18:48,200719,50.642090823,-123.553800023,1988.292000000,20,0.139000000,0.125000000,0.298000000
19:18:49,200719,50.642090820,-123.553800010,1988.289000000,20,0.139000000,0.125000000,0.298000000
19:18:50,200719,50.642090802,-123.553800017,1988.288000000,20,0.139000000,0.125000000,0.298000000
19:18:51,200719,50.642090787,-123.553800025,1988.282000000,20,0.139000000,0.125000000,0.298000000
19:18:52,200719,50.642090777,-123.553800052,1988.279000000,20,0.139000000,0.125000000,0.298000000
19:18:53,200719,50.642090758,-123.553800052,1988.276000000,20,0.139000000,0.125000000,0.298000000
19:18:54,200719,50.642090735,-123.553800068,1988.272000000,20,0.139000000,0.125000000,0.298000000
19:18:55,200719,50.642090743,-123.553800075,1988.273000000,20,0.139000000,0.125000000,0.298000000
19:18:56,200719,50.642090757,-123.553800078,1988.272000000,20,0.139000000,0.125000000,0.298000000
19:18:57,200719,50.642090762,-123.553800077,1988.274000000,20,0.139000000,0.125000000,0.298000000
19:18:58,200719,50.642090792,-123.553800092,1988.281000000,20,0.139000000,0.125000000,0.298000000
19:18:59,200719,50.642090802,-123.553800095,1988.286000000,20,0.139000000,0.125000000,0.298000000
19:19:00,200719,50.642090815,-123.553800125,1988.287000000,20,0.139000000,0.125000000,0.298000000
19:19:01,200719,50.642090830,-123.553800127,1988.285000000,20,0.139000000,0.125000000,0.298000000
19:19:02,200719,50.642090842,-123.553800142,1988.285000000,20,0.139000000,0.125000000,0.298000000
19:19:03,200719,50.642090832,-123.553800148,1988.282000000,20,0.139000000,0.125000000,0.298000000
19:19:04,200719,50.642090833,-123.553800170,1988.284000000,20,0.139000000,0.125000000,0.298000000
19:19:05,200719,50.642090830,-123.553800188,1988.285000000,20,0.139000000,0.125000000,0.298000000
19:19:06,200719,50.642090828,-123.553800212,1988.282000000,20,0.139000000,0.125000000,0.299000000
19:19:07,200719,50.642090815,-123.553800227,1988.279000000,20,0.139000000,0.125000000,0.299000000
19:19:08,200719,50.642090795,-123.553800247,1988.274000000,20,0.139000000,0.125000000,0.299000000
19:19:09,200719,50.642090785,-123.553800260,1988.268000000,20,0.139000000,0.125000000,0.299000000
19:19:10,200719,50.642090773,-123.553800272,1988.266000000,20,0.139000000,0.125000000,0.299000000
19:19:11,200719,50.642090765,-123.553800292,1988.260000000,20,0.139000000,0.125000000,0.299000000
19:19:12,200719,50.642090765,-123.553800302,1988.255000000,20,0.139000000,0.125000000,0.299000000
19:19:13,200719,50.642090780,-123.553800332,1988.253000000,20,0.139000000,0.125000000,0.299000000
19:19:14,200719,50.642090798,-123.553800368,1988.254000000,20,0.139000000,0.125000000,0.299000000
19:19:15,200719,50.642090803,-123.553800398,1988.253000000,20,0.139000000,0.125000000,0.299000000
19:19:16,200719,50.642090810,-123.553800427,1988.248000000,20,0.139000000,0.125000000,0.299000000
19:19:17,200719,50.642090807,-123.553800440,1988.245000000,20,0.139000000,0.125000000,0.299000000
19:19:18,200719,50.642090832,-123.553800442,1988.243000000,20,0.139000000,0.125000000,0.299000000
19:19:19,200719,50.642090840,-123.553800432,1988.239000000,20,0.139000000,0.125000000,0.299000000
19:19:20,200719,50.642090838,-123.553800413,1988.237000000,20,0.139000000,0.125000000,0.299000000
19:19:21,200719,50.642090842,-123.553800393,1988.236000000,20,0.139000000,0.125000000,0.299000000
19:19:22,200719,50.642090847,-123.553800377,1988.234000000,20,0.139000000,0.125000000,0.299000000
19:19:23,200719,50.642090847,-123.553800368,1988.232000000,20,0.139000000,0.125000000,0.299000000
19:19:24,200719,50.642090832,-123.553800365,1988.227000000,20,0.139000000,0.125000000,0.299000000
19:19:25,200719,50.642090822,-123.553800390,1988.221000000,20,0.139000000,0.125000000,0.299000000
19:19:26,200719,50.642090808,-123.553800417,1988.219000000,20,0.139000000,0.125000000,0.299000000
19:19:27,200719,50.642090798,-123.553800443,1988.216000000,20,0.139000000,0.125000000,0.299000000
19:19:28,200719,50.642090802,-123.553800463,1988.212000000,20,0.139000000,0.125000000,0.299000000
19:19:29,200719,50.642090798,-123.553800490,1988.204000000,20,0.139000000,0.125000000,0.299000000
19:19:30,200719,50.642090815,-123.553800477,1988.205000000,20,0.139000000,0.125000000,0.299000000
19:19:31,200719,50.642090832,-123.553800458,1988.209000000,20,0.139000000,0.125000000,0.299000000
19:19:32,200719,50.642090865,-123.553800453,1988.217000000,20,0.139000000,0.125000000,0.299000000
19:19:33,200719,50.642090873,-123.553800448,1988.224000000,20,0.139000000,0.125000000,0.299000000
19:19:34,200719,50.642090885,-123.553800420,1988.227000000,20,0.139000000,0.125000000,0.299000000
19:19:35,200719,50.642090903,-123.553800423,1988.224000000,20,0.139000000,0.125000000,0.299000000
19:19:36,200719,50.642090922,-123.553800400,1988.228000000,20,0.139000000,0.125000000,0.299000000
19:19:37,200719,50.642090932,-123.553800433,1988.225000000,20,0.139000000,0.125000000,0.299000000
19:19:38,200719,50.642090937,-123.553800443,1988.221000000,20,0.139000000,0.125000000,0.299000000
19:19:39,200719,50.642090937,-123.553800452,1988.218000000,20,0.139000000,0.125000000,0.299000000
19:19:40,200719,50.642090932,-123.553800463,1988.214000000,20,0.139000000,0.125000000,0.299000000
19:19:41,200719,50.642090930,-123.553800460,1988.213000000,20,0.139000000,0.125000000,0.299000000
19:19:42,200719,50.642090915,-123.553800485,1988.214000000,20,0.139000000,0.125000000,0.299000000
19:19:43,200719,50.642090897,-123.553800497,1988.217000000,20,0.139000000,0.125000000,0.299000000
19:19:44,200719,50.642090878,-123.553800498,1988.220000000,20,0.139000000,0.125000000,0.299000000
19:19:45,200719,50.642090868,-123.553800502,1988.226000000,20,0.139000000,0.125000000,0.299000000
19:19:46,200719,50.642090868,-123.553800500,1988.225000000,20,0.139000000,0.125000000,0.299000000
19:19:47,200719,50.642090883,-123.553800500,1988.225000000,20,0.139000000,0.125000000,0.299000000
19:19:48,200719,50.642090883,-123.553800488,1988.227000000,20,0.139000000,0.125000000,0.299000000
19:19:49,200719,50.642090887,-123.553800490,1988.226000000,20,0.139000000,0.125000000,0.299000000
19:19:50,200719,50.642090895,-123.553800502,1988.226000000,20,0.139000000,0.125000000,0.299000000
19:19:51,200719,50.642090907,-123.553800513,1988.221000000,20,0.139000000,0.125000000,0.299000000
19:19:52,200719,50.642090913,-123.553800532,1988.222000000,20,0.139000000,0.125000000,0.299000000
19:19:53,200719,50.642090918,-123.553800543,1988.225000000,20,0.139000000,0.125000000,0.299000000
19:19:54,200719,50.642090917,-123.553800552,1988.226000000,20,0.139000000,0.125000000,0.299000000
19:19:55,200719,50.642090907,-123.553800557,1988.225000000,20,0.139000000,0.125000000,0.299000000
19:19:56,200719,50.642090913,-123.553800577,1988.224000000,20,0.139000000,0.125000000,0.299000000
19:19:57,200719,50.642090917,-123.553800572,1988.228000000,20,0.139000000,0.125000000,0.299000000
19:19:58,200719,50.642090918,-123.553800567,1988.234000000,20,0.139000000,0.125000000,0.299000000
19:19:59,200719,50.642090910,-123.553800553,1988.239000000,20,0.139000000,0.125000000,0.299000000
19:20:00,200719,50.642090892,-123.553800525,1988.242000000,20,0.139000000,0.125000000,0.299000000
19:20:01,200719,50.642090885,-123.553800545,1988.243000000,20,0.139000000,0.125000000,0.299000000
19:20:02,200719,50.642090870,-123.553800538,1988.246000000,20,0.139000000,0.125000000,0.299000000
19:20:03,200719,50.642090867,-123.553800533,1988.249000000,20,0.139000000,0.125000000,0.299000000
19:20:04,200719,50.642090873,-123.553800517,1988.252000000,20,0.139000000,0.125000000,0.299000000
19:20:05,200719,50.642090877,-123.553800515,1988.248000000,20,0.139000000,0.125000000,0.299000000
19:20:06,200719,50.642090877,-123.553800525,1988.243000000,20,0.139000000,0.125000000,0.299000000
19:20:07,200719,50.642090882,-123.553800538,1988.243000000,20,0.139000000,0.125000000,0.299000000
19:20:08,200719,50.642090860,-123.553800547,1988.242000000,20,0.139000000,0.125000000,0.299000000
19:20:09,200719,50.642090838,-123.553800540,1988.244000000,20,0.139000000,0.125000000,0.300000000
19:20:10,200719,50.642090827,-123.553800537,1988.245000000,20,0.139000000,0.125000000,0.300000000
19:20:11,200719,50.642090818,-123.553800510,1988.249000000,20,0.139000000,0.125000000,0.300000000
19:20:12,200719,50.642090803,-123.553800498,1988.247000000,20,0.139000000,0.125000000,0.300000000
19:20:13,200719,50.642090790,-123.553800493,1988.252000000,20,0.139000000,0.125000000,0.300000000
19:20:14,200719,50.642090778,-123.553800492,1988.251000000,20,0.139000000,0.125000000,0.300000000
19:20:15,200719,50.642090775,-123.553800473,1988.247000000,20,0.139000000,0.125000000,0.300000000
19:20:16,200719,50.642090778,-123.553800448,1988.242000000,20,0.139000000,0.125000000,0.300000000
19:20:17,200719,50.642090808,-123.553800467,1988.236000000,20,0.139000000,0.125000000,0.300000000
19:20:18,200719,50.642090825,-123.553800475,1988.230000000,20,0.139000000,0.125000000,0.300000000
19:20:19,200719,50.642090825,-123.553800475,1988.233000000,20,0.139000000,0.125000000,0.300000000
19:20:20,200719,50.642090840,-123.553800497,1988.229000000,20,0.139000000,0.125000000,0.300000000
19:20:21,200719,50.642090855,-123.553800505,1988.224000000,20,0.139000000,0.125000000,0.300000000
19:20:22,200719,50.642090865,-123.553800507,1988.223000000,20,0.139000000,0.125000000,0.300000000
19:20:23,200719,50.642090882,-123.553800522,1988.217000000,20,0.139000000,0.125000000,0.300000000
19:20:24,200719,50.642090883,-123.553800512,1988.216000000,20,0.139000000,0.125000000,0.300000000
19:20:25,200719,50.642090845,-123.553800487,1988.216000000,20,0.139000000,0.125000000,0.300000000
19:20:26,200719,50.642090795,-123.553800488,1988.215000000,20,0.139000000,0.125000000,0.300000000
19:20:27,200719,50.642090740,-123.553800488,1988.211000000,20,0.139000000,0.125000000,0.300000000
19:20:28,200719,50.642090698,-123.553800495,1988.212000000,20,0.139000000,0.125000000,0.300000000
19:20:29,200719,50.642090675,-123.553800467,1988.218000000,20,0.139000000,0.125000000,0.300000000
19:20:30,200719,50.642090653,-123.553800460,1988.219000000,20,0.139000000,0.125000000,0.300000000
19:20:31,200719,50.642090665,-123.553800503,1988.211000000,20,0.139000000,0.125000000,0.300000000
19:20:32,200719,50.642090697,-123.553800543,1988.204000000,20,0.139000000,0.125000000,0.300000000
19:20:33,200719,50.642090730,-123.553800590,1988.201000000,20,0.139000000,0.125000000,0.300000000
19:20:34,200719,50.642090750,-123.553800613,1988.197000000,20,0.139000000,0.125000000,0.300000000
19:20:35,200719,50.642090765,-123.553800642,1988.193000000,20,0.139000000,0.125000000,0.300000000
19:20:36,200719,50.642090778,-123.553800665,1988.190000000,20,0.139000000,0.125000000,0.300000000
19:20:37,200719,50.642090793,-123.553800675,1988.186000000,20,0.139000000,0.125000000,0.300000000
19:20:38,200719,50.642090803,-123.553800703,1988.183000000,20,0.139000000,0.125000000,0.300000000
19:20:39,200719,50.642090828,-123.553800720,1988.183000000,20,0.139000000,0.125000000,0.300000000
19:20:40,200719,50.642090837,-123.553800720,1988.181000000,20,0.139000000,0.125000000,0.300000000
19:20:41,200719,50.642090830,-123.553800717,1988.180000000,20,0.139000000,0.125000000,0.300000000
19:20:42,200719,50.642090845,-123.553800733,1988.178000000,20,0.139000000,0.125000000,0.300000000
19:20:43,200719,50.642090852,-123.553800725,1988.175000000,20,0.139000000,0.125000000,0.300000000
19:20:44,200719,50.642090823,-123.553800698,1988.176000000,20,0.139000000,0.125000000,0.300000000
19:20:45,200719,50.642090783,-123.553800652,1988.180000000,20,0.139000000,0.125000000,0.300000000
19:20:46,200719,50.642090750,-123.553800585,1988.189000000,20,0.139000000,0.125000000,0.300000000
19:20:47,200719,50.642090740,-123.553800563,1988.184000000,20,0.139000000,0.125000000,0.300000000
19:20:48,200719,50.642090743,-123.553800567,1988.182000000,20,0.139000000,0.125000000,0.300000000
19:20:49,200719,50.642090747,-123.553800593,1988.179000000,20,0.139000000,0.125000000,0.300000000
19:20:50,200719,50.642090763,-123.553800622,1988.176000000,20,0.139000000,0.125000000,0.300000000
19:20:51,200719,50.642090765,-123.553800645,1988.168000000,20,0.139000000,0.125000000,0.300000000
19:20:52,200719,50.642090760,-123.553800658,1988.165000000,20,0.139000000,0.125000000,0.300000000
19:20:53,200719,50.642090757,-123.553800650,1988.160000000,20,0.139000000,0.125000000,0.300000000
19:20:54,200719,50.642090743,-123.553800642,1988.157000000,20,0.139000000,0.125000000,0.300000000
19:20:55,200719,50.642090747,-123.553800635,1988.152000000,20,0.139000000,0.125000000,0.300000000
19:20:56,200719,50.642090748,-123.553800608,1988.152000000,20,0.139000000,0.125000000,0.300000000
19:20:57,200719,50.642090747,-123.553800608,1988.150000000,20,0.139000000,0.125000000,0.300000000
19:20:58,200719,50.642090753,-123.553800578,1988.151000000,20,0.139000000,0.125000000,0.300000000
19:20:59,200719,50.642090757,-123.553800577,1988.150000000,20,0.139000000,0.125000000,0.300000000
19:21:00,200719,50.642090747,-123.553800583,1988.147000000,20,0.139000000,0.125000000,0.300000000
19:21:01,200719,50.642090753,-123.553800588,1988.144000000,20,0.139000000,0.125000000,0.300000000
19:21:02,200719,50.642090753,-123.553800607,1988.138000000,20,0.139000000,0.125000000,0.300000000
19:21:03,200719,50.642090757,-123.553800620,1988.134000000,20,0.139000000,0.125000000,0.300000000
19:21:04,200719,50.642090767,-123.553800632,1988.129000000,20,0.139000000,0.125000000,0.300000000
19:21:05,200719,50.642090765,-123.553800623,1988.125000000,20,0.139000000,0.125000000,0.300000000
19:21:06,200719,50.642090757,-123.553800625,1988.124000000,20,0.139000000,0.125000000,0.300000000
19:21:07,200719,50.642090763,-123.553800628,1988.126000000,20,0.139000000,0.125000000,0.300000000
19:21:08,200719,50.642090767,-123.553800618,1988.128000000,20,0.139000000,0.125000000,0.300000000
19:21:09,200719,50.642090770,-123.553800610,1988.129000000,20,0.139000000,0.125000000,0.300000000
19:21:10,200719,50.642090782,-123.553800600,1988.133000000,20,0.139000000,0.125000000,0.300000000
19:21:11,200719,50.642090785,-123.553800597,1988.137000000,20,0.139000000,0.125000000,0.300000000
19:21:12,200719,50.642090783,-123.553800590,1988.137000000,20,0.139000000,0.125000000,0.300000000
19:21:13,200719,50.642090790,-123.553800593,1988.137000000,20,0.139000000,0.125000000,0.300000000
19:21:14,200719,50.642090800,-123.553800595,1988.140000000,20,0.139000000,0.125000000,0.300000000
19:21:15,200719,50.642090820,-123.553800608,1988.140000000,20,0.139000000,0.125000000,0.300000000
19:21:16,200719,50.642090833,-123.553800602,1988.139000000,20,0.139000000,0.125000000,0.300000000
19:21:17,200719,50.642090847,-123.553800605,1988.139000000,20,0.139000000,0.125000000,0.300000000
19:21:18,200719,50.642090843,-123.553800607,1988.139000000,20,0.139000000,0.125000000,0.301000000
19:21:19,200719,50.642090832,-123.553800595,1988.144000000,20,0.139000000,0.125000000,0.301000000
19:21:20,200719,50.642090837,-123.553800577,1988.151000000,20,0.139000000,0.125000000,0.301000000
19:21:21,200719,50.642090833,-123.553800555,1988.154000000,20,0.139000000,0.125000000,0.301000000
19:21:22,200719,50.642090835,-123.553800520,1988.158000000,20,0.139000000,0.125000000,0.301000000
19:21:23,200719,50.642090820,-123.553800505,1988.157000000,20,0.139000000,0.125000000,0.301000000
19:21:24,200719,50.642090807,-123.553800487,1988.154000000,20,0.139000000,0.125000000,0.301000000
19:21:25,200719,50.642090797,-123.553800457,1988.155000000,20,0.139000000,0.125000000,0.301000000
19:21:26,200719,50.642090800,-123.553800435,1988.156000000,20,0.139000000,0.125000000,0.301000000
19:21:27,200719,50.642090808,-123.553800427,1988.157000000,20,0.139000000,0.125000000,0.301000000
19:21:28,200719,50.642090820,-123.553800413,1988.161000000,20,0.139000000,0.125000000,0.301000000
19:21:29,200719,50.642090830,-123.553800405,1988.164000000,20,0.139000000,0.125000000,0.301000000
19:21:30,200719,50.642090827,-123.553800407,1988.163000000,20,0.139000000,0.125000000,0.301000000
19:21:31,200719,50.642090815,-123.553800395,1988.163000000,20,0.139000000,0.125000000,0.301000000
19:21:32,200719,50.642090793,-123.553800387,1988.158000000,20,0.139000000,0.125000000,0.301000000
19:21:33,200719,50.642090777,-123.553800375,1988.157000000,20,0.139000000,0.125000000,0.301000000
19:21:34,200719,50.642090757,-123.553800358,1988.159000000,20,0.139000000,0.125000000,0.301000000
19:21:35,200719,50.642090730,-123.553800327,1988.160000000,20,0.139000000,0.125000000,0.301000000
19:21:36,200719,50.642090712,-123.553800323,1988.163000000,20,0.139000000,0.125000000,0.301000000
19:21:37,200719,50.642090695,-123.553800297,1988.164000000,20,0.139000000,0.125000000,0.301000000
19:21:38,200719,50.642090677,-123.553800288,1988.162000000,20,0.139000000,0.125000000,0.301000000
19:21:39,200719,50.642090653,-123.553800278,1988.155000000,20,0.139000000,0.125000000,0.301000000
19:21:40,200719,50.642090623,-123.553800240,1988.157000000,20,0.139000000,0.125000000,0.301000000
19:21:41,200719,50.642090613,-123.553800178,1988.164000000,20,0.139000000,0.125000000,0.301000000
19:21:42,200719,50.642090603,-123.553800120,1988.174000000,20,0.139000000,0.125000000,0.301000000
19:21:43,200719,50.642090565,-123.553800088,1988.179000000,20,0.139000000,0.125000000,0.301000000
19:21:44,200719,50.642090547,-123.553800027,1988.185000000,20,0.139000000,0.125000000,0.301000000
19:21:45,200719,50.642090552,-123.553800007,1988.187000000,20,0.139000000,0.125000000,0.301000000
19:21:46,200719,50.642090553,-123.553800007,1988.193000000,20,0.139000000,0.125000000,0.301000000
19:21:47,200719,50.642090523,-123.553799992,1988.191000000,20,0.139000000,0.125000000,0.301000000
19:21:48,200719,50.642090505,-123.553799957,1988.194000000,20,0.139000000,0.125000000,0.301000000
19:21:49,200719,50.642090485,-123.553799953,1988.191000000,20,0.139000000,0.125000000,0.301000000
19:21:50,200719,50.642090485,-123.553799980,1988.177000000,20,0.139000000,0.125000000,0.301000000
19:21:51,200719,50.642090485,-123.553799992,1988.170000000,20,0.139000000,0.125000000,0.301000000
19:21:52,200719,50.642090493,-123.553799990,1988.169000000,20,0.139000000,0.125000000,0.301000000
19:21:53,200719,50.642090502,-123.553799992,1988.167000000,20,0.139000000,0.125000000,0.301000000
19:21:54,200719,50.642090480,-123.553799925,1988.177000000,20,0.139000000,0.125000000,0.301000000
19:21:55,200719,50.642090467,-123.553799948,1988.234000000,20,0.139000000,0.125000000,0.301000000
19:21:56,200719,50.642090453,-123.553800095,1988.219000000,20,0.139000000,0.125000000,0.301000000
19:21:57,200719,50.642090192,-123.553800073,1988.200000000,8,0.153000000,0.167000000,0.391000000
19:21:58,200719,50.642090567,-123.553799820,1988.285000000,6,1.777000000,2.229000000,6.481000000
19:21:59,200719,50.642090683,-123.553799998,1988.289000000,6,1.777000000,2.229000000,6.481000000
19:22:00,200719,50.642091135,-123.553800967,1988.307000000,6,1.777000000,2.229000000,6.481000000
19:22:01,200719,50.642091502,-123.553801507,1988.311000000,6,2.637000000,3.307000000,9.615000000
19:22:02,200719,50.642091857,-123.553801925,1988.283000000,5,3.693000000,3.746000000,12.899000000
19:22:03,200719,50.642092032,-123.553802083,1988.277000000,5,3.693000000,3.746000000,12.899000000
19:22:05,200719,50.642095542,-123.553822190,1988.126000000,4,4.673000000,5.717000000,16.572000000
19:22:06,200719,50.642098588,-123.553824268,1987.118000000,4,4.673000000,5.717000000,16.572000000
19:22:07,200719,50.642100403,-123.553824815,1987.051000000,5,3.655000000,5.549000000,12.952000000
19:22:08,200719,50.642092388,-123.553798987,1988.103000000,12,2.930000000,2.743000000,6.641000000
19:22:09,200719,50.642091222,-123.553799643,1987.188000000,18,1.987000000,1.710000000,4.182000000
19:22:10,200719,50.642090978,-123.553800860,1987.456000000,19,1.874000000,1.611000000,3.831000000
19:22:11,200719,50.642090925,-123.553801083,1987.526000000,19,1.874000000,1.611000000,3.831000000
19:22:12,200719,50.642091128,-123.553801187,1987.604000000,20,1.258000000,1.133000000,2.734000000
19:22:13,200719,50.642091558,-123.553801457,1987.695000000,20,1.258000000,1.133000000,2.734000000
19:22:14,200719,50.642091658,-123.553801480,1987.733000000,20,1.258000000,1.133000000,2.734000000
19:22:15,200719,50.642091743,-123.553801387,1987.771000000,20,0.865000000,0.779000000,1.880000000
19:22:16,200719,50.642091842,-123.553801303,1987.808000000,20,0.865000000,0.779000000,1.880000000
19:22:17,200719,50.642091950,-123.553801215,1987.839000000,20,0.865000000,0.779000000,1.880000000
19:22:18,200719,50.642092032,-123.553801145,1987.858000000,20,0.595000000,0.536000000,1.293000000
19:22:19,200719,50.642092108,-123.553801125,1987.872000000,20,0.595000000,0.536000000,1.293000000
19:22:20,200719,50.642092175,-123.553801087,1987.892000000,20,0.595000000,0.536000000,1.293000000
19:22:21,200719,50.642092225,-123.553801058,1987.905000000,20,0.409000000,0.369000000,0.891000000
19:22:22,200719,50.642092263,-123.553801073,1987.913000000,20,0.409000000,0.369000000,0.891000000
19:22:23,200719,50.642092302,-123.553801075,1987.921000000,20,0.409000000,0.369000000,0.891000000
19:22:24,200719,50.642092323,-123.553801075,1987.920000000,20,0.283000000,0.255000000,0.616000000
19:22:25,200719,50.642092302,-123.553801077,1987.924000000,20,0.283000000,0.255000000,0.616000000
19:22:26,200719,50.642092278,-123.553801100,1987.929000000,21,0.283000000,0.255000000,0.616000000
19:22:27,200719,50.642092237,-123.553801143,1987.946000000,21,0.212000000,0.191000000,0.447000000
19:22:28,200719,50.642092207,-123.553801185,1987.958000000,21,0.212000000,0.191000000,0.447000000
19:22:29,200719,50.642092172,-123.553801222,1987.965000000,21,0.212000000,0.191000000,0.447000000
