TIME,DATE(ddMMyy),LATITUDEGGA,LONGITUDEGGA,ALTITUDEGGA,NUMBERSAT,LATERR,LONGERR,ALTERR
20:43:24,200719,50.660093072,-123.509750762,1560.908000000,8,0.871000000,0.487000000,1.434000000
20:43:25,200719,50.660092737,-123.509750493,1560.935000000,9,0.769000000,0.454000000,1.346000000
20:43:26,200719,50.660092588,-123.509750443,1560.950000000,9,0.769000000,0.454000000,1.346000000
20:43:27,200719,50.660092343,-123.509750237,1561.000000000,10,0.601000000,0.376000000,1.181000000
20:43:28,200719,50.660092098,-123.509750085,1561.011000000,10,0.601000000,0.376000000,1.181000000
20:43:29,200719,50.660092022,-123.509750097,1560.991000000,11,0.601000000,0.376000000,1.181000000
20:43:30,200719,50.660092323,-123.509749443,1560.934000000,10,0.631000000,0.333000000,1.108000000
20:43:31,200719,50.660092617,-123.509749227,1560.843000000,9,0.635000000,0.374000000,1.111000000
20:43:32,200719,50.660092988,-123.509749160,1560.731000000,10,0.626000000,0.330000000,1.098000000
20:43:33,200719,50.660093330,-123.509749022,1560.663000000,10,0.626000000,0.330000000,1.098000000
20:43:34,200719,50.660093480,-123.509749613,1560.587000000,10,0.626000000,0.330000000,1.098000000
20:43:35,200719,50.660093322,-123.509750840,1560.495000000,9,0.643000000,0.322000000,1.062000000
20:43:36,200719,50.660093052,-123.509751347,1560.404000000,10,0.590000000,0.311000000,1.037000000
20:43:37,200719,50.660093060,-123.509751010,1560.412000000,10,0.590000000,0.311000000,1.037000000
20:43:38,200719,50.660093340,-123.509750632,1560.413000000,9,0.590000000,0.311000000,1.037000000
20:43:39,200719,50.660093767,-123.509750303,1560.429000000,9,0.563000000,0.334000000,1.023000000
20:43:40,200719,50.660094295,-123.509750013,1560.408000000,8,0.563000000,0.334000000,1.023000000
20:43:41,200719,50.660094603,-123.509749598,1560.416000000,8,0.863000000,0.483000000,1.474000000
20:43:42,200719,50.660094743,-123.509749205,1560.368000000,9,0.863000000,0.483000000,1.474000000
20:43:43,200719,50.660095318,-123.509748740,1560.358000000,9,0.957000000,0.479000000,1.583000000
20:43:44,200719,50.660095762,-123.509748512,1560.342000000,9,0.957000000,0.479000000,1.583000000
20:43:45,200719,50.660096122,-123.509748340,1560.311000000,9,0.957000000,0.479000000,1.583000000
20:43:46,200719,50.660096407,-123.509748338,1560.269000000,10,0.738000000,0.389000000,1.298000000
20:43:47,200719,50.660096700,-123.509748462,1560.225000000,11,0.493000000,0.369000000,1.083000000
20:43:48,200719,50.660096555,-123.509749033,1560.133000000,11,0.493000000,0.369000000,1.083000000
20:43:49,200719,50.660096602,-123.509749513,1560.048000000,11,0.493000000,0.369000000,1.083000000
20:43:50,200719,50.660096653,-123.509749480,1559.994000000,9,0.667000000,0.351000000,1.174000000
20:43:51,200719,50.660097168,-123.509749178,1559.937000000,9,0.708000000,0.354000000,1.171000000
20:43:52,200719,50.660097593,-123.509748908,1559.878000000,9,0.841000000,0.498000000,1.530000000
20:43:53,200719,50.660097923,-123.509748722,1559.813000000,9,0.841000000,0.498000000,1.530000000
20:43:54,200719,50.660098165,-123.509748688,1559.738000000,9,0.841000000,0.498000000,1.530000000
20:43:55,200719,50.660098117,-123.509749507,1559.670000000,8,1.565000000,0.926000000,2.849000000
20:43:56,200719,50.660098000,-123.509750772,1559.608000000,8,1.604000000,1.137000000,2.887000000
20:43:57,200719,50.660098073,-123.509751503,1559.499000000,8,1.604000000,1.137000000,2.887000000
20:43:58,200719,50.660097817,-123.509753137,1559.411000000,8,1.698000000,1.203000000,3.057000000
20:43:59,200719,50.660097770,-123.509754925,1559.256000000,9,1.679000000,0.986000000,2.951000000
20:44:00,200719,50.660098357,-123.509755055,1559.074000000,10,1.276000000,0.797000000,2.512000000
20:44:01,200719,50.660098838,-123.509755377,1558.950000000,10,1.276000000,0.797000000,2.512000000
20:44:02,200719,50.660099317,-123.509756080,1558.821000000,10,1.276000000,0.797000000,2.512000000
20:44:03,200719,50.660099755,-123.509756822,1558.710000000,10,0.929000000,0.580000000,1.829000000
20:44:04,200719,50.660100190,-123.509757973,1558.551000000,10,0.929000000,0.580000000,1.829000000
20:44:05,200719,50.660100800,-123.509758610,1558.439000000,10,0.929000000,0.580000000,1.829000000
20:44:06,200719,50.660101420,-123.509759105,1558.319000000,9,0.796000000,0.510000000,1.546000000
20:44:07,200719,50.660101887,-123.509760017,1558.178000000,9,0.688000000,0.440000000,1.335000000
20:44:08,200719,50.660102543,-123.509760697,1558.062000000,9,0.688000000,0.440000000,1.335000000
20:44:09,200719,50.660103243,-123.509761328,1557.930000000,9,0.688000000,0.440000000,1.335000000
20:44:10,200719,50.660103937,-123.509761827,1557.796000000,10,0.511000000,0.306000000,0.997000000
20:44:11,200719,50.660104432,-123.509762172,1557.707000000,10,0.511000000,0.306000000,0.997000000
20:44:12,200719,50.660104898,-123.509762468,1557.637000000,11,0.400000000,0.259000000,0.798000000
20:44:13,200719,50.660105307,-123.509762725,1557.582000000,12,0.266000000,0.218000000,0.610000000
20:44:14,200719,50.660105705,-123.509762927,1557.527000000,12,0.266000000,0.218000000,0.610000000
20:44:15,200719,50.660106020,-123.509763132,1557.479000000,12,0.266000000,0.218000000,0.610000000
20:44:16,200719,50.660106330,-123.509763322,1557.436000000,12,0.240000000,0.197000000,0.550000000
20:44:17,200719,50.660104653,-123.509761677,1557.781000000,13,0.225000000,0.165000000,0.513000000
20:44:18,200719,50.660102335,-123.509759385,1558.265000000,13,0.225000000,0.165000000,0.513000000
20:44:19,200719,50.660099742,-123.509756918,1558.799000000,13,0.225000000,0.165000000,0.513000000
20:44:20,200719,50.660097317,-123.509754522,1559.301000000,13,0.319000000,0.233000000,0.727000000
20:44:21,200719,50.660095002,-123.509752210,1559.787000000,13,0.319000000,0.233000000,0.727000000
20:44:22,200719,50.660092877,-123.509749867,1560.251000000,13,0.319000000,0.233000000,0.727000000
20:44:23,200719,50.660091017,-123.509747310,1560.723000000,13,0.349000000,0.256000000,0.797000000
20:44:24,200719,50.660089098,-123.509744552,1561.223000000,13,0.349000000,0.256000000,0.797000000
20:44:25,200719,50.660087360,-123.509741960,1561.676000000,13,0.349000000,0.256000000,0.797000000
20:44:26,200719,50.660085913,-123.509739770,1562.059000000,13,0.508000000,0.372000000,1.158000000
20:44:27,200719,50.660081718,-123.509734270,1563.065000000,13,0.508000000,0.372000000,1.158000000
20:44:28,200719,50.660079008,-123.509730578,1563.717000000,13,0.508000000,0.372000000,1.158000000
20:44:29,200719,50.660077210,-123.509727983,1564.152000000,13,0.821000000,0.601000000,1.872000000
20:44:30,200719,50.660076017,-123.509726062,1564.459000000,13,0.821000000,0.601000000,1.872000000
20:44:31,200719,50.660075245,-123.509724672,1564.684000000,10,0.986000000,0.717000000,2.193000000
20:44:32,200719,50.660074603,-123.509723820,1564.816000000,10,1.241000000,0.768000000,2.373000000
20:44:33,200719,50.660074108,-123.509723392,1564.892000000,11,1.216000000,0.767000000,2.433000000
20:44:34,200719,50.660072208,-123.509723860,1564.976000000,11,1.216000000,0.767000000,2.433000000
20:44:35,200719,50.660071453,-123.509724408,1564.988000000,11,1.216000000,0.767000000,2.433000000
20:44:36,200719,50.660071303,-123.509725102,1564.933000000,11,1.200000000,0.720000000,2.419000000
20:44:37,200719,50.660071682,-123.509726348,1564.786000000,10,1.312000000,0.744000000,2.473000000
20:44:38,200719,50.660072728,-123.509728480,1564.479000000,10,1.312000000,0.744000000,2.473000000
20:44:39,200719,50.660073752,-123.509730158,1564.243000000,10,1.312000000,0.744000000,2.473000000
20:44:40,200719,50.660075017,-123.509731788,1564.016000000,10,1.204000000,0.682000000,2.269000000
20:44:41,200719,50.660076360,-123.509733452,1563.743000000,11,0.905000000,0.668000000,2.010000000
20:44:42,200719,50.660077863,-123.509735133,1563.464000000,9,1.147000000,0.698000000,2.157000000
20:44:43,200719,50.660079458,-123.509736933,1563.146000000,10,1.097000000,0.621000000,2.068000000
20:44:44,200719,50.660080702,-123.509738217,1562.928000000,11,0.955000000,0.563000000,1.842000000
20:44:45,200719,50.660081922,-123.509739508,1562.691000000,11,0.955000000,0.563000000,1.842000000
20:44:46,200719,50.660083180,-123.509740760,1562.462000000,11,0.955000000,0.563000000,1.842000000
20:44:47,200719,50.660084508,-123.509741852,1562.221000000,12,0.681000000,0.495000000,1.513000000
20:44:48,200719,50.660085817,-123.509742633,1562.020000000,13,0.646000000,0.473000000,1.471000000
20:44:49,200719,50.660087017,-123.509743500,1561.830000000,13,0.646000000,0.473000000,1.471000000
20:44:50,200719,50.660088012,-123.509744320,1561.649000000,12,0.646000000,0.473000000,1.471000000
20:44:51,200719,50.660088828,-123.509745290,1561.475000000,12,0.607000000,0.445000000,1.348000000
20:44:52,200719,50.660089298,-123.509746552,1561.290000000,11,0.597000000,0.432000000,1.293000000
20:44:53,200719,50.660089787,-123.509747728,1561.115000000,11,0.597000000,0.432000000,1.293000000
20:44:54,200719,50.660090320,-123.509748865,1560.966000000,11,0.597000000,0.432000000,1.293000000
20:44:55,200719,50.660090742,-123.509749888,1560.829000000,11,0.498000000,0.361000000,1.078000000
20:44:56,200719,50.660091058,-123.509750710,1560.695000000,11,0.498000000,0.361000000,1.078000000
20:44:57,200719,50.660091518,-123.509751222,1560.570000000,11,0.498000000,0.361000000,1.078000000
20:44:58,200719,50.660091777,-123.509751782,1560.491000000,11,0.430000000,0.311000000,0.931000000
20:44:59,200719,50.660092120,-123.509752303,1560.414000000,11,0.430000000,0.311000000,0.931000000
20:45:00,200719,50.660092218,-123.509752927,1560.288000000,11,0.430000000,0.311000000,0.931000000
20:45:01,200719,50.660092525,-123.509753505,1560.234000000,11,0.407000000,0.294000000,0.880000000
20:45:02,200719,50.660092830,-123.509754065,1560.171000000,11,0.407000000,0.294000000,0.880000000
20:45:03,200719,50.660093052,-123.509754557,1560.114000000,11,0.407000000,0.294000000,0.880000000
20:45:04,200719,50.660093302,-123.509754887,1560.065000000,11,0.399000000,0.289000000,0.864000000
20:45:05,200719,50.660093460,-123.509755180,1560.017000000,11,0.399000000,0.289000000,0.864000000
20:45:06,200719,50.660092987,-123.509754692,1560.108000000,11,0.399000000,0.289000000,0.864000000
20:45:07,200719,50.660092688,-123.509754405,1560.161000000,11,0.421000000,0.315000000,0.925000000
20:45:08,200719,50.660092478,-123.509754203,1560.199000000,11,0.421000000,0.315000000,0.925000000
20:45:09,200719,50.660092363,-123.509754057,1560.213000000,11,0.421000000,0.315000000,0.925000000
20:45:10,200719,50.660092557,-123.509754195,1560.165000000,11,0.444000000,0.332000000,0.976000000
20:45:11,200719,50.660092872,-123.509754370,1560.108000000,11,0.444000000,0.332000000,0.976000000
20:45:12,200719,50.660093148,-123.509754565,1560.060000000,10,0.466000000,0.343000000,0.998000000
20:45:13,200719,50.660093462,-123.509754760,1559.993000000,10,0.466000000,0.343000000,0.998000000
20:45:14,200719,50.660093768,-123.509754923,1559.948000000,10,0.466000000,0.343000000,0.998000000
20:45:15,200719,50.660094050,-123.509754968,1559.914000000,10,0.469000000,0.346000000,1.004000000
20:45:16,200719,50.660094267,-123.509755050,1559.889000000,10,0.469000000,0.346000000,1.004000000
20:45:17,200719,50.660094593,-123.509755293,1559.831000000,11,0.450000000,0.337000000,0.989000000
20:45:18,200719,50.660094955,-123.509755498,1559.763000000,11,0.450000000,0.337000000,0.989000000
20:45:19,200719,50.660095343,-123.509755692,1559.695000000,11,0.450000000,0.337000000,0.989000000
20:45:20,200719,50.660095775,-123.509755895,1559.625000000,11,0.438000000,0.328000000,0.963000000
20:45:21,200719,50.660095977,-123.509756108,1559.560000000,10,0.630000000,0.328000000,1.121000000
20:45:22,200719,50.660096308,-123.509756028,1559.507000000,8,0.648000000,0.320000000,1.082000000
20:45:23,200719,50.660096805,-123.509756293,1559.391000000,7,0.966000000,0.440000000,1.458000000
20:45:24,200719,50.660097443,-123.509756560,1559.254000000,7,0.966000000,0.440000000,1.458000000
20:45:25,200719,50.660097903,-123.509756977,1559.108000000,7,0.966000000,0.440000000,1.458000000
20:45:26,200719,50.660098462,-123.509757422,1558.954000000,7,1.228000000,0.559000000,1.854000000
20:45:27,200719,50.660098953,-123.509757952,1558.799000000,7,0.853000000,0.468000000,1.423000000
20:45:28,200719,50.660099247,-123.509758547,1558.676000000,8,1.188000000,0.541000000,1.794000000
20:45:29,200719,50.660099568,-123.509759042,1558.562000000,8,1.190000000,0.508000000,1.800000000
20:45:30,200719,50.660099987,-123.509759462,1558.444000000,8,1.190000000,0.508000000,1.800000000
20:45:31,200719,50.660100228,-123.509759880,1558.364000000,8,1.190000000,0.508000000,1.800000000
20:45:32,200719,50.660100392,-123.509760028,1558.336000000,8,1.181000000,0.504000000,1.785000000
20:45:33,200719,50.660100817,-123.509760330,1558.276000000,8,1.181000000,0.504000000,1.785000000
20:45:34,200719,50.660101078,-123.509760592,1558.232000000,8,1.181000000,0.504000000,1.785000000
20:45:35,200719,50.660101268,-123.509760892,1558.190000000,8,1.152000000,0.491000000,1.742000000
20:45:36,200719,50.660101570,-123.509761138,1558.135000000,8,1.152000000,0.491000000,1.742000000
20:45:37,200719,50.660101970,-123.509761462,1558.075000000,8,1.152000000,0.491000000,1.742000000
20:45:38,200719,50.660102318,-123.509761900,1557.996000000,9,0.744000000,0.367000000,1.246000000
20:45:39,200719,50.660103047,-123.509762523,1557.866000000,9,0.744000000,0.367000000,1.246000000
20:45:40,200719,50.660103618,-123.509763113,1557.758000000,9,0.744000000,0.367000000,1.246000000
20:45:41,200719,50.660104007,-123.509763562,1557.686000000,9,0.555000000,0.274000000,0.929000000
20:45:42,200719,50.660104477,-123.509764053,1557.608000000,9,0.555000000,0.274000000,0.929000000
20:45:43,200719,50.660104947,-123.509764403,1557.540000000,9,0.555000000,0.274000000,0.929000000
20:45:44,200719,50.660105350,-123.509764730,1557.472000000,9,0.436000000,0.215000000,0.730000000
20:45:45,200719,50.660105628,-123.509764967,1557.434000000,9,0.436000000,0.215000000,0.730000000
20:45:46,200719,50.660105845,-123.509765187,1557.407000000,9,0.436000000,0.215000000,0.730000000
20:45:47,200719,50.660106135,-123.509765412,1557.370000000,9,0.368000000,0.181000000,0.616000000
20:45:48,200719,50.660106468,-123.509765733,1557.315000000,9,0.368000000,0.181000000,0.616000000
20:45:49,200719,50.660106885,-123.509766198,1557.223000000,10,0.368000000,0.181000000,0.616000000
20:45:50,200719,50.660107248,-123.509766582,1557.147000000,10,0.343000000,0.178000000,0.613000000
20:45:51,200719,50.660107622,-123.509767072,1557.046000000,10,0.343000000,0.178000000,0.613000000
20:45:52,200719,50.660108048,-123.509767562,1556.950000000,10,0.343000000,0.178000000,0.613000000
20:45:53,200719,50.660108275,-123.509767777,1556.895000000,9,0.366000000,0.180000000,0.613000000
20:45:54,200719,50.660108622,-123.509768112,1556.807000000,9,0.366000000,0.180000000,0.613000000
20:45:55,200719,50.660108837,-123.509768308,1556.750000000,9,0.366000000,0.180000000,0.613000000
20:45:56,200719,50.660109012,-123.509768450,1556.700000000,9,0.366000000,0.180000000,0.613000000
20:45:57,200719,50.660109168,-123.509768618,1556.650000000,9,0.366000000,0.180000000,0.613000000
20:45:58,200719,50.660109247,-123.509768752,1556.625000000,9,0.366000000,0.180000000,0.613000000
20:45:59,200719,50.660109515,-123.509769030,1556.559000000,9,0.366000000,0.180000000,0.614000000
20:46:00,200719,50.660109783,-123.509769260,1556.492000000,9,0.366000000,0.180000000,0.614000000
20:46:01,200719,50.660110018,-123.509769400,1556.446000000,9,0.366000000,0.180000000,0.614000000
20:46:02,200719,50.660110212,-123.509769468,1556.406000000,9,0.366000000,0.180000000,0.614000000
20:46:03,200719,50.660110318,-123.509769577,1556.376000000,8,0.366000000,0.180000000,0.614000000
20:46:04,200719,50.660110307,-123.509769590,1556.365000000,8,0.369000000,0.202000000,0.618000000
20:46:05,200719,50.660110282,-123.509769642,1556.353000000,9,0.366000000,0.180000000,0.614000000
20:46:06,200719,50.660110192,-123.509769707,1556.352000000,9,0.366000000,0.180000000,0.614000000
20:46:07,200719,50.660110118,-123.509769658,1556.365000000,9,0.366000000,0.180000000,0.614000000
20:46:08,200719,50.660110020,-123.509769635,1556.373000000,9,0.366000000,0.180000000,0.614000000
20:46:09,200719,50.660109960,-123.509769498,1556.381000000,9,0.366000000,0.180000000,0.614000000
20:46:10,200719,50.660109778,-123.509769400,1556.394000000,9,0.366000000,0.180000000,0.614000000
20:46:11,200719,50.660108963,-123.509769148,1556.465000000,8,0.368000000,0.185000000,0.702000000
20:46:12,200719,50.660107007,-123.509767873,1556.725000000,7,1.017000000,0.509000000,2.380000000
20:46:13,200719,50.660104430,-123.509766635,1556.961000000,7,1.017000000,0.509000000,2.380000000
20:46:14,200719,50.660102215,-123.509765463,1557.119000000,7,1.017000000,0.509000000,2.380000000
20:46:15,200719,50.660099680,-123.509764485,1557.254000000,7,3.221000000,1.612000000,7.539000000
20:46:16,200719,50.660097268,-123.509763402,1557.373000000,7,3.221000000,1.612000000,7.539000000
20:46:17,200719,50.660096045,-123.509762785,1557.412000000,7,3.221000000,1.612000000,7.539000000
20:46:18,200719,50.660095020,-123.509762228,1557.450000000,7,3.312000000,1.657000000,7.758000000
20:46:19,200719,50.660094925,-123.509757587,1558.858000000,9,3.217000000,1.579000000,5.406000000
20:46:20,200719,50.660094492,-123.509754927,1559.661000000,9,3.217000000,1.579000000,5.406000000
20:46:21,200719,50.660094142,-123.509753258,1560.174000000,10,3.217000000,1.579000000,5.406000000
20:46:22,200719,50.660093888,-123.509752013,1560.546000000,10,2.077000000,1.169000000,3.914000000
20:46:23,200719,50.660093655,-123.509751137,1560.821000000,10,2.077000000,1.169000000,3.914000000
20:46:24,200719,50.660093472,-123.509750538,1561.025000000,11,1.429000000,0.825000000,2.826000000
20:46:25,200719,50.660093223,-123.509749930,1561.238000000,10,1.429000000,0.825000000,2.826000000
20:46:26,200719,50.660092080,-123.509748517,1561.637000000,10,1.469000000,0.759000000,2.634000000
20:46:27,200719,50.660091040,-123.509747457,1561.883000000,10,1.469000000,0.759000000,2.634000000
20:46:28,200719,50.660090357,-123.509746973,1562.020000000,10,1.469000000,0.759000000,2.634000000
20:46:29,200719,50.660089823,-123.509746803,1562.118000000,10,1.105000000,0.571000000,1.982000000
20:46:30,200719,50.660089278,-123.509746622,1562.208000000,10,1.105000000,0.571000000,1.982000000
20:46:31,200719,50.660087997,-123.509745928,1562.407000000,10,1.105000000,0.571000000,1.982000000
20:46:32,200719,50.660087052,-123.509745387,1562.577000000,10,0.919000000,0.475000000,1.649000000
20:46:33,200719,50.660086330,-123.509744948,1562.700000000,10,0.919000000,0.475000000,1.649000000
20:46:34,200719,50.660085865,-123.509744605,1562.791000000,8,0.861000000,0.468000000,1.446000000
20:46:35,200719,50.660085430,-123.509744365,1562.861000000,8,0.861000000,0.468000000,1.446000000
20:46:36,200719,50.660084998,-123.509744035,1562.951000000,8,0.861000000,0.468000000,1.446000000
20:46:37,200719,50.660084700,-123.509743827,1563.016000000,8,0.766000000,0.416000000,1.286000000
20:46:38,200719,50.660084790,-123.509743838,1563.019000000,8,0.766000000,0.416000000,1.286000000
20:46:39,200719,50.660084842,-123.509743810,1563.035000000,9,0.724000000,0.354000000,1.219000000
20:46:40,200719,50.660084863,-123.509743722,1563.070000000,9,0.724000000,0.354000000,1.219000000
20:46:41,200719,50.660084922,-123.509743722,1563.081000000,10,0.662000000,0.342000000,1.190000000
20:46:42,200719,50.660084957,-123.509743682,1563.113000000,10,0.662000000,0.342000000,1.190000000
20:46:43,200719,50.660085188,-123.509743523,1563.217000000,10,0.662000000,0.342000000,1.190000000
20:46:44,200719,50.660085870,-123.509743230,1563.467000000,10,0.656000000,0.338000000,1.179000000
20:46:45,200719,50.660085818,-123.509743302,1563.417000000,10,0.656000000,0.338000000,1.179000000
20:46:46,200719,50.660085743,-123.509743422,1563.357000000,10,0.656000000,0.338000000,1.179000000
20:46:47,200719,50.660085770,-123.509743640,1563.297000000,10,0.724000000,0.374000000,1.302000000
20:46:48,200719,50.660085745,-123.509744088,1563.147000000,10,0.724000000,0.374000000,1.302000000
20:46:49,200719,50.660086318,-123.509744232,1563.264000000,10,0.724000000,0.374000000,1.302000000
20:46:50,200719,50.660087092,-123.509744490,1563.265000000,10,0.775000000,0.399000000,1.393000000
20:46:51,200719,50.660087308,-123.509744872,1563.127000000,10,0.775000000,0.399000000,1.393000000
20:46:52,200719,50.660087293,-123.509745118,1563.005000000,10,0.775000000,0.399000000,1.393000000
20:46:53,200719,50.660087260,-123.509745497,1562.869000000,10,0.890000000,0.458000000,1.600000000
20:46:54,200719,50.660087537,-123.509746030,1562.688000000,10,0.890000000,0.458000000,1.600000000
20:46:55,200719,50.660088365,-123.509746185,1562.683000000,9,1.016000000,0.496000000,1.714000000
20:46:56,200719,50.660089658,-123.509746715,1562.570000000,9,1.016000000,0.496000000,1.714000000
20:46:57,200719,50.660091090,-123.509747502,1562.347000000,9,1.016000000,0.496000000,1.714000000
20:46:58,200719,50.660092387,-123.509748970,1562.046000000,9,1.155000000,0.564000000,1.948000000
20:46:59,200719,50.660093780,-123.509750507,1561.703000000,9,1.155000000,0.564000000,1.948000000
20:47:00,200719,50.660095275,-123.509751855,1561.380000000,8,1.772000000,0.752000000,2.689000000
20:47:01,200719,50.660096000,-123.509752365,1561.171000000,8,1.772000000,0.752000000,2.689000000
20:47:02,200719,50.660096432,-123.509752785,1561.010000000,8,1.772000000,0.752000000,2.689000000
20:47:03,200719,50.660096892,-123.509753292,1560.844000000,8,2.305000000,0.978000000,3.498000000
20:47:04,200719,50.660097408,-123.509753805,1560.689000000,8,2.305000000,0.978000000,3.498000000
20:47:05,200719,50.660098202,-123.509754357,1560.522000000,8,2.305000000,0.978000000,3.498000000
20:47:06,200719,50.660099025,-123.509754932,1560.356000000,8,2.554000000,1.083000000,3.876000000
20:47:07,200719,50.660100490,-123.509756412,1559.964000000,8,2.554000000,1.083000000,3.876000000
20:47:08,200719,50.660102407,-123.509758662,1559.425000000,8,2.554000000,1.083000000,3.876000000
20:47:09,200719,50.660103822,-123.509760585,1558.987000000,8,2.628000000,1.114000000,3.989000000
20:47:10,200719,50.660104987,-123.509761908,1558.649000000,8,2.628000000,1.114000000,3.989000000
20:47:11,200719,50.660106290,-123.509763162,1558.320000000,9,2.628000000,1.114000000,3.989000000
20:47:12,200719,50.660107442,-123.509764302,1558.021000000,9,1.593000000,0.777000000,2.690000000
20:47:13,200719,50.660108015,-123.509764857,1557.844000000,9,1.593000000,0.777000000,2.690000000
20:47:14,200719,50.660107760,-123.509764752,1557.810000000,8,1.593000000,0.777000000,2.690000000
20:47:15,200719,50.660107833,-123.509764763,1557.692000000,8,1.185000000,0.639000000,2.050000000
20:47:16,200719,50.660106998,-123.509764003,1557.743000000,8,1.185000000,0.639000000,2.050000000
20:47:17,200719,50.660105965,-123.509762833,1557.859000000,8,1.185000000,0.639000000,2.050000000
20:47:18,200719,50.660104893,-123.509761780,1557.988000000,8,1.517000000,0.818000000,2.627000000
20:47:19,200719,50.660104888,-123.509761915,1557.936000000,8,1.517000000,0.818000000,2.627000000
20:47:20,200719,50.660104605,-123.509762685,1557.829000000,8,1.517000000,0.818000000,2.627000000
20:47:21,200719,50.660104125,-123.509762895,1557.793000000,9,3.326000000,1.620000000,5.624000000
20:47:22,200719,50.660103167,-123.509762497,1557.871000000,9,3.326000000,1.620000000,5.624000000
20:47:23,200719,50.660101223,-123.509761040,1558.155000000,10,1.728000000,1.272000000,3.708000000
20:47:24,200719,50.660098905,-123.509759168,1558.517000000,10,1.728000000,1.272000000,3.708000000
20:47:25,200719,50.660096350,-123.509756853,1558.927000000,10,1.728000000,1.272000000,3.708000000
20:47:26,200719,50.660093613,-123.509754363,1559.378000000,10,1.243000000,0.915000000,2.666000000
20:47:27,200719,50.660091015,-123.509751990,1559.803000000,9,1.708000000,0.831000000,2.889000000
20:47:28,200719,50.660088608,-123.509749077,1560.251000000,9,1.708000000,0.831000000,2.889000000
20:47:29,200719,50.660086122,-123.509746272,1560.674000000,9,1.708000000,0.831000000,2.889000000
20:47:30,200719,50.660084242,-123.509744282,1560.957000000,9,1.463000000,0.712000000,2.477000000
20:47:31,200719,50.660082348,-123.509742608,1561.203000000,9,1.463000000,0.712000000,2.477000000
20:47:32,200719,50.660080452,-123.509741013,1561.422000000,9,1.463000000,0.712000000,2.477000000
20:47:33,200719,50.660077997,-123.509739290,1561.684000000,9,1.294000000,0.630000000,2.191000000
20:47:34,200719,50.660075677,-123.509737798,1561.918000000,9,1.294000000,0.630000000,2.191000000
20:47:35,200719,50.660072692,-123.509736607,1562.199000000,9,1.294000000,0.630000000,2.191000000
20:47:36,200719,50.660069443,-123.509735172,1562.502000000,9,1.204000000,0.585000000,2.038000000
20:47:37,200719,50.660066790,-123.509733800,1562.706000000,9,1.204000000,0.585000000,2.038000000
20:47:38,200719,50.660064402,-123.509732523,1562.900000000,9,1.204000000,0.585000000,2.038000000
20:47:39,200719,50.660061820,-123.509731010,1563.234000000,9,1.219000000,0.592000000,2.064000000
20:47:40,200719,50.660057508,-123.509729083,1563.850000000,10,1.153000000,0.591000000,2.086000000
20:47:41,200719,50.660054117,-123.509727295,1564.350000000,10,1.153000000,0.591000000,2.086000000
20:47:42,200719,50.660051552,-123.509725735,1564.834000000,10,1.153000000,0.591000000,2.086000000
20:47:43,200719,50.660049365,-123.509724625,1565.240000000,10,1.186000000,0.608000000,2.146000000
20:47:44,200719,50.660048040,-123.509723875,1565.422000000,10,1.186000000,0.608000000,2.146000000
20:47:45,200719,50.660046855,-123.509723558,1565.506000000,9,1.276000000,0.620000000,2.162000000
20:47:46,200719,50.660045408,-123.509723443,1565.643000000,9,1.276000000,0.620000000,2.162000000
20:47:47,200719,50.660045090,-123.509723125,1565.663000000,9,1.276000000,0.620000000,2.162000000
20:47:48,200719,50.660044817,-123.509722760,1565.733000000,9,1.335000000,0.648000000,2.263000000
20:47:49,200719,50.660044762,-123.509722108,1565.922000000,9,1.335000000,0.648000000,2.263000000
20:47:50,200719,50.660044768,-123.509721413,1566.152000000,9,1.335000000,0.648000000,2.263000000
20:47:51,200719,50.660044577,-123.509720648,1566.452000000,9,1.346000000,0.654000000,2.283000000
20:47:52,200719,50.660044942,-123.509719357,1566.805000000,9,1.346000000,0.654000000,2.283000000
20:47:53,200719,50.660045950,-123.509717755,1567.184000000,9,1.346000000,0.654000000,2.283000000
20:47:54,200719,50.660046865,-123.509716433,1567.535000000,9,1.238000000,0.601000000,2.099000000
20:47:55,200719,50.660047667,-123.509715513,1567.783000000,9,1.238000000,0.601000000,2.099000000
20:47:56,200719,50.660048298,-123.509714865,1567.971000000,9,1.238000000,0.601000000,2.099000000
20:47:57,200719,50.660048905,-123.509714353,1568.122000000,9,1.064000000,0.516000000,1.804000000
20:47:58,200719,50.660049490,-123.509713998,1568.226000000,9,1.064000000,0.516000000,1.804000000
20:47:59,200719,50.660050078,-123.509713597,1568.329000000,9,1.064000000,0.516000000,1.804000000
20:48:00,200719,50.660050612,-123.509713382,1568.409000000,10,0.787000000,0.440000000,1.482000000
20:48:01,200719,50.660051048,-123.509713322,1568.445000000,10,0.787000000,0.440000000,1.482000000
20:48:02,200719,50.660050618,-123.509713543,1568.500000000,9,0.787000000,0.440000000,1.482000000
20:48:03,200719,50.660049930,-123.509713788,1568.517000000,8,1.281000000,0.617000000,2.365000000
20:48:04,200719,50.660049433,-123.509713960,1568.530000000,8,1.281000000,0.617000000,2.365000000
20:48:05,200719,50.660048833,-123.509714517,1568.455000000,8,1.281000000,0.617000000,2.365000000
20:48:06,200719,50.660048248,-123.509714927,1568.419000000,8,2.403000000,1.157000000,4.437000000
20:48:07,200719,50.660047912,-123.509715137,1568.379000000,8,2.403000000,1.157000000,4.437000000
20:48:08,200719,50.660047760,-123.509715220,1568.319000000,8,2.403000000,1.157000000,4.437000000
20:48:09,200719,50.660047732,-123.509715432,1568.212000000,8,2.294000000,1.104000000,4.238000000
20:48:10,200719,50.660047610,-123.509717443,1567.497000000,9,2.107000000,1.021000000,3.580000000
20:48:11,200719,50.660047737,-123.509718562,1567.108000000,9,2.107000000,1.021000000,3.580000000
20:48:12,200719,50.660047748,-123.509718752,1567.133000000,9,2.107000000,1.021000000,3.580000000
20:48:13,200719,50.660047695,-123.509718678,1567.273000000,9,1.540000000,0.745000000,2.616000000
20:48:14,200719,50.660049207,-123.509717575,1568.010000000,9,1.540000000,0.745000000,2.616000000
20:48:15,200719,50.660050695,-123.509717760,1568.209000000,9,1.540000000,0.745000000,2.616000000
20:48:16,200719,50.660051093,-123.509718108,1568.072000000,9,1.152000000,0.557000000,1.958000000
20:48:17,200719,50.660051698,-123.509718960,1567.804000000,9,1.152000000,0.557000000,1.958000000
20:48:18,200719,50.660053348,-123.509719635,1567.674000000,9,1.152000000,0.557000000,1.958000000
20:48:19,200719,50.660055535,-123.509719980,1567.639000000,9,0.941000000,0.455000000,1.599000000
20:48:20,200719,50.660057387,-123.509720330,1567.478000000,9,0.941000000,0.455000000,1.599000000
20:48:21,200719,50.660057737,-123.509720682,1567.247000000,9,0.941000000,0.455000000,1.599000000
20:48:22,200719,50.660058843,-123.509721365,1566.839000000,9,0.978000000,0.473000000,1.663000000
20:48:23,200719,50.660059748,-123.509722070,1566.479000000,9,0.978000000,0.473000000,1.663000000
20:48:24,200719,50.660060388,-123.509723132,1566.160000000,9,0.978000000,0.473000000,1.663000000
20:48:25,200719,50.660061742,-123.509724195,1565.937000000,9,0.986000000,0.477000000,1.678000000
20:48:26,200719,50.660063692,-123.509725245,1565.794000000,10,0.831000000,0.464000000,1.564000000
20:48:27,200719,50.660066393,-123.509726922,1565.478000000,9,1.186000000,0.685000000,2.034000000
20:48:28,200719,50.660068865,-123.509729093,1565.031000000,9,1.375000000,0.665000000,2.340000000
20:48:29,200719,50.660071998,-123.509731320,1564.550000000,9,1.375000000,0.665000000,2.340000000
20:48:30,200719,50.660074273,-123.509733185,1564.093000000,9,1.375000000,0.665000000,2.340000000
20:48:31,200719,50.660075723,-123.509734527,1563.738000000,9,1.327000000,0.641000000,2.259000000
20:48:32,200719,50.660076168,-123.509734970,1563.553000000,9,1.327000000,0.641000000,2.259000000
20:48:33,200719,50.660075495,-123.509734495,1563.578000000,9,1.327000000,0.641000000,2.259000000
20:48:34,200719,50.660074028,-123.509734237,1563.692000000,9,1.311000000,0.633000000,2.232000000
20:48:35,200719,50.660071910,-123.509733148,1563.958000000,9,1.311000000,0.633000000,2.232000000
20:48:36,200719,50.660069103,-123.509731900,1564.267000000,9,1.311000000,0.633000000,2.232000000
20:48:37,200719,50.660067978,-123.509731487,1564.353000000,8,1.563000000,0.750000000,2.902000000
20:48:38,200719,50.660064922,-123.509729890,1564.441000000,8,1.563000000,0.750000000,2.902000000
20:48:39,200719,50.660061222,-123.509727468,1564.630000000,8,1.563000000,0.750000000,2.902000000
20:48:40,200719,50.660056667,-123.509724247,1565.107000000,9,5.575000000,2.691000000,9.496000000
20:48:41,200719,50.660054087,-123.509722118,1565.374000000,9,5.575000000,2.691000000,9.496000000
20:48:42,200719,50.660051618,-123.509720195,1565.644000000,9,5.575000000,2.691000000,9.496000000
20:48:43,200719,50.660049690,-123.509718685,1565.871000000,9,3.899000000,1.881000000,6.644000000
20:48:44,200719,50.660049525,-123.509718768,1565.857000000,9,3.899000000,1.881000000,6.644000000
20:48:45,200719,50.660049472,-123.509719080,1565.845000000,9,3.899000000,1.881000000,6.644000000
20:48:46,200719,50.660049655,-123.509719785,1565.797000000,9,2.748000000,1.325000000,4.683000000
20:48:47,200719,50.660049480,-123.509720812,1565.734000000,9,2.748000000,1.325000000,4.683000000
20:48:48,200719,50.660049993,-123.509721675,1565.607000000,9,2.748000000,1.325000000,4.683000000
20:48:49,200719,50.660050158,-123.509721943,1565.573000000,9,1.947000000,0.939000000,3.320000000
20:48:50,200719,50.660049627,-123.509721748,1565.682000000,9,1.947000000,0.939000000,3.320000000
20:48:51,200719,50.660049767,-123.509722263,1565.641000000,9,1.947000000,0.939000000,3.320000000
20:48:52,200719,50.660047300,-123.509720678,1565.941000000,9,1.487000000,0.717000000,2.535000000
20:48:53,200719,50.660047683,-123.509720453,1565.931000000,9,1.487000000,0.717000000,2.535000000
20:48:54,200719,50.660048705,-123.509721032,1565.820000000,9,1.487000000,0.717000000,2.535000000
20:48:55,200719,50.660046288,-123.509718942,1566.268000000,9,1.176000000,0.567000000,2.006000000
20:48:56,200719,50.660046132,-123.509719267,1566.285000000,8,1.658000000,0.699000000,2.526000000
20:48:57,200719,50.660047533,-123.509720605,1565.969000000,9,1.177000000,0.567000000,2.008000000
20:48:58,200719,50.660048818,-123.509722033,1565.656000000,9,1.177000000,0.567000000,2.008000000
20:48:59,200719,50.660049975,-123.509723485,1565.356000000,8,1.565000000,0.660000000,2.384000000
20:49:00,200719,50.660051313,-123.509724702,1565.083000000,9,1.176000000,0.567000000,2.008000000
20:49:01,200719,50.660052595,-123.509725982,1564.806000000,10,1.029000000,0.523000000,1.876000000
20:49:02,200719,50.660055297,-123.509728718,1564.055000000,12,0.719000000,0.466000000,1.441000000
20:49:03,200719,50.660059647,-123.509736615,1562.973000000,11,0.816000000,0.468000000,1.614000000
20:49:04,200719,50.660062210,-123.509737670,1562.452000000,11,0.816000000,0.468000000,1.614000000
20:49:05,200719,50.660063240,-123.509737973,1562.184000000,11,0.816000000,0.468000000,1.614000000
20:49:06,200719,50.660063845,-123.509738475,1562.041000000,12,0.480000000,0.357000000,1.077000000
20:49:07,200719,50.660064378,-123.509738978,1561.939000000,12,0.480000000,0.357000000,1.077000000
20:49:08,200719,50.660064748,-123.509739420,1561.870000000,12,0.480000000,0.357000000,1.077000000
20:49:09,200719,50.660065123,-123.509739797,1561.809000000,12,0.373000000,0.278000000,0.838000000
20:49:10,200719,50.660065510,-123.509740108,1561.752000000,12,0.373000000,0.278000000,0.838000000
20:49:11,200719,50.660065773,-123.509740412,1561.715000000,12,0.373000000,0.278000000,0.838000000
20:49:12,200719,50.660066047,-123.509740612,1561.673000000,12,0.302000000,0.225000000,0.679000000
20:49:13,200719,50.660066283,-123.509740718,1561.610000000,12,0.302000000,0.225000000,0.679000000
20:49:14,200719,50.660066583,-123.509740875,1561.576000000,12,0.302000000,0.225000000,0.679000000
20:49:15,200719,50.660066698,-123.509740985,1561.553000000,12,0.256000000,0.191000000,0.575000000
20:49:16,200719,50.660066913,-123.509741103,1561.559000000,12,0.256000000,0.191000000,0.575000000
20:49:17,200719,50.660067078,-123.509741123,1561.556000000,12,0.256000000,0.191000000,0.575000000
20:49:18,200719,50.660067152,-123.509741142,1561.566000000,12,0.229000000,0.170000000,0.514000000
20:49:19,200719,50.660067117,-123.509741062,1561.586000000,12,0.229000000,0.170000000,0.514000000
20:49:20,200719,50.660067060,-123.509741022,1561.629000000,12,0.229000000,0.170000000,0.514000000
20:49:21,200719,50.660067035,-123.509740927,1561.662000000,12,0.224000000,0.167000000,0.503000000
20:49:22,200719,50.660067050,-123.509740755,1561.685000000,13,0.223000000,0.163000000,0.496000000
20:49:23,200719,50.660067083,-123.509740628,1561.709000000,13,0.223000000,0.163000000,0.496000000
20:49:24,200719,50.660067093,-123.509740537,1561.737000000,13,0.223000000,0.163000000,0.496000000
20:49:25,200719,50.660067112,-123.509740470,1561.768000000,13,0.245000000,0.179000000,0.546000000
20:49:26,200719,50.660067122,-123.509740397,1561.786000000,13,0.245000000,0.179000000,0.546000000
20:49:27,200719,50.660067150,-123.509740338,1561.800000000,13,0.245000000,0.179000000,0.546000000
20:49:28,200719,50.660067188,-123.509740297,1561.819000000,13,0.257000000,0.188000000,0.573000000
20:49:29,200719,50.660067143,-123.509740287,1561.848000000,14,0.266000000,0.199000000,0.588000000
20:49:30,200719,50.660067205,-123.509740105,1561.834000000,14,0.266000000,0.199000000,0.588000000
20:49:31,200719,50.660067330,-123.509739937,1561.811000000,14,0.266000000,0.199000000,0.588000000
20:49:32,200719,50.660067288,-123.509739902,1561.820000000,14,0.354000000,0.265000000,0.783000000
20:49:33,200719,50.660067257,-123.509739825,1561.839000000,14,0.354000000,0.265000000,0.783000000
20:49:34,200719,50.660067448,-123.509739748,1561.827000000,14,0.354000000,0.265000000,0.783000000
20:49:35,200719,50.660067647,-123.509739673,1561.800000000,14,0.352000000,0.264000000,0.779000000
20:49:36,200719,50.660067612,-123.509739690,1561.798000000,14,0.352000000,0.264000000,0.779000000
20:49:37,200719,50.660067517,-123.509739707,1561.812000000,14,0.352000000,0.264000000,0.779000000
20:49:38,200719,50.660067485,-123.509739707,1561.811000000,14,0.307000000,0.230000000,0.679000000
20:49:39,200719,50.660067415,-123.509739855,1561.827000000,14,0.307000000,0.230000000,0.679000000
20:49:40,200719,50.660067505,-123.509739717,1561.806000000,14,0.307000000,0.230000000,0.679000000
20:49:41,200719,50.660067655,-123.509739565,1561.780000000,14,0.282000000,0.211000000,0.623000000
20:49:42,200719,50.660067520,-123.509739610,1561.797000000,14,0.282000000,0.211000000,0.623000000
20:49:43,200719,50.660067433,-123.509739548,1561.815000000,14,0.282000000,0.211000000,0.623000000
20:49:44,200719,50.660067360,-123.509739522,1561.841000000,14,0.269000000,0.201000000,0.594000000
20:49:45,200719,50.660067232,-123.509739595,1561.879000000,14,0.269000000,0.201000000,0.594000000
20:49:46,200719,50.660067158,-123.509739665,1561.903000000,14,0.269000000,0.201000000,0.594000000
20:49:47,200719,50.660066967,-123.509739863,1561.966000000,14,0.267000000,0.200000000,0.590000000
20:49:48,200719,50.660066873,-123.509740037,1562.011000000,14,0.267000000,0.200000000,0.590000000
20:49:49,200719,50.660066818,-123.509740107,1562.034000000,14,0.267000000,0.200000000,0.590000000
20:49:50,200719,50.660066773,-123.509740033,1562.039000000,14,0.379000000,0.283000000,0.836000000
20:49:51,200719,50.660066788,-123.509740037,1562.037000000,13,0.379000000,0.283000000,0.836000000
20:49:52,200719,50.660066747,-123.509739938,1562.036000000,13,0.442000000,0.323000000,0.982000000
20:49:53,200719,50.660066757,-123.509739978,1562.053000000,13,0.442000000,0.323000000,0.982000000
20:49:54,200719,50.660066733,-123.509739988,1562.079000000,13,0.442000000,0.323000000,0.982000000
20:49:55,200719,50.660066755,-123.509739928,1562.095000000,13,0.359000000,0.262000000,0.798000000
20:49:56,200719,50.660066772,-123.509739823,1562.102000000,13,0.359000000,0.262000000,0.798000000
20:49:57,200719,50.660066927,-123.509739555,1562.068000000,13,0.359000000,0.262000000,0.798000000
20:49:58,200719,50.660066893,-123.509739495,1562.082000000,13,0.316000000,0.230000000,0.701000000
20:49:59,200719,50.660066737,-123.509739542,1562.116000000,13,0.316000000,0.230000000,0.701000000
20:50:00,200719,50.660066570,-123.509739545,1562.156000000,13,0.316000000,0.230000000,0.701000000
20:50:01,200719,50.660066488,-123.509739488,1562.172000000,13,0.298000000,0.218000000,0.661000000
20:50:02,200719,50.660066673,-123.509739810,1562.139000000,13,0.298000000,0.218000000,0.661000000
20:50:03,200719,50.660066948,-123.509740247,1562.099000000,13,0.298000000,0.218000000,0.661000000
20:50:04,200719,50.660067233,-123.509740492,1562.061000000,13,0.292000000,0.213000000,0.647000000
20:50:05,200719,50.660067615,-123.509740507,1562.008000000,13,0.292000000,0.213000000,0.647000000
20:50:06,200719,50.660067980,-123.509740535,1561.951000000,13,0.292000000,0.213000000,0.647000000
20:50:07,200719,50.660068653,-123.509741022,1561.829000000,13,0.472000000,0.345000000,1.048000000
20:50:08,200719,50.660069487,-123.509741650,1561.694000000,13,0.472000000,0.345000000,1.048000000
20:50:09,200719,50.660070212,-123.509742237,1561.567000000,13,0.472000000,0.345000000,1.048000000
20:50:10,200719,50.660070897,-123.509742888,1561.452000000,13,0.535000000,0.390000000,1.185000000
20:50:11,200719,50.660071657,-123.509743653,1561.319000000,13,0.535000000,0.390000000,1.185000000
20:50:12,200719,50.660072403,-123.509744283,1561.192000000,13,0.535000000,0.390000000,1.185000000
20:50:13,200719,50.660073043,-123.509744695,1561.079000000,14,0.520000000,0.389000000,1.145000000
20:50:14,200719,50.660074025,-123.509745460,1560.906000000,14,0.520000000,0.389000000,1.145000000
20:50:15,200719,50.660074943,-123.509746170,1560.745000000,14,0.520000000,0.389000000,1.145000000
20:50:16,200719,50.660075757,-123.509746840,1560.606000000,14,0.633000000,0.474000000,1.395000000
20:50:17,200719,50.660076452,-123.509747447,1560.484000000,14,0.633000000,0.474000000,1.395000000
20:50:18,200719,50.660077122,-123.509747943,1560.369000000,14,0.633000000,0.474000000,1.395000000
20:50:19,200719,50.660077653,-123.509748335,1560.279000000,14,0.592000000,0.443000000,1.303000000
20:50:20,200719,50.660078233,-123.509748928,1560.176000000,13,0.616000000,0.520000000,1.342000000
20:50:21,200719,50.660078538,-123.509749242,1560.115000000,13,0.539000000,0.403000000,1.186000000
20:50:22,200719,50.660078528,-123.509749635,1560.132000000,13,0.542000000,0.396000000,1.201000000
20:50:23,200719,50.660078412,-123.509749938,1560.164000000,13,0.542000000,0.396000000,1.201000000
20:50:24,200719,50.660078328,-123.509750208,1560.190000000,13,0.542000000,0.396000000,1.201000000
20:50:25,200719,50.660078220,-123.509750407,1560.226000000,13,0.455000000,0.332000000,1.007000000
20:50:26,200719,50.660078087,-123.509750600,1560.259000000,13,0.455000000,0.332000000,1.007000000
20:50:27,200719,50.660078033,-123.509750742,1560.277000000,13,0.455000000,0.332000000,1.007000000
20:50:28,200719,50.660077975,-123.509750847,1560.293000000,13,0.410000000,0.300000000,0.909000000
20:50:29,200719,50.660077872,-123.509750918,1560.321000000,13,0.410000000,0.300000000,0.909000000
20:50:30,200719,50.660077785,-123.509750998,1560.346000000,13,0.410000000,0.300000000,0.909000000
20:50:31,200719,50.660077668,-123.509751068,1560.375000000,13,0.395000000,0.289000000,0.875000000
20:50:32,200719,50.660077590,-123.509751113,1560.409000000,13,0.395000000,0.289000000,0.875000000
20:50:33,200719,50.660077493,-123.509751110,1560.434000000,13,0.395000000,0.289000000,0.875000000
20:50:34,200719,50.660077447,-123.509751088,1560.460000000,13,0.394000000,0.287000000,0.871000000
20:50:35,200719,50.660077350,-123.509751068,1560.486000000,13,0.394000000,0.287000000,0.871000000
20:50:36,200719,50.660077213,-123.509750993,1560.515000000,13,0.394000000,0.287000000,0.871000000
20:50:37,200719,50.660076965,-123.509750847,1560.570000000,13,0.395000000,0.289000000,0.874000000
20:50:38,200719,50.660076162,-123.509750212,1560.719000000,13,0.395000000,0.289000000,0.874000000
20:50:39,200719,50.660074343,-123.509748620,1561.060000000,13,0.395000000,0.289000000,0.874000000
20:50:40,200719,50.660073378,-123.509747793,1561.242000000,13,0.378000000,0.276000000,0.836000000
20:50:41,200719,50.660072748,-123.509747307,1561.363000000,13,0.378000000,0.276000000,0.836000000
20:50:42,200719,50.660072317,-123.509746975,1561.444000000,13,0.378000000,0.276000000,0.836000000
20:50:43,200719,50.660072070,-123.509746802,1561.492000000,13,0.299000000,0.219000000,0.662000000
20:50:44,200719,50.660072025,-123.509746703,1561.505000000,13,0.299000000,0.219000000,0.662000000
20:50:45,200719,50.660071895,-123.509746875,1561.518000000,12,0.299000000,0.219000000,0.662000000
20:50:46,200719,50.660071890,-123.509746818,1561.532000000,11,0.237000000,0.178000000,0.520000000
20:50:47,200719,50.660071823,-123.509746793,1561.548000000,11,0.237000000,0.178000000,0.520000000
20:50:48,200719,50.660071813,-123.509746877,1561.554000000,11,0.237000000,0.178000000,0.520000000
20:50:49,200719,50.660071863,-123.509746947,1561.554000000,11,0.230000000,0.173000000,0.504000000
20:50:50,200719,50.660071888,-123.509747028,1561.562000000,11,0.230000000,0.173000000,0.504000000
20:50:51,200719,50.660071905,-123.509747110,1561.562000000,11,0.230000000,0.173000000,0.504000000
20:50:52,200719,50.660071922,-123.509747110,1561.549000000,12,0.222000000,0.162000000,0.490000000
20:50:53,200719,50.660071935,-123.509747107,1561.541000000,12,0.227000000,0.166000000,0.492000000
20:50:54,200719,50.660071947,-123.509747112,1561.537000000,12,0.227000000,0.166000000,0.492000000
20:50:55,200719,50.660072002,-123.509747148,1561.530000000,12,0.227000000,0.166000000,0.492000000
20:50:56,200719,50.660072037,-123.509747173,1561.527000000,12,0.227000000,0.166000000,0.492000000
20:50:57,200719,50.660072118,-123.509747173,1561.514000000,13,0.222000000,0.162000000,0.490000000
20:50:58,200719,50.660072512,-123.509747045,1561.437000000,13,0.222000000,0.162000000,0.490000000
20:50:59,200719,50.660073205,-123.509746767,1561.291000000,13,0.222000000,0.162000000,0.490000000
20:51:00,200719,50.660073672,-123.509746680,1561.196000000,13,0.222000000,0.162000000,0.490000000
20:51:01,200719,50.660073625,-123.509746613,1561.196000000,13,0.222000000,0.162000000,0.490000000
20:51:02,200719,50.660073815,-123.509746540,1561.158000000,13,0.222000000,0.162000000,0.490000000
20:51:03,200719,50.660073892,-123.509746535,1561.143000000,13,0.222000000,0.162000000,0.489000000
20:51:04,200719,50.660074030,-123.509746505,1561.121000000,13,0.222000000,0.162000000,0.489000000
20:51:05,200719,50.660074157,-123.509746482,1561.096000000,13,0.222000000,0.162000000,0.489000000
20:51:06,200719,50.660074330,-123.509746430,1561.059000000,13,0.222000000,0.162000000,0.489000000
20:51:07,200719,50.660074590,-123.509746330,1561.009000000,13,0.222000000,0.162000000,0.489000000
20:51:08,200719,50.660074738,-123.509746325,1560.979000000,13,0.222000000,0.162000000,0.489000000
20:51:09,200719,50.660074823,-123.509746303,1560.956000000,13,0.222000000,0.162000000,0.489000000
20:51:10,200719,50.660074955,-123.509746353,1560.924000000,13,0.222000000,0.162000000,0.489000000
20:51:11,200719,50.660075223,-123.509746320,1560.870000000,13,0.222000000,0.162000000,0.489000000
20:51:12,200719,50.660075498,-123.509746258,1560.806000000,13,0.223000000,0.163000000,0.492000000
20:51:13,200719,50.660075672,-123.509746265,1560.768000000,13,0.223000000,0.163000000,0.492000000
20:51:14,200719,50.660075700,-123.509746338,1560.757000000,13,0.223000000,0.163000000,0.492000000
20:51:15,200719,50.660075847,-123.509746378,1560.726000000,13,0.236000000,0.172000000,0.519000000
20:51:16,200719,50.660076018,-123.509746412,1560.690000000,13,0.236000000,0.172000000,0.519000000
20:51:17,200719,50.660076102,-123.509746520,1560.672000000,13,0.236000000,0.172000000,0.519000000
20:51:18,200719,50.660076228,-123.509746612,1560.649000000,13,0.241000000,0.176000000,0.530000000
20:51:19,200719,50.660076408,-123.509746692,1560.614000000,13,0.241000000,0.176000000,0.530000000
20:51:20,200719,50.660076575,-123.509746782,1560.585000000,13,0.241000000,0.176000000,0.530000000
20:51:21,200719,50.660076805,-123.509746827,1560.533000000,13,0.243000000,0.177000000,0.534000000
20:51:22,200719,50.660077000,-123.509746878,1560.496000000,13,0.243000000,0.177000000,0.534000000
20:51:23,200719,50.660077158,-123.509746948,1560.461000000,13,0.243000000,0.177000000,0.534000000
20:51:24,200719,50.660077345,-123.509747005,1560.420000000,13,0.247000000,0.181000000,0.545000000
20:51:25,200719,50.660077447,-123.509747075,1560.406000000,13,0.247000000,0.181000000,0.545000000
20:51:26,200719,50.660077505,-123.509747238,1560.389000000,13,0.247000000,0.181000000,0.545000000
20:51:27,200719,50.660077717,-123.509747335,1560.359000000,13,0.250000000,0.182000000,0.549000000
20:51:28,200719,50.660077822,-123.509747567,1560.364000000,13,0.250000000,0.182000000,0.549000000
20:51:29,200719,50.660077788,-123.509747908,1560.389000000,13,0.250000000,0.182000000,0.549000000
20:51:30,200719,50.660077757,-123.509748212,1560.403000000,13,0.243000000,0.178000000,0.535000000
20:51:31,200719,50.660077712,-123.509748542,1560.419000000,14,0.243000000,0.178000000,0.535000000
20:51:32,200719,50.660077642,-123.509748917,1560.441000000,14,0.233000000,0.174000000,0.508000000
20:51:33,200719,50.660077622,-123.509749245,1560.456000000,14,0.233000000,0.174000000,0.508000000
20:51:34,200719,50.660077663,-123.509749565,1560.453000000,14,0.233000000,0.174000000,0.508000000
20:51:35,200719,50.660077775,-123.509749847,1560.441000000,14,0.263000000,0.197000000,0.574000000
20:51:36,200719,50.660077927,-123.509750127,1560.426000000,14,0.263000000,0.197000000,0.574000000
20:51:37,200719,50.660078080,-123.509750382,1560.401000000,14,0.263000000,0.197000000,0.574000000
20:51:38,200719,50.660078325,-123.509750627,1560.364000000,14,0.278000000,0.208000000,0.607000000
20:51:39,200719,50.660078577,-123.509750897,1560.319000000,14,0.278000000,0.208000000,0.607000000
20:51:40,200719,50.660078807,-123.509751243,1560.275000000,13,0.291000000,0.212000000,0.639000000
20:51:41,200719,50.660079028,-123.509751610,1560.241000000,13,0.291000000,0.212000000,0.639000000
20:51:42,200719,50.660079263,-123.509752002,1560.199000000,13,0.291000000,0.212000000,0.639000000
20:51:43,200719,50.660079547,-123.509752383,1560.152000000,13,0.240000000,0.175000000,0.528000000
20:51:44,200719,50.660079840,-123.509752757,1560.102000000,13,0.240000000,0.175000000,0.528000000
20:51:45,200719,50.660080152,-123.509753120,1560.052000000,13,0.240000000,0.175000000,0.528000000
20:51:46,200719,50.660080532,-123.509753493,1559.984000000,13,0.222000000,0.162000000,0.486000000
20:51:47,200719,50.660080937,-123.509753862,1559.917000000,14,0.215000000,0.161000000,0.470000000
20:51:48,200719,50.660081173,-123.509754030,1559.879000000,14,0.215000000,0.161000000,0.470000000
20:51:49,200719,50.660081353,-123.509754187,1559.855000000,14,0.215000000,0.161000000,0.470000000
20:51:50,200719,50.660081553,-123.509754380,1559.822000000,14,0.215000000,0.161000000,0.470000000
20:51:51,200719,50.660081745,-123.509754557,1559.791000000,14,0.215000000,0.161000000,0.470000000
20:51:52,200719,50.660081915,-123.509754758,1559.761000000,14,0.215000000,0.161000000,0.470000000
20:51:53,200719,50.660082125,-123.509754962,1559.734000000,14,0.215000000,0.161000000,0.470000000
20:51:54,200719,50.660082338,-123.509755190,1559.701000000,14,0.215000000,0.161000000,0.470000000
20:51:55,200719,50.660082543,-123.509755417,1559.669000000,14,0.215000000,0.161000000,0.470000000
20:51:56,200719,50.660082767,-123.509755673,1559.631000000,14,0.244000000,0.182000000,0.531000000
20:51:57,200719,50.660083022,-123.509755935,1559.591000000,14,0.244000000,0.182000000,0.531000000
20:51:58,200719,50.660083250,-123.509756157,1559.559000000,14,0.244000000,0.182000000,0.531000000
20:51:59,200719,50.660083500,-123.509756378,1559.523000000,14,0.305000000,0.228000000,0.665000000
20:52:00,200719,50.660083797,-123.509756653,1559.478000000,14,0.305000000,0.228000000,0.665000000
20:52:01,200719,50.660084143,-123.509756922,1559.424000000,14,0.305000000,0.228000000,0.665000000
20:52:02,200719,50.660084468,-123.509757195,1559.367000000,14,0.331000000,0.248000000,0.721000000
20:52:03,200719,50.660085318,-123.509758057,1559.214000000,14,0.331000000,0.248000000,0.721000000
20:52:04,200719,50.660086828,-123.509759557,1558.943000000,13,0.306000000,0.224000000,0.671000000
20:52:05,200719,50.660087958,-123.509760635,1558.745000000,13,0.306000000,0.224000000,0.671000000
20:52:06,200719,50.660088830,-123.509761490,1558.582000000,13,0.306000000,0.224000000,0.671000000
20:52:07,200719,50.660089593,-123.509762175,1558.443000000,13,0.271000000,0.198000000,0.593000000
20:52:08,200719,50.660090332,-123.509762730,1558.311000000,13,0.271000000,0.198000000,0.593000000
20:52:09,200719,50.660091093,-123.509763105,1558.166000000,13,0.271000000,0.198000000,0.593000000
20:52:10,200719,50.660091770,-123.509763442,1558.035000000,13,0.245000000,0.179000000,0.537000000
20:52:11,200719,50.660092365,-123.509763808,1557.918000000,13,0.245000000,0.179000000,0.537000000
20:52:12,200719,50.660092893,-123.509764137,1557.815000000,13,0.245000000,0.179000000,0.537000000
20:52:13,200719,50.660093443,-123.509764432,1557.710000000,13,0.224000000,0.164000000,0.491000000
20:52:14,200719,50.660093980,-123.509764692,1557.607000000,13,0.224000000,0.164000000,0.491000000
20:52:15,200719,50.660094427,-123.509764925,1557.523000000,13,0.224000000,0.164000000,0.491000000
20:52:16,200719,50.660094785,-123.509765122,1557.449000000,13,0.221000000,0.162000000,0.484000000
20:52:17,200719,50.660095002,-123.509765362,1557.405000000,13,0.221000000,0.162000000,0.484000000
20:52:18,200719,50.660095140,-123.509765633,1557.380000000,13,0.221000000,0.162000000,0.484000000
20:52:19,200719,50.660095272,-123.509765902,1557.355000000,13,0.221000000,0.162000000,0.484000000
20:52:20,200719,50.660095422,-123.509766057,1557.333000000,13,0.221000000,0.162000000,0.484000000
20:52:21,200719,50.660095543,-123.509766232,1557.310000000,13,0.221000000,0.162000000,0.484000000
20:52:22,200719,50.660095625,-123.509766333,1557.297000000,13,0.221000000,0.162000000,0.484000000
20:52:23,200719,50.660095730,-123.509766330,1557.261000000,13,0.221000000,0.162000000,0.484000000
20:52:24,200719,50.660095887,-123.509766398,1557.223000000,13,0.221000000,0.162000000,0.484000000
20:52:25,200719,50.660095988,-123.509766432,1557.207000000,13,0.221000000,0.162000000,0.484000000
20:52:26,200719,50.660096092,-123.509766557,1557.183000000,13,0.221000000,0.162000000,0.484000000
20:52:27,200719,50.660096158,-123.509766600,1557.175000000,13,0.221000000,0.162000000,0.484000000
20:52:28,200719,50.660096192,-123.509766662,1557.179000000,13,0.221000000,0.162000000,0.484000000
20:52:29,200719,50.660096227,-123.509766763,1557.183000000,13,0.221000000,0.162000000,0.484000000
20:52:30,200719,50.660096312,-123.509766800,1557.180000000,13,0.221000000,0.162000000,0.484000000
20:52:31,200719,50.660096390,-123.509766780,1557.170000000,13,0.221000000,0.161000000,0.483000000
20:52:32,200719,50.660096382,-123.509766752,1557.168000000,13,0.221000000,0.161000000,0.483000000
20:52:33,200719,50.660096375,-123.509766772,1557.169000000,13,0.221000000,0.161000000,0.483000000
20:52:34,200719,50.660096373,-123.509766777,1557.164000000,13,0.221000000,0.161000000,0.483000000
20:52:35,200719,50.660096403,-123.509766750,1557.162000000,13,0.221000000,0.161000000,0.483000000
20:52:36,200719,50.660096472,-123.509766722,1557.155000000,13,0.221000000,0.161000000,0.483000000
20:52:37,200719,50.660096510,-123.509766693,1557.150000000,14,0.215000000,0.161000000,0.467000000
20:52:38,200719,50.660096505,-123.509766653,1557.154000000,14,0.215000000,0.161000000,0.467000000
20:52:39,200719,50.660096448,-123.509766635,1557.165000000,14,0.215000000,0.161000000,0.467000000
20:52:40,200719,50.660096432,-123.509766628,1557.172000000,14,0.215000000,0.161000000,0.467000000
20:52:41,200719,50.660096415,-123.509766583,1557.174000000,14,0.215000000,0.161000000,0.467000000
20:52:42,200719,50.660096388,-123.509766563,1557.184000000,14,0.215000000,0.161000000,0.467000000
20:52:43,200719,50.660096360,-123.509766515,1557.191000000,14,0.215000000,0.161000000,0.467000000
20:52:44,200719,50.660096293,-123.509766462,1557.204000000,14,0.215000000,0.161000000,0.467000000
20:52:45,200719,50.660096208,-123.509766358,1557.205000000,14,0.215000000,0.161000000,0.467000000
20:52:46,200719,50.660096143,-123.509766248,1557.205000000,14,0.215000000,0.161000000,0.466000000
20:52:47,200719,50.660096042,-123.509766112,1557.212000000,14,0.215000000,0.161000000,0.466000000
20:52:48,200719,50.660095985,-123.509766003,1557.222000000,14,0.215000000,0.161000000,0.466000000
20:52:49,200719,50.660095962,-123.509765892,1557.227000000,14,0.215000000,0.161000000,0.466000000
20:52:50,200719,50.660095938,-123.509765787,1557.230000000,14,0.215000000,0.161000000,0.466000000
20:52:51,200719,50.660095907,-123.509765713,1557.236000000,14,0.215000000,0.161000000,0.466000000
20:52:52,200719,50.660095855,-123.509765715,1557.256000000,14,0.219000000,0.164000000,0.475000000
20:52:53,200719,50.660095763,-123.509765738,1557.284000000,14,0.219000000,0.164000000,0.475000000
20:52:54,200719,50.660095677,-123.509765777,1557.315000000,14,0.219000000,0.164000000,0.475000000
20:52:55,200719,50.660095640,-123.509765795,1557.339000000,14,0.218000000,0.163000000,0.472000000
20:52:56,200719,50.660095597,-123.509765780,1557.356000000,14,0.218000000,0.163000000,0.472000000
20:52:57,200719,50.660095535,-123.509765727,1557.369000000,14,0.218000000,0.163000000,0.472000000
20:52:58,200719,50.660095445,-123.509765675,1557.383000000,14,0.215000000,0.161000000,0.466000000
20:52:59,200719,50.660095342,-123.509765627,1557.394000000,14,0.215000000,0.161000000,0.466000000
20:53:00,200719,50.660095223,-123.509765515,1557.418000000,14,0.215000000,0.161000000,0.466000000
20:53:01,200719,50.660095177,-123.509765530,1557.442000000,14,0.215000000,0.161000000,0.465000000
20:53:02,200719,50.660095187,-123.509765508,1557.459000000,14,0.215000000,0.161000000,0.465000000
20:53:03,200719,50.660095132,-123.509765465,1557.477000000,14,0.215000000,0.161000000,0.465000000
20:53:04,200719,50.660095043,-123.509765438,1557.501000000,14,0.215000000,0.161000000,0.465000000
20:53:05,200719,50.660094925,-123.509765402,1557.530000000,13,0.215000000,0.164000000,0.469000000
20:53:06,200719,50.660094825,-123.509765370,1557.554000000,13,0.215000000,0.164000000,0.469000000
20:53:07,200719,50.660094738,-123.509765327,1557.576000000,13,0.215000000,0.164000000,0.469000000
20:53:08,200719,50.660094667,-123.509765265,1557.595000000,13,0.215000000,0.164000000,0.469000000
20:53:09,200719,50.660094595,-123.509765188,1557.614000000,13,0.215000000,0.164000000,0.469000000
20:53:10,200719,50.660094498,-123.509765135,1557.642000000,13,0.215000000,0.164000000,0.469000000
20:53:11,200719,50.660094353,-123.509765083,1557.674000000,13,0.215000000,0.164000000,0.469000000
20:53:12,200719,50.660094235,-123.509765058,1557.702000000,13,0.215000000,0.164000000,0.469000000
20:53:13,200719,50.660094200,-123.509765030,1557.711000000,13,0.215000000,0.164000000,0.469000000
20:53:14,200719,50.660094253,-123.509764963,1557.703000000,13,0.215000000,0.164000000,0.469000000
20:53:15,200719,50.660094230,-123.509764953,1557.709000000,13,0.215000000,0.164000000,0.469000000
20:53:16,200719,50.660094217,-123.509764933,1557.709000000,13,0.215000000,0.164000000,0.469000000
20:53:17,200719,50.660094238,-123.509764875,1557.705000000,13,0.215000000,0.164000000,0.469000000
20:53:18,200719,50.660094247,-123.509764790,1557.705000000,13,0.215000000,0.164000000,0.469000000
20:53:19,200719,50.660094217,-123.509764753,1557.719000000,13,0.215000000,0.164000000,0.469000000
20:53:20,200719,50.660094148,-123.509764810,1557.737000000,13,0.215000000,0.164000000,0.468000000
20:53:21,200719,50.660094023,-123.509764882,1557.762000000,13,0.215000000,0.164000000,0.468000000
20:53:22,200719,50.660093897,-123.509764910,1557.785000000,13,0.215000000,0.164000000,0.468000000
20:53:23,200719,50.660093770,-123.509764945,1557.807000000,12,0.222000000,0.166000000,0.489000000
20:53:24,200719,50.660093672,-123.509764910,1557.823000000,12,0.222000000,0.166000000,0.489000000
20:53:25,200719,50.660093612,-123.509765037,1557.822000000,12,0.222000000,0.166000000,0.489000000
20:53:26,200719,50.660093528,-123.509765080,1557.821000000,12,0.222000000,0.166000000,0.489000000
20:53:27,200719,50.660093463,-123.509765175,1557.823000000,12,0.222000000,0.166000000,0.489000000
20:53:28,200719,50.660093395,-123.509765275,1557.844000000,12,0.222000000,0.166000000,0.489000000
20:53:29,200719,50.660093350,-123.509765210,1557.855000000,11,0.228000000,0.172000000,0.496000000
20:53:30,200719,50.660093313,-123.509765137,1557.876000000,11,0.228000000,0.172000000,0.496000000
20:53:31,200719,50.660093300,-123.509765105,1557.890000000,11,0.228000000,0.172000000,0.496000000
20:53:32,200719,50.660093260,-123.509765157,1557.898000000,11,0.228000000,0.172000000,0.496000000
20:53:33,200719,50.660093267,-123.509765143,1557.907000000,11,0.228000000,0.172000000,0.496000000
20:53:34,200719,50.660093297,-123.509765145,1557.906000000,11,0.228000000,0.172000000,0.496000000
20:53:35,200719,50.660093308,-123.509765123,1557.899000000,12,0.222000000,0.165000000,0.488000000
20:53:36,200719,50.660093318,-123.509765180,1557.895000000,12,0.222000000,0.165000000,0.488000000
20:53:37,200719,50.660093352,-123.509765213,1557.894000000,12,0.222000000,0.165000000,0.488000000
20:53:38,200719,50.660093350,-123.509765272,1557.893000000,11,0.228000000,0.172000000,0.496000000
20:53:39,200719,50.660093378,-123.509765342,1557.893000000,11,0.228000000,0.172000000,0.496000000
20:53:40,200719,50.660093473,-123.509765447,1557.877000000,11,0.228000000,0.172000000,0.496000000
20:53:41,200719,50.660093570,-123.509765495,1557.864000000,11,0.228000000,0.172000000,0.496000000
20:53:42,200719,50.660093640,-123.509765380,1557.825000000,11,0.228000000,0.172000000,0.496000000
20:53:43,200719,50.660093547,-123.509765005,1557.791000000,12,0.222000000,0.165000000,0.488000000
20:53:44,200719,50.660093647,-123.509765027,1557.764000000,12,0.222000000,0.165000000,0.488000000
20:53:45,200719,50.660093562,-123.509764863,1557.768000000,12,0.222000000,0.165000000,0.488000000
20:53:46,200719,50.660093498,-123.509764732,1557.777000000,13,0.221000000,0.161000000,0.478000000
20:53:47,200719,50.660093393,-123.509764618,1557.801000000,13,0.221000000,0.161000000,0.478000000
20:53:48,200719,50.660093335,-123.509764543,1557.817000000,13,0.221000000,0.161000000,0.478000000
20:53:49,200719,50.660093312,-123.509764438,1557.821000000,13,0.221000000,0.161000000,0.478000000
20:53:50,200719,50.660093268,-123.509764375,1557.829000000,13,0.221000000,0.161000000,0.478000000
20:53:51,200719,50.660093238,-123.509764317,1557.839000000,13,0.221000000,0.161000000,0.478000000
20:53:52,200719,50.660093215,-123.509764307,1557.835000000,13,0.221000000,0.161000000,0.478000000
20:53:53,200719,50.660093238,-123.509764367,1557.832000000,13,0.221000000,0.161000000,0.478000000
20:53:54,200719,50.660093222,-123.509764325,1557.845000000,13,0.221000000,0.161000000,0.478000000
20:53:55,200719,50.660093227,-123.509764373,1557.834000000,13,0.221000000,0.161000000,0.477000000
20:53:56,200719,50.660093277,-123.509764418,1557.828000000,13,0.221000000,0.161000000,0.477000000
20:53:57,200719,50.660093407,-123.509764408,1557.803000000,13,0.221000000,0.161000000,0.477000000
20:53:58,200719,50.660093705,-123.509764358,1557.742000000,13,0.221000000,0.161000000,0.477000000
20:53:59,200719,50.660094098,-123.509764337,1557.654000000,13,0.221000000,0.161000000,0.477000000
20:54:00,200719,50.660094365,-123.509764358,1557.591000000,13,0.221000000,0.161000000,0.477000000
20:54:01,200719,50.660094610,-123.509764428,1557.534000000,13,0.221000000,0.161000000,0.477000000
20:54:02,200719,50.660094842,-123.509764620,1557.484000000,13,0.221000000,0.161000000,0.477000000
20:54:03,200719,50.660095220,-123.509764813,1557.416000000,14,0.216000000,0.162000000,0.464000000
20:54:04,200719,50.660095938,-123.509765448,1557.266000000,14,0.216000000,0.162000000,0.464000000
20:54:05,200719,50.660096057,-123.509765600,1557.242000000,14,0.216000000,0.162000000,0.464000000
20:54:06,200719,50.660096142,-123.509765767,1557.228000000,14,0.281000000,0.211000000,0.606000000
20:54:07,200719,50.660096493,-123.509766405,1557.165000000,14,0.281000000,0.211000000,0.606000000
20:54:08,200719,50.660096518,-123.509766538,1557.175000000,14,0.281000000,0.211000000,0.606000000
20:54:09,200719,50.660096682,-123.509766627,1557.154000000,14,0.306000000,0.229000000,0.657000000
20:54:10,200719,50.660097035,-123.509766635,1557.075000000,14,0.306000000,0.229000000,0.657000000
20:54:11,200719,50.660097560,-123.509766908,1556.974000000,14,0.306000000,0.229000000,0.657000000
20:54:12,200719,50.660098512,-123.509768048,1556.812000000,14,0.279000000,0.209000000,0.599000000
20:54:13,200719,50.660099153,-123.509768815,1556.704000000,14,0.279000000,0.209000000,0.599000000
20:54:14,200719,50.660099717,-123.509769397,1556.607000000,14,0.279000000,0.209000000,0.599000000
20:54:15,200719,50.660100153,-123.509769900,1556.539000000,14,0.271000000,0.203000000,0.583000000
20:54:16,200719,50.660100478,-123.509770312,1556.488000000,14,0.271000000,0.203000000,0.583000000
20:54:17,200719,50.660100773,-123.509770700,1556.441000000,14,0.271000000,0.203000000,0.583000000
20:54:18,200719,50.660101042,-123.509771022,1556.400000000,14,0.282000000,0.211000000,0.606000000
20:54:19,200719,50.660101283,-123.509771295,1556.364000000,14,0.282000000,0.211000000,0.606000000
20:54:20,200719,50.660101442,-123.509771583,1556.344000000,14,0.282000000,0.211000000,0.606000000
20:54:21,200719,50.660101557,-123.509771883,1556.335000000,14,0.286000000,0.214000000,0.615000000
20:54:22,200719,50.660101685,-123.509772087,1556.321000000,14,0.286000000,0.214000000,0.615000000
20:54:23,200719,50.660101823,-123.509772243,1556.306000000,14,0.286000000,0.214000000,0.615000000
20:54:24,200719,50.660101943,-123.509772472,1556.291000000,14,0.282000000,0.211000000,0.606000000
20:54:25,200719,50.660102020,-123.509772727,1556.295000000,14,0.282000000,0.211000000,0.606000000
20:54:26,200719,50.660102213,-123.509772700,1556.243000000,14,0.282000000,0.211000000,0.606000000
20:54:27,200719,50.660102447,-123.509772595,1556.170000000,13,0.285000000,0.208000000,0.616000000
20:54:28,200719,50.660102625,-123.509772408,1556.087000000,13,0.285000000,0.208000000,0.616000000
20:54:29,200719,50.660102737,-123.509772218,1556.012000000,13,0.285000000,0.208000000,0.616000000
20:54:30,200719,50.660102875,-123.509772020,1555.936000000,13,0.284000000,0.207000000,0.612000000
20:54:31,200719,50.660103120,-123.509772058,1555.899000000,13,0.284000000,0.207000000,0.612000000
20:54:32,200719,50.660103392,-123.509772227,1555.887000000,13,0.284000000,0.207000000,0.612000000
20:54:33,200719,50.660103642,-123.509772457,1555.873000000,13,0.273000000,0.199000000,0.588000000
20:54:34,200719,50.660103790,-123.509772673,1555.883000000,12,0.268000000,0.200000000,0.586000000
20:54:35,200719,50.660103865,-123.509772852,1555.901000000,11,0.266000000,0.201000000,0.579000000
20:54:36,200719,50.660103888,-123.509773037,1555.916000000,11,0.266000000,0.201000000,0.579000000
20:54:37,200719,50.660103847,-123.509773173,1555.931000000,11,0.266000000,0.201000000,0.579000000
20:54:38,200719,50.660103792,-123.509773308,1555.950000000,11,0.248000000,0.187000000,0.539000000
20:54:39,200719,50.660103725,-123.509773442,1555.964000000,12,0.248000000,0.187000000,0.539000000
20:54:40,200719,50.660103680,-123.509773572,1555.980000000,12,0.240000000,0.176000000,0.513000000
20:54:41,200719,50.660103643,-123.509773632,1555.997000000,12,0.240000000,0.176000000,0.513000000
20:54:42,200719,50.660103703,-123.509773733,1556.001000000,12,0.240000000,0.176000000,0.513000000
20:54:43,200719,50.660103787,-123.509773757,1555.999000000,12,0.224000000,0.164000000,0.478000000
20:54:44,200719,50.660103687,-123.509773770,1556.025000000,12,0.224000000,0.164000000,0.478000000
20:54:45,200719,50.660103635,-123.509773887,1556.039000000,12,0.224000000,0.164000000,0.478000000
20:54:46,200719,50.660103570,-123.509773942,1556.059000000,12,0.224000000,0.164000000,0.478000000
20:54:47,200719,50.660103533,-123.509773985,1556.067000000,12,0.224000000,0.164000000,0.478000000
20:54:48,200719,50.660103572,-123.509773973,1556.073000000,12,0.224000000,0.164000000,0.478000000
20:54:49,200719,50.660103590,-123.509774032,1556.080000000,12,0.224000000,0.164000000,0.478000000
20:54:50,200719,50.660103553,-123.509774075,1556.093000000,13,0.220000000,0.161000000,0.474000000
20:54:51,200719,50.660103503,-123.509774132,1556.105000000,13,0.220000000,0.161000000,0.474000000
20:54:52,200719,50.660103457,-123.509774155,1556.110000000,13,0.220000000,0.161000000,0.474000000
20:54:53,200719,50.660103407,-123.509774162,1556.124000000,13,0.220000000,0.161000000,0.473000000
20:54:54,200719,50.660103395,-123.509774180,1556.132000000,13,0.220000000,0.161000000,0.473000000
20:54:55,200719,50.660103443,-123.509774160,1556.127000000,13,0.220000000,0.161000000,0.473000000
20:54:56,200719,50.660103412,-123.509774145,1556.127000000,13,0.220000000,0.161000000,0.473000000
20:54:57,200719,50.660103375,-123.509774130,1556.124000000,13,0.220000000,0.161000000,0.473000000
20:54:58,200719,50.660103335,-123.509774135,1556.124000000,13,0.220000000,0.161000000,0.473000000
20:54:59,200719,50.660103293,-123.509774127,1556.139000000,13,0.220000000,0.161000000,0.473000000
20:55:00,200719,50.660103295,-123.509774147,1556.140000000,13,0.220000000,0.161000000,0.473000000
20:55:01,200719,50.660103382,-123.509774160,1556.137000000,13,0.220000000,0.161000000,0.473000000
20:55:02,200719,50.660103432,-123.509774182,1556.133000000,13,0.220000000,0.161000000,0.473000000
20:55:03,200719,50.660103462,-123.509774172,1556.141000000,13,0.220000000,0.161000000,0.473000000
20:55:04,200719,50.660103395,-123.509774265,1556.150000000,13,0.220000000,0.161000000,0.473000000
20:55:05,200719,50.660103412,-123.509774212,1556.145000000,13,0.220000000,0.161000000,0.472000000
20:55:06,200719,50.660103373,-123.509774232,1556.149000000,13,0.220000000,0.161000000,0.472000000
20:55:07,200719,50.660103382,-123.509774222,1556.151000000,13,0.220000000,0.161000000,0.472000000
20:55:08,200719,50.660103403,-123.509774238,1556.147000000,13,0.220000000,0.161000000,0.472000000
20:55:09,200719,50.660103425,-123.509774252,1556.149000000,13,0.220000000,0.161000000,0.472000000
20:55:10,200719,50.660103435,-123.509774265,1556.150000000,13,0.220000000,0.161000000,0.472000000
20:55:11,200719,50.660103440,-123.509774243,1556.139000000,13,0.220000000,0.161000000,0.472000000
20:55:12,200719,50.660103417,-123.509774235,1556.126000000,13,0.220000000,0.161000000,0.472000000
20:55:13,200719,50.660103427,-123.509774202,1556.118000000,13,0.220000000,0.161000000,0.472000000
20:55:14,200719,50.660103442,-123.509774200,1556.114000000,13,0.220000000,0.161000000,0.472000000
