TIME,DATE(ddMMyy),LATITUDEGGA,LONGITUDEGGA,ALTITUDEGGA,NUMBERSAT,LATERR,LONGERR,ALTERR
23:10:26,200719,50.614272935,-123.383493923,395.515000000,18,0.602000000,0.482000000,1.413000000
23:10:27,200719,50.614273218,-123.383493805,395.486000000,18,0.602000000,0.482000000,1.413000000
23:10:28,200719,50.614273558,-123.383493648,395.479000000,18,0.625000000,0.500000000,1.467000000
23:10:29,200719,50.614273885,-123.383493490,395.458000000,18,0.625000000,0.500000000,1.467000000
23:10:30,200719,50.614274202,-123.383493288,395.435000000,18,0.625000000,0.500000000,1.467000000
23:10:31,200719,50.614274502,-123.383493042,395.431000000,18,0.631000000,0.504000000,1.480000000
23:10:32,200719,50.614274827,-123.383492702,395.426000000,18,0.631000000,0.504000000,1.480000000
23:10:33,200719,50.614275057,-123.383492450,395.422000000,18,0.631000000,0.504000000,1.480000000
23:10:34,200719,50.614275188,-123.383492207,395.441000000,18,0.621000000,0.496000000,1.458000000
23:10:35,200719,50.614275715,-123.383492123,395.489000000,18,0.621000000,0.496000000,1.458000000
23:10:36,200719,50.614276003,-123.383492003,395.527000000,18,0.621000000,0.496000000,1.458000000
23:10:37,200719,50.614276322,-123.383491885,395.563000000,18,0.582000000,0.465000000,1.366000000
23:10:38,200719,50.614276602,-123.383491737,395.593000000,17,0.650000000,0.455000000,1.359000000
23:10:39,200719,50.614276885,-123.383491595,395.625000000,17,0.586000000,0.411000000,1.226000000
23:10:40,200719,50.614277110,-123.383491538,395.649000000,17,0.586000000,0.411000000,1.226000000
23:10:41,200719,50.614277287,-123.383491443,395.678000000,17,0.586000000,0.411000000,1.226000000
23:10:42,200719,50.614277598,-123.383491410,395.725000000,17,0.464000000,0.325000000,0.970000000
23:10:43,200719,50.614278190,-123.383491552,395.813000000,17,0.464000000,0.325000000,0.970000000
23:10:44,200719,50.614278977,-123.383492055,395.984000000,17,0.464000000,0.325000000,0.970000000
23:10:45,200719,50.614279657,-123.383492553,396.132000000,17,0.396000000,0.277000000,0.828000000
23:10:46,200719,50.614280203,-123.383492837,396.248000000,17,0.396000000,0.277000000,0.828000000
23:10:47,200719,50.614280637,-123.383493115,396.355000000,17,0.396000000,0.277000000,0.828000000
23:10:48,200719,50.614280998,-123.383493347,396.449000000,17,0.386000000,0.270000000,0.806000000
23:10:49,200719,50.614281280,-123.383493598,396.537000000,17,0.386000000,0.270000000,0.806000000
23:10:50,200719,50.614281633,-123.383493933,396.635000000,17,0.386000000,0.270000000,0.806000000
23:10:51,200719,50.614281930,-123.383494217,396.700000000,17,0.401000000,0.281000000,0.838000000
23:10:52,200719,50.614282290,-123.383494520,396.793000000,17,0.401000000,0.281000000,0.838000000
23:10:53,200719,50.614282643,-123.383494750,396.881000000,18,0.355000000,0.283000000,0.833000000
23:10:54,200719,50.614283018,-123.383494902,396.964000000,18,0.355000000,0.283000000,0.833000000
23:10:55,200719,50.614283393,-123.383494945,397.042000000,18,0.355000000,0.283000000,0.833000000
23:10:56,200719,50.614283587,-123.383494918,397.079000000,18,0.402000000,0.321000000,0.944000000
23:10:57,200719,50.614283680,-123.383494838,397.102000000,18,0.402000000,0.321000000,0.944000000
23:10:58,200719,50.614283742,-123.383494723,397.124000000,18,0.402000000,0.321000000,0.944000000
23:10:59,200719,50.614283758,-123.383494590,397.143000000,18,0.492000000,0.392000000,1.152000000
23:11:00,200719,50.614283785,-123.383494345,397.151000000,18,0.492000000,0.392000000,1.152000000
23:11:01,200719,50.614283755,-123.383493752,397.125000000,18,0.492000000,0.392000000,1.152000000
23:11:02,200719,50.614283662,-123.383493118,397.076000000,18,0.529000000,0.421000000,1.239000000
23:11:03,200719,50.614283543,-123.383492883,397.067000000,18,0.529000000,0.421000000,1.239000000
23:11:04,200719,50.614283418,-123.383492805,397.071000000,17,0.546000000,0.423000000,1.307000000
23:11:05,200719,50.614283223,-123.383492700,397.071000000,17,0.546000000,0.423000000,1.307000000
23:11:06,200719,50.614283105,-123.383492545,397.055000000,16,0.562000000,0.387000000,1.217000000
23:11:07,200719,50.614283160,-123.383492402,397.043000000,16,0.562000000,0.387000000,1.217000000
23:11:08,200719,50.614283153,-123.383492335,397.031000000,16,0.562000000,0.387000000,1.217000000
23:11:09,200719,50.614283075,-123.383492238,397.006000000,16,0.512000000,0.353000000,1.109000000
23:11:10,200719,50.614282937,-123.383492108,396.973000000,16,0.512000000,0.353000000,1.109000000
23:11:11,200719,50.614282755,-123.383492042,396.943000000,16,0.512000000,0.353000000,1.109000000
23:11:12,200719,50.614282315,-123.383491858,396.879000000,17,0.490000000,0.343000000,1.023000000
23:11:13,200719,50.614281848,-123.383491755,396.811000000,17,0.490000000,0.343000000,1.023000000
23:11:14,200719,50.614281325,-123.383491668,396.731000000,17,0.490000000,0.343000000,1.023000000
23:11:15,200719,50.614280765,-123.383491550,396.644000000,17,0.482000000,0.337000000,1.006000000
23:11:16,200719,50.614280258,-123.383491357,396.548000000,17,0.482000000,0.337000000,1.006000000
23:11:17,200719,50.614279780,-123.383490982,396.466000000,17,0.482000000,0.337000000,1.006000000
23:11:18,200719,50.614279387,-123.383490628,396.387000000,17,0.470000000,0.329000000,0.982000000
23:11:19,200719,50.614279073,-123.383490310,396.315000000,17,0.470000000,0.329000000,0.982000000
23:11:20,200719,50.614278882,-123.383489808,396.219000000,17,0.470000000,0.329000000,0.982000000
23:11:21,200719,50.614278757,-123.383489567,396.147000000,17,0.456000000,0.319000000,0.953000000
23:11:22,200719,50.614278728,-123.383489527,396.123000000,17,0.456000000,0.319000000,0.953000000
23:11:23,200719,50.614279110,-123.383489748,396.176000000,17,0.456000000,0.319000000,0.953000000
23:11:24,200719,50.614279297,-123.383489940,396.238000000,17,0.446000000,0.312000000,0.932000000
23:11:25,200719,50.614279562,-123.383490132,396.292000000,17,0.446000000,0.312000000,0.932000000
23:11:26,200719,50.614280130,-123.383490355,396.343000000,17,0.446000000,0.312000000,0.932000000
23:11:27,200719,50.614280958,-123.383490653,396.422000000,17,0.455000000,0.318000000,0.950000000
23:11:28,200719,50.614281902,-123.383491023,396.519000000,17,0.455000000,0.318000000,0.950000000
23:11:29,200719,50.614282598,-123.383491363,396.595000000,17,0.455000000,0.318000000,0.950000000
23:11:30,200719,50.614283143,-123.383491600,396.665000000,16,0.532000000,0.341000000,1.010000000
23:11:31,200719,50.614283550,-123.383491872,396.737000000,16,0.510000000,0.351000000,1.100000000
23:11:32,200719,50.614283988,-123.383492128,396.791000000,17,0.513000000,0.359000000,1.070000000
23:11:33,200719,50.614284175,-123.383492355,396.874000000,17,0.513000000,0.359000000,1.070000000
23:11:34,200719,50.614284318,-123.383492390,396.949000000,16,0.536000000,0.369000000,1.158000000
23:11:35,200719,50.614284597,-123.383492613,397.010000000,17,0.536000000,0.375000000,1.119000000
23:11:36,200719,50.614284792,-123.383492927,397.067000000,17,0.536000000,0.375000000,1.119000000
23:11:37,200719,50.614284773,-123.383493162,397.164000000,17,0.536000000,0.375000000,1.119000000
23:11:38,200719,50.614284768,-123.383493397,397.256000000,17,0.560000000,0.391000000,1.168000000
23:11:39,200719,50.614284950,-123.383493443,397.291000000,17,0.560000000,0.391000000,1.168000000
23:11:40,200719,50.614285103,-123.383493402,397.344000000,17,0.560000000,0.391000000,1.168000000
23:11:41,200719,50.614285017,-123.383493405,397.420000000,17,0.574000000,0.401000000,1.197000000
23:11:42,200719,50.614284915,-123.383493322,397.473000000,17,0.574000000,0.401000000,1.197000000
23:11:43,200719,50.614284773,-123.383493225,397.534000000,17,0.574000000,0.401000000,1.197000000
23:11:44,200719,50.614284507,-123.383493102,397.567000000,17,0.578000000,0.404000000,1.206000000
23:11:45,200719,50.614284152,-123.383492937,397.568000000,17,0.578000000,0.404000000,1.206000000
23:11:46,200719,50.614283865,-123.383492678,397.539000000,17,0.578000000,0.404000000,1.206000000
23:11:47,200719,50.614283407,-123.383492317,397.494000000,17,0.573000000,0.400000000,1.194000000
23:11:48,200719,50.614282708,-123.383491862,397.408000000,17,0.573000000,0.400000000,1.194000000
23:11:49,200719,50.614282117,-123.383491367,397.293000000,17,0.573000000,0.400000000,1.194000000
23:11:50,200719,50.614281442,-123.383490852,397.209000000,17,0.551000000,0.385000000,1.148000000
23:11:51,200719,50.614280653,-123.383490430,397.136000000,17,0.551000000,0.385000000,1.148000000
23:11:52,200719,50.614279882,-123.383489948,397.040000000,16,0.584000000,0.372000000,1.148000000
23:11:53,200719,50.614279420,-123.383489588,396.939000000,16,0.584000000,0.372000000,1.148000000
23:11:54,200719,50.614279213,-123.383489180,396.843000000,16,0.584000000,0.372000000,1.148000000
23:11:55,200719,50.614279008,-123.383488775,396.765000000,16,0.491000000,0.313000000,0.964000000
23:11:56,200719,50.614278663,-123.383488362,396.710000000,16,0.491000000,0.313000000,0.964000000
23:11:57,200719,50.614278290,-123.383488000,396.682000000,16,0.491000000,0.313000000,0.964000000
23:11:58,200719,50.614277873,-123.383487705,396.649000000,17,0.353000000,0.270000000,0.796000000
23:11:59,200719,50.614277170,-123.383487488,396.543000000,17,0.353000000,0.270000000,0.796000000
23:12:00,200719,50.614276417,-123.383487350,396.402000000,17,0.353000000,0.270000000,0.796000000
23:12:01,200719,50.614275407,-123.383487157,396.247000000,17,0.318000000,0.243000000,0.717000000
23:12:02,200719,50.614275180,-123.383486882,396.218000000,17,0.318000000,0.243000000,0.717000000
23:12:03,200719,50.614275623,-123.383486695,396.235000000,18,0.306000000,0.242000000,0.715000000
23:12:04,200719,50.614276283,-123.383486837,396.318000000,18,0.306000000,0.242000000,0.715000000
23:12:05,200719,50.614276480,-123.383486682,396.330000000,18,0.306000000,0.242000000,0.715000000
23:12:06,200719,50.614276662,-123.383486393,396.325000000,18,0.679000000,0.538000000,1.588000000
23:12:07,200719,50.614276582,-123.383486132,396.356000000,18,0.679000000,0.538000000,1.588000000
23:12:08,200719,50.614276453,-123.383485923,396.394000000,18,0.679000000,0.538000000,1.588000000
23:12:09,200719,50.614276325,-123.383485678,396.414000000,18,0.538000000,0.426000000,1.256000000
23:12:10,200719,50.614276290,-123.383485363,396.422000000,18,0.538000000,0.426000000,1.256000000
23:12:11,200719,50.614276230,-123.383485033,396.409000000,18,0.538000000,0.426000000,1.256000000
23:12:12,200719,50.614276168,-123.383484693,396.395000000,18,0.451000000,0.357000000,1.053000000
23:12:13,200719,50.614276055,-123.383484400,396.393000000,18,0.451000000,0.357000000,1.053000000
23:12:14,200719,50.614275938,-123.383484052,396.385000000,18,0.451000000,0.357000000,1.053000000
23:12:15,200719,50.614275880,-123.383483698,396.354000000,18,0.415000000,0.329000000,0.971000000
23:12:16,200719,50.614275850,-123.383483423,396.332000000,18,0.415000000,0.329000000,0.971000000
23:12:17,200719,50.614275758,-123.383483057,396.306000000,18,0.415000000,0.329000000,0.971000000
23:12:18,200719,50.614275703,-123.383482595,396.259000000,18,0.395000000,0.313000000,0.923000000
23:12:19,200719,50.614275828,-123.383482263,396.204000000,18,0.395000000,0.313000000,0.923000000
23:12:20,200719,50.614275980,-123.383481970,396.161000000,18,0.395000000,0.313000000,0.923000000
23:12:21,200719,50.614276157,-123.383481737,396.112000000,18,0.375000000,0.297000000,0.877000000
23:12:22,200719,50.614276340,-123.383481523,396.064000000,18,0.375000000,0.297000000,0.877000000
23:12:23,200719,50.614276580,-123.383481420,396.025000000,18,0.375000000,0.297000000,0.877000000
23:12:24,200719,50.614276880,-123.383481357,395.988000000,18,0.326000000,0.258000000,0.761000000
23:12:25,200719,50.614277137,-123.383481277,395.959000000,18,0.326000000,0.258000000,0.761000000
23:12:26,200719,50.614277342,-123.383481280,395.970000000,18,0.326000000,0.258000000,0.761000000
23:12:27,200719,50.614278172,-123.383481207,396.055000000,18,0.313000000,0.247000000,0.731000000
23:12:28,200719,50.614279083,-123.383481128,396.147000000,18,0.313000000,0.247000000,0.731000000
23:12:29,200719,50.614279788,-123.383481047,396.207000000,18,0.313000000,0.247000000,0.731000000
23:12:30,200719,50.614280298,-123.383480748,396.229000000,18,0.328000000,0.259000000,0.765000000
23:12:31,200719,50.614280722,-123.383480478,396.241000000,18,0.328000000,0.259000000,0.765000000
23:12:32,200719,50.614281100,-123.383480300,396.244000000,18,0.328000000,0.259000000,0.765000000
23:12:33,200719,50.614281442,-123.383480285,396.255000000,18,0.330000000,0.261000000,0.771000000
23:12:34,200719,50.614281737,-123.383480102,396.242000000,18,0.330000000,0.261000000,0.771000000
23:12:35,200719,50.614281960,-123.383479865,396.224000000,18,0.330000000,0.261000000,0.771000000
23:12:36,200719,50.614282172,-123.383479668,396.199000000,18,0.326000000,0.258000000,0.762000000
23:12:37,200719,50.614282217,-123.383479502,396.188000000,18,0.326000000,0.258000000,0.762000000
23:12:38,200719,50.614282278,-123.383479268,396.167000000,18,0.326000000,0.258000000,0.762000000
23:12:39,200719,50.614282313,-123.383479063,396.141000000,18,0.321000000,0.254000000,0.750000000
23:12:40,200719,50.614282222,-123.383478835,396.145000000,18,0.321000000,0.254000000,0.750000000
23:12:41,200719,50.614282050,-123.383478588,396.136000000,18,0.321000000,0.254000000,0.750000000
23:12:42,200719,50.614281718,-123.383478275,396.124000000,18,0.313000000,0.247000000,0.732000000
23:12:43,200719,50.614281268,-123.383477948,396.116000000,18,0.313000000,0.247000000,0.732000000
23:12:44,200719,50.614280858,-123.383477558,396.087000000,18,0.313000000,0.247000000,0.732000000
23:12:45,200719,50.614280598,-123.383477275,396.066000000,18,0.305000000,0.240000000,0.711000000
23:12:46,200719,50.614280448,-123.383477090,396.057000000,18,0.305000000,0.240000000,0.711000000
23:12:47,200719,50.614280368,-123.383476945,396.050000000,18,0.305000000,0.240000000,0.711000000
23:12:48,200719,50.614280243,-123.383476830,396.050000000,18,0.301000000,0.237000000,0.702000000
23:12:49,200719,50.614280087,-123.383476760,396.054000000,18,0.301000000,0.237000000,0.702000000
23:12:50,200719,50.614279985,-123.383476705,396.061000000,18,0.301000000,0.237000000,0.702000000
23:12:51,200719,50.614279882,-123.383476752,396.076000000,18,0.300000000,0.237000000,0.700000000
23:12:52,200719,50.614279828,-123.383476732,396.076000000,18,0.300000000,0.237000000,0.700000000
23:12:53,200719,50.614279838,-123.383476733,396.079000000,18,0.300000000,0.237000000,0.700000000
23:12:54,200719,50.614279810,-123.383476843,396.107000000,18,0.298000000,0.235000000,0.695000000
23:12:55,200719,50.614279835,-123.383476880,396.113000000,18,0.298000000,0.235000000,0.695000000
23:12:56,200719,50.614279822,-123.383476923,396.111000000,18,0.298000000,0.235000000,0.695000000
23:12:57,200719,50.614279867,-123.383476998,396.116000000,18,0.285000000,0.224000000,0.664000000
23:12:58,200719,50.614279923,-123.383477155,396.143000000,18,0.285000000,0.224000000,0.664000000
23:12:59,200719,50.614279892,-123.383477348,396.200000000,18,0.285000000,0.224000000,0.664000000
23:13:00,200719,50.614280020,-123.383477590,396.234000000,18,0.291000000,0.229000000,0.678000000
23:13:01,200719,50.614280062,-123.383477715,396.247000000,18,0.291000000,0.229000000,0.678000000
23:13:02,200719,50.614280108,-123.383477855,396.255000000,18,0.291000000,0.229000000,0.678000000
23:13:03,200719,50.614279950,-123.383477947,396.273000000,18,0.308000000,0.243000000,0.718000000
23:13:04,200719,50.614279930,-123.383478002,396.286000000,18,0.308000000,0.243000000,0.718000000
23:13:05,200719,50.614279855,-123.383478060,396.300000000,18,0.308000000,0.243000000,0.718000000
23:13:06,200719,50.614279668,-123.383478113,396.321000000,17,0.313000000,0.247000000,0.730000000
23:13:07,200719,50.614279682,-123.383478173,396.280000000,17,0.332000000,0.251000000,0.746000000
23:13:08,200719,50.614279822,-123.383478248,396.241000000,17,0.332000000,0.251000000,0.746000000
23:13:09,200719,50.614279955,-123.383478327,396.199000000,17,0.295000000,0.223000000,0.662000000
23:13:10,200719,50.614280067,-123.383478327,396.155000000,17,0.295000000,0.223000000,0.662000000
23:13:11,200719,50.614280117,-123.383478355,396.118000000,17,0.295000000,0.223000000,0.662000000
23:13:12,200719,50.614280157,-123.383478383,396.066000000,17,0.263000000,0.199000000,0.590000000
23:13:13,200719,50.614280242,-123.383478422,396.029000000,17,0.263000000,0.199000000,0.590000000
23:13:14,200719,50.614280320,-123.383478450,395.985000000,17,0.263000000,0.199000000,0.590000000
23:13:15,200719,50.614280370,-123.383478498,395.949000000,17,0.238000000,0.180000000,0.535000000
23:13:16,200719,50.614280482,-123.383478517,395.913000000,17,0.238000000,0.180000000,0.535000000
23:13:17,200719,50.614280537,-123.383478537,395.890000000,17,0.238000000,0.180000000,0.535000000
23:13:18,200719,50.614280558,-123.383478548,395.866000000,17,0.220000000,0.166000000,0.492000000
23:13:19,200719,50.614280480,-123.383478520,395.844000000,17,0.220000000,0.166000000,0.492000000
23:13:20,200719,50.614280378,-123.383478532,395.823000000,17,0.220000000,0.166000000,0.492000000
23:13:21,200719,50.614280340,-123.383478435,395.826000000,17,0.211000000,0.159000000,0.472000000
23:13:22,200719,50.614280210,-123.383478302,395.768000000,17,0.211000000,0.159000000,0.472000000
23:13:23,200719,50.614279983,-123.383478310,395.776000000,17,0.211000000,0.159000000,0.472000000
23:13:24,200719,50.614279702,-123.383478255,395.778000000,17,0.212000000,0.160000000,0.474000000
23:13:25,200719,50.614279098,-123.383477845,395.696000000,18,0.201000000,0.158000000,0.467000000
23:13:26,200719,50.614277407,-123.383476845,395.443000000,18,0.201000000,0.158000000,0.467000000
23:13:27,200719,50.614276360,-123.383476282,395.300000000,18,0.201000000,0.158000000,0.467000000
23:13:28,200719,50.614275753,-123.383476005,395.203000000,18,0.248000000,0.195000000,0.577000000
23:13:29,200719,50.614275605,-123.383475993,395.159000000,18,0.248000000,0.195000000,0.577000000
23:13:30,200719,50.614275632,-123.383476075,395.139000000,18,0.248000000,0.195000000,0.577000000
23:13:31,200719,50.614275740,-123.383476173,395.126000000,18,0.247000000,0.194000000,0.574000000
23:13:32,200719,50.614275933,-123.383476282,395.114000000,18,0.247000000,0.194000000,0.574000000
23:13:33,200719,50.614276003,-123.383476370,395.103000000,18,0.247000000,0.194000000,0.574000000
23:13:34,200719,50.614276182,-123.383476465,395.098000000,17,0.249000000,0.187000000,0.568000000
23:13:35,200719,50.614276365,-123.383476522,395.095000000,17,0.249000000,0.187000000,0.568000000
23:13:36,200719,50.614276523,-123.383476553,395.080000000,17,0.249000000,0.187000000,0.568000000
23:13:37,200719,50.614276653,-123.383476547,395.076000000,17,0.247000000,0.186000000,0.565000000
23:13:38,200719,50.614276730,-123.383476512,395.074000000,17,0.247000000,0.186000000,0.565000000
23:13:39,200719,50.614276802,-123.383476407,395.076000000,17,0.247000000,0.186000000,0.565000000
23:13:40,200719,50.614276890,-123.383476313,395.077000000,17,0.246000000,0.185000000,0.560000000
23:13:41,200719,50.614277103,-123.383476233,395.084000000,16,0.288000000,0.194000000,0.592000000
23:13:42,200719,50.614277503,-123.383476230,395.118000000,16,0.288000000,0.194000000,0.592000000
23:13:43,200719,50.614278377,-123.383476725,395.283000000,17,0.278000000,0.194000000,0.577000000
23:13:44,200719,50.614278642,-123.383477373,395.624000000,17,0.278000000,0.194000000,0.577000000
23:13:45,200719,50.614279350,-123.383478027,395.864000000,17,0.278000000,0.194000000,0.577000000
23:13:46,200719,50.614280243,-123.383478440,395.995000000,17,0.323000000,0.225000000,0.669000000
23:13:47,200719,50.614281043,-123.383478757,396.066000000,17,0.323000000,0.225000000,0.669000000
23:13:48,200719,50.614281772,-123.383478958,396.108000000,17,0.323000000,0.225000000,0.669000000
23:13:49,200719,50.614282375,-123.383479132,396.142000000,17,0.273000000,0.190000000,0.566000000
23:13:50,200719,50.614282832,-123.383479210,396.153000000,17,0.273000000,0.190000000,0.566000000
23:13:51,200719,50.614283098,-123.383479155,396.137000000,17,0.273000000,0.190000000,0.566000000
23:13:52,200719,50.614283263,-123.383479048,396.121000000,17,0.244000000,0.170000000,0.505000000
23:13:53,200719,50.614283295,-123.383478950,396.103000000,17,0.244000000,0.170000000,0.505000000
23:13:54,200719,50.614283235,-123.383478738,396.084000000,17,0.244000000,0.170000000,0.505000000
23:13:55,200719,50.614283147,-123.383478580,396.073000000,17,0.228000000,0.158000000,0.472000000
23:13:56,200719,50.614283108,-123.383478435,396.063000000,17,0.228000000,0.158000000,0.472000000
23:13:57,200719,50.614283070,-123.383478367,396.060000000,17,0.228000000,0.158000000,0.472000000
23:13:58,200719,50.614282948,-123.383478400,396.067000000,17,0.223000000,0.155000000,0.462000000
23:13:59,200719,50.614282805,-123.383478458,396.081000000,18,0.193000000,0.152000000,0.449000000
23:14:00,200719,50.614282642,-123.383478465,396.095000000,17,0.195000000,0.161000000,0.455000000
23:14:01,200719,50.614282440,-123.383478438,396.108000000,17,0.195000000,0.161000000,0.455000000
23:14:02,200719,50.614282193,-123.383478252,396.118000000,17,0.195000000,0.161000000,0.455000000
23:14:03,200719,50.614281913,-123.383477977,396.129000000,17,0.210000000,0.173000000,0.489000000
23:14:04,200719,50.614281675,-123.383477783,396.153000000,17,0.210000000,0.173000000,0.489000000
23:14:05,200719,50.614281475,-123.383477597,396.178000000,17,0.210000000,0.173000000,0.489000000
23:14:06,200719,50.614281307,-123.383477455,396.203000000,17,0.238000000,0.197000000,0.555000000
23:14:07,200719,50.614281187,-123.383477257,396.223000000,17,0.238000000,0.197000000,0.555000000
23:14:08,200719,50.614281112,-123.383477080,396.255000000,17,0.238000000,0.197000000,0.555000000
23:14:09,200719,50.614281173,-123.383476802,396.277000000,17,0.250000000,0.207000000,0.583000000
23:14:10,200719,50.614281265,-123.383476472,396.303000000,17,0.250000000,0.207000000,0.583000000
23:14:11,200719,50.614281315,-123.383476203,396.322000000,17,0.250000000,0.207000000,0.583000000
23:14:12,200719,50.614281418,-123.383475955,396.332000000,17,0.254000000,0.210000000,0.592000000
23:14:13,200719,50.614281550,-123.383475723,396.345000000,17,0.254000000,0.210000000,0.592000000
23:14:14,200719,50.614281758,-123.383475428,396.366000000,17,0.254000000,0.210000000,0.592000000
23:14:15,200719,50.614282073,-123.383475047,396.369000000,17,0.254000000,0.209000000,0.591000000
23:14:16,200719,50.614282532,-123.383474550,396.367000000,17,0.254000000,0.209000000,0.591000000
23:14:17,200719,50.614282827,-123.383474155,396.368000000,17,0.254000000,0.209000000,0.591000000
23:14:18,200719,50.614283148,-123.383473823,396.372000000,17,0.249000000,0.205000000,0.580000000
23:14:19,200719,50.614283367,-123.383473555,396.395000000,17,0.249000000,0.205000000,0.580000000
23:14:20,200719,50.614283450,-123.383473397,396.430000000,17,0.249000000,0.205000000,0.580000000
23:14:21,200719,50.614283650,-123.383473240,396.432000000,17,0.269000000,0.222000000,0.627000000
23:14:22,200719,50.614283657,-123.383473217,396.467000000,17,0.269000000,0.222000000,0.627000000
23:14:23,200719,50.614283592,-123.383473287,396.488000000,17,0.269000000,0.222000000,0.627000000
23:14:24,200719,50.614283485,-123.383473420,396.507000000,17,0.311000000,0.256000000,0.723000000
23:14:25,200719,50.614283345,-123.383473565,396.530000000,17,0.311000000,0.256000000,0.723000000
23:14:26,200719,50.614283133,-123.383473793,396.568000000,17,0.311000000,0.256000000,0.723000000
23:14:27,200719,50.614282880,-123.383474075,396.611000000,17,0.341000000,0.281000000,0.794000000
23:14:28,200719,50.614282532,-123.383474412,396.651000000,17,0.341000000,0.281000000,0.794000000
23:14:29,200719,50.614282177,-123.383474763,396.696000000,17,0.341000000,0.281000000,0.794000000
23:14:30,200719,50.614281728,-123.383475203,396.755000000,17,0.330000000,0.272000000,0.767000000
23:14:31,200719,50.614281260,-123.383475632,396.820000000,17,0.330000000,0.272000000,0.767000000
23:14:32,200719,50.614280832,-123.383476135,396.892000000,17,0.330000000,0.272000000,0.767000000
23:14:33,200719,50.614280422,-123.383476552,396.946000000,17,0.302000000,0.249000000,0.702000000
23:14:34,200719,50.614280073,-123.383476992,397.001000000,17,0.302000000,0.249000000,0.702000000
23:14:35,200719,50.614279810,-123.383477368,397.056000000,17,0.302000000,0.249000000,0.702000000
23:14:36,200719,50.614279550,-123.383477717,397.101000000,17,0.290000000,0.238000000,0.674000000
23:14:37,200719,50.614279382,-123.383478000,397.146000000,17,0.290000000,0.238000000,0.674000000
23:14:38,200719,50.614279152,-123.383478345,397.169000000,17,0.290000000,0.238000000,0.674000000
23:14:39,200719,50.614278967,-123.383478698,397.193000000,17,0.297000000,0.244000000,0.690000000
23:14:40,200719,50.614278758,-123.383479102,397.228000000,17,0.297000000,0.244000000,0.690000000
23:14:41,200719,50.614278550,-123.383479380,397.259000000,17,0.297000000,0.244000000,0.690000000
23:14:42,200719,50.614278337,-123.383479753,397.292000000,17,0.323000000,0.265000000,0.750000000
23:14:43,200719,50.614278157,-123.383480038,397.326000000,17,0.323000000,0.265000000,0.750000000
23:14:44,200719,50.614277977,-123.383480377,397.357000000,17,0.323000000,0.265000000,0.750000000
23:14:45,200719,50.614277888,-123.383480675,397.388000000,17,0.347000000,0.285000000,0.805000000
23:14:46,200719,50.614277760,-123.383480997,397.417000000,17,0.347000000,0.285000000,0.805000000
23:14:47,200719,50.614277693,-123.383481278,397.427000000,17,0.347000000,0.285000000,0.805000000
23:14:48,200719,50.614277540,-123.383481628,397.429000000,17,0.374000000,0.307000000,0.868000000
23:14:49,200719,50.614277398,-123.383481938,397.421000000,17,0.432000000,0.300000000,0.892000000
23:14:50,200719,50.614277158,-123.383482130,397.421000000,17,0.432000000,0.300000000,0.892000000
23:14:51,200719,50.614276825,-123.383482253,397.418000000,17,0.432000000,0.300000000,0.892000000
23:14:52,200719,50.614276560,-123.383482402,397.419000000,17,0.403000000,0.280000000,0.832000000
23:14:53,200719,50.614276287,-123.383482462,397.430000000,17,0.403000000,0.280000000,0.832000000
23:14:54,200719,50.614276047,-123.383482553,397.428000000,17,0.403000000,0.280000000,0.832000000
23:14:55,200719,50.614275803,-123.383482675,397.429000000,17,0.392000000,0.272000000,0.809000000
23:14:56,200719,50.614275582,-123.383482707,397.410000000,17,0.392000000,0.272000000,0.809000000
23:14:57,200719,50.614275412,-123.383482792,397.390000000,17,0.392000000,0.272000000,0.809000000
23:14:58,200719,50.614275265,-123.383482970,397.383000000,17,0.391000000,0.271000000,0.807000000
23:14:59,200719,50.614275215,-123.383483092,397.358000000,17,0.391000000,0.271000000,0.807000000
23:15:00,200719,50.614275155,-123.383483267,397.334000000,17,0.391000000,0.271000000,0.807000000
23:15:01,200719,50.614275083,-123.383483520,397.311000000,17,0.393000000,0.273000000,0.812000000
23:15:02,200719,50.614275047,-123.383483702,397.276000000,17,0.393000000,0.273000000,0.812000000
23:15:03,200719,50.614274982,-123.383483898,397.250000000,17,0.393000000,0.273000000,0.812000000
23:15:04,200719,50.614274947,-123.383484063,397.219000000,17,0.394000000,0.273000000,0.812000000
23:15:05,200719,50.614274885,-123.383484267,397.206000000,17,0.394000000,0.273000000,0.812000000
23:15:06,200719,50.614274755,-123.383484447,397.188000000,17,0.394000000,0.273000000,0.812000000
23:15:07,200719,50.614274615,-123.383484572,397.180000000,17,0.388000000,0.269000000,0.799000000
23:15:08,200719,50.614274533,-123.383484717,397.167000000,17,0.388000000,0.269000000,0.799000000
23:15:09,200719,50.614274450,-123.383484802,397.145000000,17,0.388000000,0.269000000,0.799000000
23:15:10,200719,50.614274380,-123.383484832,397.119000000,17,0.381000000,0.265000000,0.786000000
23:15:11,200719,50.614274320,-123.383484855,397.095000000,17,0.381000000,0.265000000,0.786000000
23:15:12,200719,50.614274260,-123.383484792,397.049000000,17,0.381000000,0.265000000,0.786000000
23:15:13,200719,50.614274210,-123.383484692,397.012000000,17,0.372000000,0.258000000,0.767000000
23:15:14,200719,50.614274198,-123.383484542,396.962000000,17,0.372000000,0.258000000,0.767000000
23:15:15,200719,50.614274155,-123.383484240,396.907000000,17,0.372000000,0.258000000,0.767000000
23:15:16,200719,50.614274178,-123.383484018,396.872000000,17,0.367000000,0.254000000,0.756000000
23:15:17,200719,50.614274212,-123.383483648,396.828000000,17,0.367000000,0.254000000,0.756000000
23:15:18,200719,50.614274263,-123.383483358,396.793000000,17,0.367000000,0.254000000,0.756000000
23:15:19,200719,50.614274283,-123.383483227,396.782000000,17,0.371000000,0.258000000,0.765000000
23:15:20,200719,50.614274315,-123.383482918,396.758000000,17,0.371000000,0.258000000,0.765000000
23:15:21,200719,50.614274348,-123.383482672,396.733000000,17,0.371000000,0.258000000,0.765000000
23:15:22,200719,50.614274443,-123.383482423,396.709000000,17,0.370000000,0.256000000,0.762000000
23:15:23,200719,50.614274493,-123.383482268,396.689000000,17,0.370000000,0.256000000,0.762000000
23:15:24,200719,50.614274520,-123.383482103,396.652000000,17,0.370000000,0.256000000,0.762000000
23:15:25,200719,50.614274502,-123.383481957,396.621000000,17,0.362000000,0.251000000,0.747000000
23:15:26,200719,50.614274392,-123.383481908,396.593000000,17,0.361000000,0.251000000,0.744000000
23:15:27,200719,50.614274300,-123.383481838,396.569000000,17,0.360000000,0.250000000,0.741000000
23:15:28,200719,50.614274172,-123.383481843,396.526000000,17,0.361000000,0.250000000,0.743000000
23:15:29,200719,50.614274200,-123.383481803,396.497000000,17,0.362000000,0.251000000,0.746000000
23:15:30,200719,50.614274280,-123.383481832,396.442000000,16,0.362000000,0.263000000,0.749000000
23:15:31,200719,50.614274450,-123.383481795,396.400000000,16,0.361000000,0.262000000,0.746000000
23:15:32,200719,50.614274642,-123.383481722,396.353000000,17,0.311000000,0.255000000,0.720000000
23:15:33,200719,50.614274937,-123.383481687,396.293000000,17,0.311000000,0.255000000,0.720000000
23:15:34,200719,50.614275228,-123.383481618,396.215000000,17,0.311000000,0.255000000,0.720000000
23:15:35,200719,50.614275613,-123.383481615,396.150000000,17,0.335000000,0.274000000,0.776000000
23:15:36,200719,50.614275987,-123.383481517,396.082000000,17,0.335000000,0.274000000,0.776000000
23:15:37,200719,50.614276372,-123.383481457,396.016000000,17,0.335000000,0.274000000,0.776000000
23:15:38,200719,50.614276803,-123.383481497,395.967000000,17,0.329000000,0.269000000,0.762000000
23:15:39,200719,50.614277213,-123.383481563,395.912000000,17,0.329000000,0.269000000,0.762000000
23:15:40,200719,50.614277540,-123.383481675,395.875000000,17,0.329000000,0.269000000,0.762000000
23:15:41,200719,50.614277905,-123.383481708,395.833000000,16,0.271000000,0.213000000,0.614000000
23:15:42,200719,50.614278243,-123.383481705,395.790000000,16,0.271000000,0.213000000,0.614000000
23:15:43,200719,50.614278635,-123.383481732,395.757000000,16,0.271000000,0.213000000,0.614000000
23:15:44,200719,50.614278940,-123.383481695,395.718000000,15,0.257000000,0.191000000,0.581000000
23:15:45,200719,50.614279250,-123.383481532,395.664000000,15,0.257000000,0.191000000,0.581000000
23:15:46,200719,50.614279555,-123.383481458,395.625000000,15,0.257000000,0.191000000,0.581000000
23:15:47,200719,50.614279855,-123.383481422,395.576000000,15,0.233000000,0.173000000,0.527000000
23:15:48,200719,50.614280183,-123.383481285,395.530000000,15,0.233000000,0.173000000,0.527000000
23:15:49,200719,50.614280495,-123.383481110,395.488000000,15,0.233000000,0.173000000,0.527000000
23:15:50,200719,50.614280832,-123.383480920,395.446000000,15,0.209000000,0.155000000,0.471000000
23:15:51,200719,50.614281172,-123.383480803,395.411000000,15,0.209000000,0.155000000,0.471000000
23:15:52,200719,50.614281437,-123.383480708,395.372000000,16,0.190000000,0.149000000,0.429000000
23:15:53,200719,50.614281665,-123.383480627,395.342000000,15,0.190000000,0.149000000,0.429000000
23:15:54,200719,50.614281868,-123.383480565,395.310000000,16,0.198000000,0.147000000,0.447000000
23:15:55,200719,50.614282065,-123.383480505,395.280000000,16,0.185000000,0.145000000,0.418000000
23:15:56,200719,50.614282230,-123.383480480,395.247000000,17,0.177000000,0.145000000,0.409000000
23:15:57,200719,50.614282377,-123.383480487,395.209000000,17,0.177000000,0.145000000,0.409000000
23:15:58,200719,50.614282512,-123.383480505,395.175000000,15,0.268000000,0.198000000,0.604000000
23:15:59,200719,50.614282630,-123.383480473,395.149000000,17,0.282000000,0.230000000,0.652000000
23:16:00,200719,50.614282702,-123.383480478,395.112000000,16,0.412000000,0.323000000,0.931000000
23:16:01,200719,50.614282742,-123.383480483,395.077000000,17,0.372000000,0.304000000,0.861000000
23:16:02,200719,50.614282790,-123.383480418,395.050000000,17,0.372000000,0.304000000,0.861000000
23:16:03,200719,50.614282858,-123.383480383,395.029000000,17,0.372000000,0.304000000,0.861000000
23:16:04,200719,50.614282972,-123.383480278,395.021000000,16,0.855000000,0.698000000,1.899000000
23:16:05,200719,50.614283047,-123.383480155,395.024000000,16,0.855000000,0.698000000,1.899000000
23:16:06,200719,50.614283162,-123.383480042,395.009000000,15,0.726000000,0.573000000,1.588000000
23:16:07,200719,50.614283248,-123.383479928,394.996000000,16,0.622000000,0.508000000,1.383000000
23:16:08,200719,50.614283377,-123.383479770,394.985000000,16,0.549000000,0.412000000,1.196000000
23:16:09,200719,50.614283478,-123.383479727,394.976000000,17,0.476000000,0.369000000,1.052000000
23:16:10,200719,50.614283548,-123.383479630,394.962000000,17,0.476000000,0.369000000,1.052000000
23:16:11,200719,50.614283537,-123.383479670,394.949000000,17,0.476000000,0.369000000,1.052000000
23:16:12,200719,50.614283438,-123.383479758,394.925000000,17,0.394000000,0.306000000,0.872000000
23:16:13,200719,50.614283148,-123.383479925,394.883000000,17,0.394000000,0.306000000,0.872000000
23:16:14,200719,50.614282815,-123.383480073,394.833000000,17,0.394000000,0.306000000,0.872000000
23:16:15,200719,50.614282568,-123.383480200,394.802000000,17,0.369000000,0.287000000,0.817000000
23:16:16,200719,50.614282333,-123.383480262,394.772000000,17,0.369000000,0.287000000,0.817000000
23:16:17,200719,50.614282052,-123.383480417,394.739000000,17,0.369000000,0.287000000,0.817000000
23:16:18,200719,50.614281863,-123.383480513,394.717000000,17,0.351000000,0.272000000,0.777000000
23:16:19,200719,50.614281692,-123.383480593,394.708000000,17,0.351000000,0.272000000,0.777000000
23:16:20,200719,50.614281620,-123.383480663,394.696000000,17,0.351000000,0.272000000,0.777000000
23:16:21,200719,50.614281563,-123.383480738,394.692000000,17,0.312000000,0.242000000,0.689000000
23:16:22,200719,50.614281533,-123.383480810,394.697000000,17,0.312000000,0.242000000,0.689000000
23:16:23,200719,50.614281563,-123.383480903,394.699000000,17,0.312000000,0.242000000,0.689000000
23:16:24,200719,50.614281585,-123.383481015,394.710000000,17,0.276000000,0.214000000,0.609000000
23:16:25,200719,50.614281663,-123.383481117,394.719000000,17,0.276000000,0.214000000,0.609000000
23:16:26,200719,50.614281690,-123.383481207,394.736000000,17,0.276000000,0.214000000,0.609000000
23:16:27,200719,50.614281457,-123.383481308,394.797000000,17,0.241000000,0.187000000,0.532000000
23:16:28,200719,50.614281218,-123.383481435,394.845000000,17,0.241000000,0.187000000,0.532000000
23:16:29,200719,50.614281132,-123.383481558,394.865000000,17,0.241000000,0.187000000,0.532000000
23:16:30,200719,50.614281145,-123.383481672,394.889000000,18,0.211000000,0.163000000,0.486000000
23:16:31,200719,50.614281282,-123.383481672,394.907000000,18,0.211000000,0.163000000,0.486000000
23:16:32,200719,50.614281493,-123.383481570,394.924000000,18,0.211000000,0.163000000,0.486000000
23:16:33,200719,50.614281620,-123.383481538,394.946000000,18,0.196000000,0.152000000,0.451000000
23:16:34,200719,50.614281837,-123.383481387,394.964000000,18,0.196000000,0.152000000,0.451000000
23:16:35,200719,50.614282015,-123.383481355,394.977000000,18,0.196000000,0.152000000,0.451000000
23:16:36,200719,50.614282238,-123.383481230,394.978000000,18,0.173000000,0.134000000,0.397000000
23:16:37,200719,50.614282485,-123.383481015,394.983000000,18,0.173000000,0.134000000,0.397000000
23:16:38,200719,50.614282662,-123.383480772,394.988000000,17,0.179000000,0.135000000,0.399000000
23:16:39,200719,50.614282835,-123.383480605,394.987000000,18,0.170000000,0.131000000,0.391000000
23:16:40,200719,50.614283032,-123.383480400,394.985000000,18,0.170000000,0.131000000,0.391000000
23:16:41,200719,50.614283188,-123.383480222,394.974000000,18,0.170000000,0.131000000,0.391000000
23:16:42,200719,50.614283295,-123.383480102,394.958000000,17,0.170000000,0.131000000,0.391000000
23:16:43,200719,50.614283405,-123.383479958,394.936000000,17,0.176000000,0.131000000,0.405000000
23:16:44,200719,50.614283483,-123.383479823,394.923000000,17,0.176000000,0.131000000,0.405000000
23:16:45,200719,50.614283618,-123.383479588,394.914000000,17,0.176000000,0.131000000,0.405000000
23:16:46,200719,50.614283803,-123.383479345,394.919000000,17,0.176000000,0.131000000,0.405000000
23:16:47,200719,50.614283975,-123.383479107,394.923000000,17,0.176000000,0.131000000,0.405000000
23:16:48,200719,50.614284197,-123.383478752,394.929000000,17,0.176000000,0.131000000,0.405000000
23:16:49,200719,50.614284348,-123.383478503,394.948000000,17,0.176000000,0.131000000,0.405000000
23:16:50,200719,50.614284560,-123.383478120,394.955000000,17,0.176000000,0.131000000,0.405000000
23:16:51,200719,50.614284750,-123.383477812,394.967000000,17,0.176000000,0.131000000,0.405000000
23:16:52,200719,50.614284963,-123.383477425,394.975000000,17,0.176000000,0.131000000,0.404000000
23:16:53,200719,50.614285158,-123.383476970,394.987000000,17,0.176000000,0.131000000,0.404000000
23:16:54,200719,50.614285277,-123.383476652,395.005000000,17,0.176000000,0.131000000,0.404000000
23:16:55,200719,50.614285443,-123.383476337,395.005000000,17,0.178000000,0.132000000,0.408000000
23:16:56,200719,50.614285583,-123.383475978,395.005000000,17,0.178000000,0.132000000,0.408000000
23:16:57,200719,50.614285733,-123.383475687,395.009000000,17,0.178000000,0.132000000,0.408000000
23:16:58,200719,50.614285882,-123.383475372,395.020000000,17,0.218000000,0.163000000,0.501000000
23:16:59,200719,50.614286135,-123.383474963,395.022000000,17,0.218000000,0.163000000,0.501000000
23:17:00,200719,50.614286368,-123.383474583,395.026000000,17,0.218000000,0.163000000,0.501000000
23:17:01,200719,50.614286603,-123.383474255,395.033000000,18,0.301000000,0.232000000,0.691000000
23:17:02,200719,50.614286840,-123.383473932,395.031000000,18,0.301000000,0.232000000,0.691000000
23:17:03,200719,50.614287040,-123.383473658,395.044000000,17,0.382000000,0.285000000,0.877000000
23:17:04,200719,50.614287240,-123.383473365,395.042000000,18,0.410000000,0.316000000,0.941000000
23:17:05,200719,50.614287438,-123.383473132,395.037000000,18,0.410000000,0.316000000,0.941000000
23:17:06,200719,50.614287655,-123.383472915,395.027000000,17,0.477000000,0.355000000,1.093000000
23:17:07,200719,50.614287903,-123.383472710,395.001000000,18,0.484000000,0.373000000,1.108000000
23:17:08,200719,50.614288168,-123.383472598,394.959000000,18,0.484000000,0.373000000,1.108000000
23:17:09,200719,50.614288353,-123.383472547,394.906000000,18,0.484000000,0.373000000,1.108000000
23:17:10,200719,50.614288577,-123.383472557,394.852000000,18,0.532000000,0.410000000,1.218000000
23:17:11,200719,50.614288812,-123.383472527,394.797000000,17,0.564000000,0.420000000,1.293000000
23:17:12,200719,50.614288953,-123.383472577,394.734000000,17,0.564000000,0.420000000,1.293000000
23:17:13,200719,50.614289197,-123.383472720,394.642000000,17,0.564000000,0.420000000,1.293000000
23:17:14,200719,50.614289522,-123.383472860,394.547000000,17,0.579000000,0.431000000,1.325000000
23:17:15,200719,50.614289917,-123.383473023,394.404000000,17,0.579000000,0.431000000,1.325000000
23:17:16,200719,50.614290062,-123.383473395,394.224000000,17,0.579000000,0.431000000,1.325000000
23:17:17,200719,50.614289802,-123.383473592,394.193000000,17,0.557000000,0.414000000,1.276000000
23:17:18,200719,50.614288890,-123.383473750,394.284000000,17,0.557000000,0.414000000,1.276000000
23:17:19,200719,50.614287817,-123.383473887,394.401000000,17,0.557000000,0.414000000,1.276000000
23:17:20,200719,50.614286050,-123.383474077,394.572000000,17,0.524000000,0.389000000,1.198000000
23:17:21,200719,50.614284508,-123.383474307,394.715000000,17,0.524000000,0.389000000,1.198000000
23:17:22,200719,50.614283185,-123.383474485,394.852000000,17,0.524000000,0.389000000,1.198000000
23:17:23,200719,50.614281733,-123.383474635,395.004000000,17,0.551000000,0.410000000,1.260000000
23:17:24,200719,50.614280203,-123.383474878,395.161000000,17,0.551000000,0.410000000,1.260000000
23:17:25,200719,50.614278892,-123.383475053,395.310000000,17,0.551000000,0.410000000,1.260000000
23:17:26,200719,50.614277687,-123.383475132,395.415000000,17,0.552000000,0.410000000,1.262000000
23:17:27,200719,50.614276688,-123.383475193,395.504000000,17,0.552000000,0.410000000,1.262000000
23:17:28,200719,50.614275822,-123.383475188,395.567000000,17,0.552000000,0.410000000,1.262000000
23:17:29,200719,50.614274938,-123.383475165,395.625000000,17,0.554000000,0.411000000,1.266000000
23:17:30,200719,50.614274187,-123.383475103,395.677000000,17,0.554000000,0.411000000,1.266000000
23:17:31,200719,50.614273520,-123.383474983,395.705000000,17,0.554000000,0.411000000,1.266000000
23:17:32,200719,50.614272955,-123.383474815,395.751000000,17,0.530000000,0.394000000,1.211000000
23:17:33,200719,50.614272463,-123.383474690,395.785000000,17,0.530000000,0.394000000,1.211000000
23:17:34,200719,50.614272185,-123.383474503,395.807000000,17,0.530000000,0.394000000,1.211000000
23:17:35,200719,50.614271855,-123.383474260,395.849000000,16,0.506000000,0.411000000,1.190000000
23:17:36,200719,50.614271593,-123.383473995,395.883000000,16,0.506000000,0.411000000,1.190000000
23:17:37,200719,50.614271333,-123.383473757,395.963000000,16,0.506000000,0.411000000,1.190000000
23:17:38,200719,50.614271417,-123.383473418,396.070000000,16,0.510000000,0.414000000,1.197000000
23:17:39,200719,50.614271577,-123.383473115,396.163000000,17,0.497000000,0.418000000,1.168000000
23:17:40,200719,50.614271852,-123.383472765,396.266000000,16,0.520000000,0.422000000,1.221000000
23:17:41,200719,50.614272135,-123.383472502,396.364000000,17,0.506000000,0.425000000,1.189000000
23:17:42,200719,50.614272467,-123.383472270,396.472000000,17,0.506000000,0.425000000,1.189000000
23:17:43,200719,50.614273108,-123.383471797,396.618000000,16,0.537000000,0.436000000,1.260000000
23:17:44,200719,50.614273905,-123.383471165,396.789000000,17,0.541000000,0.454000000,1.271000000
23:17:45,200719,50.614274620,-123.383470555,396.954000000,17,0.541000000,0.454000000,1.271000000
23:17:46,200719,50.614275353,-123.383470005,397.124000000,16,0.601000000,0.487000000,1.410000000
23:17:47,200719,50.614276012,-123.383469450,397.286000000,17,0.607000000,0.510000000,1.427000000
23:17:48,200719,50.614276463,-123.383469007,397.425000000,16,0.676000000,0.548000000,1.586000000
23:17:49,200719,50.614276765,-123.383468732,397.555000000,17,0.683000000,0.573000000,1.604000000
23:17:50,200719,50.614276702,-123.383468645,397.628000000,17,0.683000000,0.573000000,1.604000000
23:17:51,200719,50.614276348,-123.383468735,397.658000000,17,0.683000000,0.573000000,1.604000000
23:17:52,200719,50.614275605,-123.383469093,397.640000000,16,0.772000000,0.626000000,1.810000000
23:17:53,200719,50.614274537,-123.383469693,397.579000000,16,0.772000000,0.626000000,1.810000000
23:17:54,200719,50.614273205,-123.383470593,397.469000000,16,0.772000000,0.626000000,1.810000000
23:17:55,200719,50.614271918,-123.383471558,397.353000000,16,0.785000000,0.636000000,1.839000000
23:17:56,200719,50.614270737,-123.383472425,397.251000000,16,0.785000000,0.636000000,1.839000000
23:17:57,200719,50.614269577,-123.383473238,397.147000000,16,0.785000000,0.636000000,1.839000000
23:17:58,200719,50.614268607,-123.383473918,397.053000000,16,0.747000000,0.605000000,1.749000000
23:17:59,200719,50.614267838,-123.383474500,396.987000000,16,0.735000000,0.595000000,1.722000000
23:18:00,200719,50.614267282,-123.383474985,396.953000000,16,0.735000000,0.595000000,1.722000000
23:18:01,200719,50.614266920,-123.383475250,396.941000000,16,0.735000000,0.595000000,1.722000000
23:18:02,200719,50.614266787,-123.383475302,396.956000000,17,0.669000000,0.496000000,1.523000000
23:18:03,200719,50.614266693,-123.383475305,396.989000000,17,0.669000000,0.496000000,1.523000000
23:18:04,200719,50.614266815,-123.383475068,397.050000000,17,0.669000000,0.496000000,1.523000000
23:18:05,200719,50.614266895,-123.383474798,397.106000000,16,0.636000000,0.515000000,1.490000000
23:18:06,200719,50.614266938,-123.383474538,397.155000000,17,0.630000000,0.467000000,1.433000000
23:18:07,200719,50.614266917,-123.383474337,397.215000000,17,0.630000000,0.467000000,1.433000000
23:18:08,200719,50.614266892,-123.383474072,397.273000000,17,0.630000000,0.467000000,1.433000000
23:18:09,200719,50.614266883,-123.383473815,397.325000000,17,0.608000000,0.450000000,1.382000000
23:18:10,200719,50.614266818,-123.383473647,397.377000000,17,0.608000000,0.450000000,1.382000000
23:18:11,200719,50.614266753,-123.383473507,397.417000000,17,0.608000000,0.450000000,1.382000000
23:18:12,200719,50.614266733,-123.383473345,397.475000000,17,0.605000000,0.447000000,1.373000000
23:18:13,200719,50.614266660,-123.383473302,397.517000000,17,0.605000000,0.447000000,1.373000000
23:18:14,200719,50.614266590,-123.383473182,397.536000000,17,0.605000000,0.447000000,1.373000000
23:18:15,200719,50.614266462,-123.383473260,397.552000000,17,0.601000000,0.444000000,1.364000000
23:18:16,200719,50.614266352,-123.383473358,397.548000000,17,0.601000000,0.444000000,1.364000000
23:18:17,200719,50.614266188,-123.383473725,397.540000000,17,0.601000000,0.444000000,1.364000000
23:18:18,200719,50.614266232,-123.383473878,397.550000000,17,0.589000000,0.435000000,1.336000000
23:18:19,200719,50.614266448,-123.383473967,397.586000000,17,0.589000000,0.435000000,1.336000000
23:18:20,200719,50.614266815,-123.383473945,397.630000000,17,0.589000000,0.435000000,1.336000000
23:18:21,200719,50.614267310,-123.383473917,397.682000000,17,0.573000000,0.423000000,1.300000000
23:18:22,200719,50.614267975,-123.383473793,397.752000000,18,0.549000000,0.421000000,1.251000000
23:18:23,200719,50.614268888,-123.383473638,397.834000000,17,0.594000000,0.433000000,1.302000000
23:18:24,200719,50.614269915,-123.383473437,397.933000000,17,0.573000000,0.423000000,1.300000000
23:18:25,200719,50.614270808,-123.383473223,397.995000000,18,0.559000000,0.428000000,1.272000000
23:18:26,200719,50.614271795,-123.383473022,398.068000000,17,0.610000000,0.445000000,1.338000000
23:18:27,200719,50.614272662,-123.383472917,398.111000000,17,0.610000000,0.445000000,1.338000000
23:18:28,200719,50.614273432,-123.383472532,398.116000000,16,0.682000000,0.481000000,1.485000000
23:18:29,200719,50.614273900,-123.383472310,398.095000000,17,0.682000000,0.481000000,1.485000000
23:18:30,200719,50.614274060,-123.383472222,398.009000000,17,0.680000000,0.496000000,1.491000000
23:18:31,200719,50.614274098,-123.383472210,397.911000000,16,0.719000000,0.507000000,1.565000000
23:18:32,200719,50.614274147,-123.383472465,397.833000000,17,0.684000000,0.498000000,1.498000000
23:18:33,200719,50.614274287,-123.383472883,397.767000000,16,0.684000000,0.498000000,1.498000000
23:18:34,200719,50.614274540,-123.383473073,397.650000000,17,0.673000000,0.474000000,1.464000000
23:18:35,200719,50.614274852,-123.383473258,397.565000000,17,0.622000000,0.453000000,1.362000000
23:18:36,200719,50.614275045,-123.383473488,397.492000000,16,0.615000000,0.434000000,1.339000000
23:18:37,200719,50.614275425,-123.383473420,397.386000000,17,0.589000000,0.429000000,1.290000000
23:18:38,200719,50.614275912,-123.383473318,397.247000000,17,0.589000000,0.429000000,1.290000000
23:18:39,200719,50.614276445,-123.383473298,397.109000000,17,0.589000000,0.429000000,1.290000000
23:18:40,200719,50.614276793,-123.383473185,396.965000000,17,0.548000000,0.399000000,1.200000000
23:18:41,200719,50.614277030,-123.383473095,396.831000000,17,0.548000000,0.399000000,1.200000000
23:18:42,200719,50.614277200,-123.383473030,396.700000000,17,0.548000000,0.399000000,1.200000000
23:18:43,200719,50.614277338,-123.383473012,396.582000000,18,0.475000000,0.363000000,1.080000000
23:18:44,200719,50.614277470,-123.383473035,396.466000000,18,0.475000000,0.363000000,1.080000000
23:18:45,200719,50.614277602,-123.383473117,396.365000000,17,0.493000000,0.359000000,1.079000000
23:18:46,200719,50.614277775,-123.383473227,396.271000000,18,0.460000000,0.352000000,1.045000000
23:18:47,200719,50.614277798,-123.383473258,396.182000000,18,0.460000000,0.352000000,1.045000000
23:18:48,200719,50.614277840,-123.383473162,396.105000000,18,0.460000000,0.352000000,1.045000000
23:18:49,200719,50.614278348,-123.383473063,396.091000000,18,0.917000000,0.701000000,2.083000000
23:18:50,200719,50.614278755,-123.383473135,396.067000000,18,0.917000000,0.701000000,2.083000000
23:18:51,200719,50.614279293,-123.383473210,396.061000000,18,0.917000000,0.701000000,2.083000000
23:18:52,200719,50.614280038,-123.383473663,396.065000000,18,0.793000000,0.606000000,1.800000000
23:18:53,200719,50.614281043,-123.383474265,396.072000000,18,0.793000000,0.606000000,1.800000000
23:18:54,200719,50.614281943,-123.383475008,396.072000000,18,0.793000000,0.606000000,1.800000000
23:18:55,200719,50.614282817,-123.383475768,396.048000000,17,0.614000000,0.468000000,1.338000000
23:18:56,200719,50.614283790,-123.383476598,396.040000000,17,0.614000000,0.468000000,1.338000000
23:18:57,200719,50.614284723,-123.383477347,396.030000000,17,0.614000000,0.468000000,1.338000000
23:18:58,200719,50.614285568,-123.383478003,396.012000000,17,0.478000000,0.364000000,1.040000000
23:18:59,200719,50.614286132,-123.383478512,395.965000000,17,0.478000000,0.364000000,1.040000000
23:19:00,200719,50.614286437,-123.383479005,395.891000000,17,0.478000000,0.364000000,1.040000000
23:19:01,200719,50.614286723,-123.383479412,395.816000000,17,0.406000000,0.310000000,0.885000000
23:19:02,200719,50.614286808,-123.383479825,395.720000000,17,0.406000000,0.310000000,0.885000000
23:19:03,200719,50.614286828,-123.383480210,395.624000000,17,0.406000000,0.310000000,0.885000000
23:19:04,200719,50.614286853,-123.383480587,395.529000000,17,0.370000000,0.282000000,0.805000000
23:19:05,200719,50.614286867,-123.383480893,395.433000000,17,0.370000000,0.282000000,0.805000000
23:19:06,200719,50.614286880,-123.383481217,395.349000000,17,0.370000000,0.282000000,0.805000000
23:19:07,200719,50.614286968,-123.383481457,395.263000000,17,0.324000000,0.247000000,0.705000000
23:19:08,200719,50.614287118,-123.383481677,395.191000000,17,0.324000000,0.247000000,0.705000000
23:19:09,200719,50.614287290,-123.383481855,395.120000000,17,0.324000000,0.247000000,0.705000000
23:19:10,200719,50.614287447,-123.383482018,395.058000000,17,0.286000000,0.217000000,0.621000000
23:19:11,200719,50.614287607,-123.383482193,395.002000000,17,0.286000000,0.217000000,0.621000000
23:19:12,200719,50.614287762,-123.383482343,394.952000000,17,0.286000000,0.217000000,0.621000000
23:19:13,200719,50.614287923,-123.383482470,394.916000000,17,0.265000000,0.201000000,0.575000000
23:19:14,200719,50.614288038,-123.383482523,394.891000000,17,0.265000000,0.201000000,0.575000000
23:19:15,200719,50.614288118,-123.383482575,394.862000000,17,0.265000000,0.201000000,0.575000000
23:19:16,200719,50.614288243,-123.383482550,394.829000000,17,0.266000000,0.202000000,0.577000000
23:19:17,200719,50.614288358,-123.383482527,394.798000000,17,0.266000000,0.202000000,0.577000000
23:19:18,200719,50.614288482,-123.383482482,394.780000000,17,0.266000000,0.202000000,0.577000000
23:19:19,200719,50.614288667,-123.383482350,394.745000000,17,0.287000000,0.218000000,0.624000000
23:19:20,200719,50.614288860,-123.383482122,394.731000000,17,0.287000000,0.218000000,0.624000000
23:19:21,200719,50.614289025,-123.383481947,394.716000000,18,0.307000000,0.234000000,0.695000000
23:19:22,200719,50.614289065,-123.383481753,394.699000000,18,0.307000000,0.234000000,0.695000000
23:19:23,200719,50.614289140,-123.383481442,394.669000000,18,0.307000000,0.234000000,0.695000000
23:19:24,200719,50.614289138,-123.383481265,394.650000000,18,0.338000000,0.258000000,0.766000000
23:19:25,200719,50.614288997,-123.383481157,394.643000000,18,0.338000000,0.258000000,0.766000000
23:19:26,200719,50.614289003,-123.383481125,394.631000000,18,0.338000000,0.258000000,0.766000000
23:19:27,200719,50.614289178,-123.383480987,394.612000000,18,0.356000000,0.271000000,0.806000000
23:19:28,200719,50.614289393,-123.383480957,394.616000000,18,0.356000000,0.271000000,0.806000000
23:19:29,200719,50.614289472,-123.383481005,394.602000000,18,0.356000000,0.271000000,0.806000000
23:19:30,200719,50.614289665,-123.383481093,394.595000000,18,0.394000000,0.300000000,0.890000000
23:19:31,200719,50.614289910,-123.383481187,394.600000000,18,0.394000000,0.300000000,0.890000000
23:19:32,200719,50.614290245,-123.383481265,394.601000000,18,0.394000000,0.300000000,0.890000000
23:19:33,200719,50.614290642,-123.383481337,394.607000000,18,0.463000000,0.352000000,1.046000000
23:19:34,200719,50.614291073,-123.383481348,394.621000000,18,0.463000000,0.352000000,1.046000000
23:19:35,200719,50.614291333,-123.383481427,394.615000000,18,0.463000000,0.352000000,1.046000000
23:19:36,200719,50.614291570,-123.383481503,394.614000000,18,0.530000000,0.404000000,1.199000000
23:19:37,200719,50.614291752,-123.383481612,394.604000000,17,0.592000000,0.429000000,1.296000000
23:19:38,200719,50.614291937,-123.383481752,394.599000000,17,0.592000000,0.429000000,1.296000000
23:19:39,200719,50.614292150,-123.383481938,394.586000000,17,0.592000000,0.429000000,1.296000000
23:19:40,200719,50.614292307,-123.383482175,394.571000000,16,0.674000000,0.488000000,1.477000000
23:19:41,200719,50.614292455,-123.383482533,394.554000000,16,0.725000000,0.547000000,1.500000000
23:19:42,200719,50.614292562,-123.383482872,394.539000000,16,0.725000000,0.547000000,1.500000000
23:19:43,200719,50.614292810,-123.383483125,394.521000000,17,0.713000000,0.563000000,1.518000000
23:19:44,200719,50.614293160,-123.383483320,394.515000000,17,0.713000000,0.563000000,1.518000000
23:19:45,200719,50.614293598,-123.383483452,394.535000000,17,0.713000000,0.563000000,1.518000000
23:19:46,200719,50.614294370,-123.383483170,394.603000000,17,0.775000000,0.612000000,1.650000000
23:19:47,200719,50.614295782,-123.383482168,394.765000000,17,0.775000000,0.612000000,1.650000000
23:19:48,200719,50.614296862,-123.383481485,394.901000000,17,0.775000000,0.612000000,1.650000000
23:19:49,200719,50.614297842,-123.383480918,395.033000000,16,0.803000000,0.634000000,1.708000000
23:19:50,200719,50.614298248,-123.383480525,395.102000000,17,0.919000000,0.657000000,1.714000000
23:19:51,200719,50.614298417,-123.383480223,395.157000000,17,0.735000000,0.580000000,1.564000000
23:19:52,200719,50.614298288,-123.383480087,395.167000000,16,0.767000000,0.548000000,1.430000000
23:19:53,200719,50.614297853,-123.383480223,395.141000000,17,0.626000000,0.494000000,1.330000000
23:19:54,200719,50.614297298,-123.383480440,395.093000000,17,0.626000000,0.494000000,1.330000000
23:19:55,200719,50.614296707,-123.383480582,395.034000000,16,0.664000000,0.475000000,1.237000000
23:19:56,200719,50.614296145,-123.383480752,394.975000000,17,0.553000000,0.436000000,1.175000000
23:19:57,200719,50.614295590,-123.383480982,394.922000000,16,0.775000000,0.554000000,1.444000000
23:19:58,200719,50.614295110,-123.383481140,394.865000000,17,0.625000000,0.493000000,1.329000000
23:19:59,200719,50.614294628,-123.383481300,394.826000000,17,0.625000000,0.493000000,1.329000000
23:20:00,200719,50.614294242,-123.383481437,394.787000000,16,0.845000000,0.604000000,1.574000000
23:20:01,200719,50.614293940,-123.383481518,394.749000000,17,0.672000000,0.530000000,1.428000000
23:20:02,200719,50.614293635,-123.383481618,394.718000000,17,0.672000000,0.530000000,1.428000000
23:20:03,200719,50.614293398,-123.383481643,394.686000000,17,0.672000000,0.530000000,1.428000000
23:20:04,200719,50.614293223,-123.383481730,394.666000000,17,0.701000000,0.552000000,1.488000000
23:20:05,200719,50.614293157,-123.383481798,394.665000000,17,0.701000000,0.552000000,1.488000000
23:20:06,200719,50.614293173,-123.383481853,394.664000000,17,0.701000000,0.552000000,1.488000000
23:20:07,200719,50.614293280,-123.383481827,394.665000000,17,0.725000000,0.571000000,1.539000000
23:20:08,200719,50.614293410,-123.383481840,394.686000000,17,0.725000000,0.571000000,1.539000000
23:20:09,200719,50.614293557,-123.383481908,394.711000000,17,0.725000000,0.571000000,1.539000000
23:20:10,200719,50.614293725,-123.383481985,394.731000000,17,0.728000000,0.574000000,1.546000000
23:20:11,200719,50.614293932,-123.383482008,394.764000000,17,0.728000000,0.574000000,1.546000000
23:20:12,200719,50.614294065,-123.383482037,394.804000000,17,0.728000000,0.574000000,1.546000000
23:20:13,200719,50.614294128,-123.383482122,394.845000000,17,0.848000000,0.668000000,1.800000000
23:20:14,200719,50.614294122,-123.383482192,394.859000000,17,0.848000000,0.668000000,1.800000000
23:20:15,200719,50.614294135,-123.383482318,394.868000000,17,0.848000000,0.668000000,1.800000000
23:20:16,200719,50.614294128,-123.383482368,394.871000000,17,0.863000000,0.680000000,1.831000000
23:20:17,200719,50.614294157,-123.383482422,394.867000000,17,0.863000000,0.680000000,1.831000000
23:20:18,200719,50.614294253,-123.383482418,394.870000000,17,0.863000000,0.680000000,1.831000000
23:20:19,200719,50.614294317,-123.383482443,394.877000000,17,0.725000000,0.570000000,1.537000000
23:20:20,200719,50.614294778,-123.383482258,394.922000000,17,0.725000000,0.570000000,1.537000000
23:20:21,200719,50.614295275,-123.383482102,394.983000000,17,0.725000000,0.570000000,1.537000000
23:20:22,200719,50.614295855,-123.383482115,395.064000000,17,0.719000000,0.566000000,1.524000000
23:20:23,200719,50.614296470,-123.383482222,395.172000000,17,0.719000000,0.566000000,1.524000000
23:20:24,200719,50.614296922,-123.383482412,395.292000000,17,0.719000000,0.566000000,1.524000000
23:20:25,200719,50.614297352,-123.383482648,395.425000000,17,0.800000000,0.630000000,1.696000000
23:20:26,200719,50.614297615,-123.383482953,395.562000000,18,0.782000000,0.593000000,1.759000000
23:20:27,200719,50.614297993,-123.383483195,395.701000000,18,0.782000000,0.593000000,1.759000000
23:20:28,200719,50.614298142,-123.383483410,395.815000000,18,0.782000000,0.593000000,1.759000000
23:20:29,200719,50.614298145,-123.383483762,395.906000000,18,0.749000000,0.568000000,1.683000000
23:20:30,200719,50.614298302,-123.383484030,395.994000000,18,0.749000000,0.568000000,1.683000000
23:20:31,200719,50.614298747,-123.383483888,396.108000000,18,0.749000000,0.568000000,1.683000000
23:20:32,200719,50.614299638,-123.383483422,396.245000000,17,0.703000000,0.510000000,1.532000000
23:20:33,200719,50.614301033,-123.383482778,396.381000000,18,0.669000000,0.506000000,1.502000000
23:20:34,200719,50.614302242,-123.383482167,396.503000000,18,0.669000000,0.506000000,1.502000000
23:20:35,200719,50.614303257,-123.383481660,396.629000000,17,0.816000000,0.592000000,1.778000000
23:20:36,200719,50.614304125,-123.383481188,396.749000000,18,0.776000000,0.588000000,1.743000000
23:20:37,200719,50.614304678,-123.383480725,396.844000000,18,0.776000000,0.588000000,1.743000000
23:20:38,200719,50.614304950,-123.383480292,396.918000000,18,0.776000000,0.588000000,1.743000000
23:20:39,200719,50.614304987,-123.383479833,396.967000000,17,1.036000000,0.746000000,2.243000000
23:20:40,200719,50.614304790,-123.383479538,396.995000000,18,0.936000000,0.709000000,2.102000000
23:20:41,200719,50.614304580,-123.383479345,397.027000000,18,0.936000000,0.709000000,2.102000000
23:20:42,200719,50.614304167,-123.383479322,397.007000000,17,1.004000000,0.722000000,2.173000000
23:20:43,200719,50.614303677,-123.383479352,396.978000000,17,1.004000000,0.722000000,2.173000000
23:20:44,200719,50.614303137,-123.383479405,396.955000000,17,1.003000000,0.721000000,2.169000000
23:20:45,200719,50.614302443,-123.383479508,396.923000000,17,1.003000000,0.721000000,2.169000000
23:20:46,200719,50.614301297,-123.383479765,396.866000000,17,1.003000000,0.721000000,2.169000000
23:20:47,200719,50.614299015,-123.383480070,397.013000000,17,1.016000000,0.730000000,2.197000000
23:20:48,200719,50.614295772,-123.383480402,397.307000000,17,1.016000000,0.730000000,2.197000000
23:20:49,200719,50.614293008,-123.383480838,397.521000000,17,1.016000000,0.730000000,2.197000000
23:20:50,200719,50.614290637,-123.383481270,397.660000000,17,1.041000000,0.748000000,2.251000000
23:20:51,200719,50.614288617,-123.383481680,397.767000000,17,1.050000000,0.754000000,2.269000000
23:20:52,200719,50.614287018,-123.383482040,397.863000000,17,1.067000000,0.766000000,2.306000000
23:20:53,200719,50.614285542,-123.383482465,397.914000000,18,0.986000000,0.746000000,2.210000000
23:20:54,200719,50.614284240,-123.383482882,397.946000000,18,0.986000000,0.746000000,2.210000000
23:20:55,200719,50.614283072,-123.383483287,397.959000000,18,0.986000000,0.746000000,2.210000000
23:20:56,200719,50.614281982,-123.383483697,397.948000000,18,1.067000000,0.807000000,2.393000000
23:20:57,200719,50.614281005,-123.383484060,397.948000000,18,1.067000000,0.807000000,2.393000000
23:20:58,200719,50.614280027,-123.383484472,397.937000000,18,1.067000000,0.807000000,2.393000000
23:20:59,200719,50.614279143,-123.383484842,397.932000000,18,1.119000000,0.846000000,2.507000000
23:21:00,200719,50.614278268,-123.383485247,397.914000000,18,1.119000000,0.846000000,2.507000000
23:21:01,200719,50.614277098,-123.383485883,397.872000000,17,1.123000000,0.828000000,2.424000000
23:21:02,200719,50.614275747,-123.383486745,397.826000000,18,1.038000000,0.785000000,2.325000000
23:21:03,200719,50.614274335,-123.383487727,397.780000000,18,1.038000000,0.785000000,2.325000000
23:21:04,200719,50.614273107,-123.383488550,397.734000000,18,1.038000000,0.785000000,2.325000000
23:21:05,200719,50.614272090,-123.383489178,397.685000000,18,0.992000000,0.749000000,2.220000000
23:21:06,200719,50.614271153,-123.383489717,397.635000000,17,1.068000000,0.735000000,2.140000000
23:21:07,200719,50.614270327,-123.383490203,397.581000000,17,1.068000000,0.735000000,2.140000000
23:21:08,200719,50.614269863,-123.383490437,397.562000000,17,1.068000000,0.735000000,2.140000000
23:21:09,200719,50.614269745,-123.383490482,397.578000000,17,0.882000000,0.607000000,1.767000000
23:21:10,200719,50.614269512,-123.383490620,397.571000000,17,0.882000000,0.607000000,1.767000000
23:21:11,200719,50.614269423,-123.383490572,397.566000000,17,0.882000000,0.607000000,1.767000000
23:21:12,200719,50.614269513,-123.383489042,397.526000000,13,1.268000000,0.733000000,1.754000000
23:21:13,200719,50.614269573,-123.383487863,397.457000000,13,1.268000000,0.733000000,1.754000000
23:21:14,200719,50.614269532,-123.383486883,397.395000000,6,1.708000000,1.175000000,2.333000000
23:21:15,200719,50.614268165,-123.383491153,398.049000000,4,16.716000000,50.105000000,49.811000000
23:21:16,200719,50.614260063,-123.383470825,394.379000000,4,16.716000000,50.105000000,49.811000000
23:21:20,200719,50.614240117,-123.383509410,398.043000000,4,25.723000000,15.474000000,9.679000000
23:21:21,200719,50.614236543,-123.383514433,398.446000000,6,4.338000000,3.841000000,6.268000000
23:21:22,200719,50.614232153,-123.383519435,398.641000000,7,4.338000000,3.841000000,6.268000000
23:21:23,200719,50.614228898,-123.383523998,398.834000000,6,3.233000000,2.897000000,6.014000000
23:21:24,200719,50.614227297,-123.383526568,398.942000000,6,3.233000000,2.897000000,6.014000000
23:21:25,200719,50.614225518,-123.383527975,399.113000000,5,2.938000000,4.149000000,7.812000000
23:21:26,200719,50.614214567,-123.383532122,399.501000000,6,2.602000000,3.748000000,6.913000000
23:21:27,200719,50.614209847,-123.383533607,399.568000000,5,2.477000000,3.497000000,6.586000000
23:21:28,200719,50.614159783,-123.383569967,401.736000000,6,2.411000000,3.471000000,6.404000000
23:21:33,200719,50.614211105,-123.383507263,401.305000000,9,3.465000000,2.499000000,5.431000000
23:21:34,200719,50.614274103,-123.383484588,398.872000000,13,2.495000000,2.138000000,4.465000000
23:21:35,200719,50.614281162,-123.383481202,398.306000000,13,2.495000000,2.138000000,4.465000000
23:21:36,200719,50.614284443,-123.383486515,398.245000000,15,1.936000000,1.350000000,3.223000000
23:21:37,200719,50.614287288,-123.383492295,398.353000000,15,1.936000000,1.350000000,3.223000000
23:21:38,200719,50.614286903,-123.383493553,398.268000000,15,1.936000000,1.350000000,3.223000000
23:21:39,200719,50.614286288,-123.383493410,398.077000000,15,1.450000000,1.011000000,2.414000000
23:21:40,200719,50.614285663,-123.383492915,397.863000000,15,1.450000000,1.011000000,2.414000000
23:21:41,200719,50.614285153,-123.383492385,397.644000000,15,1.450000000,1.011000000,2.414000000
23:21:42,200719,50.614284652,-123.383491780,397.420000000,15,1.095000000,0.763000000,1.821000000
23:21:43,200719,50.614284137,-123.383491145,397.211000000,16,0.904000000,0.608000000,1.670000000
23:21:44,200719,50.614283680,-123.383490413,397.009000000,16,0.904000000,0.608000000,1.670000000
23:21:45,200719,50.614283045,-123.383489912,396.820000000,16,0.904000000,0.608000000,1.670000000
23:21:46,200719,50.614282422,-123.383489505,396.647000000,16,0.838000000,0.564000000,1.548000000
23:21:47,200719,50.614281837,-123.383489183,396.494000000,16,0.838000000,0.564000000,1.548000000
23:21:48,200719,50.614281250,-123.383488873,396.343000000,16,0.838000000,0.564000000,1.548000000
23:21:49,200719,50.614280748,-123.383488572,396.215000000,17,0.698000000,0.523000000,1.491000000
23:21:50,200719,50.614280443,-123.383488192,396.113000000,17,0.719000000,0.538000000,1.535000000
23:21:51,200719,50.614280337,-123.383487727,396.010000000,17,0.719000000,0.538000000,1.535000000
23:21:52,200719,50.614280270,-123.383487253,395.924000000,17,0.719000000,0.538000000,1.535000000
23:21:53,200719,50.614280293,-123.383486797,395.840000000,17,0.769000000,0.576000000,1.643000000
23:21:54,200719,50.614280170,-123.383486488,395.745000000,17,0.769000000,0.576000000,1.643000000
23:21:55,200719,50.614280063,-123.383486170,395.667000000,15,0.663000000,0.496000000,1.415000000
23:21:56,200719,50.614279930,-123.383485622,395.576000000,12,1.096000000,0.712000000,1.790000000
23:21:57,200719,50.614279572,-123.383484803,395.445000000,12,1.096000000,0.712000000,1.790000000
23:21:58,200719,50.614279407,-123.383484722,395.419000000,7,3.539000000,2.560000000,4.933000000
23:21:59,200719,50.614279233,-123.383484790,395.420000000,7,3.539000000,2.724000000,6.105000000
23:22:00,200719,50.614278990,-123.383484880,395.416000000,7,3.539000000,2.724000000,6.105000000
23:22:01,200719,50.614278628,-123.383485107,395.413000000,7,3.539000000,2.724000000,6.105000000
23:22:03,200719,50.614277698,-123.383483587,395.210000000,7,3.540000000,2.723000000,6.103000000
23:22:04,200719,50.614271368,-123.383487595,395.288000000,7,3.540000000,2.723000000,6.103000000
23:22:05,200719,50.614266762,-123.383490288,394.913000000,10,3.533000000,2.283000000,4.824000000
23:22:06,200719,50.614252015,-123.383502837,394.338000000,14,2.977000000,2.001000000,4.994000000
23:22:07,200719,50.614250593,-123.383511367,393.558000000,15,2.748000000,1.666000000,4.877000000
23:22:08,200719,50.614249225,-123.383511185,393.072000000,15,2.477000000,1.419000000,4.214000000
23:22:09,200719,50.614248255,-123.383510302,392.864000000,15,2.477000000,1.419000000,4.214000000
23:22:10,200719,50.614248717,-123.383509278,392.779000000,15,2.477000000,1.419000000,4.214000000
23:22:11,200719,50.614249747,-123.383508603,392.808000000,16,1.867000000,1.256000000,3.441000000
23:22:12,200719,50.614251057,-123.383508210,392.886000000,16,1.867000000,1.256000000,3.441000000
23:22:13,200719,50.614253020,-123.383507898,393.055000000,17,1.567000000,1.078000000,3.120000000
23:22:14,200719,50.614255098,-123.383507355,393.246000000,18,1.567000000,1.078000000,3.120000000
23:22:15,200719,50.614256873,-123.383506955,393.400000000,18,1.540000000,1.100000000,3.113000000
23:22:16,200719,50.614258172,-123.383506405,393.503000000,18,1.540000000,1.100000000,3.113000000
23:22:17,200719,50.614259208,-123.383505713,393.557000000,18,1.540000000,1.100000000,3.113000000
23:22:18,200719,50.614260437,-123.383504898,393.626000000,18,1.499000000,1.071000000,3.030000000
23:22:19,200719,50.614261942,-123.383503453,393.679000000,18,1.499000000,1.071000000,3.030000000
23:22:20,200719,50.614263380,-123.383501763,393.687000000,17,1.573000000,1.005000000,3.003000000
23:22:21,200719,50.614264797,-123.383500083,393.691000000,17,1.573000000,1.005000000,3.003000000
23:22:22,200719,50.614266155,-123.383498488,393.688000000,18,1.060000000,0.787000000,2.319000000
23:22:23,200719,50.614267078,-123.383496797,393.676000000,18,1.060000000,0.787000000,2.319000000
23:22:24,200719,50.614267932,-123.383495283,393.657000000,18,1.060000000,0.787000000,2.319000000
23:22:25,200719,50.614268443,-123.383493968,393.600000000,18,0.880000000,0.653000000,1.925000000
23:22:26,200719,50.614268663,-123.383492307,393.451000000,18,0.880000000,0.653000000,1.925000000
23:22:27,200719,50.614269242,-123.383490947,393.403000000,18,0.880000000,0.653000000,1.925000000
23:22:28,200719,50.614269997,-123.383489775,393.358000000,18,0.761000000,0.565000000,1.664000000
23:22:29,200719,50.614270753,-123.383488913,393.327000000,18,0.761000000,0.565000000,1.664000000
23:22:30,200719,50.614271262,-123.383488132,393.279000000,18,0.761000000,0.565000000,1.664000000
23:22:31,200719,50.614271742,-123.383486785,393.234000000,18,0.655000000,0.486000000,1.431000000
23:22:32,200719,50.614272860,-123.383485490,393.199000000,17,0.676000000,0.489000000,1.433000000
23:22:33,200719,50.614274308,-123.383484200,393.194000000,17,0.632000000,0.457000000,1.339000000
23:22:34,200719,50.614275505,-123.383482975,393.188000000,15,0.618000000,0.569000000,1.311000000
23:22:35,200719,50.614276465,-123.383481743,393.152000000,15,0.577000000,0.531000000,1.223000000
23:22:36,200719,50.614277515,-123.383480740,393.133000000,15,0.577000000,0.531000000,1.223000000
23:22:37,200719,50.614278362,-123.383479772,393.126000000,15,0.577000000,0.531000000,1.223000000
23:22:38,200719,50.614278922,-123.383478952,393.101000000,15,0.436000000,0.401000000,0.925000000
23:22:39,200719,50.614280062,-123.383477902,393.157000000,16,0.436000000,0.401000000,0.925000000
23:22:40,200719,50.614281295,-123.383477063,393.252000000,19,0.318000000,0.249000000,0.718000000
23:22:41,200719,50.614282517,-123.383476060,393.361000000,19,0.318000000,0.249000000,0.718000000
23:22:42,200719,50.614283502,-123.383475512,393.493000000,19,0.318000000,0.249000000,0.718000000
23:22:43,200719,50.614284687,-123.383474788,393.627000000,19,0.672000000,0.527000000,1.517000000
23:22:44,200719,50.614285763,-123.383474052,393.774000000,19,0.672000000,0.527000000,1.517000000
23:22:45,200719,50.614286685,-123.383472382,393.823000000,18,0.650000000,0.532000000,1.390000000
23:22:46,200719,50.614287687,-123.383470923,393.877000000,19,0.542000000,0.425000000,1.224000000
23:22:47,200719,50.614288672,-123.383469770,393.939000000,18,0.509000000,0.384000000,1.128000000
23:22:48,200719,50.614289545,-123.383469040,394.034000000,19,0.439000000,0.344000000,0.991000000
23:22:49,200719,50.614290303,-123.383468558,394.132000000,19,0.439000000,0.344000000,0.991000000
23:22:50,200719,50.614290848,-123.383468285,394.218000000,19,0.439000000,0.344000000,0.991000000
23:22:51,200719,50.614291073,-123.383468247,394.269000000,19,0.354000000,0.277000000,0.798000000
23:22:52,200719,50.614290857,-123.383468448,394.266000000,19,0.354000000,0.277000000,0.798000000
23:22:53,200719,50.614290585,-123.383468663,394.258000000,19,0.354000000,0.277000000,0.798000000
23:22:54,200719,50.614290208,-123.383468898,394.235000000,19,0.288000000,0.226000000,0.649000000
23:22:55,200719,50.614289882,-123.383469178,394.219000000,19,0.288000000,0.226000000,0.649000000
23:22:56,200719,50.614289433,-123.383469495,394.201000000,19,0.288000000,0.226000000,0.649000000
23:22:57,200719,50.614288970,-123.383469755,394.176000000,19,0.238000000,0.186000000,0.536000000
23:22:58,200719,50.614288527,-123.383470037,394.168000000,19,0.238000000,0.186000000,0.536000000
23:22:59,200719,50.614288092,-123.383470230,394.160000000,19,0.238000000,0.186000000,0.536000000
23:23:00,200719,50.614287617,-123.383470453,394.161000000,19,0.279000000,0.218000000,0.628000000
23:23:01,200719,50.614286963,-123.383470627,394.131000000,19,0.279000000,0.218000000,0.628000000
23:23:02,200719,50.614286063,-123.383470758,394.075000000,19,0.279000000,0.218000000,0.628000000
23:23:03,200719,50.614285263,-123.383470837,394.018000000,19,0.354000000,0.277000000,0.796000000
23:23:04,200719,50.614284383,-123.383470962,393.961000000,19,0.354000000,0.277000000,0.796000000
23:23:05,200719,50.614283543,-123.383471177,393.908000000,19,0.354000000,0.277000000,0.796000000
23:23:06,200719,50.614282793,-123.383471385,393.850000000,19,0.368000000,0.288000000,0.829000000
23:23:07,200719,50.614281978,-123.383471667,393.805000000,19,0.368000000,0.288000000,0.829000000
23:23:08,200719,50.614281342,-123.383472005,393.779000000,18,0.369000000,0.278000000,0.815000000
23:23:09,200719,50.614280805,-123.383472370,393.764000000,18,0.369000000,0.278000000,0.815000000
23:23:10,200719,50.614280453,-123.383472802,393.768000000,18,0.369000000,0.278000000,0.815000000
23:23:11,200719,50.614280310,-123.383473118,393.789000000,18,0.318000000,0.239000000,0.703000000
23:23:12,200719,50.614280150,-123.383473518,393.814000000,18,0.318000000,0.239000000,0.703000000
23:23:13,200719,50.614280115,-123.383473882,393.848000000,18,0.318000000,0.239000000,0.703000000
23:23:14,200719,50.614280138,-123.383474242,393.880000000,18,0.268000000,0.202000000,0.593000000
23:23:15,200719,50.614280180,-123.383474565,393.914000000,18,0.268000000,0.202000000,0.593000000
23:23:16,200719,50.614280218,-123.383474880,393.944000000,18,0.268000000,0.202000000,0.593000000
23:23:17,200719,50.614280158,-123.383475235,393.961000000,19,0.218000000,0.170000000,0.489000000
23:23:18,200719,50.614280153,-123.383475515,393.967000000,19,0.218000000,0.170000000,0.489000000
23:23:19,200719,50.614280137,-123.383475752,393.979000000,19,0.218000000,0.170000000,0.489000000
23:23:20,200719,50.614280157,-123.383475878,393.988000000,19,0.203000000,0.159000000,0.457000000
23:23:21,200719,50.614280152,-123.383476000,394.003000000,19,0.203000000,0.159000000,0.457000000
23:23:22,200719,50.614280255,-123.383476057,394.013000000,18,0.203000000,0.159000000,0.457000000
23:23:23,200719,50.614280357,-123.383476047,394.031000000,18,0.210000000,0.162000000,0.448000000
23:23:24,200719,50.614280578,-123.383475750,394.045000000,18,0.210000000,0.162000000,0.448000000
23:23:25,200719,50.614280853,-123.383475372,394.056000000,18,0.210000000,0.162000000,0.448000000
23:23:26,200719,50.614281128,-123.383474917,394.073000000,18,0.172000000,0.133000000,0.368000000
23:23:27,200719,50.614281435,-123.383474462,394.093000000,18,0.172000000,0.133000000,0.368000000
23:23:28,200719,50.614281755,-123.383473970,394.116000000,18,0.172000000,0.133000000,0.368000000
23:23:29,200719,50.614282063,-123.383473495,394.130000000,18,0.187000000,0.144000000,0.398000000
23:23:30,200719,50.614282347,-123.383473048,394.153000000,18,0.187000000,0.144000000,0.398000000
23:23:31,200719,50.614282642,-123.383472725,394.184000000,18,0.187000000,0.144000000,0.398000000
23:23:32,200719,50.614282857,-123.383472458,394.213000000,18,0.218000000,0.168000000,0.466000000
23:23:33,200719,50.614283142,-123.383472238,394.245000000,18,0.221000000,0.171000000,0.472000000
23:23:34,200719,50.614283323,-123.383472107,394.283000000,18,0.221000000,0.171000000,0.472000000
23:23:35,200719,50.614283488,-123.383472047,394.313000000,18,0.221000000,0.171000000,0.472000000
23:23:36,200719,50.614283715,-123.383472000,394.346000000,18,0.215000000,0.166000000,0.459000000
23:23:37,200719,50.614283923,-123.383472018,394.368000000,18,0.215000000,0.166000000,0.459000000
23:23:38,200719,50.614284097,-123.383472058,394.393000000,18,0.215000000,0.166000000,0.459000000
23:23:39,200719,50.614284142,-123.383472215,394.429000000,18,0.194000000,0.149000000,0.414000000
23:23:40,200719,50.614284080,-123.383472482,394.477000000,18,0.194000000,0.149000000,0.414000000
23:23:41,200719,50.614284033,-123.383472745,394.518000000,18,0.194000000,0.149000000,0.414000000
23:23:42,200719,50.614284015,-123.383473028,394.548000000,18,0.172000000,0.133000000,0.367000000
23:23:43,200719,50.614283982,-123.383473330,394.579000000,18,0.172000000,0.133000000,0.367000000
23:23:44,200719,50.614283925,-123.383473615,394.604000000,18,0.172000000,0.133000000,0.367000000
23:23:45,200719,50.614283863,-123.383473935,394.630000000,18,0.172000000,0.133000000,0.367000000
23:23:46,200719,50.614283822,-123.383474235,394.655000000,18,0.172000000,0.133000000,0.367000000
